#C data file created using the SS_writedat function in the R package r4ss
#C should work with SS version: 
#C file write time: 2015-02-11 18:23:13
#
1 #_styr
100 #_endyr
1 #_nseas
12 #_months_per_seas
1 #_spawn_seas
1 #_Nfleet
2 #_Nsurveys
1 #_N_areas
Fishery%Survey%CPUE #_fleetnames
0.5 0.5 0.5 #_surveytiming_in_season
1 1 1 #_area_assignments_for_each_fishery_and_survey
1 #_units of catch:  1=bio; 2=num
0.01 #_se of log(catch) only used for init_eq_catch and for Fmethod 2 and 3
1 #_Ngenders
25 #_Nages
0 #_init_equil_catch_for_each_fishery
100 #_N_lines_of_catch_to_read
 #_Fishery year seas
         0    1    1
         0    2    1
         0    3    1
         0    4    1
         0    5    1
         0    6    1
         0    7    1
         0    8    1
         0    9    1
         0   10    1
         0   11    1
         0   12    1
         0   13    1
         0   14    1
         0   15    1
         0   16    1
         0   17    1
         0   18    1
         0   19    1
         0   20    1
         0   21    1
         0   22    1
         0   23    1
         0   24    1
         0   25    1
 444646000   26    1
 397608000   27    1
 357583000   28    1
 324161000   29    1
 296656000   30    1
 274240000   31    1
 256057000   32    1
 241314000   33    1
 229322000   34    1
 219511000   35    1
 211426000   36    1
 204710000   37    1
 199088000   38    1
 194347000   39    1
 190324000   40    1
 186891000   41    1
 183948000   42    1
 181416000   43    1
 179230000   44    1
 177337000   45    1
 175694000   46    1
 174266000   47    1
 173022000   48    1
 171937000   49    1
 170990000   50    1
 170161000   51    1
 169436000   52    1
 168801000   53    1
 168243000   54    1
 167755000   55    1
 167325000   56    1
 166948000   57    1
 166617000   58    1
 166326000   59    1
 166070000   60    1
 165844000   61    1
 165646000   62    1
 165471000   63    1
 165317000   64    1
 165182000   65    1
 165063000   66    1
 164958000   67    1
 164865000   68    1
 164784000   69    1
 164712000   70    1
 164649000   71    1
 164593000   72    1
 164544000   73    1
 164500000   74    1
 164462000   75    1
 164429000   76    1
 164399000   77    1
 164373000   78    1
 164350000   79    1
 164329000   80    1
 164311000   81    1
 164296000   82    1
 164282000   83    1
 164269000   84    1
 164258000   85    1
 164249000   86    1
 164240000   87    1
 164233000   88    1
 164227000   89    1
 164221000   90    1
 164216000   91    1
 164211000   92    1
 164207000   93    1
 164204000   94    1
 164201000   95    1
 164198000   96    1
 164195000   97    1
 164193000   98    1
 164192000   99    1
 164190000  100    1
13 #_N_cpue
 #_Fleet Units Errtype
       1     1       0
       2     1       0
       3     1       0
 #_year seas index        obs se_log
     76    1     2 1217192473    0.2
     78    1     2 1063900035    0.2
     80    1     2 1758313435    0.2
     82    1     2 1038867953    0.2
     84    1     2 1428895593    0.2
     86    1     2 1664687547    0.2
     88    1     2 1075877324    0.2
     90    1     2 1205761840    0.2
     92    1     2 1440177404    0.2
     94    1     2 1251458884    0.2
     96    1     2 1377080745    0.2
     98    1     2 1373261753    0.2
    100    1     2 1170989373    0.2
0 #_N_discard_fleets
#_discard_units (1=same_as_catchunits(bio/num); 2=fraction; 3=numbers)
#_discard_errtype:  >0 for DF of T-dist(read CV below); 0 for normal with CV; -1 for normal with se; -2 for lognormal
0 #_N_discard
0 #_N_meanbodywt
1 #_DF_for_meanbodywt_T-distribution_like
2 # length bin method: 1=use databins; 2=generate from binwidth,min,max below; 3=read vector
1 # binwidth for population size comp
10 # minimum size in the population (lower edge of first bin and size at age 0.00)
200 # maximum size in the population (lower edge of last bin)
-0.001 #_comp_tail_compression
1e-05 #_add_to_comp
0 #_combine males into females at or below this bin number
45 #_N_lbins
#_lbin_vector
20 23 26 29 32 35 38 41 44 47 50 53 56 59 62 65 68 71 74 77 80 83 86 89 92 95 98 101 104 107 110 113 116 119 122 125 128 131 134 137 140 143 146 149 152
28 #_N_Length_comp_observations
 #_Yr Seas FltSvy Gender Part Nsamp           l20          l23          l26         l29         l32          l35          l38          l41         l44        l47        l50        l53        l56         l59        l62        l65        l68        l71        l74        l77        l80         l83        l86         l89         l92         l95         l98        l101        l104        l107        l110        l113         l116        l119         l122         l125         l128         l131         l134         l137         l140         l143         l146         l149         l152
   26    1      1      0    0   125  0.000000e+00 4.424898e-09 1.070424e-03 0.006425921 0.006983431 0.0041195872 0.0003265963 0.0080992520 0.006573449 0.02858494 0.05108215 0.02366574 0.04861506 0.052287012 0.03243417 0.04042620 0.03692875 0.02592305 0.05482525 0.03841539 0.02990685 0.017870738 0.04148174 0.055871537 0.035160039 0.072022454 0.034361080 0.035652227 0.028564785 0.005292297 0.012826956 0.009610221 0.0162670114 0.024380546 0.0114479973 0.0235972422 0.0117725674 3.704587e-03 3.088846e-02 1.785164e-02 1.043149e-03 6.923948e-03 1.652066e-05 4.376162e-03 2.322869e-03
   36    1      1      0    0   125  2.992311e-49 3.641659e-12 1.795662e-03 0.006208535 0.020536406 0.0102687361 0.0053556916 0.0002718098 0.053633999 0.05826649 0.05543421 0.02609254 0.01482556 0.014080424 0.03287103 0.03677139 0.04720670 0.07640061 0.02714858 0.03002073 0.03717441 0.051111234 0.04014037 0.052433092 0.040899636 0.018246136 0.042234453 0.035075652 0.025551719 0.023080821 0.025266941 0.017132174 0.0004582676 0.004707606 0.0308513585 0.0107727878 0.0120816977 6.882880e-03 8.103377e-03 1.080105e-04 4.438842e-06 1.532335e-04 2.116948e-04 1.507911e-05 1.138118e-04
   46    1      1      0    0   125  6.066854e-58 4.388995e-34 1.289202e-04 0.011237920 0.015674457 0.0044105406 0.0018610561 0.0348069343 0.051160119 0.05915841 0.07210307 0.02091041 0.02498963 0.008999199 0.06760110 0.05070476 0.03317447 0.05692413 0.03174107 0.07790894 0.02164968 0.022011888 0.02009023 0.020072083 0.036239469 0.031655354 0.035600799 0.006373418 0.017499215 0.041324583 0.008008348 0.021311413 0.0473571824 0.001111796 0.0034315135 0.0180756051 0.0097918487 1.267122e-04 9.030339e-03 2.423083e-03 8.688170e-06 2.287163e-03 1.008362e-03 1.600878e-05 7.750398e-08
   56    1      1      0    0   125  7.295139e-51 1.350412e-02 2.227794e-04 0.005496152 0.007730014 0.0198163223 0.0049703626 0.0185614384 0.083758375 0.08072772 0.06171465 0.08142967 0.03768808 0.019357219 0.04874621 0.02998739 0.05723076 0.04235471 0.01667121 0.04004782 0.01842232 0.021361236 0.01741053 0.031326718 0.047607905 0.023493165 0.018801199 0.006544183 0.017284233 0.015514211 0.011078666 0.013615543 0.0137782079 0.017888200 0.0009777203 0.0005654097 0.0138001645 1.101890e-03 1.765590e-04 1.444761e-02 1.655049e-05 4.878382e-05 1.974006e-02 9.152025e-04 4.068730e-03
   60    1      1      0    0   125 1.168526e-104 2.332205e-09 1.184514e-02 0.007442517 0.005229190 0.0183190628 0.0031122178 0.0087586241 0.011189411 0.08670021 0.11398770 0.06411872 0.04504899 0.011912050 0.02423784 0.07824146 0.03176950 0.02206953 0.02728911 0.03521342 0.01922514 0.017513337 0.01664170 0.055161765 0.039879521 0.018622761 0.024784859 0.019670503 0.029796995 0.020025430 0.023570719 0.008191154 0.0296137901 0.026557522 0.0135908837 0.0092557083 0.0009099013 6.846524e-05 2.494505e-04 6.179813e-03 4.399943e-04 1.782980e-06 2.359988e-05 1.353843e-02 2.087958e-06
   64    1      1      0    0   125 5.538613e-157 7.233994e-14 2.065804e-05 0.009984416 0.002048992 0.0094558099 0.0016419045 0.0168493559 0.030778593 0.05014262 0.07324779 0.04806005 0.07476317 0.070306810 0.05622996 0.05730817 0.00953326 0.05832431 0.05721635 0.01442393 0.02094242 0.050861589 0.03034451 0.052144478 0.007761156 0.013030756 0.025530254 0.021475663 0.025184821 0.018741763 0.007934044 0.012721510 0.0106717124 0.012792128 0.0094857445 0.0119049231 0.0039066032 8.804891e-03 1.813691e-03 1.299232e-06 1.135339e-02 3.209063e-04 1.320844e-11 1.609422e-21 1.935596e-03
   68    1      1      0    0   125  1.817031e-73 7.338873e-30 1.490269e-02 0.023376461 0.012169756 0.0193696351 0.0073128110 0.0434226819 0.046279511 0.05032594 0.03712330 0.04500512 0.05327490 0.065906160 0.04630192 0.04473615 0.04755990 0.02733082 0.02048131 0.01078854 0.03230559 0.027906211 0.03281413 0.017842335 0.042395009 0.031833755 0.002628421 0.016707313 0.011472208 0.025291109 0.019063067 0.013890782 0.0170590455 0.021851982 0.0173656689 0.0283141389 0.0074862415 4.999850e-04 8.645160e-03 6.475069e-05 2.776537e-03 1.040278e-03 5.078672e-03 1.492897e-11 8.521460e-16
   72    1      1      0    0   125  7.348920e-93 7.526589e-14 1.479182e-06 0.025514292 0.001042677 0.0021050543 0.0216347808 0.0252008800 0.016825620 0.02968768 0.10456101 0.10594587 0.02399008 0.014509120 0.03589042 0.02493162 0.02952676 0.03963264 0.01697251 0.01801292 0.03736478 0.009096834 0.02266263 0.026695615 0.058536590 0.017108345 0.024572205 0.048382968 0.033098542 0.034656465 0.020799281 0.036962605 0.0236574491 0.005045073 0.0309890622 0.0195898299 0.0012954713 1.410131e-03 6.399483e-03 3.870399e-03 1.820235e-03 5.522912e-07 3.336996e-09 3.721184e-13 2.128436e-08
   76    1      1      0    0   125 1.571129e-321 8.815960e-11 1.864768e-06 0.010268235 0.017020376 0.0003303450 0.0019079036 0.0165365986 0.013046673 0.07080693 0.06565582 0.04187049 0.03281957 0.049393769 0.01745456 0.06436443 0.04935183 0.05632311 0.04448981 0.02982380 0.03773523 0.035608162 0.05829896 0.009209715 0.028236424 0.031233094 0.015158381 0.009977558 0.043201483 0.009602934 0.030327458 0.012388159 0.0068300040 0.011933166 0.0257254660 0.0196747004 0.0032874000 1.508223e-02 6.460126e-03 1.773607e-05 1.451479e-03 7.091497e-03 2.218981e-06 1.421403e-07 1.419385e-07
   80    1      1      0    0   125 5.048618e-187 4.017714e-11 4.158316e-04 0.005963754 0.004687862 0.0028217081 0.0134051533 0.0161238601 0.070893697 0.04826253 0.04273715 0.06476652 0.03137072 0.031676651 0.03855667 0.02351966 0.05510469 0.03849018 0.06163440 0.03056345 0.02942624 0.026433404 0.01622247 0.052611840 0.020004547 0.014145948 0.030198735 0.019869829 0.025818362 0.051181720 0.031392374 0.014931881 0.0234004863 0.014199352 0.0032126222 0.0115116563 0.0115245642 1.235770e-03 7.321361e-04 1.007711e-02 2.897143e-05 1.084542e-02 4.294507e-08 3.311982e-08 6.876371e-13
   84    1      1      0    0   125  4.430751e-09 2.784497e-15 2.391138e-05 0.005329892 0.025432241 0.0049664426 0.0055577809 0.0405105969 0.027201703 0.04875621 0.06104475 0.07085724 0.04083917 0.024877588 0.09351559 0.01629973 0.02566693 0.04176069 0.02461230 0.03842326 0.04099127 0.033617864 0.05044007 0.009313079 0.016541907 0.005957012 0.034593360 0.024479276 0.031985067 0.011894143 0.032164590 0.023577815 0.0071476368 0.027302066 0.0267829353 0.0035392383 0.0210425273 1.143917e-03 9.230227e-04 3.172616e-07 5.935384e-04 1.166756e-04 4.067966e-19 8.647739e-07 1.757779e-04
   88    1      1      0    0   125  1.715708e-33 1.806375e-21 1.386971e-03 0.001724023 0.018645589 0.0001571809 0.0094281714 0.0299987268 0.033109281 0.05567589 0.05750243 0.04541976 0.03563392 0.028513351 0.07181900 0.04207071 0.02681806 0.05337332 0.03800504 0.03047479 0.05723990 0.025222300 0.02557154 0.025038215 0.043020895 0.032281264 0.027019762 0.021096159 0.032279254 0.013834469 0.016234785 0.030333244 0.0204943714 0.034919271 0.0007456905 0.0045071787 0.0042568739 2.725070e-03 2.313539e-03 1.838721e-05 6.210605e-04 1.249911e-09 4.702851e-04 1.292720e-07 1.305966e-07
   92    1      1      0    0   125 2.138072e-188 1.085307e-06 3.982819e-03 0.004787310 0.001898371 0.0003850777 0.0320067234 0.0099705536 0.022721888 0.11852510 0.04758863 0.05245866 0.01379496 0.011282004 0.09518708 0.04925849 0.02938659 0.01500966 0.01952500 0.01369372 0.07385333 0.041480719 0.02888622 0.033569399 0.035009168 0.007224271 0.067831859 0.043082033 0.007174786 0.039805158 0.008200503 0.025869899 0.0251248635 0.005640244 0.0048105134 0.0032889223 0.0002886735 1.937514e-03 1.638161e-03 4.722672e-04 1.698925e-05 3.317046e-03 3.618452e-10 4.937828e-34 1.373775e-05
   96    1      1      0    0   125  1.279651e-24 4.706516e-22 5.253554e-04 0.020182196 0.017975549 0.0001964351 0.0028292202 0.0284528472 0.019684012 0.11817615 0.06920257 0.02914780 0.04138462 0.031289952 0.02409722 0.05606124 0.02676661 0.04358230 0.03877429 0.01745488 0.02894393 0.038541216 0.02600258 0.032201678 0.082914261 0.017468288 0.034373823 0.014807650 0.014777541 0.007994575 0.045147939 0.012540854 0.0172827089 0.015333235 0.0084493385 0.0088370448 0.0037373808 2.326617e-04 8.694109e-05 2.986434e-04 3.766778e-03 3.317931e-04 1.402524e-04 1.004653e-08 5.633979e-06
  100    1      1      0    0   125 7.044594e-261 2.150308e-29 8.132229e-03 0.010177845 0.001384436 0.0056376872 0.0066283133 0.0171539660 0.047102877 0.06471451 0.05891498 0.04444502 0.07116510 0.018026424 0.02987755 0.03517991 0.03089347 0.01592197 0.03395738 0.07932655 0.01621477 0.044924352 0.04284522 0.040102121 0.029187751 0.015415066 0.007224765 0.010418805 0.011401355 0.031640279 0.058288970 0.028927988 0.0248887951 0.013511981 0.0111545335 0.0142134682 0.0115534325 3.740814e-03 9.588332e-04 1.991181e-04 3.851139e-03 5.631639e-04 1.330669e-04 1.085069e-17 1.307548e-10
   76    1      2      0    0   500  4.628896e-15 2.054272e-04 8.703269e-03 0.058994167 0.055831674 0.0129629055 0.0081354362 0.0206940866 0.044535085 0.05565371 0.05906815 0.03851070 0.02893286 0.028977244 0.04185634 0.03865577 0.03950001 0.04176091 0.04623062 0.02153818 0.02311907 0.028582189 0.03424232 0.020507992 0.013342936 0.027252515 0.040497352 0.019239997 0.018316709 0.023660782 0.032088037 0.006145037 0.0190656824 0.007543409 0.0175405971 0.0036825735 0.0023866707 1.070642e-03 3.183267e-03 6.724070e-03 1.937039e-04 3.996963e-05 3.915501e-04 3.569204e-04 7.948468e-05
   78    1      2      0    0   500  2.994036e-18 1.677325e-03 2.657356e-02 0.054786365 0.042948724 0.0126107353 0.0095055968 0.0289144762 0.032038235 0.04871894 0.04555774 0.03591318 0.05055802 0.025280090 0.03380146 0.05471579 0.03398659 0.03126237 0.03167240 0.02867468 0.04600849 0.035426908 0.02938152 0.032496599 0.035948504 0.020907755 0.029406355 0.028699909 0.017046667 0.013537570 0.013450981 0.021281606 0.0058509881 0.010091908 0.0078894994 0.0114144284 0.0044165599 1.311778e-03 3.060607e-03 1.153427e-03 2.649656e-04 5.595900e-05 7.082671e-05 1.553085e-03 7.683236e-05
   80    1      2      0    0   500  8.167031e-08 5.527873e-04 2.036420e-02 0.050012875 0.037016505 0.0147253184 0.0028768663 0.0221390267 0.054846523 0.06339613 0.04861665 0.03976563 0.03837988 0.018409193 0.03651404 0.04085488 0.03354928 0.05005975 0.02640642 0.03618577 0.04127396 0.025262547 0.02090524 0.021577911 0.048796425 0.025630518 0.017034779 0.013583156 0.017877881 0.030080319 0.019616844 0.006451634 0.0272693436 0.006778227 0.0043551142 0.0102207578 0.0051058832 5.667131e-03 6.266875e-03 3.809926e-03 6.569194e-03 7.275660e-05 4.976179e-04 3.704940e-04 2.536545e-04
   82    1      2      0    0   500  6.514500e-06 2.634320e-03 1.247177e-02 0.042163888 0.065442614 0.0290769262 0.0172437042 0.0186938519 0.049437500 0.05507841 0.05120477 0.05725651 0.03994377 0.031677420 0.03658282 0.03300357 0.05146141 0.02120104 0.02296383 0.02818458 0.03002023 0.035155675 0.02472188 0.025319171 0.018807408 0.019326927 0.024704729 0.022960323 0.030258880 0.019156132 0.012213287 0.014056480 0.0152779578 0.007539694 0.0040564369 0.0106319632 0.0044611631 1.704229e-03 3.767707e-03 4.873751e-03 1.639080e-03 1.538078e-03 1.844487e-03 4.542558e-05 1.896808e-04
   84    1      2      0    0   500  2.799357e-07 5.577100e-04 2.633296e-02 0.035917351 0.068467033 0.0108578525 0.0309875127 0.0254271143 0.039462081 0.07911270 0.05176562 0.05556032 0.02897979 0.032431463 0.04157236 0.04024738 0.03630473 0.01944586 0.03333439 0.04606428 0.01864998 0.015009394 0.01920300 0.021169173 0.027367063 0.022917397 0.025631186 0.012326392 0.027005449 0.025445392 0.009964320 0.012740921 0.0077771217 0.013572747 0.0109718530 0.0063816805 0.0095659971 5.428077e-03 1.938045e-03 2.257019e-03 1.333912e-03 1.380935e-05 1.427126e-04 2.837025e-05 3.301968e-04
   86    1      2      0    0   500  6.116892e-28 4.822855e-03 1.761268e-02 0.062636206 0.030548757 0.0149623923 0.0120080890 0.0290565595 0.044789352 0.05728508 0.06200647 0.04020459 0.03370138 0.021858547 0.04160702 0.03848090 0.04017982 0.02682434 0.04075185 0.03918811 0.04733870 0.027340547 0.02316630 0.017556358 0.020752941 0.018759150 0.027410220 0.030554524 0.018957858 0.012256120 0.015836193 0.016932297 0.0221342101 0.008096306 0.0116608646 0.0072087773 0.0050382086 1.176136e-03 7.368219e-03 1.116397e-03 2.076666e-04 2.384979e-04 7.690974e-05 1.303411e-04 1.612513e-04
   88    1      2      0    0   500  2.731195e-10 1.875438e-03 8.321029e-03 0.050285931 0.046013512 0.0110834646 0.0100955274 0.0199238900 0.041992991 0.05916671 0.05718073 0.04351987 0.04066765 0.020704852 0.03380792 0.05112752 0.02193201 0.03647505 0.02559951 0.02197502 0.02055483 0.029348975 0.03076679 0.038930916 0.028981109 0.020051833 0.021140017 0.017500086 0.021835159 0.024185214 0.045186936 0.016222021 0.0116581420 0.028415107 0.0081262777 0.0023275559 0.0078287803 5.657903e-03 3.724128e-03 1.171124e-02 9.312483e-04 2.902719e-05 1.053685e-04 3.022187e-03 1.052104e-05
   90    1      2      0    0   500  2.054365e-22 3.580842e-04 1.169065e-02 0.038557156 0.031707779 0.0306864008 0.0176788580 0.0138280485 0.052102742 0.05389063 0.05482333 0.03930564 0.04254799 0.023886713 0.04991128 0.03235691 0.03421318 0.03384566 0.03903475 0.04149038 0.03337053 0.018112447 0.02605296 0.029576840 0.026358496 0.029341910 0.023074045 0.020406344 0.021637309 0.015642802 0.012113809 0.011916582 0.0144931327 0.022925611 0.0096759955 0.0113115622 0.0190771510 3.399827e-03 4.153179e-03 3.759683e-03 6.246960e-04 6.621310e-04 4.218641e-05 5.824712e-08 3.545153e-04
   92    1      2      0    0   500  3.006439e-13 3.834047e-04 2.181023e-02 0.044308143 0.052865272 0.0183112303 0.0136440016 0.0366336549 0.053619598 0.05858610 0.04314227 0.03857099 0.02073281 0.051376445 0.04527170 0.03019122 0.03293135 0.02667805 0.03019734 0.04162754 0.04302613 0.022161522 0.03684970 0.019083086 0.015945756 0.044210743 0.024251858 0.012916197 0.013842973 0.012103447 0.015674774 0.010475156 0.0138567368 0.009757559 0.0096925619 0.0090373166 0.0054914830 5.183397e-03 1.431297e-04 5.475488e-03 1.806640e-03 6.400733e-03 3.421511e-04 6.963089e-04 6.937987e-04
   94    1      2      0    0   500  1.838664e-19 3.213994e-03 1.406092e-02 0.056979250 0.050038271 0.0196559854 0.0078131208 0.0221394886 0.051017689 0.05160154 0.05329194 0.03321815 0.02154075 0.049761400 0.03204690 0.02704103 0.03498133 0.04198965 0.03905393 0.04170399 0.03493235 0.027133368 0.03172236 0.026765289 0.026767998 0.022586230 0.022488287 0.018627053 0.022859424 0.014525433 0.020841757 0.018386192 0.0153137596 0.010216078 0.0082320668 0.0038358909 0.0087206181 6.897251e-04 5.464069e-03 4.076211e-03 1.168043e-03 7.547757e-05 4.211250e-05 1.861123e-04 3.194774e-03
   96    1      2      0    0   500  1.213909e-14 2.185784e-03 1.395906e-02 0.055541532 0.043064760 0.0159605337 0.0157540136 0.0272997239 0.041361971 0.04046567 0.04871272 0.04028944 0.04469980 0.051941429 0.03218655 0.04003750 0.03416825 0.02921829 0.04273876 0.03871422 0.02504246 0.031933265 0.02567309 0.020647318 0.033786728 0.024550612 0.013682943 0.030137619 0.015534833 0.019185579 0.008686729 0.022938896 0.0172152726 0.006145257 0.0110977136 0.0160586916 0.0068640029 2.365480e-03 5.568069e-03 2.554211e-03 3.326192e-04 2.045844e-04 1.526237e-04 3.683331e-04 9.730630e-04
   98    1      2      0    0   500  2.867087e-39 2.148676e-03 1.101044e-02 0.043612727 0.066444901 0.0137242983 0.0070433168 0.0298516087 0.060243158 0.04663068 0.05504534 0.04376871 0.02965631 0.021957908 0.05997460 0.03801784 0.04604042 0.03465067 0.04048122 0.02954593 0.02531037 0.022684883 0.02286498 0.025295116 0.027172240 0.022878451 0.013470644 0.028673119 0.035508360 0.017778789 0.010150775 0.009042705 0.0118375020 0.004771161 0.0124313188 0.0092061503 0.0072077574 2.908810e-03 1.703141e-03 4.015613e-03 4.503265e-03 5.771765e-04 3.173672e-05 6.026035e-08 1.270995e-04
  100    1      2      0    0   500  1.659361e-08 1.052546e-03 1.323250e-02 0.056810101 0.049557314 0.0266307475 0.0069793655 0.0190373982 0.043876661 0.05928032 0.07321157 0.03345696 0.02912698 0.035207775 0.03389149 0.02833222 0.03060210 0.02702835 0.03679125 0.03784523 0.03412785 0.029139700 0.03211978 0.035224591 0.027086332 0.022531438 0.019585447 0.011852746 0.012874116 0.020044162 0.022868185 0.022002316 0.0104438395 0.023069028 0.0133992147 0.0052840463 0.0025170514 1.903347e-03 9.841302e-03 3.365010e-04 1.129248e-03 5.098078e-04 9.605630e-05 4.657901e-09 6.299066e-05
15 #_N_agebins
#_agebin_vector
1 2 3 4 5 6 7 8 9 10 11 12 13 14 15
1 #_N_ageerror_definitions
 #_age0   age1   age2   age3   age4   age5   age6   age7   age8   age9  age10  age11  age12  age13  age14  age15  age16  age17  age18  age19  age20  age21  age22  age23  age24  age25
 -1.000 -1.000 -1.000 -1.000 -1.000 -1.000 -1.000 -1.000 -1.000 -1.000 -1.000 -1.000 -1.000 -1.000 -1.000 -1.000 -1.000 -1.000 -1.000 -1.000 -1.000 -1.000 -1.000 -1.000 -1.000 -1.000
  0.001  0.001  0.001  0.001  0.001  0.001  0.001  0.001  0.001  0.001  0.001  0.001  0.001  0.001  0.001  0.001  0.001  0.001  0.001  0.001  0.001  0.001  0.001  0.001  0.001  0.001
86 #_N_agecomp
1 #_Lbin_method: 1=poplenbins; 2=datalenbins; 3=lengths
-1 #_combine males into females at or below this bin number
 #_Yr Seas FltSvy Gender Part Ageerr Lbin_lo Lbin_hi Nsamp           a1        a2        a3         a4         a5         a6         a7         a8          a9         a10         a11         a12          a13          a14         a15
   26    1      1      0    0      1      -1      -1   125  0.005293974 0.1140588 0.1706903 0.11919079 0.19176347 0.10331846 0.06709905 0.06748522 0.039521014 0.016027837 0.019259646 0.029378672 0.0177067605 7.208542e-03 0.031997463
   36    1      1      0    0      1      -1      -1   125  0.010665931 0.2257687 0.2117386 0.14115111 0.12994005 0.09591420 0.03529576 0.06127752 0.013036725 0.014633060 0.016567973 0.003207194 0.0185523080 1.314451e-03 0.020936450
   46    1      1      0    0      1      -1      -1   125  0.024517263 0.3192566 0.1896600 0.15767494 0.06035722 0.06277134 0.04343915 0.03756973 0.009783619 0.025330691 0.005938421 0.013694158 0.0039963884 2.115106e-02 0.024859420
   56    1      1      0    0      1      -1      -1   125  0.056308617 0.2451402 0.2186810 0.19643181 0.10761800 0.06173978 0.05247005 0.01292639 0.014325506 0.002796747 0.023090351 0.003463095 0.0022890173 3.753770e-06 0.002715723
   60    1      1      0    0      1      -1      -1   125  0.036734516 0.2225175 0.1634785 0.13672720 0.11469762 0.09904699 0.06434799 0.06691143 0.004945815 0.024518474 0.018905213 0.002096285 0.0199984735 1.858196e-03 0.023215772
   64    1      1      0    0      1      -1      -1   125  0.051102231 0.2673510 0.1882145 0.13319971 0.11443995 0.05889749 0.03387259 0.02889808 0.011410470 0.070688075 0.021255235 0.006417500 0.0098925608 4.019579e-04 0.003958689
   68    1      1      0    0      1      -1      -1   125  0.016202855 0.2182181 0.1875225 0.13278427 0.15746332 0.06359619 0.08084452 0.01533589 0.063248870 0.011992956 0.030604093 0.002497562 0.0041677319 5.568151e-04 0.014964405
   72    1      1      0    0      1      -1      -1   125  0.002986507 0.1990280 0.1580815 0.18260279 0.13426010 0.07372638 0.09248438 0.03170474 0.043797346 0.009791936 0.024332292 0.009676015 0.0214738210 4.436243e-03 0.011617920
   76    1      1      0    0      1      -1      -1   125  0.076228792 0.1886445 0.1846519 0.11336010 0.12082380 0.07758227 0.07348929 0.01440881 0.032096393 0.015251399 0.011275110 0.046478022 0.0034930523 1.281153e-02 0.029404991
   80    1      1      0    0      1      -1      -1   125  0.037319700 0.1757239 0.1358498 0.19944323 0.10643023 0.07904209 0.05746661 0.05385248 0.047413214 0.056138718 0.005345363 0.005758263 0.0118570534 7.943891e-05 0.028279866
   84    1      1      0    0      1      -1      -1   125  0.028231208 0.2314800 0.2003538 0.18651870 0.06946902 0.07659529 0.04707503 0.05146440 0.043066091 0.014142357 0.027722890 0.003046215 0.0047382506 2.221203e-03 0.013875611
   88    1      1      0    0      1      -1      -1   125  0.012872274 0.2499285 0.1762935 0.17791321 0.12427474 0.05952915 0.06537454 0.03484432 0.044870545 0.009547561 0.015506048 0.007735236 0.0109738110 2.940495e-03 0.007396127
   92    1      1      0    0      1      -1      -1   125  0.025523277 0.2165562 0.1756213 0.15296471 0.16319722 0.03844140 0.08243036 0.03263375 0.014696651 0.019204952 0.008995235 0.026925398 0.0007223736 7.948724e-03 0.034138487
   96    1      1      0    0      1      -1      -1   125  0.073624700 0.2147109 0.2375611 0.15631212 0.11465425 0.07028803 0.05303282 0.01554054 0.017419911 0.006142758 0.002719749 0.019265551 0.0144899233 1.011151e-03 0.003226570
  100    1      1      0    0      1      -1      -1   125  0.069378750 0.2458341 0.1714765 0.19306324 0.08113921 0.06274652 0.03817443 0.01058579 0.034776550 0.027071480 0.014828711 0.005267587 0.0068545675 1.176395e-02 0.027038577
   76    1      2      0    0      1      -1      -1   500  0.132410040 0.2512694 0.1806743 0.10796396 0.07569881 0.06390989 0.03803524 0.03097897 0.036895100 0.014909714 0.017855603 0.013833880 0.0075888542 9.465526e-03 0.018510716
   78    1      2      0    0      1      -1      -1   500  0.140227711 0.2305092 0.1793597 0.12112721 0.10593888 0.04099336 0.04724741 0.03752894 0.023591365 0.027558980 0.016786993 0.005686265 0.0071031137 5.941384e-03 0.010399476
   80    1      2      0    0      1      -1      -1   500  0.142535343 0.2209369 0.1629488 0.12418869 0.09260797 0.07136790 0.05810118 0.03757798 0.014215167 0.022543925 0.018116382 0.010494860 0.0053739212 4.306752e-03 0.014684217
   82    1      2      0    0      1      -1      -1   500  0.160181806 0.2570657 0.1409991 0.10711882 0.08697327 0.06077602 0.04394030 0.04085970 0.027806139 0.026568409 0.014288842 0.005114348 0.0029420620 2.481846e-03 0.022883581
   84    1      2      0    0      1      -1      -1   500  0.117608480 0.2222247 0.1979339 0.13640826 0.06852203 0.06775425 0.06253314 0.05033889 0.024159764 0.017430140 0.017187639 0.005411433 0.0042048943 2.943451e-03 0.005339000
   86    1      2      0    0      1      -1      -1   500  0.171814210 0.2356501 0.1696113 0.08713374 0.09207184 0.06099905 0.05279983 0.04465899 0.017475062 0.019058488 0.008980640 0.011448568 0.0128470613 2.184472e-03 0.013266668
   88    1      2      0    0      1      -1      -1   500  0.134244987 0.2073147 0.1677117 0.15336684 0.07067435 0.07097714 0.04379790 0.02818506 0.026465677 0.040960746 0.011946182 0.008183137 0.0129750056 5.274971e-03 0.017921571
   90    1      2      0    0      1      -1      -1   500  0.163525077 0.2362731 0.1523665 0.11705447 0.07616005 0.06993216 0.05143511 0.03621542 0.025123827 0.025128746 0.011460738 0.004036627 0.0040753956 3.343625e-03 0.023869214
   92    1      2      0    0      1      -1      -1   500  0.124407184 0.2359788 0.1602106 0.11666600 0.09471640 0.07226406 0.04901283 0.04349071 0.020848266 0.025118497 0.028955364 0.016131069 0.0026555161 2.031356e-03 0.007513312
   94    1      2      0    0      1      -1      -1   500  0.138438277 0.2137001 0.1440618 0.10785666 0.10039909 0.08086034 0.05775882 0.05033184 0.024927016 0.015122337 0.017420429 0.012964910 0.0160689308 4.828587e-03 0.015260843
   96    1      2      0    0      1      -1      -1   500  0.157088182 0.2456543 0.1614752 0.11494607 0.07584866 0.05640384 0.05966499 0.04213309 0.023507971 0.016864567 0.007006625 0.016072373 0.0063497935 3.194395e-03 0.013789872
   98    1      2      0    0      1      -1      -1   500  0.160826937 0.2231342 0.1735494 0.11553932 0.06796646 0.06852594 0.04424173 0.03621844 0.025627306 0.026853122 0.010887203 0.017251919 0.0037703266 5.992493e-03 0.019615212
  100    1      2      0    0      1      -1      -1   500  0.157416500 0.2391572 0.1425320 0.12529160 0.10448439 0.04941289 0.04481856 0.02951531 0.032529307 0.030498730 0.010594630 0.012852561 0.0088885834 4.404474e-03 0.007603287
   60    1      1      0    0      1       4       4     1  1.000000000 0.0000000 0.0000000 0.00000000 0.00000000 0.00000000 0.00000000 0.00000000 0.000000000 0.000000000 0.000000000 0.000000000 0.0000000000 0.000000e+00 0.000000000
   60    1      1      0    0      1       6       6     4  4.000000000 0.0000000 0.0000000 0.00000000 0.00000000 0.00000000 0.00000000 0.00000000 0.000000000 0.000000000 0.000000000 0.000000000 0.0000000000 0.000000e+00 0.000000000
   60    1      1      0    0      1       8       8     1  1.000000000 0.0000000 0.0000000 0.00000000 0.00000000 0.00000000 0.00000000 0.00000000 0.000000000 0.000000000 0.000000000 0.000000000 0.0000000000 0.000000e+00 0.000000000
   60    1      1      0    0      1       9       9     2  2.000000000 0.0000000 0.0000000 0.00000000 0.00000000 0.00000000 0.00000000 0.00000000 0.000000000 0.000000000 0.000000000 0.000000000 0.0000000000 0.000000e+00 0.000000000
   60    1      1      0    0      1      10      10    13 13.000000000 0.0000000 0.0000000 0.00000000 0.00000000 0.00000000 0.00000000 0.00000000 0.000000000 0.000000000 0.000000000 0.000000000 0.0000000000 0.000000e+00 0.000000000
   60    1      1      0    0      1      11      11    15 15.000000000 0.0000000 0.0000000 0.00000000 0.00000000 0.00000000 0.00000000 0.00000000 0.000000000 0.000000000 0.000000000 0.000000000 0.0000000000 0.000000e+00 0.000000000
   60    1      1      0    0      1      12      12     8  8.000000000 0.0000000 0.0000000 0.00000000 0.00000000 0.00000000 0.00000000 0.00000000 0.000000000 0.000000000 0.000000000 0.000000000 0.0000000000 0.000000e+00 0.000000000
   60    1      1      0    0      1      13      13     3  3.000000000 0.0000000 0.0000000 0.00000000 0.00000000 0.00000000 0.00000000 0.00000000 0.000000000 0.000000000 0.000000000 0.000000000 0.0000000000 0.000000e+00 0.000000000
   60    1      1      0    0      1      14      14     1  1.000000000 0.0000000 0.0000000 0.00000000 0.00000000 0.00000000 0.00000000 0.00000000 0.000000000 0.000000000 0.000000000 0.000000000 0.0000000000 0.000000e+00 0.000000000
   60    1      1      0    0      1      15      15     6  6.000000000 0.0000000 0.0000000 0.00000000 0.00000000 0.00000000 0.00000000 0.00000000 0.000000000 0.000000000 0.000000000 0.000000000 0.0000000000 0.000000e+00 0.000000000
   60    1      1      0    0      1      16      16     8  8.000000000 0.0000000 0.0000000 0.00000000 0.00000000 0.00000000 0.00000000 0.00000000 0.000000000 0.000000000 0.000000000 0.000000000 0.0000000000 0.000000e+00 0.000000000
   60    1      1      0    0      1      17      17     2  2.000000000 0.0000000 0.0000000 0.00000000 0.00000000 0.00000000 0.00000000 0.00000000 0.000000000 0.000000000 0.000000000 0.000000000 0.0000000000 0.000000e+00 0.000000000
   60    1      1      0    0      1      18      18     2  2.000000000 0.0000000 0.0000000 0.00000000 0.00000000 0.00000000 0.00000000 0.00000000 0.000000000 0.000000000 0.000000000 0.000000000 0.0000000000 0.000000e+00 0.000000000
   60    1      1      0    0      1      19      19     3  3.000000000 0.0000000 0.0000000 0.00000000 0.00000000 0.00000000 0.00000000 0.00000000 0.000000000 0.000000000 0.000000000 0.000000000 0.0000000000 0.000000e+00 0.000000000
   60    1      1      0    0      1      20      20     2  2.000000000 0.0000000 0.0000000 0.00000000 0.00000000 0.00000000 0.00000000 0.00000000 0.000000000 0.000000000 0.000000000 0.000000000 0.0000000000 0.000000e+00 0.000000000
   60    1      1      0    0      1      21      21     1  1.000000000 0.0000000 0.0000000 0.00000000 0.00000000 0.00000000 0.00000000 0.00000000 0.000000000 0.000000000 0.000000000 0.000000000 0.0000000000 0.000000e+00 0.000000000
   60    1      1      0    0      1      22      22     1  1.000000000 0.0000000 0.0000000 0.00000000 0.00000000 0.00000000 0.00000000 0.00000000 0.000000000 0.000000000 0.000000000 0.000000000 0.0000000000 0.000000e+00 0.000000000
   60    1      1      0    0      1      23      23     3  3.000000000 0.0000000 0.0000000 0.00000000 0.00000000 0.00000000 0.00000000 0.00000000 0.000000000 0.000000000 0.000000000 0.000000000 0.0000000000 0.000000e+00 0.000000000
   60    1      1      0    0      1      24      24     6  6.000000000 0.0000000 0.0000000 0.00000000 0.00000000 0.00000000 0.00000000 0.00000000 0.000000000 0.000000000 0.000000000 0.000000000 0.0000000000 0.000000e+00 0.000000000
   60    1      1      0    0      1      25      25     1  1.000000000 0.0000000 0.0000000 0.00000000 0.00000000 0.00000000 0.00000000 0.00000000 0.000000000 0.000000000 0.000000000 0.000000000 0.0000000000 0.000000e+00 0.000000000
   60    1      1      0    0      1      27      27     2  2.000000000 0.0000000 0.0000000 0.00000000 0.00000000 0.00000000 0.00000000 0.00000000 0.000000000 0.000000000 0.000000000 0.000000000 0.0000000000 0.000000e+00 0.000000000
   60    1      1      0    0      1      28      28     1  1.000000000 0.0000000 0.0000000 0.00000000 0.00000000 0.00000000 0.00000000 0.00000000 0.000000000 0.000000000 0.000000000 0.000000000 0.0000000000 0.000000e+00 0.000000000
   60    1      1      0    0      1      29      29     3  2.000000000 1.0000000 0.0000000 0.00000000 0.00000000 0.00000000 0.00000000 0.00000000 0.000000000 0.000000000 0.000000000 0.000000000 0.0000000000 0.000000e+00 0.000000000
   60    1      1      0    0      1      30      30     2  0.000000000 2.0000000 0.0000000 0.00000000 0.00000000 0.00000000 0.00000000 0.00000000 0.000000000 0.000000000 0.000000000 0.000000000 0.0000000000 0.000000e+00 0.000000000
   60    1      1      0    0      1      31      31     3  0.000000000 3.0000000 0.0000000 0.00000000 0.00000000 0.00000000 0.00000000 0.00000000 0.000000000 0.000000000 0.000000000 0.000000000 0.0000000000 0.000000e+00 0.000000000
   60    1      1      0    0      1      34      34     3  0.000000000 3.0000000 0.0000000 0.00000000 0.00000000 0.00000000 0.00000000 0.00000000 0.000000000 0.000000000 0.000000000 0.000000000 0.0000000000 0.000000e+00 0.000000000
   60    1      1      0    0      1      35      35     1  0.000000000 1.0000000 0.0000000 0.00000000 0.00000000 0.00000000 0.00000000 0.00000000 0.000000000 0.000000000 0.000000000 0.000000000 0.0000000000 0.000000e+00 0.000000000
   60    1      1      0    0      1      36      36     2  0.000000000 2.0000000 0.0000000 0.00000000 0.00000000 0.00000000 0.00000000 0.00000000 0.000000000 0.000000000 0.000000000 0.000000000 0.0000000000 0.000000e+00 0.000000000
  100    1      1      0    0      1       3       3     2  2.000000000 0.0000000 0.0000000 0.00000000 0.00000000 0.00000000 0.00000000 0.00000000 0.000000000 0.000000000 0.000000000 0.000000000 0.0000000000 0.000000e+00 0.000000000
  100    1      1      0    0      1       4       4     1  1.000000000 0.0000000 0.0000000 0.00000000 0.00000000 0.00000000 0.00000000 0.00000000 0.000000000 0.000000000 0.000000000 0.000000000 0.0000000000 0.000000e+00 0.000000000
  100    1      1      0    0      1       6       6     2  2.000000000 0.0000000 0.0000000 0.00000000 0.00000000 0.00000000 0.00000000 0.00000000 0.000000000 0.000000000 0.000000000 0.000000000 0.0000000000 0.000000e+00 0.000000000
  100    1      1      0    0      1       9       9     5  5.000000000 0.0000000 0.0000000 0.00000000 0.00000000 0.00000000 0.00000000 0.00000000 0.000000000 0.000000000 0.000000000 0.000000000 0.0000000000 0.000000e+00 0.000000000
  100    1      1      0    0      1      10      10     6  6.000000000 0.0000000 0.0000000 0.00000000 0.00000000 0.00000000 0.00000000 0.00000000 0.000000000 0.000000000 0.000000000 0.000000000 0.0000000000 0.000000e+00 0.000000000
  100    1      1      0    0      1      11      11     7  7.000000000 0.0000000 0.0000000 0.00000000 0.00000000 0.00000000 0.00000000 0.00000000 0.000000000 0.000000000 0.000000000 0.000000000 0.0000000000 0.000000e+00 0.000000000
  100    1      1      0    0      1      12      12     2  2.000000000 0.0000000 0.0000000 0.00000000 0.00000000 0.00000000 0.00000000 0.00000000 0.000000000 0.000000000 0.000000000 0.000000000 0.0000000000 0.000000e+00 0.000000000
  100    1      1      0    0      1      13      13     6  6.000000000 0.0000000 0.0000000 0.00000000 0.00000000 0.00000000 0.00000000 0.00000000 0.000000000 0.000000000 0.000000000 0.000000000 0.0000000000 0.000000e+00 0.000000000
  100    1      1      0    0      1      14      14     2  2.000000000 0.0000000 0.0000000 0.00000000 0.00000000 0.00000000 0.00000000 0.00000000 0.000000000 0.000000000 0.000000000 0.000000000 0.0000000000 0.000000e+00 0.000000000
  100    1      1      0    0      1      15      15     3  3.000000000 0.0000000 0.0000000 0.00000000 0.00000000 0.00000000 0.00000000 0.00000000 0.000000000 0.000000000 0.000000000 0.000000000 0.0000000000 0.000000e+00 0.000000000
  100    1      1      0    0      1      16      16     5  5.000000000 0.0000000 0.0000000 0.00000000 0.00000000 0.00000000 0.00000000 0.00000000 0.000000000 0.000000000 0.000000000 0.000000000 0.0000000000 0.000000e+00 0.000000000
  100    1      1      0    0      1      17      17     1  1.000000000 0.0000000 0.0000000 0.00000000 0.00000000 0.00000000 0.00000000 0.00000000 0.000000000 0.000000000 0.000000000 0.000000000 0.0000000000 0.000000e+00 0.000000000
  100    1      1      0    0      1      18      18     2  2.000000000 0.0000000 0.0000000 0.00000000 0.00000000 0.00000000 0.00000000 0.00000000 0.000000000 0.000000000 0.000000000 0.000000000 0.0000000000 0.000000e+00 0.000000000
  100    1      1      0    0      1      19      19     4  4.000000000 0.0000000 0.0000000 0.00000000 0.00000000 0.00000000 0.00000000 0.00000000 0.000000000 0.000000000 0.000000000 0.000000000 0.0000000000 0.000000e+00 0.000000000
  100    1      1      0    0      1      20      20    12 12.000000000 0.0000000 0.0000000 0.00000000 0.00000000 0.00000000 0.00000000 0.00000000 0.000000000 0.000000000 0.000000000 0.000000000 0.0000000000 0.000000e+00 0.000000000
  100    1      1      0    0      1      21      21     2  2.000000000 0.0000000 0.0000000 0.00000000 0.00000000 0.00000000 0.00000000 0.00000000 0.000000000 0.000000000 0.000000000 0.000000000 0.0000000000 0.000000e+00 0.000000000
  100    1      1      0    0      1      22      22     2  2.000000000 0.0000000 0.0000000 0.00000000 0.00000000 0.00000000 0.00000000 0.00000000 0.000000000 0.000000000 0.000000000 0.000000000 0.0000000000 0.000000e+00 0.000000000
  100    1      1      0    0      1      23      23     7  7.000000000 0.0000000 0.0000000 0.00000000 0.00000000 0.00000000 0.00000000 0.00000000 0.000000000 0.000000000 0.000000000 0.000000000 0.0000000000 0.000000e+00 0.000000000
  100    1      1      0    0      1      24      24     5  5.000000000 0.0000000 0.0000000 0.00000000 0.00000000 0.00000000 0.00000000 0.00000000 0.000000000 0.000000000 0.000000000 0.000000000 0.0000000000 0.000000e+00 0.000000000
  100    1      1      0    0      1      25      25     4  4.000000000 0.0000000 0.0000000 0.00000000 0.00000000 0.00000000 0.00000000 0.00000000 0.000000000 0.000000000 0.000000000 0.000000000 0.0000000000 0.000000e+00 0.000000000
  100    1      1      0    0      1      26      26     2  2.000000000 0.0000000 0.0000000 0.00000000 0.00000000 0.00000000 0.00000000 0.00000000 0.000000000 0.000000000 0.000000000 0.000000000 0.0000000000 0.000000e+00 0.000000000
  100    1      1      0    0      1      27      27     1  1.000000000 0.0000000 0.0000000 0.00000000 0.00000000 0.00000000 0.00000000 0.00000000 0.000000000 0.000000000 0.000000000 0.000000000 0.0000000000 0.000000e+00 0.000000000
  100    1      1      0    0      1      29      29     1  1.000000000 0.0000000 0.0000000 0.00000000 0.00000000 0.00000000 0.00000000 0.00000000 0.000000000 0.000000000 0.000000000 0.000000000 0.0000000000 0.000000e+00 0.000000000
  100    1      1      0    0      1      30      30     1  0.000000000 1.0000000 0.0000000 0.00000000 0.00000000 0.00000000 0.00000000 0.00000000 0.000000000 0.000000000 0.000000000 0.000000000 0.0000000000 0.000000e+00 0.000000000
  100    1      1      0    0      1      31      31     6  0.000000000 6.0000000 0.0000000 0.00000000 0.00000000 0.00000000 0.00000000 0.00000000 0.000000000 0.000000000 0.000000000 0.000000000 0.0000000000 0.000000e+00 0.000000000
  100    1      1      0    0      1      33      33     2  0.000000000 2.0000000 0.0000000 0.00000000 0.00000000 0.00000000 0.00000000 0.00000000 0.000000000 0.000000000 0.000000000 0.000000000 0.0000000000 0.000000e+00 0.000000000
  100    1      1      0    0      1      34      34     1  0.000000000 1.0000000 0.0000000 0.00000000 0.00000000 0.00000000 0.00000000 0.00000000 0.000000000 0.000000000 0.000000000 0.000000000 0.0000000000 0.000000e+00 0.000000000
  100    1      1      0    0      1      35      35     3  0.000000000 3.0000000 0.0000000 0.00000000 0.00000000 0.00000000 0.00000000 0.00000000 0.000000000 0.000000000 0.000000000 0.000000000 0.0000000000 0.000000e+00 0.000000000
  100    1      1      0    0      1      37      37     2  0.000000000 2.0000000 0.0000000 0.00000000 0.00000000 0.00000000 0.00000000 0.00000000 0.000000000 0.000000000 0.000000000 0.000000000 0.0000000000 0.000000e+00 0.000000000
  100    1      1      0    0      1      38      38     1  0.000000000 1.0000000 0.0000000 0.00000000 0.00000000 0.00000000 0.00000000 0.00000000 0.000000000 0.000000000 0.000000000 0.000000000 0.0000000000 0.000000e+00 0.000000000
0 #_N_MeanSize_at_Age_obs
0 #_N_environ_variables
0 #_N_environ_obs
0 #_N_sizefreq_methods
0 #_do_tags
0 #_morphcomp_data
#
999
