#C data file created using the SS_writedat function in the R package r4ss
#C should work with SS version: 
#C file write time: 2015-02-11 18:12:49
#
1 #_styr
100 #_endyr
1 #_nseas
12 #_months_per_seas
1 #_spawn_seas
1 #_Nfleet
2 #_Nsurveys
1 #_N_areas
Fishery%Survey%CPUE #_fleetnames
0.5 0.5 0.5 #_surveytiming_in_season
1 1 1 #_area_assignments_for_each_fishery_and_survey
1 #_units of catch:  1=bio; 2=num
0.01 #_se of log(catch) only used for init_eq_catch and for Fmethod 2 and 3
1 #_Ngenders
25 #_Nages
0 #_init_equil_catch_for_each_fishery
100 #_N_lines_of_catch_to_read
 #_Fishery year seas
         0    1    1
         0    2    1
         0    3    1
         0    4    1
         0    5    1
         0    6    1
         0    7    1
         0    8    1
         0    9    1
         0   10    1
         0   11    1
         0   12    1
         0   13    1
         0   14    1
         0   15    1
         0   16    1
         0   17    1
         0   18    1
         0   19    1
         0   20    1
         0   21    1
         0   22    1
         0   23    1
         0   24    1
         0   25    1
 444646000   26    1
 397608000   27    1
 357583000   28    1
 324161000   29    1
 296656000   30    1
 274240000   31    1
 256057000   32    1
 241314000   33    1
 229322000   34    1
 219511000   35    1
 211426000   36    1
 204710000   37    1
 199088000   38    1
 194347000   39    1
 190324000   40    1
 186891000   41    1
 183948000   42    1
 181416000   43    1
 179230000   44    1
 177337000   45    1
 175694000   46    1
 174266000   47    1
 173022000   48    1
 171937000   49    1
 170990000   50    1
 170161000   51    1
 169436000   52    1
 168801000   53    1
 168243000   54    1
 167755000   55    1
 167325000   56    1
 166948000   57    1
 166617000   58    1
 166326000   59    1
 166070000   60    1
 165844000   61    1
 165646000   62    1
 165471000   63    1
 165317000   64    1
 165182000   65    1
 165063000   66    1
 164958000   67    1
 164865000   68    1
 164784000   69    1
 164712000   70    1
 164649000   71    1
 164593000   72    1
 164544000   73    1
 164500000   74    1
 164462000   75    1
 164429000   76    1
 164399000   77    1
 164373000   78    1
 164350000   79    1
 164329000   80    1
 164311000   81    1
 164296000   82    1
 164282000   83    1
 164269000   84    1
 164258000   85    1
 164249000   86    1
 164240000   87    1
 164233000   88    1
 164227000   89    1
 164221000   90    1
 164216000   91    1
 164211000   92    1
 164207000   93    1
 164204000   94    1
 164201000   95    1
 164198000   96    1
 164195000   97    1
 164193000   98    1
 164192000   99    1
 164190000  100    1
13 #_N_cpue
 #_Fleet Units Errtype
       1     1       0
       2     1       0
       3     1       0
 #_year seas index        obs se_log
     76    1     2 1595809420    0.2
     78    1     2 1288840597    0.2
     80    1     2 1358682848    0.2
     82    1     2 1683377202    0.2
     84    1     2 1569019150    0.2
     86    1     2 1241358377    0.2
     88    1     2 1385558962    0.2
     90    1     2 1390829677    0.2
     92    1     2 1349927860    0.2
     94    1     2 1377867042    0.2
     96    1     2 1033941010    0.2
     98    1     2 1809793162    0.2
    100    1     2 1225304361    0.2
0 #_N_discard_fleets
#_discard_units (1=same_as_catchunits(bio/num); 2=fraction; 3=numbers)
#_discard_errtype:  >0 for DF of T-dist(read CV below); 0 for normal with CV; -1 for normal with se; -2 for lognormal
0 #_N_discard
0 #_N_meanbodywt
1 #_DF_for_meanbodywt_T-distribution_like
2 # length bin method: 1=use databins; 2=generate from binwidth,min,max below; 3=read vector
1 # binwidth for population size comp
10 # minimum size in the population (lower edge of first bin and size at age 0.00)
200 # maximum size in the population (lower edge of last bin)
-0.001 #_comp_tail_compression
1e-05 #_add_to_comp
0 #_combine males into females at or below this bin number
45 #_N_lbins
#_lbin_vector
20 23 26 29 32 35 38 41 44 47 50 53 56 59 62 65 68 71 74 77 80 83 86 89 92 95 98 101 104 107 110 113 116 119 122 125 128 131 134 137 140 143 146 149 152
28 #_N_Length_comp_observations
 #_Yr Seas FltSvy Gender Part Nsamp           l20          l23          l26          l29         l32         l35          l38         l41        l44        l47        l50         l53        l56        l59        l62        l65        l68        l71         l74        l77        l80        l83         l86        l89        l92        l95        l98        l101        l104        l107        l110        l113        l116        l119        l122         l125         l128         l131         l134         l137         l140         l143         l146         l149         l152
   26    1      1      0    0   125  0.000000e+00 8.943188e-22 3.907981e-03 0.0014691998 0.003296015 0.006040128 0.0002360716 0.006533008 0.02009188 0.02189433 0.06055809 0.054200529 0.02761447 0.03294472 0.02012135 0.04219185 0.02189059 0.04136572 0.052834209 0.02339156 0.01053848 0.01848064 0.025830279 0.03467541 0.07451574 0.02321050 0.05971294 0.020561673 0.028373951 0.045240357 0.039550731 0.047945823 0.028874158 0.024232448 0.011149403 0.0114677718 1.052676e-02 9.684953e-03 1.045515e-02 6.941713e-03 7.091924e-03 2.088081e-04 3.513584e-03 2.806773e-04 6.354421e-03
   36    1      1      0    0   125  0.000000e+00 6.409694e-11 1.178647e-03 0.0032791886 0.003755044 0.008969513 0.0003408975 0.010740275 0.03940027 0.06327919 0.11493074 0.043272421 0.04176108 0.03142431 0.02928880 0.05048024 0.01892656 0.05933157 0.035218335 0.02068005 0.02224162 0.05057789 0.028118385 0.02483510 0.02668571 0.09920909 0.01730066 0.016895536 0.033076016 0.004031687 0.010533708 0.025283425 0.010600526 0.016330932 0.002118380 0.0165833508 1.631691e-04 7.911733e-04 1.483748e-02 3.011891e-06 2.344286e-03 1.837319e-05 1.633388e-04 7.623755e-05 9.237985e-04
   46    1      1      0    0   125  0.000000e+00 8.136390e-03 8.637946e-03 0.0051627137 0.015730335 0.013020310 0.0057046621 0.044926206 0.05405503 0.08165211 0.04248904 0.038228635 0.01430762 0.03908909 0.02000818 0.03401665 0.05133198 0.05801365 0.039738818 0.03540607 0.05557335 0.03651425 0.006366944 0.02398801 0.05345441 0.01460234 0.01412970 0.024667857 0.007384691 0.011069912 0.006428934 0.020760336 0.015090362 0.013606694 0.027174126 0.0176235620 3.319459e-03 4.397067e-06 1.716134e-02 9.175890e-03 1.170100e-02 5.064259e-04 1.589373e-07 4.041502e-05 4.976216e-10
   56    1      1      0    0   125 3.000373e-117 1.162362e-22 3.859482e-04 0.0011251112 0.014981545 0.004215094 0.0003422862 0.021106148 0.04575696 0.04680899 0.06836978 0.063833159 0.02668895 0.04630216 0.03214808 0.06837715 0.06651383 0.05373219 0.006899336 0.03386964 0.05023618 0.02059167 0.041358817 0.02250357 0.02349616 0.02692924 0.01051121 0.063412119 0.015455181 0.018303075 0.018204419 0.022305775 0.006937849 0.008820747 0.015228911 0.0148777065 1.532963e-02 9.073767e-05 5.563847e-05 1.387771e-04 3.553373e-03 1.697765e-06 1.993989e-04 1.559645e-19 1.732441e-06
   60    1      1      0    0   125 1.283340e-283 3.194907e-12 6.608889e-04 0.0066251412 0.013289773 0.006436086 0.0052226751 0.013267097 0.03633721 0.05958862 0.02921453 0.033401619 0.06588525 0.04376236 0.02927317 0.05736079 0.03733903 0.07847467 0.039467066 0.04609290 0.04712137 0.03255109 0.011299110 0.02662079 0.04633796 0.03205662 0.02483256 0.019459988 0.034567369 0.029523434 0.007231113 0.008748470 0.018007347 0.020099599 0.013431977 0.0098541939 5.778202e-03 1.038097e-02 1.458785e-05 1.209249e-06 1.672280e-04 1.736705e-06 2.584963e-05 9.236411e-05 9.599144e-05
   64    1      1      0    0   125  8.724330e-32 1.402230e-06 7.081518e-03 0.0054128675 0.014236708 0.007504482 0.0067607516 0.010900336 0.04800652 0.04756854 0.04294154 0.024315293 0.02360621 0.01995678 0.06268329 0.04975188 0.02244080 0.04789060 0.075269884 0.03368785 0.01230754 0.01124566 0.040573671 0.01626072 0.08397088 0.03088646 0.01471291 0.033551286 0.040417982 0.014035238 0.020529901 0.015628277 0.003071574 0.003976312 0.009662655 0.0235425750 5.168633e-02 1.456175e-02 5.717236e-03 5.276708e-07 3.643195e-03 3.874146e-10 2.017536e-11 7.582268e-15 7.679100e-08
   68    1      1      0    0   125 5.951978e-224 1.067365e-37 1.438855e-03 0.0082177928 0.023732596 0.001951949 0.0111648107 0.015077517 0.05277599 0.04249174 0.07701835 0.035294939 0.02669793 0.02290112 0.04370702 0.05328717 0.04274390 0.03588612 0.048349055 0.07449331 0.02109401 0.02647238 0.027824600 0.01523182 0.01956404 0.05200591 0.03242001 0.033462926 0.028843826 0.015055936 0.012977626 0.010295108 0.010714000 0.014581083 0.029457277 0.0006150628 3.659824e-04 1.216093e-02 1.089992e-04 5.313117e-03 7.386153e-03 3.819852e-05 6.757971e-03 2.282942e-05 3.820680e-08
   72    1      1      0    0   125  0.000000e+00 4.780938e-06 6.868751e-03 0.0224142334 0.005072574 0.012336450 0.0030231546 0.022503174 0.05746162 0.04564863 0.06632385 0.056326986 0.05937920 0.02592267 0.05550600 0.04156366 0.02238740 0.02325250 0.070040810 0.03714076 0.01769595 0.01646455 0.015332827 0.03896149 0.02967888 0.07062478 0.01243705 0.012419342 0.015537194 0.022878023 0.038321131 0.014931921 0.023231755 0.010300211 0.008045910 0.0011094946 5.838063e-05 1.081377e-02 2.455486e-03 2.154419e-05 9.838635e-04 3.753084e-03 7.653122e-04 2.312520e-14 8.202867e-07
   76    1      1      0    0   125  7.873700e-06 2.318036e-13 2.824625e-03 0.0276059212 0.004629471 0.007746097 0.0033524368 0.022240013 0.03111603 0.09305211 0.10447233 0.067074801 0.05083533 0.02957423 0.05737790 0.04080249 0.01364212 0.01726748 0.033335006 0.04051826 0.01874868 0.03630895 0.026231094 0.01218183 0.01933092 0.01031553 0.02381236 0.028540944 0.048720694 0.038269292 0.006693332 0.016901541 0.010605623 0.011496865 0.031395952 0.0016564878 8.566730e-03 7.010033e-04 1.294813e-03 4.899640e-09 1.439419e-04 5.988818e-04 5.541206e-07 1.352046e-08 9.445445e-06
   80    1      1      0    0   125  8.212858e-85 9.334837e-08 1.939380e-04 0.0008210614 0.002204411 0.012590268 0.0071742564 0.028953878 0.03118748 0.05744076 0.07240229 0.046135205 0.01166973 0.03827679 0.03516456 0.13640407 0.07051457 0.02252520 0.049360546 0.01610501 0.02448440 0.05498634 0.010327932 0.02365406 0.02170835 0.01191048 0.02333026 0.025557197 0.027359015 0.026324202 0.008534902 0.013450179 0.047919887 0.002538106 0.003429310 0.0195075861 9.199620e-03 4.591031e-03 9.911749e-04 6.539241e-04 6.056460e-05 2.095632e-04 3.262915e-13 3.497576e-06 1.443040e-04
   84    1      1      0    0   125  1.096454e-51 3.667933e-08 2.688902e-04 0.0027220511 0.001420022 0.001178139 0.0201415361 0.019771457 0.03275611 0.05276445 0.05418493 0.061823859 0.01741817 0.07542324 0.04593540 0.01874245 0.05187077 0.03671958 0.035893825 0.05098532 0.06226048 0.03829942 0.035845940 0.04118012 0.01529505 0.03343193 0.01252972 0.019856939 0.016181451 0.016154174 0.051141056 0.008332048 0.010332982 0.005688788 0.028582779 0.0054664536 4.572394e-03 1.438560e-03 1.145780e-04 1.002178e-02 1.090555e-04 1.904330e-03 5.823046e-05 1.181506e-03 7.462492e-10
   88    1      1      0    0   125  1.279240e-46 3.648415e-15 1.349771e-03 0.0132653764 0.011044137 0.005395681 0.0017645006 0.018930983 0.05323961 0.06028441 0.03685823 0.044902711 0.03641701 0.07158379 0.03883777 0.02204331 0.07198519 0.05480522 0.047119067 0.04174402 0.03212223 0.03651314 0.014086287 0.03631701 0.01360003 0.04562207 0.01749124 0.006692571 0.021401843 0.019312125 0.016740471 0.012273710 0.006985701 0.018818856 0.041860909 0.0012550247 1.437171e-03 5.473349e-03 2.679370e-04 2.337177e-03 3.240115e-03 1.164437e-03 1.691655e-07 6.476948e-03 6.938696e-03
   92    1      1      0    0   125  4.579592e-19 1.492100e-07 1.383695e-04 0.0163402279 0.003777063 0.026246660 0.0008019816 0.016580905 0.04222638 0.08886530 0.03457536 0.005793453 0.03087523 0.05697737 0.03186939 0.04751754 0.05400565 0.02242100 0.070364685 0.04015263 0.03324041 0.03097368 0.015738161 0.02106362 0.03167290 0.01276924 0.04293007 0.026300385 0.042745782 0.015054576 0.014977971 0.004386050 0.018585275 0.008883694 0.025195069 0.0186842029 3.475819e-02 3.374310e-03 4.695949e-05 1.620341e-03 2.228639e-04 7.142662e-05 6.709443e-03 2.062939e-05 4.454100e-04
   96    1      1      0    0   125  1.405045e-18 1.688180e-15 9.800185e-06 0.0072488976 0.018771028 0.001450249 0.0021856393 0.007389355 0.04359458 0.06251034 0.05438450 0.040570662 0.01315309 0.03096381 0.04884763 0.05698311 0.01779786 0.01754762 0.029892197 0.04791982 0.03182500 0.02909989 0.042872176 0.03127143 0.01497715 0.04322216 0.02670378 0.034366789 0.044890960 0.031790516 0.010261605 0.033414426 0.012975190 0.034362211 0.013312925 0.0087265155 8.844462e-03 4.931550e-03 9.081834e-04 3.020767e-03 2.617291e-02 7.199141e-10 1.082840e-02 8.244911e-07 2.047458e-09
  100    1      1      0    0   125  1.087406e-58 3.338530e-08 2.774974e-04 0.0095521629 0.008066778 0.003507961 0.0098050387 0.018945235 0.01458170 0.04030345 0.04096604 0.065876225 0.02687497 0.07778356 0.05201700 0.06087825 0.06051391 0.04796178 0.039958244 0.03495573 0.04382049 0.02997609 0.040015383 0.02820122 0.02692142 0.01501945 0.01192780 0.016533286 0.026559611 0.004113595 0.021305761 0.003935477 0.049203558 0.000865088 0.020807060 0.0082895131 2.584726e-02 4.541395e-05 1.355189e-02 1.093743e-04 1.096808e-06 1.793705e-05 1.066400e-04 1.011953e-12 3.449192e-12
   76    1      2      0    0   500  4.255229e-51 2.864228e-03 2.668964e-02 0.0397085826 0.049018967 0.022220956 0.0237678463 0.018855370 0.04073331 0.07304136 0.03935077 0.041955713 0.02811248 0.03708062 0.02207875 0.03183425 0.05003880 0.03267316 0.029745545 0.03387486 0.04565158 0.02187611 0.037192024 0.02580748 0.02309644 0.03763058 0.02119705 0.031513176 0.019997118 0.013307990 0.017557907 0.010489724 0.017377893 0.005719077 0.008828287 0.0088670135 1.378317e-03 1.426665e-03 2.103889e-03 3.425600e-03 2.045985e-04 8.017349e-04 1.028701e-04 2.442173e-07 8.014345e-04
   78    1      2      0    0   500  9.488321e-07 7.400307e-04 2.882424e-02 0.0409574817 0.054997525 0.010322694 0.0162540495 0.027013658 0.05248118 0.04610837 0.06065173 0.036897961 0.03523787 0.03832236 0.03476856 0.03918021 0.05194634 0.02595534 0.024521006 0.02535266 0.03202024 0.03294038 0.020232133 0.02155647 0.01488139 0.01628072 0.02374473 0.028978735 0.016508151 0.032895746 0.023083460 0.017834164 0.016097215 0.013095304 0.014772634 0.0060336817 4.538870e-03 8.244429e-03 2.438643e-03 1.219190e-04 2.722015e-03 4.601253e-07 1.098044e-04 8.594670e-05 2.485383e-04
   80    1      2      0    0   500  3.834396e-13 9.071782e-03 1.272608e-02 0.0472928233 0.044368777 0.021082654 0.0128839772 0.035992288 0.04038375 0.04348966 0.04835181 0.048406661 0.01868642 0.03625672 0.02806082 0.04793827 0.03372754 0.03080573 0.048285686 0.02434680 0.02614574 0.03309880 0.038485698 0.02856032 0.02335188 0.02990546 0.01763181 0.017177189 0.019971487 0.024392386 0.022615424 0.027807322 0.012968587 0.010502400 0.011971540 0.0045673683 3.840665e-03 1.218918e-03 3.671926e-03 8.705544e-03 5.854959e-05 6.269817e-05 2.512945e-05 1.095297e-03 9.626673e-06
   82    1      2      0    0   500  5.558487e-10 3.535978e-03 3.220940e-02 0.0564319787 0.055481116 0.012597628 0.0183568500 0.023066413 0.04301426 0.06406411 0.03929924 0.035298048 0.03063895 0.05206658 0.03269134 0.04059332 0.04330077 0.02683664 0.039541286 0.03203915 0.03453496 0.01882952 0.026822026 0.02148087 0.03162944 0.02684055 0.01920007 0.035440162 0.013344277 0.011910476 0.015407283 0.013866712 0.013833583 0.003706795 0.007104427 0.0065608661 3.580616e-03 7.678047e-03 1.019946e-03 1.777124e-03 2.604854e-04 1.629558e-04 2.912101e-03 9.080369e-05 9.428530e-04
   84    1      2      0    0   500  9.929340e-33 1.506503e-03 2.304890e-02 0.0505051707 0.044861620 0.024785901 0.0112681975 0.008248671 0.03006858 0.06458607 0.04642034 0.027402877 0.03679238 0.04891380 0.05692991 0.04298375 0.05566286 0.01998933 0.020022605 0.02946784 0.02186712 0.04142855 0.025719124 0.03695929 0.02167630 0.02879072 0.01982272 0.015650783 0.019402806 0.032014344 0.018536463 0.016307047 0.017097430 0.008688456 0.008022151 0.0044121221 7.412586e-03 5.541253e-03 2.196576e-03 1.564649e-03 6.128531e-04 7.618103e-04 6.059826e-04 8.223152e-04 6.212321e-04
   86    1      2      0    0   500  1.853460e-04 2.196543e-03 1.634148e-02 0.0534269249 0.060535396 0.010895951 0.0072665729 0.030042419 0.03094350 0.04666764 0.05693210 0.045016706 0.01735901 0.03625299 0.02651933 0.02300867 0.04577026 0.03245077 0.042507080 0.03530359 0.02210854 0.02976898 0.030225308 0.04395349 0.03487517 0.04501684 0.03012963 0.031824200 0.018058805 0.015813954 0.017335068 0.008186659 0.014724795 0.005967058 0.007481126 0.0032273355 1.227907e-02 1.179998e-03 2.380438e-03 8.807075e-04 5.977692e-04 3.400938e-03 7.137283e-06 6.776788e-04 2.770161e-04
   88    1      2      0    0   500  1.741845e-43 5.511662e-03 1.866255e-02 0.0366265978 0.046203972 0.015557321 0.0042110345 0.013591219 0.04982724 0.07766444 0.05713489 0.030588020 0.02741611 0.03478293 0.03865651 0.05747482 0.03833741 0.04195503 0.024991238 0.03418191 0.01842349 0.03908843 0.027219397 0.02640778 0.02289740 0.02566498 0.01595580 0.016744387 0.035521162 0.023176509 0.008691182 0.020539348 0.010201721 0.009667869 0.012775177 0.0014698075 7.675026e-03 6.592315e-03 9.105631e-03 5.468643e-03 1.559533e-03 1.272791e-03 2.468466e-05 4.804999e-04 1.554846e-06
   90    1      2      0    0   500  1.019382e-22 6.768775e-04 1.603804e-02 0.0437841679 0.051215742 0.015171243 0.0078950310 0.039783532 0.04211352 0.05877104 0.04871666 0.038783977 0.03019919 0.05022534 0.03686684 0.03236845 0.03157315 0.04180862 0.023288097 0.02160364 0.02925660 0.03233115 0.038697331 0.03097310 0.01636103 0.01770957 0.02150346 0.018174076 0.028351601 0.019593969 0.012449793 0.023989764 0.032606168 0.009312118 0.006190244 0.0100073157 4.734294e-03 3.886118e-03 6.052111e-03 1.879403e-03 1.445948e-03 1.925490e-03 4.468083e-04 1.854477e-05 1.220830e-03
   92    1      2      0    0   500  1.323432e-03 3.562434e-03 1.618397e-02 0.0620657998 0.033005719 0.029625122 0.0147619203 0.014930411 0.04929297 0.04536482 0.05942716 0.041052256 0.02788495 0.03228388 0.04949764 0.04205945 0.03901554 0.03824426 0.033237461 0.02439885 0.03070056 0.02888638 0.024482417 0.02700902 0.02228900 0.02786586 0.01769309 0.028119649 0.017861219 0.012430222 0.024739814 0.022628978 0.008936562 0.013035943 0.006616223 0.0094152470 1.021198e-02 5.022633e-03 3.680988e-04 3.767005e-04 9.095476e-04 1.321201e-04 2.344300e-03 9.767678e-07 7.054049e-04
   94    1      2      0    0   500  1.461429e-05 1.249679e-03 1.883535e-02 0.0489397169 0.042633262 0.021293806 0.0033075772 0.022082637 0.06257073 0.04054883 0.03652762 0.032518628 0.03623479 0.03871428 0.03232358 0.05270994 0.03744189 0.04440445 0.034474065 0.04254090 0.02312047 0.02978282 0.036725145 0.04008419 0.01981213 0.01869834 0.02484933 0.031018319 0.026534008 0.015573215 0.011497760 0.010975647 0.009104291 0.014183499 0.014295217 0.0074528833 7.209863e-03 4.878772e-03 2.261632e-03 1.295611e-03 5.053921e-04 3.875145e-05 1.157828e-08 7.363423e-04 1.807390e-08
   96    1      2      0    0   500  4.011288e-15 1.152111e-03 2.849006e-02 0.0608865490 0.055633184 0.014480088 0.0151126559 0.008449113 0.04227318 0.05056465 0.04493448 0.033679703 0.02961335 0.02607816 0.04108922 0.02990750 0.03261355 0.03701677 0.031494728 0.04896725 0.03379139 0.04440718 0.029762062 0.03819557 0.02270292 0.03482816 0.02083539 0.015192083 0.020896616 0.018143771 0.027761006 0.015376734 0.004556497 0.009966188 0.008215582 0.0072228543 6.467550e-03 2.791375e-04 6.802210e-03 1.484720e-03 1.137804e-04 1.370943e-04 1.121882e-04 2.788754e-04 3.415570e-05
   98    1      2      0    0   500  5.458782e-17 3.196091e-03 3.308849e-02 0.0500678699 0.047243339 0.010297238 0.0140636335 0.018526925 0.03361561 0.06724993 0.05056568 0.030483904 0.03350367 0.04633593 0.03104237 0.05075125 0.04931259 0.03596256 0.048742212 0.03269739 0.01912119 0.01331453 0.034936236 0.03010990 0.04295688 0.02417595 0.02245790 0.017950986 0.025875639 0.014482685 0.008051130 0.012595992 0.009697144 0.005635711 0.009646865 0.0033840811 5.651065e-03 1.270555e-03 4.860155e-03 3.619534e-03 7.103209e-04 4.531435e-04 1.555560e-03 6.415751e-04 9.859774e-05
  100    1      2      0    0   500  4.363650e-18 7.392242e-03 2.799575e-02 0.0466054043 0.038043709 0.027708897 0.0042149083 0.034981068 0.04362971 0.05442286 0.04756843 0.025872969 0.02824071 0.02836537 0.05846844 0.04565378 0.03794817 0.03683359 0.036242447 0.03120035 0.03525606 0.02017901 0.020745289 0.01900280 0.03134581 0.01853427 0.02317234 0.026872573 0.017747550 0.027452970 0.014829099 0.023332150 0.010506828 0.006129047 0.007929684 0.0070738248 1.843398e-02 3.513853e-03 4.055490e-03 7.484127e-04 1.694644e-04 1.528595e-03 1.118179e-05 3.473311e-05 6.184423e-06
15 #_N_agebins
#_agebin_vector
1 2 3 4 5 6 7 8 9 10 11 12 13 14 15
1 #_N_ageerror_definitions
 #_age0   age1   age2   age3   age4   age5   age6   age7   age8   age9  age10  age11  age12  age13  age14  age15  age16  age17  age18  age19  age20  age21  age22  age23  age24  age25
 -1.000 -1.000 -1.000 -1.000 -1.000 -1.000 -1.000 -1.000 -1.000 -1.000 -1.000 -1.000 -1.000 -1.000 -1.000 -1.000 -1.000 -1.000 -1.000 -1.000 -1.000 -1.000 -1.000 -1.000 -1.000 -1.000
  0.001  0.001  0.001  0.001  0.001  0.001  0.001  0.001  0.001  0.001  0.001  0.001  0.001  0.001  0.001  0.001  0.001  0.001  0.001  0.001  0.001  0.001  0.001  0.001  0.001  0.001
84 #_N_agecomp
1 #_Lbin_method: 1=poplenbins; 2=datalenbins; 3=lengths
-1 #_combine males into females at or below this bin number
 #_Yr Seas FltSvy Gender Part Ageerr Lbin_lo Lbin_hi Nsamp          a1        a2        a3         a4         a5         a6         a7         a8          a9         a10         a11         a12          a13          a14         a15
   26    1      1      0    0      1      -1      -1   125  0.05811182 0.1619264 0.1560844 0.10063043 0.10857165 0.05660035 0.08913167 0.05685182 0.023178495 0.077433902 0.027594836 0.009701920 0.0152982009 0.0034564517 0.055427592
   36    1      1      0    0      1      -1      -1   125  0.04441264 0.2647857 0.1186188 0.13132861 0.13119515 0.07297000 0.04747981 0.06288268 0.035658775 0.032860707 0.014529449 0.015970101 0.0035067877 0.0077164210 0.016084439
   46    1      1      0    0      1      -1      -1   125  0.02196013 0.2337743 0.2465292 0.15486488 0.07190951 0.05671218 0.06306947 0.03340826 0.042263719 0.017642463 0.012436773 0.016475486 0.0029412066 0.0209300295 0.005082385
   56    1      1      0    0      1      -1      -1   125  0.04000609 0.2171897 0.2282595 0.13234451 0.09069404 0.04582954 0.08581341 0.03401462 0.036099573 0.023596095 0.035396198 0.001799450 0.0158641781 0.0029024071 0.010190777
   60    1      1      0    0      1      -1      -1   125  0.05908462 0.1629635 0.2191192 0.16263463 0.13618167 0.08279430 0.05347900 0.03473805 0.010259413 0.012548951 0.005955702 0.010147062 0.0117965534 0.0083356858 0.029961739
   64    1      1      0    0      1      -1      -1   125  0.05071661 0.2148999 0.1653728 0.14655709 0.13236394 0.07107398 0.05461237 0.03077448 0.046573563 0.024515901 0.008502627 0.007011425 0.0032031186 0.0013111304 0.042511150
   68    1      1      0    0      1      -1      -1   125  0.01586182 0.2234157 0.2288932 0.13907173 0.10160709 0.04905779 0.09814452 0.01052629 0.021861948 0.040959837 0.024243721 0.024573816 0.0120075342 0.0070761832 0.002698818
   72    1      1      0    0      1      -1      -1   125  0.01864329 0.2557361 0.1984559 0.15508365 0.07905905 0.07982742 0.06977452 0.02689105 0.041188692 0.030213853 0.013219869 0.012619857 0.0029621595 0.0019023082 0.014422277
   76    1      1      0    0      1      -1      -1   125  0.05004656 0.2165741 0.1564417 0.17284926 0.15483722 0.03320291 0.03232784 0.04531640 0.015611925 0.013499913 0.014357260 0.010002121 0.0246533140 0.0162345157 0.044045012
   80    1      1      0    0      1      -1      -1   125  0.07324103 0.2155598 0.2111261 0.16112571 0.06221793 0.04335022 0.05697091 0.05087530 0.030604496 0.052561113 0.006188177 0.002494301 0.0006773516 0.0161577878 0.016849759
   84    1      1      0    0      1      -1      -1   125  0.02745026 0.2895754 0.1783544 0.09621283 0.09398053 0.07882338 0.08140300 0.04533905 0.007745721 0.018404856 0.031375898 0.014414529 0.0005820391 0.0244939944 0.011844070
   88    1      1      0    0      1      -1      -1   125  0.02990301 0.2069873 0.2696984 0.12050694 0.13005116 0.07294323 0.05104395 0.02184059 0.034197352 0.018746240 0.012666635 0.010749128 0.0112648597 0.0009793213 0.008421800
   92    1      1      0    0      1      -1      -1   125  0.03500354 0.2840661 0.1906600 0.14208419 0.09744031 0.06635148 0.03669498 0.03569289 0.046683780 0.010977597 0.002497772 0.001656228 0.0045910552 0.0009996149 0.044600495
   96    1      1      0    0      1      -1      -1   125  0.03908693 0.2199958 0.1822484 0.17690098 0.07450222 0.05845121 0.07458927 0.03184538 0.028313776 0.007392337 0.044113370 0.052273962 0.0079186941 0.0003992244 0.001968484
  100    1      1      0    0      1      -1      -1   125  0.04971777 0.2135178 0.1881138 0.18504073 0.12761703 0.05458253 0.03941233 0.06006739 0.033992255 0.011555686 0.009620951 0.006371779 0.0019280349 0.0149525407 0.003509358
   76    1      2      0    0      1      -1      -1   500  0.11650781 0.2503941 0.1627635 0.11227809 0.09857397 0.05747774 0.06208252 0.03410711 0.038041524 0.019689540 0.015182437 0.012845716 0.0067757939 0.0010190569 0.012261027
   78    1      2      0    0      1      -1      -1   500  0.16842821 0.2137092 0.1422772 0.12643618 0.08036857 0.07369699 0.05324984 0.04354067 0.026914814 0.021849822 0.016258881 0.014151436 0.0054059227 0.0016740477 0.012038224
   80    1      2      0    0      1      -1      -1   500  0.14366783 0.2472216 0.1708294 0.11460114 0.07375660 0.05862734 0.07016678 0.02979725 0.016912270 0.025647092 0.011351968 0.010423913 0.0032897792 0.0040286976 0.019678272
   82    1      2      0    0      1      -1      -1   500  0.15374106 0.2265852 0.1531675 0.13652843 0.10295153 0.05463534 0.06111691 0.03714530 0.017580348 0.016508065 0.009138419 0.005086350 0.0071252418 0.0058773147 0.012813043
   84    1      2      0    0      1      -1      -1   500  0.16586569 0.2152559 0.1635620 0.11041608 0.07247502 0.05444177 0.04940743 0.05780896 0.018637343 0.019095914 0.015469879 0.012924570 0.0116070245 0.0057773168 0.027255143
   86    1      2      0    0      1      -1      -1   500  0.15325690 0.1913622 0.1985997 0.12290652 0.09006738 0.06330745 0.05086079 0.03371817 0.030655677 0.014686418 0.004123046 0.012827164 0.0143190168 0.0028756735 0.016433972
   88    1      2      0    0      1      -1      -1   500  0.13235376 0.2117843 0.1636604 0.12752972 0.09945174 0.08265111 0.04432107 0.03901671 0.036650172 0.020110470 0.012678880 0.010029113 0.0010109643 0.0072732894 0.011478220
   90    1      2      0    0      1      -1      -1   500  0.14796823 0.2182859 0.1609902 0.13982901 0.09440755 0.05053226 0.06251175 0.03072030 0.026597360 0.009338984 0.020240282 0.008972126 0.0012786385 0.0060823684 0.022245095
   92    1      2      0    0      1      -1      -1   500  0.13362681 0.2064548 0.1766617 0.14325604 0.07355825 0.05784936 0.06113657 0.03212004 0.034176909 0.028915841 0.011983800 0.006177937 0.0118643385 0.0061608114 0.016056877
   94    1      2      0    0      1      -1      -1   500  0.15996284 0.2097928 0.1863257 0.12408535 0.08763248 0.07153123 0.03832417 0.03364824 0.036129146 0.013238168 0.020236574 0.004499342 0.0058775522 0.0019867451 0.006729604
   96    1      2      0    0      1      -1      -1   500  0.13208418 0.2567287 0.1819292 0.09997812 0.10118209 0.05849620 0.04248737 0.04202949 0.021528137 0.026381564 0.008121444 0.006132270 0.0114145241 0.0017473504 0.009759388
   98    1      2      0    0      1      -1      -1   500  0.12622494 0.2204263 0.1704307 0.13194887 0.08070473 0.05818322 0.05352500 0.03309377 0.035752063 0.022681337 0.014387372 0.014973695 0.0147755219 0.0062474499 0.016644971
  100    1      2      0    0      1      -1      -1   500  0.12126484 0.2523397 0.1720706 0.12173419 0.07167475 0.07093640 0.04951543 0.03591011 0.034143363 0.018282361 0.015161871 0.007760399 0.0042286667 0.0068356653 0.018141625
   60    1      1      0    0      1       5       5     1  1.00000000 0.0000000 0.0000000 0.00000000 0.00000000 0.00000000 0.00000000 0.00000000 0.000000000 0.000000000 0.000000000 0.000000000 0.0000000000 0.0000000000 0.000000000
   60    1      1      0    0      1       6       6     1  1.00000000 0.0000000 0.0000000 0.00000000 0.00000000 0.00000000 0.00000000 0.00000000 0.000000000 0.000000000 0.000000000 0.000000000 0.0000000000 0.0000000000 0.000000000
   60    1      1      0    0      1       9       9     4  4.00000000 0.0000000 0.0000000 0.00000000 0.00000000 0.00000000 0.00000000 0.00000000 0.000000000 0.000000000 0.000000000 0.000000000 0.0000000000 0.0000000000 0.000000000
   60    1      1      0    0      1      10      10     5  5.00000000 0.0000000 0.0000000 0.00000000 0.00000000 0.00000000 0.00000000 0.00000000 0.000000000 0.000000000 0.000000000 0.000000000 0.0000000000 0.0000000000 0.000000000
   60    1      1      0    0      1      11      11     3  3.00000000 0.0000000 0.0000000 0.00000000 0.00000000 0.00000000 0.00000000 0.00000000 0.000000000 0.000000000 0.000000000 0.000000000 0.0000000000 0.0000000000 0.000000000
   60    1      1      0    0      1      12      12     2  2.00000000 0.0000000 0.0000000 0.00000000 0.00000000 0.00000000 0.00000000 0.00000000 0.000000000 0.000000000 0.000000000 0.000000000 0.0000000000 0.0000000000 0.000000000
   60    1      1      0    0      1      13      13     7  7.00000000 0.0000000 0.0000000 0.00000000 0.00000000 0.00000000 0.00000000 0.00000000 0.000000000 0.000000000 0.000000000 0.000000000 0.0000000000 0.0000000000 0.000000000
   60    1      1      0    0      1      14      14    10 10.00000000 0.0000000 0.0000000 0.00000000 0.00000000 0.00000000 0.00000000 0.00000000 0.000000000 0.000000000 0.000000000 0.000000000 0.0000000000 0.0000000000 0.000000000
   60    1      1      0    0      1      15      15     3  3.00000000 0.0000000 0.0000000 0.00000000 0.00000000 0.00000000 0.00000000 0.00000000 0.000000000 0.000000000 0.000000000 0.000000000 0.0000000000 0.0000000000 0.000000000
   60    1      1      0    0      1      16      16     3  3.00000000 0.0000000 0.0000000 0.00000000 0.00000000 0.00000000 0.00000000 0.00000000 0.000000000 0.000000000 0.000000000 0.000000000 0.0000000000 0.0000000000 0.000000000
   60    1      1      0    0      1      17      17     3  3.00000000 0.0000000 0.0000000 0.00000000 0.00000000 0.00000000 0.00000000 0.00000000 0.000000000 0.000000000 0.000000000 0.000000000 0.0000000000 0.0000000000 0.000000000
   60    1      1      0    0      1      18      18     9  9.00000000 0.0000000 0.0000000 0.00000000 0.00000000 0.00000000 0.00000000 0.00000000 0.000000000 0.000000000 0.000000000 0.000000000 0.0000000000 0.0000000000 0.000000000
   60    1      1      0    0      1      19      19     6  6.00000000 0.0000000 0.0000000 0.00000000 0.00000000 0.00000000 0.00000000 0.00000000 0.000000000 0.000000000 0.000000000 0.000000000 0.0000000000 0.0000000000 0.000000000
   60    1      1      0    0      1      20      20     5  5.00000000 0.0000000 0.0000000 0.00000000 0.00000000 0.00000000 0.00000000 0.00000000 0.000000000 0.000000000 0.000000000 0.000000000 0.0000000000 0.0000000000 0.000000000
   60    1      1      0    0      1      21      21     6  6.00000000 0.0000000 0.0000000 0.00000000 0.00000000 0.00000000 0.00000000 0.00000000 0.000000000 0.000000000 0.000000000 0.000000000 0.0000000000 0.0000000000 0.000000000
   60    1      1      0    0      1      22      22     4  4.00000000 0.0000000 0.0000000 0.00000000 0.00000000 0.00000000 0.00000000 0.00000000 0.000000000 0.000000000 0.000000000 0.000000000 0.0000000000 0.0000000000 0.000000000
   60    1      1      0    0      1      25      25     5  5.00000000 0.0000000 0.0000000 0.00000000 0.00000000 0.00000000 0.00000000 0.00000000 0.000000000 0.000000000 0.000000000 0.000000000 0.0000000000 0.0000000000 0.000000000
   60    1      1      0    0      1      26      26     1  1.00000000 0.0000000 0.0000000 0.00000000 0.00000000 0.00000000 0.00000000 0.00000000 0.000000000 0.000000000 0.000000000 0.000000000 0.0000000000 0.0000000000 0.000000000
   60    1      1      0    0      1      27      27     4  4.00000000 0.0000000 0.0000000 0.00000000 0.00000000 0.00000000 0.00000000 0.00000000 0.000000000 0.000000000 0.000000000 0.000000000 0.0000000000 0.0000000000 0.000000000
   60    1      1      0    0      1      28      28     3  3.00000000 0.0000000 0.0000000 0.00000000 0.00000000 0.00000000 0.00000000 0.00000000 0.000000000 0.000000000 0.000000000 0.000000000 0.0000000000 0.0000000000 0.000000000
   60    1      1      0    0      1      29      29     5  2.00000000 3.0000000 0.0000000 0.00000000 0.00000000 0.00000000 0.00000000 0.00000000 0.000000000 0.000000000 0.000000000 0.000000000 0.0000000000 0.0000000000 0.000000000
   60    1      1      0    0      1      30      30     1  1.00000000 0.0000000 0.0000000 0.00000000 0.00000000 0.00000000 0.00000000 0.00000000 0.000000000 0.000000000 0.000000000 0.000000000 0.0000000000 0.0000000000 0.000000000
   60    1      1      0    0      1      31      31     2  1.00000000 1.0000000 0.0000000 0.00000000 0.00000000 0.00000000 0.00000000 0.00000000 0.000000000 0.000000000 0.000000000 0.000000000 0.0000000000 0.0000000000 0.000000000
   60    1      1      0    0      1      32      32     1  0.00000000 1.0000000 0.0000000 0.00000000 0.00000000 0.00000000 0.00000000 0.00000000 0.000000000 0.000000000 0.000000000 0.000000000 0.0000000000 0.0000000000 0.000000000
   60    1      1      0    0      1      33      33     2  0.00000000 2.0000000 0.0000000 0.00000000 0.00000000 0.00000000 0.00000000 0.00000000 0.000000000 0.000000000 0.000000000 0.000000000 0.0000000000 0.0000000000 0.000000000
   60    1      1      0    0      1      34      34     2  0.00000000 2.0000000 0.0000000 0.00000000 0.00000000 0.00000000 0.00000000 0.00000000 0.000000000 0.000000000 0.000000000 0.000000000 0.0000000000 0.0000000000 0.000000000
   60    1      1      0    0      1      36      36     1  0.00000000 1.0000000 0.0000000 0.00000000 0.00000000 0.00000000 0.00000000 0.00000000 0.000000000 0.000000000 0.000000000 0.000000000 0.0000000000 0.0000000000 0.000000000
   60    1      1      0    0      1      37      37     1  0.00000000 1.0000000 0.0000000 0.00000000 0.00000000 0.00000000 0.00000000 0.00000000 0.000000000 0.000000000 0.000000000 0.000000000 0.0000000000 0.0000000000 0.000000000
  100    1      1      0    0      1       5       5     1  1.00000000 0.0000000 0.0000000 0.00000000 0.00000000 0.00000000 0.00000000 0.00000000 0.000000000 0.000000000 0.000000000 0.000000000 0.0000000000 0.0000000000 0.000000000
  100    1      1      0    0      1       9       9     4  4.00000000 0.0000000 0.0000000 0.00000000 0.00000000 0.00000000 0.00000000 0.00000000 0.000000000 0.000000000 0.000000000 0.000000000 0.0000000000 0.0000000000 0.000000000
  100    1      1      0    0      1      10      10     4  4.00000000 0.0000000 0.0000000 0.00000000 0.00000000 0.00000000 0.00000000 0.00000000 0.000000000 0.000000000 0.000000000 0.000000000 0.0000000000 0.0000000000 0.000000000
  100    1      1      0    0      1      11      11     2  2.00000000 0.0000000 0.0000000 0.00000000 0.00000000 0.00000000 0.00000000 0.00000000 0.000000000 0.000000000 0.000000000 0.000000000 0.0000000000 0.0000000000 0.000000000
  100    1      1      0    0      1      12      12     6  6.00000000 0.0000000 0.0000000 0.00000000 0.00000000 0.00000000 0.00000000 0.00000000 0.000000000 0.000000000 0.000000000 0.000000000 0.0000000000 0.0000000000 0.000000000
  100    1      1      0    0      1      13      13     2  2.00000000 0.0000000 0.0000000 0.00000000 0.00000000 0.00000000 0.00000000 0.00000000 0.000000000 0.000000000 0.000000000 0.000000000 0.0000000000 0.0000000000 0.000000000
  100    1      1      0    0      1      14      14     9  9.00000000 0.0000000 0.0000000 0.00000000 0.00000000 0.00000000 0.00000000 0.00000000 0.000000000 0.000000000 0.000000000 0.000000000 0.0000000000 0.0000000000 0.000000000
  100    1      1      0    0      1      15      15     4  4.00000000 0.0000000 0.0000000 0.00000000 0.00000000 0.00000000 0.00000000 0.00000000 0.000000000 0.000000000 0.000000000 0.000000000 0.0000000000 0.0000000000 0.000000000
  100    1      1      0    0      1      16      16     4  4.00000000 0.0000000 0.0000000 0.00000000 0.00000000 0.00000000 0.00000000 0.00000000 0.000000000 0.000000000 0.000000000 0.000000000 0.0000000000 0.0000000000 0.000000000
  100    1      1      0    0      1      17      17     8  8.00000000 0.0000000 0.0000000 0.00000000 0.00000000 0.00000000 0.00000000 0.00000000 0.000000000 0.000000000 0.000000000 0.000000000 0.0000000000 0.0000000000 0.000000000
  100    1      1      0    0      1      18      18     6  6.00000000 0.0000000 0.0000000 0.00000000 0.00000000 0.00000000 0.00000000 0.00000000 0.000000000 0.000000000 0.000000000 0.000000000 0.0000000000 0.0000000000 0.000000000
  100    1      1      0    0      1      19      19     5  5.00000000 0.0000000 0.0000000 0.00000000 0.00000000 0.00000000 0.00000000 0.00000000 0.000000000 0.000000000 0.000000000 0.000000000 0.0000000000 0.0000000000 0.000000000
  100    1      1      0    0      1      20      20     5  5.00000000 0.0000000 0.0000000 0.00000000 0.00000000 0.00000000 0.00000000 0.00000000 0.000000000 0.000000000 0.000000000 0.000000000 0.0000000000 0.0000000000 0.000000000
  100    1      1      0    0      1      21      21     7  7.00000000 0.0000000 0.0000000 0.00000000 0.00000000 0.00000000 0.00000000 0.00000000 0.000000000 0.000000000 0.000000000 0.000000000 0.0000000000 0.0000000000 0.000000000
  100    1      1      0    0      1      22      22     2  2.00000000 0.0000000 0.0000000 0.00000000 0.00000000 0.00000000 0.00000000 0.00000000 0.000000000 0.000000000 0.000000000 0.000000000 0.0000000000 0.0000000000 0.000000000
  100    1      1      0    0      1      23      23     3  3.00000000 0.0000000 0.0000000 0.00000000 0.00000000 0.00000000 0.00000000 0.00000000 0.000000000 0.000000000 0.000000000 0.000000000 0.0000000000 0.0000000000 0.000000000
  100    1      1      0    0      1      24      24     2  2.00000000 0.0000000 0.0000000 0.00000000 0.00000000 0.00000000 0.00000000 0.00000000 0.000000000 0.000000000 0.000000000 0.000000000 0.0000000000 0.0000000000 0.000000000
  100    1      1      0    0      1      25      25     2  2.00000000 0.0000000 0.0000000 0.00000000 0.00000000 0.00000000 0.00000000 0.00000000 0.000000000 0.000000000 0.000000000 0.000000000 0.0000000000 0.0000000000 0.000000000
  100    1      1      0    0      1      26      26     1  1.00000000 0.0000000 0.0000000 0.00000000 0.00000000 0.00000000 0.00000000 0.00000000 0.000000000 0.000000000 0.000000000 0.000000000 0.0000000000 0.0000000000 0.000000000
  100    1      1      0    0      1      28      28     2  2.00000000 0.0000000 0.0000000 0.00000000 0.00000000 0.00000000 0.00000000 0.00000000 0.000000000 0.000000000 0.000000000 0.000000000 0.0000000000 0.0000000000 0.000000000
  100    1      1      0    0      1      29      29     3  0.00000000 3.0000000 0.0000000 0.00000000 0.00000000 0.00000000 0.00000000 0.00000000 0.000000000 0.000000000 0.000000000 0.000000000 0.0000000000 0.0000000000 0.000000000
  100    1      1      0    0      1      30      30     1  0.00000000 1.0000000 0.0000000 0.00000000 0.00000000 0.00000000 0.00000000 0.00000000 0.000000000 0.000000000 0.000000000 0.000000000 0.0000000000 0.0000000000 0.000000000
  100    1      1      0    0      1      31      31     4  1.00000000 3.0000000 0.0000000 0.00000000 0.00000000 0.00000000 0.00000000 0.00000000 0.000000000 0.000000000 0.000000000 0.000000000 0.0000000000 0.0000000000 0.000000000
  100    1      1      0    0      1      32      32     1  0.00000000 1.0000000 0.0000000 0.00000000 0.00000000 0.00000000 0.00000000 0.00000000 0.000000000 0.000000000 0.000000000 0.000000000 0.0000000000 0.0000000000 0.000000000
  100    1      1      0    0      1      33      33     4  0.00000000 4.0000000 0.0000000 0.00000000 0.00000000 0.00000000 0.00000000 0.00000000 0.000000000 0.000000000 0.000000000 0.000000000 0.0000000000 0.0000000000 0.000000000
  100    1      1      0    0      1      35      35     3  0.00000000 3.0000000 0.0000000 0.00000000 0.00000000 0.00000000 0.00000000 0.00000000 0.000000000 0.000000000 0.000000000 0.000000000 0.0000000000 0.0000000000 0.000000000
  100    1      1      0    0      1      37      37     3  0.00000000 3.0000000 0.0000000 0.00000000 0.00000000 0.00000000 0.00000000 0.00000000 0.000000000 0.000000000 0.000000000 0.000000000 0.0000000000 0.0000000000 0.000000000
  100    1      1      0    0      1      39      39     2  0.00000000 2.0000000 0.0000000 0.00000000 0.00000000 0.00000000 0.00000000 0.00000000 0.000000000 0.000000000 0.000000000 0.000000000 0.0000000000 0.0000000000 0.000000000
0 #_N_MeanSize_at_Age_obs
0 #_N_environ_variables
0 #_N_environ_obs
0 #_N_sizefreq_methods
0 #_do_tags
0 #_morphcomp_data
#
999
