#C data file created using the SS_writedat function in the R package r4ss
#C should work with SS version: 
#C file write time: 2015-02-11 18:16:25
#
1 #_styr
100 #_endyr
1 #_nseas
12 #_months_per_seas
1 #_spawn_seas
1 #_Nfleet
2 #_Nsurveys
1 #_N_areas
Fishery%Survey%CPUE #_fleetnames
0.5 0.5 0.5 #_surveytiming_in_season
1 1 1 #_area_assignments_for_each_fishery_and_survey
1 #_units of catch:  1=bio; 2=num
0.01 #_se of log(catch) only used for init_eq_catch and for Fmethod 2 and 3
1 #_Ngenders
25 #_Nages
0 #_init_equil_catch_for_each_fishery
100 #_N_lines_of_catch_to_read
 #_Fishery year seas
         0    1    1
         0    2    1
         0    3    1
         0    4    1
         0    5    1
         0    6    1
         0    7    1
         0    8    1
         0    9    1
         0   10    1
         0   11    1
         0   12    1
         0   13    1
         0   14    1
         0   15    1
         0   16    1
         0   17    1
         0   18    1
         0   19    1
         0   20    1
         0   21    1
         0   22    1
         0   23    1
         0   24    1
         0   25    1
 444646000   26    1
 397608000   27    1
 357583000   28    1
 324161000   29    1
 296656000   30    1
 274240000   31    1
 256057000   32    1
 241314000   33    1
 229322000   34    1
 219511000   35    1
 211426000   36    1
 204710000   37    1
 199088000   38    1
 194347000   39    1
 190324000   40    1
 186891000   41    1
 183948000   42    1
 181416000   43    1
 179230000   44    1
 177337000   45    1
 175694000   46    1
 174266000   47    1
 173022000   48    1
 171937000   49    1
 170990000   50    1
 170161000   51    1
 169436000   52    1
 168801000   53    1
 168243000   54    1
 167755000   55    1
 167325000   56    1
 166948000   57    1
 166617000   58    1
 166326000   59    1
 166070000   60    1
 165844000   61    1
 165646000   62    1
 165471000   63    1
 165317000   64    1
 165182000   65    1
 165063000   66    1
 164958000   67    1
 164865000   68    1
 164784000   69    1
 164712000   70    1
 164649000   71    1
 164593000   72    1
 164544000   73    1
 164500000   74    1
 164462000   75    1
 164429000   76    1
 164399000   77    1
 164373000   78    1
 164350000   79    1
 164329000   80    1
 164311000   81    1
 164296000   82    1
 164282000   83    1
 164269000   84    1
 164258000   85    1
 164249000   86    1
 164240000   87    1
 164233000   88    1
 164227000   89    1
 164221000   90    1
 164216000   91    1
 164211000   92    1
 164207000   93    1
 164204000   94    1
 164201000   95    1
 164198000   96    1
 164195000   97    1
 164193000   98    1
 164192000   99    1
 164190000  100    1
13 #_N_cpue
 #_Fleet Units Errtype
       1     1       0
       2     1       0
       3     1       0
 #_year seas index        obs se_log
     76    1     2 1099645090    0.2
     78    1     2  990139489    0.2
     80    1     2 1525511422    0.2
     82    1     2 1551302764    0.2
     84    1     2 1916278422    0.2
     86    1     2 1153599044    0.2
     88    1     2 1337241902    0.2
     90    1     2 1809923442    0.2
     92    1     2 1087540376    0.2
     94    1     2 1198383557    0.2
     96    1     2 1196249211    0.2
     98    1     2 1291008162    0.2
    100    1     2 1226297886    0.2
0 #_N_discard_fleets
#_discard_units (1=same_as_catchunits(bio/num); 2=fraction; 3=numbers)
#_discard_errtype:  >0 for DF of T-dist(read CV below); 0 for normal with CV; -1 for normal with se; -2 for lognormal
0 #_N_discard
0 #_N_meanbodywt
1 #_DF_for_meanbodywt_T-distribution_like
2 # length bin method: 1=use databins; 2=generate from binwidth,min,max below; 3=read vector
1 # binwidth for population size comp
10 # minimum size in the population (lower edge of first bin and size at age 0.00)
200 # maximum size in the population (lower edge of last bin)
-0.001 #_comp_tail_compression
1e-05 #_add_to_comp
0 #_combine males into females at or below this bin number
45 #_N_lbins
#_lbin_vector
20 23 26 29 32 35 38 41 44 47 50 53 56 59 62 65 68 71 74 77 80 83 86 89 92 95 98 101 104 107 110 113 116 119 122 125 128 131 134 137 140 143 146 149 152
28 #_N_Length_comp_observations
 #_Yr Seas FltSvy Gender Part Nsamp           l20          l23          l26          l29         l32          l35          l38         l41         l44        l47        l50        l53        l56        l59         l62        l65         l68        l71        l74        l77        l80         l83         l86        l89         l92        l95        l98        l101        l104        l107        l110        l113        l116        l119        l122        l125        l128         l131         l134         l137         l140         l143         l146         l149         l152
   26    1      1      0    0   125 3.103967e-222 7.446663e-21 1.292302e-02 0.0168780406 0.022069884 0.0017453277 0.0053312166 0.010987962 0.006258377 0.02264856 0.02118686 0.03092406 0.01393510 0.03939726 0.030150159 0.03521994 0.006903559 0.01980419 0.02217881 0.04063583 0.02847500 0.033423828 0.061096194 0.03810900 0.030857670 0.02724242 0.01973328 0.037870528 0.042404389 0.024068914 0.026821364 0.027355680 0.072439074 0.029753530 0.032684488 0.014770431 0.034611715 0.0193110185 0.0045784980 1.515733e-02 9.987775e-03 1.769059e-03 5.395352e-03 2.572163e-03 3.331269e-04
   36    1      1      0    0   125  2.519129e-88 7.440345e-06 1.756626e-04 0.0020783816 0.009242620 0.0054049368 0.0019691791 0.015871046 0.015719353 0.08473271 0.07357292 0.06208551 0.04536009 0.02609688 0.055198394 0.02425371 0.026095229 0.02570341 0.05385805 0.03205463 0.04349161 0.038814169 0.026954380 0.02672697 0.057282585 0.01184571 0.03556581 0.031715265 0.014152780 0.033481312 0.021182536 0.024803152 0.007056938 0.003411161 0.010357557 0.014048862 0.011404928 0.0077084473 0.0014557406 5.980273e-03 8.121581e-04 2.347236e-08 1.398709e-08 3.707580e-04 1.189670e-02
   46    1      1      0    0   125  8.619195e-31 6.402604e-07 2.194295e-07 0.0123148000 0.002737537 0.0097067678 0.0005512626 0.003913778 0.014844778 0.08998019 0.05428604 0.06090654 0.03235805 0.03718126 0.060822089 0.05967694 0.032900739 0.02756628 0.01990885 0.03299334 0.05381578 0.029649017 0.049032045 0.05317441 0.019042449 0.02713567 0.01763136 0.037706284 0.031622579 0.022162852 0.013640161 0.011214284 0.011003344 0.002137345 0.005943020 0.010487026 0.014658512 0.0238849650 0.0022075294 2.950934e-03 7.139706e-03 8.280900e-04 1.989213e-08 2.825110e-04 3.650902e-13
   56    1      1      0    0   125 5.117406e-239 3.709091e-05 7.357037e-04 0.0167626258 0.019788988 0.0020832042 0.0007208856 0.013636651 0.060508955 0.03559454 0.07011996 0.02599874 0.04540265 0.02379695 0.044943869 0.05142592 0.078021759 0.01825885 0.05017770 0.03519949 0.06027866 0.020788757 0.016570030 0.02324061 0.044579491 0.03874460 0.02276240 0.013595285 0.028861953 0.019902434 0.012527711 0.041461272 0.011627382 0.008621709 0.008335302 0.012924847 0.004622753 0.0068879340 0.0092651024 1.013204e-03 1.189326e-04 5.158248e-05 2.080810e-07 3.032977e-12 3.308357e-06
   60    1      1      0    0   125  1.547421e-16 3.004692e-08 2.739181e-04 0.0087355440 0.010835183 0.0095021265 0.0033452048 0.005731531 0.026672234 0.05317885 0.03342094 0.02254325 0.04068678 0.04080195 0.049134956 0.04424339 0.026772139 0.06111947 0.05232687 0.07164913 0.01246894 0.087213563 0.053151322 0.04784076 0.019207312 0.03213094 0.03238622 0.033907977 0.019075282 0.006680944 0.009090172 0.010519901 0.020726496 0.005671716 0.002145950 0.003126478 0.034027471 0.0073748383 0.0012076811 5.482223e-04 3.570253e-05 1.469201e-04 6.012894e-06 3.111007e-19 3.356751e-04
   64    1      1      0    0   125  1.143845e-44 7.188139e-05 3.806706e-05 0.0051127540 0.003674151 0.0008039415 0.0011851003 0.003003350 0.056724207 0.05372028 0.04805379 0.03238099 0.07376496 0.06967998 0.021883878 0.04759142 0.038516541 0.05880371 0.01326610 0.01615023 0.05189714 0.041561751 0.049218974 0.03504435 0.029019715 0.03351309 0.02342988 0.005931778 0.016531400 0.008153792 0.053158462 0.013214007 0.031269172 0.007446972 0.011646187 0.005156586 0.005572929 0.0071556995 0.0204603637 5.870660e-03 1.374072e-04 4.544001e-08 1.842847e-07 1.194129e-07 1.839881e-04
   68    1      1      0    0   125  2.155602e-60 2.359395e-03 1.115366e-04 0.0363172296 0.009514059 0.0288079487 0.0022112362 0.019733906 0.033433383 0.05194433 0.08400471 0.05654006 0.03275247 0.04279930 0.034791896 0.01866942 0.040179854 0.05278011 0.03175382 0.03573184 0.03895980 0.030684575 0.022081073 0.02860532 0.043738164 0.01325503 0.02621702 0.031458744 0.039434023 0.008285617 0.030555742 0.011762483 0.012301073 0.013928761 0.004562934 0.002542010 0.006668069 0.0033281071 0.0083256324 1.822157e-03 9.593839e-05 1.083302e-07 8.784616e-05 2.214390e-14 6.863266e-03
   72    1      1      0    0   125  3.626420e-85 3.621260e-05 7.079188e-04 0.0002114338 0.009712821 0.0023943403 0.0114354026 0.016803903 0.036766456 0.09623112 0.04937909 0.06390411 0.03840960 0.01904159 0.043470153 0.03210143 0.040279396 0.04935580 0.04421366 0.03727338 0.02009153 0.015108818 0.072733989 0.04699191 0.009435485 0.03254332 0.02341689 0.023237323 0.020419014 0.016074005 0.016402041 0.013515879 0.014925470 0.013000701 0.025872350 0.004339938 0.012915169 0.0097131068 0.0134865596 1.580403e-03 2.397512e-03 1.814715e-10 1.582116e-05 5.492588e-05 2.384308e-08
   76    1      1      0    0   125 1.494185e-137 1.141426e-14 9.089767e-06 0.0049230711 0.012982621 0.0146250343 0.0254099337 0.003466408 0.027923883 0.06964529 0.06740337 0.06607929 0.03232933 0.04981072 0.007159491 0.05583794 0.044946310 0.03568889 0.03225502 0.04519993 0.07233098 0.007201976 0.029120087 0.05772064 0.032502590 0.05403473 0.01612840 0.014960464 0.006161053 0.020271518 0.014836405 0.014197906 0.010463875 0.002426480 0.010906090 0.014714464 0.001693154 0.0210026039 0.0015566802 5.593736e-05 1.960832e-03 4.032458e-05 1.416645e-06 4.244037e-11 1.576668e-05
   80    1      1      0    0   125  0.000000e+00 1.311828e-35 4.464246e-04 0.0055913359 0.003676486 0.0118814628 0.0004797195 0.021813724 0.047988928 0.06285855 0.05730364 0.04576986 0.05949172 0.05853220 0.052671368 0.05004598 0.068610073 0.02954141 0.03104251 0.02696783 0.04998205 0.025711000 0.056072705 0.01840087 0.028251621 0.01814188 0.04408670 0.014512593 0.020672639 0.009364545 0.018420349 0.003332220 0.034232041 0.002200712 0.006272507 0.002676454 0.008060226 0.0003584445 0.0042220111 2.219321e-06 2.097140e-09 1.724549e-06 2.754272e-04 1.637832e-05 1.946452e-05
   84    1      1      0    0   125 3.546245e-108 8.479026e-07 8.685492e-04 0.0066165755 0.004430190 0.0079277160 0.0194982141 0.039341587 0.023558255 0.05919519 0.04659270 0.07137750 0.04104848 0.02114801 0.029723244 0.04475974 0.049219494 0.03085896 0.04217471 0.03277695 0.05176864 0.029467841 0.049567422 0.04713972 0.027802166 0.03499522 0.02657739 0.005853945 0.023438084 0.013204005 0.044191562 0.039821220 0.009825919 0.001852150 0.005346322 0.001409448 0.005440450 0.0001293879 0.0034992621 2.473070e-03 5.070994e-03 2.666673e-08 8.814408e-06 2.316874e-08 7.387117e-14
   88    1      1      0    0   125 1.199555e-141 1.316894e-08 1.188795e-03 0.0235099998 0.002162290 0.0051691955 0.0092282876 0.012293911 0.047490277 0.06266725 0.09062322 0.05858138 0.04260736 0.02554114 0.050413456 0.01865033 0.014055556 0.01366731 0.05877187 0.01959147 0.03227734 0.037149798 0.018496620 0.03812717 0.019054449 0.03896390 0.04915810 0.053021797 0.005256335 0.031804431 0.033204495 0.026370071 0.008292469 0.002676016 0.028622479 0.004256909 0.006225224 0.0045590334 0.0001304607 2.881368e-06 1.627242e-03 2.448732e-03 1.592690e-03 4.538475e-04 1.441722e-05
   92    1      1      0    0   125 6.093013e-224 4.078109e-18 5.095923e-03 0.0082337753 0.014159001 0.0026046583 0.0142245791 0.039598847 0.035193129 0.04781252 0.06258173 0.05642404 0.02668065 0.03356977 0.053695446 0.03071031 0.042235382 0.03691232 0.06115110 0.03255873 0.03493421 0.062447557 0.026507011 0.02929374 0.020498960 0.05189685 0.01623168 0.046501425 0.003174674 0.013796527 0.005026790 0.008120583 0.009268293 0.016827823 0.005258478 0.013213195 0.010055739 0.0045938924 0.0102627288 7.077478e-03 1.284682e-03 6.803378e-06 1.165187e-04 1.623903e-04 5.515698e-08
   96    1      1      0    0   125  6.216000e-07 1.356230e-07 4.119820e-03 0.0118460066 0.023509310 0.0295181599 0.0059790326 0.009704551 0.083495747 0.05169405 0.03780350 0.09089154 0.02396620 0.03305233 0.024142370 0.02251833 0.044703266 0.03216463 0.03054201 0.01343070 0.02774122 0.046090930 0.037911477 0.07141078 0.024021788 0.02451276 0.03080147 0.022651908 0.016342449 0.010161648 0.012163573 0.010296683 0.007622070 0.013498203 0.000586212 0.029226171 0.010373167 0.0050480372 0.0192211555 1.514770e-06 3.641159e-03 2.194004e-03 1.784946e-10 7.726605e-04 6.266537e-04
  100    1      1      0    0   125  0.000000e+00 2.809236e-02 1.174958e-04 0.0010733147 0.021575946 0.0009009612 0.0071468314 0.039113520 0.034181669 0.04637252 0.07292106 0.02170063 0.02172165 0.04957114 0.023049830 0.06764713 0.022099007 0.03205065 0.03039806 0.09059560 0.04194935 0.013619835 0.004090344 0.01493598 0.060087396 0.01606331 0.02463061 0.019480897 0.025032168 0.073279503 0.029774665 0.007782476 0.011575283 0.004723437 0.009780221 0.008333754 0.005721651 0.0175417905 0.0003073857 1.222912e-04 1.876833e-05 5.875526e-06 3.738795e-07 3.669499e-07 8.129034e-04
   76    1      2      0    0   500  2.228750e-04 3.982222e-04 1.460308e-02 0.0457056901 0.040859261 0.0172214670 0.0207226315 0.022683458 0.047856494 0.06360009 0.05715444 0.05345579 0.02091912 0.03225107 0.043444676 0.03296537 0.035238796 0.03781019 0.03297006 0.02876784 0.02993829 0.030611183 0.025144132 0.02753348 0.020479113 0.02495446 0.01529781 0.029185543 0.026447147 0.022196704 0.026206910 0.014210835 0.013419723 0.014382115 0.007811475 0.001548185 0.001398213 0.0034914171 0.0070115370 4.533149e-03 4.037504e-03 7.723646e-04 3.189781e-04 4.596332e-05 1.731636e-04
   78    1      2      0    0   500  1.336330e-27 7.029626e-04 1.555528e-02 0.0438450697 0.039092182 0.0111467521 0.0135605531 0.033952707 0.031059593 0.04771798 0.04686664 0.05787545 0.02359437 0.02822938 0.026194723 0.03482943 0.033320816 0.03776648 0.02818772 0.03708402 0.03295937 0.031211538 0.031943128 0.04121895 0.033673092 0.03358173 0.03092935 0.023898623 0.023797449 0.023739599 0.017314100 0.012784075 0.009427543 0.012027794 0.015306763 0.009063335 0.007944377 0.0045115641 0.0086691483 2.668107e-03 1.379190e-03 1.552772e-05 1.296587e-03 3.763606e-20 5.695769e-05
   80    1      2      0    0   500  6.645749e-17 8.449645e-04 2.237586e-02 0.0601906443 0.059947119 0.0241510005 0.0159796262 0.025008504 0.045240760 0.06064354 0.04703138 0.03322037 0.02929818 0.03237568 0.024640927 0.05217763 0.039087587 0.04297280 0.03448078 0.03151035 0.02144244 0.027937784 0.024348099 0.02298644 0.026683059 0.01671679 0.02288421 0.032890942 0.017732542 0.015967039 0.018090670 0.011898665 0.010348798 0.008517596 0.011524141 0.008618032 0.006484878 0.0048891458 0.0043934581 1.812241e-03 1.219207e-04 1.168392e-03 2.545973e-05 4.177772e-04 9.217834e-04
   82    1      2      0    0   500  7.034396e-09 1.707150e-03 2.019379e-02 0.0585825004 0.055214353 0.0151676755 0.0077180260 0.030454922 0.043807553 0.05754668 0.04650610 0.04545683 0.03335779 0.04473800 0.027616517 0.02540770 0.031251506 0.04154846 0.01885222 0.03173520 0.01839520 0.037645664 0.033570722 0.02357738 0.042118726 0.02200978 0.01637866 0.016904323 0.022494111 0.016370667 0.016047062 0.013141784 0.014224696 0.017023498 0.010830132 0.004283178 0.009337575 0.0102914868 0.0051432622 8.066310e-04 2.444491e-03 1.141780e-03 6.528018e-03 1.411409e-04 2.287069e-03
   84    1      2      0    0   500  1.316504e-04 8.900483e-05 1.259994e-02 0.0589965608 0.037853777 0.0165813043 0.0088700045 0.019292150 0.047748267 0.05403282 0.06283156 0.03832939 0.04076166 0.04124555 0.029527949 0.03814389 0.035519764 0.04639276 0.03108055 0.02853026 0.04039590 0.027105762 0.027300273 0.04542326 0.035932838 0.01551493 0.01766856 0.022899304 0.019446567 0.012475781 0.014739836 0.008409418 0.014649988 0.009159682 0.007505067 0.010104047 0.004695072 0.0070521979 0.0014843630 2.196612e-03 3.940193e-04 3.268495e-03 2.508648e-03 9.190780e-04 1.914840e-04
   86    1      2      0    0   500  5.130000e-15 1.882494e-03 2.030228e-02 0.0596637539 0.052235797 0.0107964216 0.0107761465 0.013235235 0.041389480 0.05701847 0.05955251 0.03848839 0.02138950 0.02326314 0.042226930 0.03910689 0.037014799 0.04308096 0.02610241 0.04725502 0.03643115 0.020547123 0.028043795 0.03364175 0.037902641 0.02769086 0.02622556 0.026720133 0.011351602 0.009606424 0.019879823 0.022103640 0.021471112 0.008233929 0.007113680 0.005555655 0.006417258 0.0003045065 0.0007575471 1.703916e-03 1.605292e-03 1.506047e-03 3.479536e-07 1.181438e-04 2.874282e-04
   88    1      2      0    0   500  1.011666e-04 7.048816e-04 2.181285e-02 0.0404772504 0.044139901 0.0190896537 0.0089194616 0.018943604 0.030047847 0.05621873 0.06096795 0.02510384 0.02550812 0.02582271 0.042199626 0.03573742 0.038736851 0.03618099 0.03883164 0.04553493 0.03352995 0.018501179 0.028726633 0.02510667 0.031901568 0.02332674 0.02457131 0.034021016 0.024394936 0.022855604 0.024091099 0.013580848 0.018740569 0.007567613 0.014829893 0.007393311 0.005550199 0.0101775391 0.0065635234 4.294953e-04 3.733261e-03 4.672188e-03 5.620578e-04 3.650664e-05 5.687179e-05
   90    1      2      0    0   500  1.222762e-13 2.208562e-03 2.184314e-02 0.0544713473 0.035141506 0.0270756052 0.0180542919 0.020428570 0.035117977 0.05465166 0.05245442 0.04422200 0.03424528 0.03027156 0.032363084 0.03780420 0.044825195 0.03498577 0.02910132 0.03472718 0.02790442 0.034631416 0.022392728 0.02495652 0.026954728 0.02464415 0.02979255 0.019113956 0.030472823 0.028479222 0.008116488 0.015640251 0.009197270 0.013563666 0.008435325 0.004778180 0.010140349 0.0031085270 0.0009588281 7.045848e-03 3.719645e-03 1.171067e-03 7.892743e-04 5.982384e-08 3.215996e-08
   92    1      2      0    0   500  1.868305e-21 1.778096e-03 2.246368e-02 0.0455821607 0.041234241 0.0179225857 0.0119409550 0.028998065 0.052697459 0.06843912 0.04328567 0.03071125 0.04033299 0.02821174 0.019165963 0.05507563 0.043986025 0.02929558 0.02270931 0.02477042 0.03335668 0.025469993 0.033919018 0.02722618 0.029050604 0.02251404 0.02719617 0.016265424 0.019069346 0.019651149 0.016180033 0.015156356 0.006741659 0.012712989 0.023039435 0.007444475 0.007964122 0.0089891931 0.0077815384 1.691174e-03 4.252170e-03 3.020173e-03 9.579100e-04 2.281410e-08 1.749220e-03
   94    1      2      0    0   500  2.718051e-14 2.722290e-03 1.577923e-02 0.0417916506 0.041666334 0.0215474781 0.0111752951 0.026895927 0.040400842 0.06689917 0.04091353 0.04172011 0.03735766 0.05205507 0.032926370 0.04926044 0.031559858 0.02988791 0.01839029 0.04201187 0.02425477 0.033043657 0.026635585 0.01931443 0.031495574 0.02666689 0.01829450 0.026456506 0.025795008 0.032188495 0.020056128 0.025350361 0.015184963 0.013395125 0.006884599 0.001820815 0.001606669 0.0005576798 0.0037790038 1.347929e-03 3.551402e-04 2.935881e-04 1.290011e-04 1.322496e-04 1.268813e-09
   96    1      2      0    0   500  6.260771e-04 3.577781e-03 2.361783e-02 0.0336368105 0.059012526 0.0161955420 0.0074226058 0.028131396 0.030498998 0.06542524 0.04981849 0.04208048 0.02598793 0.02790604 0.032709111 0.03737937 0.038663308 0.02489295 0.02115903 0.05044488 0.04137380 0.033892809 0.048842944 0.02166068 0.026984982 0.02813192 0.03105196 0.026733768 0.016099557 0.015059323 0.025565894 0.012895654 0.005892436 0.011817606 0.010865662 0.010690788 0.003347137 0.0002291711 0.0029334435 8.827491e-04 5.663631e-04 5.779182e-04 1.936635e-03 2.780357e-03 3.960579e-08
   98    1      2      0    0   500  4.331992e-40 1.980943e-03 1.800141e-02 0.0530462109 0.043357186 0.0161520269 0.0014953045 0.020770496 0.040057687 0.07319634 0.04724187 0.04140056 0.03078888 0.02299774 0.035788594 0.04263923 0.051534533 0.04098647 0.02835473 0.02593200 0.03521036 0.032832948 0.041588824 0.03200263 0.028690317 0.02410184 0.02673567 0.026394249 0.026099969 0.009857112 0.015410538 0.011764567 0.009101241 0.012471184 0.012134964 0.005137431 0.004461756 0.0022919382 0.0039564180 1.119871e-03 6.976481e-04 4.929373e-04 5.115184e-04 1.188435e-03 2.344297e-05
  100    1      2      0    0   500  7.185507e-26 2.044035e-03 2.487549e-02 0.0488212096 0.042935760 0.0164778149 0.0103820710 0.019418185 0.061249292 0.05975160 0.05321595 0.06513362 0.02752525 0.03087850 0.047687972 0.02378443 0.044667198 0.02547386 0.03421279 0.02433559 0.02390609 0.015250292 0.040547568 0.03492545 0.026097737 0.02692350 0.01960367 0.023124937 0.013128940 0.026760709 0.015985711 0.017801117 0.013512260 0.010075528 0.007421949 0.005705546 0.001754026 0.0056785619 0.0021680855 8.387679e-04 9.380737e-04 1.332630e-03 3.385201e-03 4.410240e-05 2.189353e-04
15 #_N_agebins
#_agebin_vector
1 2 3 4 5 6 7 8 9 10 11 12 13 14 15
1 #_N_ageerror_definitions
 #_age0   age1   age2   age3   age4   age5   age6   age7   age8   age9  age10  age11  age12  age13  age14  age15  age16  age17  age18  age19  age20  age21  age22  age23  age24  age25
 -1.000 -1.000 -1.000 -1.000 -1.000 -1.000 -1.000 -1.000 -1.000 -1.000 -1.000 -1.000 -1.000 -1.000 -1.000 -1.000 -1.000 -1.000 -1.000 -1.000 -1.000 -1.000 -1.000 -1.000 -1.000 -1.000
  0.001  0.001  0.001  0.001  0.001  0.001  0.001  0.001  0.001  0.001  0.001  0.001  0.001  0.001  0.001  0.001  0.001  0.001  0.001  0.001  0.001  0.001  0.001  0.001  0.001  0.001
77 #_N_agecomp
1 #_Lbin_method: 1=poplenbins; 2=datalenbins; 3=lengths
-1 #_combine males into females at or below this bin number
 #_Yr Seas FltSvy Gender Part Ageerr Lbin_lo Lbin_hi Nsamp          a1         a2        a3         a4         a5         a6         a7         a8          a9         a10         a11         a12         a13          a14         a15
   26    1      1      0    0      1      -1      -1   125  0.03449643  0.1474199 0.1602351 0.14298048 0.07482909 0.05808020 0.06573539 0.05698796 0.035829571 0.026429566 0.027377638 0.022907678 0.043909643 6.745534e-03 0.096035858
   36    1      1      0    0      1      -1      -1   125  0.06352074  0.2005113 0.1902167 0.11385052 0.12418610 0.09428684 0.05302816 0.01403337 0.005924939 0.034026358 0.024365945 0.001974836 0.005255303 5.795281e-03 0.069023640
   46    1      1      0    0      1      -1      -1   125  0.04703736  0.2668859 0.1391143 0.14173186 0.16423053 0.07768306 0.02951005 0.04670138 0.011845137 0.007836660 0.012962985 0.008358493 0.013318776 1.761805e-04 0.032607264
   56    1      1      0    0      1      -1      -1   125  0.02846759  0.2792041 0.2004337 0.10333256 0.09323108 0.04648165 0.09835241 0.06538580 0.040534214 0.013376891 0.008319113 0.008230272 0.008547938 1.740358e-03 0.004362298
   60    1      1      0    0      1      -1      -1   125  0.04842440  0.2063212 0.2105144 0.16237548 0.09401278 0.07097928 0.05607485 0.03198922 0.023556251 0.028397733 0.008598444 0.026577757 0.006102229 7.830475e-06 0.026068211
   64    1      1      0    0      1      -1      -1   125  0.02511356  0.2134967 0.2234723 0.18952351 0.07831353 0.05770227 0.04961344 0.02930303 0.035046896 0.023026593 0.006296173 0.024423717 0.005952230 3.509500e-03 0.035206580
   68    1      1      0    0      1      -1      -1   125  0.00416210  0.2886670 0.2121274 0.15356663 0.08868248 0.07175556 0.06832757 0.01448899 0.025480655 0.042393069 0.009410454 0.001006533 0.004676250 2.162663e-03 0.013092685
   72    1      1      0    0      1      -1      -1   125  0.02475761  0.2565929 0.1604348 0.20185572 0.09052271 0.09581409 0.03712687 0.01976716 0.018993149 0.035363831 0.024461682 0.002396390 0.013575802 1.654390e-02 0.001793345
   76    1      1      0    0      1      -1      -1   125  0.06836246  0.2150885 0.1568654 0.18114233 0.13599560 0.06503090 0.07223826 0.01257023 0.033940962 0.016215523 0.014983532 0.008055643 0.012055357 1.827156e-03 0.005628149
   80    1      1      0    0      1      -1      -1   125  0.03935311  0.1839541 0.1786717 0.11132570 0.18064249 0.09012407 0.06415639 0.06350999 0.023486987 0.028080728 0.009267437 0.016669523 0.001314313 7.040695e-04 0.008739404
   84    1      1      0    0      1      -1      -1   125  0.04516093  0.3049619 0.1328040 0.15633393 0.13569381 0.08393339 0.04501658 0.02686541 0.018472036 0.009070810 0.010224847 0.019266099 0.003046605 2.916255e-03 0.006233396
   88    1      1      0    0      1      -1      -1   125  0.06258765  0.2791178 0.2312178 0.08951579 0.07001962 0.08083279 0.07288922 0.04373322 0.028361874 0.002804723 0.006183380 0.011810648 0.001358656 1.988716e-03 0.017578082
   92    1      1      0    0      1      -1      -1   125  0.03741128  0.2934490 0.1315968 0.17331971 0.10145819 0.08120242 0.04534905 0.05093726 0.018922950 0.014329634 0.009625551 0.019204265 0.004576825 4.986690e-03 0.013630367
   96    1      1      0    0      1      -1      -1   125  0.03229548  0.2390418 0.1639339 0.12343629 0.03831171 0.08645834 0.08885702 0.07610070 0.021159965 0.022490052 0.025053540 0.047441435 0.002606296 2.150307e-02 0.011310467
  100    1      1      0    0      1      -1      -1   125  0.03911538  0.1677646 0.1513744 0.14362285 0.10130421 0.08877498 0.04491631 0.07879706 0.046860154 0.051579235 0.027704751 0.016195025 0.011792387 1.537843e-02 0.014820286
   76    1      2      0    0      1      -1      -1   500  0.15368987  0.2570338 0.1830738 0.11831530 0.07160246 0.06351197 0.03627070 0.03219351 0.018409328 0.019983684 0.004068314 0.009193923 0.009003087 7.637058e-03 0.016013201
   78    1      2      0    0      1      -1      -1   500  0.12931451  0.2589625 0.1809257 0.13125553 0.07386356 0.06141518 0.03253918 0.03371200 0.023420582 0.027901738 0.011330047 0.013557442 0.002452563 4.285720e-03 0.015063778
   80    1      2      0    0      1      -1      -1   500  0.12666085  0.2669401 0.1580614 0.10769852 0.10104899 0.06483932 0.04489464 0.03196355 0.026558675 0.015910213 0.010343791 0.012153983 0.003651432 8.544346e-03 0.020730076
   82    1      2      0    0      1      -1      -1   500  0.17337326  0.2112144 0.1838132 0.12520554 0.07805766 0.05256709 0.03829426 0.04621414 0.027234973 0.020360116 0.013083417 0.006002282 0.008251948 2.863159e-03 0.013464514
   84    1      2      0    0      1      -1      -1   500  0.14494727  0.2319184 0.1833402 0.11603860 0.07546281 0.05962709 0.04540816 0.02777214 0.030279635 0.023814944 0.011271130 0.006740802 0.014843329 4.293361e-03 0.024242099
   86    1      2      0    0      1      -1      -1   500  0.15826164  0.2308900 0.1668760 0.10703414 0.08048606 0.05725217 0.05554593 0.03140483 0.026510805 0.025349668 0.012216657 0.008348968 0.009597663 1.967960e-03 0.028257478
   88    1      2      0    0      1      -1      -1   500  0.12343249  0.2325496 0.1775602 0.12764474 0.09384854 0.05985847 0.05713692 0.03275241 0.021914119 0.020169611 0.011526566 0.011551119 0.004226407 4.623997e-03 0.021204783
   90    1      2      0    0      1      -1      -1   500  0.11654177  0.2529954 0.1468767 0.13909610 0.10492656 0.06412747 0.04143949 0.03490781 0.029043260 0.023262036 0.007546548 0.008957118 0.002888009 1.303991e-02 0.014351788
   92    1      2      0    0      1      -1      -1   500  0.14938220  0.2386764 0.1511028 0.14806432 0.12235256 0.07051207 0.02507132 0.02913896 0.020060294 0.013013405 0.008872779 0.009581948 0.003389369 3.203484e-03 0.007578054
   94    1      2      0    0      1      -1      -1   500  0.11016614  0.2545774 0.1970576 0.12533115 0.08570748 0.07126495 0.04878736 0.02657556 0.013854530 0.021553234 0.013772488 0.005915844 0.010135493 4.171683e-03 0.011129042
   96    1      2      0    0      1      -1      -1   500  0.16367587  0.2193822 0.1911006 0.11638425 0.08134583 0.06009136 0.05617995 0.03346086 0.023595145 0.012181149 0.011579687 0.013114030 0.005456907 4.237510e-03 0.008214608
   98    1      2      0    0      1      -1      -1   500  0.13139847  0.2371349 0.1744403 0.09877490 0.09365538 0.07340505 0.05444972 0.04688210 0.019804317 0.009634480 0.011037781 0.011553613 0.008674102 1.220157e-02 0.016953291
  100    1      2      0    0      1      -1      -1   500  0.14430443  0.2308162 0.1759315 0.12078455 0.09001752 0.06212295 0.04240934 0.03682801 0.016216142 0.018165334 0.010558512 0.012316016 0.010848992 2.800824e-03 0.025879733
   60    1      1      0    0      1       9       9     3  3.00000000  0.0000000 0.0000000 0.00000000 0.00000000 0.00000000 0.00000000 0.00000000 0.000000000 0.000000000 0.000000000 0.000000000 0.000000000 0.000000e+00 0.000000000
   60    1      1      0    0      1      10      10     7  7.00000000  0.0000000 0.0000000 0.00000000 0.00000000 0.00000000 0.00000000 0.00000000 0.000000000 0.000000000 0.000000000 0.000000000 0.000000000 0.000000e+00 0.000000000
   60    1      1      0    0      1      11      11     3  3.00000000  0.0000000 0.0000000 0.00000000 0.00000000 0.00000000 0.00000000 0.00000000 0.000000000 0.000000000 0.000000000 0.000000000 0.000000000 0.000000e+00 0.000000000
   60    1      1      0    0      1      12      12     1  1.00000000  0.0000000 0.0000000 0.00000000 0.00000000 0.00000000 0.00000000 0.00000000 0.000000000 0.000000000 0.000000000 0.000000000 0.000000000 0.000000e+00 0.000000000
   60    1      1      0    0      1      13      13     5  5.00000000  0.0000000 0.0000000 0.00000000 0.00000000 0.00000000 0.00000000 0.00000000 0.000000000 0.000000000 0.000000000 0.000000000 0.000000000 0.000000e+00 0.000000000
   60    1      1      0    0      1      14      14     5  5.00000000  0.0000000 0.0000000 0.00000000 0.00000000 0.00000000 0.00000000 0.00000000 0.000000000 0.000000000 0.000000000 0.000000000 0.000000000 0.000000e+00 0.000000000
   60    1      1      0    0      1      15      15     4  4.00000000  0.0000000 0.0000000 0.00000000 0.00000000 0.00000000 0.00000000 0.00000000 0.000000000 0.000000000 0.000000000 0.000000000 0.000000000 0.000000e+00 0.000000000
   60    1      1      0    0      1      16      16     7  7.00000000  0.0000000 0.0000000 0.00000000 0.00000000 0.00000000 0.00000000 0.00000000 0.000000000 0.000000000 0.000000000 0.000000000 0.000000000 0.000000e+00 0.000000000
   60    1      1      0    0      1      17      17     2  2.00000000  0.0000000 0.0000000 0.00000000 0.00000000 0.00000000 0.00000000 0.00000000 0.000000000 0.000000000 0.000000000 0.000000000 0.000000000 0.000000e+00 0.000000000
   60    1      1      0    0      1      18      18     9  9.00000000  0.0000000 0.0000000 0.00000000 0.00000000 0.00000000 0.00000000 0.00000000 0.000000000 0.000000000 0.000000000 0.000000000 0.000000000 0.000000e+00 0.000000000
   60    1      1      0    0      1      19      19     9  9.00000000  0.0000000 0.0000000 0.00000000 0.00000000 0.00000000 0.00000000 0.00000000 0.000000000 0.000000000 0.000000000 0.000000000 0.000000000 0.000000e+00 0.000000000
   60    1      1      0    0      1      20      20     8  8.00000000  0.0000000 0.0000000 0.00000000 0.00000000 0.00000000 0.00000000 0.00000000 0.000000000 0.000000000 0.000000000 0.000000000 0.000000000 0.000000e+00 0.000000000
   60    1      1      0    0      1      21      21     1  1.00000000  0.0000000 0.0000000 0.00000000 0.00000000 0.00000000 0.00000000 0.00000000 0.000000000 0.000000000 0.000000000 0.000000000 0.000000000 0.000000e+00 0.000000000
   60    1      1      0    0      1      22      22     8  8.00000000  0.0000000 0.0000000 0.00000000 0.00000000 0.00000000 0.00000000 0.00000000 0.000000000 0.000000000 0.000000000 0.000000000 0.000000000 0.000000e+00 0.000000000
   60    1      1      0    0      1      23      23     6  6.00000000  0.0000000 0.0000000 0.00000000 0.00000000 0.00000000 0.00000000 0.00000000 0.000000000 0.000000000 0.000000000 0.000000000 0.000000000 0.000000e+00 0.000000000
   60    1      1      0    0      1      24      24     4  4.00000000  0.0000000 0.0000000 0.00000000 0.00000000 0.00000000 0.00000000 0.00000000 0.000000000 0.000000000 0.000000000 0.000000000 0.000000000 0.000000e+00 0.000000000
   60    1      1      0    0      1      25      25     2  2.00000000  0.0000000 0.0000000 0.00000000 0.00000000 0.00000000 0.00000000 0.00000000 0.000000000 0.000000000 0.000000000 0.000000000 0.000000000 0.000000e+00 0.000000000
   60    1      1      0    0      1      26      26     3  3.00000000  0.0000000 0.0000000 0.00000000 0.00000000 0.00000000 0.00000000 0.00000000 0.000000000 0.000000000 0.000000000 0.000000000 0.000000000 0.000000e+00 0.000000000
   60    1      1      0    0      1      27      27     1  0.00000000  1.0000000 0.0000000 0.00000000 0.00000000 0.00000000 0.00000000 0.00000000 0.000000000 0.000000000 0.000000000 0.000000000 0.000000000 0.000000e+00 0.000000000
   60    1      1      0    0      1      28      28     5  5.00000000  0.0000000 0.0000000 0.00000000 0.00000000 0.00000000 0.00000000 0.00000000 0.000000000 0.000000000 0.000000000 0.000000000 0.000000000 0.000000e+00 0.000000000
   60    1      1      0    0      1      29      29     1  0.00000000  1.0000000 0.0000000 0.00000000 0.00000000 0.00000000 0.00000000 0.00000000 0.000000000 0.000000000 0.000000000 0.000000000 0.000000000 0.000000e+00 0.000000000
   60    1      1      0    0      1      32      32     2  0.00000000  2.0000000 0.0000000 0.00000000 0.00000000 0.00000000 0.00000000 0.00000000 0.000000000 0.000000000 0.000000000 0.000000000 0.000000000 0.000000e+00 0.000000000
   60    1      1      0    0      1      37      37     1  0.00000000  1.0000000 0.0000000 0.00000000 0.00000000 0.00000000 0.00000000 0.00000000 0.000000000 0.000000000 0.000000000 0.000000000 0.000000000 0.000000e+00 0.000000000
   60    1      1      0    0      1      38      38     1  0.00000000  1.0000000 0.0000000 0.00000000 0.00000000 0.00000000 0.00000000 0.00000000 0.000000000 0.000000000 0.000000000 0.000000000 0.000000000 0.000000e+00 0.000000000
   60    1      1      0    0      1      39      39     2  0.00000000  1.0000000 1.0000000 0.00000000 0.00000000 0.00000000 0.00000000 0.00000000 0.000000000 0.000000000 0.000000000 0.000000000 0.000000000 0.000000e+00 0.000000000
  100    1      1      0    0      1       2       2     4  4.00000000  0.0000000 0.0000000 0.00000000 0.00000000 0.00000000 0.00000000 0.00000000 0.000000000 0.000000000 0.000000000 0.000000000 0.000000000 0.000000e+00 0.000000000
  100    1      1      0    0      1       5       5     2  2.00000000  0.0000000 0.0000000 0.00000000 0.00000000 0.00000000 0.00000000 0.00000000 0.000000000 0.000000000 0.000000000 0.000000000 0.000000000 0.000000e+00 0.000000000
  100    1      1      0    0      1       6       6     1  1.00000000  0.0000000 0.0000000 0.00000000 0.00000000 0.00000000 0.00000000 0.00000000 0.000000000 0.000000000 0.000000000 0.000000000 0.000000000 0.000000e+00 0.000000000
  100    1      1      0    0      1       7       7     3  3.00000000  0.0000000 0.0000000 0.00000000 0.00000000 0.00000000 0.00000000 0.00000000 0.000000000 0.000000000 0.000000000 0.000000000 0.000000000 0.000000e+00 0.000000000
  100    1      1      0    0      1       8       8     4  4.00000000  0.0000000 0.0000000 0.00000000 0.00000000 0.00000000 0.00000000 0.00000000 0.000000000 0.000000000 0.000000000 0.000000000 0.000000000 0.000000e+00 0.000000000
  100    1      1      0    0      1       9       9     5  5.00000000  0.0000000 0.0000000 0.00000000 0.00000000 0.00000000 0.00000000 0.00000000 0.000000000 0.000000000 0.000000000 0.000000000 0.000000000 0.000000e+00 0.000000000
  100    1      1      0    0      1      10      10     5  5.00000000  0.0000000 0.0000000 0.00000000 0.00000000 0.00000000 0.00000000 0.00000000 0.000000000 0.000000000 0.000000000 0.000000000 0.000000000 0.000000e+00 0.000000000
  100    1      1      0    0      1      11      11    12 12.00000000  0.0000000 0.0000000 0.00000000 0.00000000 0.00000000 0.00000000 0.00000000 0.000000000 0.000000000 0.000000000 0.000000000 0.000000000 0.000000e+00 0.000000000
  100    1      1      0    0      1      12      12     2  2.00000000  0.0000000 0.0000000 0.00000000 0.00000000 0.00000000 0.00000000 0.00000000 0.000000000 0.000000000 0.000000000 0.000000000 0.000000000 0.000000e+00 0.000000000
  100    1      1      0    0      1      14      14     6  6.00000000  0.0000000 0.0000000 0.00000000 0.00000000 0.00000000 0.00000000 0.00000000 0.000000000 0.000000000 0.000000000 0.000000000 0.000000000 0.000000e+00 0.000000000
  100    1      1      0    0      1      16      16    13 13.00000000  0.0000000 0.0000000 0.00000000 0.00000000 0.00000000 0.00000000 0.00000000 0.000000000 0.000000000 0.000000000 0.000000000 0.000000000 0.000000e+00 0.000000000
  100    1      1      0    0      1      17      17     3  3.00000000  0.0000000 0.0000000 0.00000000 0.00000000 0.00000000 0.00000000 0.00000000 0.000000000 0.000000000 0.000000000 0.000000000 0.000000000 0.000000e+00 0.000000000
  100    1      1      0    0      1      18      18     3  3.00000000  0.0000000 0.0000000 0.00000000 0.00000000 0.00000000 0.00000000 0.00000000 0.000000000 0.000000000 0.000000000 0.000000000 0.000000000 0.000000e+00 0.000000000
  100    1      1      0    0      1      19      19     3  3.00000000  0.0000000 0.0000000 0.00000000 0.00000000 0.00000000 0.00000000 0.00000000 0.000000000 0.000000000 0.000000000 0.000000000 0.000000000 0.000000e+00 0.000000000
  100    1      1      0    0      1      20      20     5  5.00000000  0.0000000 0.0000000 0.00000000 0.00000000 0.00000000 0.00000000 0.00000000 0.000000000 0.000000000 0.000000000 0.000000000 0.000000000 0.000000e+00 0.000000000
  100    1      1      0    0      1      21      21     3  3.00000000  0.0000000 0.0000000 0.00000000 0.00000000 0.00000000 0.00000000 0.00000000 0.000000000 0.000000000 0.000000000 0.000000000 0.000000000 0.000000e+00 0.000000000
  100    1      1      0    0      1      24      24     1  1.00000000  0.0000000 0.0000000 0.00000000 0.00000000 0.00000000 0.00000000 0.00000000 0.000000000 0.000000000 0.000000000 0.000000000 0.000000000 0.000000e+00 0.000000000
  100    1      1      0    0      1      25      25     3  3.00000000  0.0000000 0.0000000 0.00000000 0.00000000 0.00000000 0.00000000 0.00000000 0.000000000 0.000000000 0.000000000 0.000000000 0.000000000 0.000000e+00 0.000000000
  100    1      1      0    0      1      27      27     3  3.00000000  0.0000000 0.0000000 0.00000000 0.00000000 0.00000000 0.00000000 0.00000000 0.000000000 0.000000000 0.000000000 0.000000000 0.000000000 0.000000e+00 0.000000000
  100    1      1      0    0      1      29      29     3  1.00000000  2.0000000 0.0000000 0.00000000 0.00000000 0.00000000 0.00000000 0.00000000 0.000000000 0.000000000 0.000000000 0.000000000 0.000000000 0.000000e+00 0.000000000
  100    1      1      0    0      1      30      30    12  2.00000000 10.0000000 0.0000000 0.00000000 0.00000000 0.00000000 0.00000000 0.00000000 0.000000000 0.000000000 0.000000000 0.000000000 0.000000000 0.000000e+00 0.000000000
  100    1      1      0    0      1      31      31     2  0.00000000  2.0000000 0.0000000 0.00000000 0.00000000 0.00000000 0.00000000 0.00000000 0.000000000 0.000000000 0.000000000 0.000000000 0.000000000 0.000000e+00 0.000000000
  100    1      1      0    0      1      32      32     1  0.00000000  1.0000000 0.0000000 0.00000000 0.00000000 0.00000000 0.00000000 0.00000000 0.000000000 0.000000000 0.000000000 0.000000000 0.000000000 0.000000e+00 0.000000000
  100    1      1      0    0      1      38      38     1  0.00000000  1.0000000 0.0000000 0.00000000 0.00000000 0.00000000 0.00000000 0.00000000 0.000000000 0.000000000 0.000000000 0.000000000 0.000000000 0.000000e+00 0.000000000
0 #_N_MeanSize_at_Age_obs
0 #_N_environ_variables
0 #_N_environ_obs
0 #_N_sizefreq_methods
0 #_do_tags
0 #_morphcomp_data
#
999
