#C data file created using the SS_writedat function in the R package r4ss
#C should work with SS version: 
#C file write time: 2015-02-11 18:25:57
#
1 #_styr
100 #_endyr
1 #_nseas
12 #_months_per_seas
1 #_spawn_seas
1 #_Nfleet
2 #_Nsurveys
1 #_N_areas
Fishery%Survey%CPUE #_fleetnames
0.5 0.5 0.5 #_surveytiming_in_season
1 1 1 #_area_assignments_for_each_fishery_and_survey
1 #_units of catch:  1=bio; 2=num
0.01 #_se of log(catch) only used for init_eq_catch and for Fmethod 2 and 3
1 #_Ngenders
25 #_Nages
0 #_init_equil_catch_for_each_fishery
100 #_N_lines_of_catch_to_read
 #_Fishery year seas
         0    1    1
         0    2    1
         0    3    1
         0    4    1
         0    5    1
         0    6    1
         0    7    1
         0    8    1
         0    9    1
         0   10    1
         0   11    1
         0   12    1
         0   13    1
         0   14    1
         0   15    1
         0   16    1
         0   17    1
         0   18    1
         0   19    1
         0   20    1
         0   21    1
         0   22    1
         0   23    1
         0   24    1
         0   25    1
 444646000   26    1
 397608000   27    1
 357583000   28    1
 324161000   29    1
 296656000   30    1
 274240000   31    1
 256057000   32    1
 241314000   33    1
 229322000   34    1
 219511000   35    1
 211426000   36    1
 204710000   37    1
 199088000   38    1
 194347000   39    1
 190324000   40    1
 186891000   41    1
 183948000   42    1
 181416000   43    1
 179230000   44    1
 177337000   45    1
 175694000   46    1
 174266000   47    1
 173022000   48    1
 171937000   49    1
 170990000   50    1
 170161000   51    1
 169436000   52    1
 168801000   53    1
 168243000   54    1
 167755000   55    1
 167325000   56    1
 166948000   57    1
 166617000   58    1
 166326000   59    1
 166070000   60    1
 165844000   61    1
 165646000   62    1
 165471000   63    1
 165317000   64    1
 165182000   65    1
 165063000   66    1
 164958000   67    1
 164865000   68    1
 164784000   69    1
 164712000   70    1
 164649000   71    1
 164593000   72    1
 164544000   73    1
 164500000   74    1
 164462000   75    1
 164429000   76    1
 164399000   77    1
 164373000   78    1
 164350000   79    1
 164329000   80    1
 164311000   81    1
 164296000   82    1
 164282000   83    1
 164269000   84    1
 164258000   85    1
 164249000   86    1
 164240000   87    1
 164233000   88    1
 164227000   89    1
 164221000   90    1
 164216000   91    1
 164211000   92    1
 164207000   93    1
 164204000   94    1
 164201000   95    1
 164198000   96    1
 164195000   97    1
 164193000   98    1
 164192000   99    1
 164190000  100    1
13 #_N_cpue
 #_Fleet Units Errtype
       1     1       0
       2     1       0
       3     1       0
 #_year seas index        obs se_log
     76    1     2 1389766542    0.2
     78    1     2 1915852358    0.2
     80    1     2 1214958006    0.2
     82    1     2 1808369204    0.2
     84    1     2 2331104828    0.2
     86    1     2 1563588742    0.2
     88    1     2 1226420768    0.2
     90    1     2 1266960941    0.2
     92    1     2 1722920139    0.2
     94    1     2 1311500774    0.2
     96    1     2 1145819852    0.2
     98    1     2 1624040197    0.2
    100    1     2 1003182929    0.2
0 #_N_discard_fleets
#_discard_units (1=same_as_catchunits(bio/num); 2=fraction; 3=numbers)
#_discard_errtype:  >0 for DF of T-dist(read CV below); 0 for normal with CV; -1 for normal with se; -2 for lognormal
0 #_N_discard
0 #_N_meanbodywt
1 #_DF_for_meanbodywt_T-distribution_like
2 # length bin method: 1=use databins; 2=generate from binwidth,min,max below; 3=read vector
1 # binwidth for population size comp
10 # minimum size in the population (lower edge of first bin and size at age 0.00)
200 # maximum size in the population (lower edge of last bin)
-0.001 #_comp_tail_compression
1e-05 #_add_to_comp
0 #_combine males into females at or below this bin number
45 #_N_lbins
#_lbin_vector
20 23 26 29 32 35 38 41 44 47 50 53 56 59 62 65 68 71 74 77 80 83 86 89 92 95 98 101 104 107 110 113 116 119 122 125 128 131 134 137 140 143 146 149 152
28 #_N_Length_comp_observations
 #_Yr Seas FltSvy Gender Part Nsamp           l20          l23          l26         l29         l32          l35          l38         l41         l44        l47        l50        l53        l56        l59        l62        l65         l68        l71        l74        l77        l80         l83        l86         l89         l92        l95        l98        l101       l104        l107        l110        l113        l116        l119        l122         l125         l128         l131         l134         l137         l140         l143         l146         l149         l152
   26    1      1      0    0   125 9.266289e-106 8.991176e-19 8.745543e-04 0.003514821 0.003435681 0.0008577446 0.0129807261 0.002460387 0.006818755 0.03113678 0.03080867 0.05894069 0.02334383 0.02359140 0.02997656 0.02975696 0.039306320 0.02537642 0.04589315 0.02477715 0.04255708 0.026982991 0.03329340 0.031013257 0.071294362 0.02029182 0.07456290 0.035397031 0.04193224 0.008937460 0.021563754 0.016959268 0.023246297 0.007330079 0.051473771 0.0045444014 0.0040584109 5.032075e-03 1.299630e-02 3.881930e-03 3.186219e-02 1.137536e-03 5.550783e-04 7.767773e-05 3.516809e-02
   36    1      1      0    0   125  1.597130e-16 2.344438e-02 2.395980e-03 0.013805505 0.002353114 0.0038465407 0.0025461827 0.005418312 0.027891304 0.04510428 0.06546563 0.04106405 0.05022195 0.04752693 0.01461226 0.02742303 0.045514365 0.04666767 0.05368808 0.06386639 0.01598535 0.016775980 0.02801595 0.030648754 0.009370865 0.02473143 0.03512330 0.029263045 0.01648342 0.014962190 0.048167923 0.021862581 0.012672470 0.016757292 0.014026148 0.0115487542 0.0070932646 1.308062e-02 7.496441e-03 3.189976e-03 2.524029e-03 1.779361e-02 4.499476e-05 4.797977e-03 1.472768e-02
   46    1      1      0    0   125  2.734854e-44 5.079143e-07 1.097509e-03 0.009126896 0.010383671 0.0444777518 0.0006143685 0.023367624 0.050229214 0.07472986 0.07316276 0.02286926 0.02071365 0.02800354 0.04783924 0.02683535 0.039823181 0.04811349 0.03757022 0.03783697 0.03551053 0.009265253 0.04159894 0.048967811 0.025107774 0.03972419 0.02358521 0.046203161 0.00550956 0.041648347 0.015320774 0.010284523 0.002551825 0.007669591 0.003443411 0.0331253110 0.0049317490 3.216706e-03 1.503521e-05 1.556724e-04 7.103286e-04 1.888112e-05 1.555654e-04 4.484792e-03 4.120836e-09
   56    1      1      0    0   125  6.420528e-08 1.493521e-15 1.993856e-03 0.017187451 0.037817910 0.0016821836 0.0026159916 0.013738781 0.065158761 0.05665443 0.06135838 0.02927606 0.04915817 0.03940939 0.02975499 0.06293607 0.041085019 0.04763571 0.07013246 0.05340972 0.02878843 0.034188589 0.02654923 0.038717554 0.024882691 0.03053083 0.01635906 0.005358368 0.02401284 0.008640618 0.018335463 0.018025952 0.006893098 0.006418775 0.014227003 0.0084750525 0.0043047676 1.232098e-04 2.195579e-03 1.173775e-05 1.911242e-03 9.639058e-08 3.713376e-07 1.341371e-16 4.404782e-05
   60    1      1      0    0   125 8.443856e-116 2.666360e-27 1.793664e-04 0.017151760 0.002750723 0.0062479831 0.0321625085 0.032743474 0.038350458 0.04994532 0.05567333 0.04632768 0.01689556 0.02769541 0.01379684 0.07041676 0.027274555 0.05327662 0.08829317 0.02683498 0.01609242 0.011568646 0.04253373 0.022945318 0.045586952 0.02532337 0.02858858 0.022866163 0.01077155 0.010737862 0.061382585 0.024698256 0.003728534 0.017267535 0.005355981 0.0013129477 0.0319572903 6.951303e-03 2.172006e-04 1.567127e-04 2.079384e-07 3.933985e-03 1.789649e-12 4.990374e-06 1.374686e-06
   64    1      1      0    0   125  1.727160e-59 4.864623e-25 2.604891e-04 0.004696992 0.041205102 0.0139548418 0.0045530505 0.004983587 0.038917792 0.10000639 0.02660097 0.05180199 0.03625876 0.04845667 0.03066013 0.02173195 0.026133818 0.02015459 0.03065988 0.03910624 0.04255067 0.017635638 0.03464856 0.117395502 0.035399098 0.04797749 0.01028447 0.023532480 0.03094238 0.018995178 0.004746673 0.005109545 0.015857204 0.023423404 0.004359414 0.0009165414 0.0037989381 1.710030e-04 1.893596e-02 2.033900e-03 1.118127e-03 2.458577e-05 3.842190e-09 9.141652e-09 6.217840e-18
   68    1      1      0    0   125  4.913479e-88 2.229241e-11 6.420122e-04 0.017271372 0.020918358 0.0042443442 0.0011723380 0.033525220 0.046058114 0.08236972 0.03174523 0.02330462 0.07084227 0.04748097 0.04009375 0.04300179 0.006684987 0.04113940 0.03494440 0.05474120 0.02137126 0.033767840 0.02909582 0.035394486 0.021655972 0.02758491 0.02650813 0.024413740 0.03182524 0.016226821 0.029198954 0.021948651 0.034379033 0.009341295 0.005905760 0.0065361356 0.0012459842 2.148377e-03 1.346135e-02 9.484050e-04 3.237891e-06 3.384027e-04 4.018958e-06 6.516093e-03 3.119188e-09
   72    1      1      0    0   125  1.044083e-21 1.505760e-51 1.682439e-03 0.017556440 0.018222660 0.0051747960 0.0012232788 0.023704585 0.035182456 0.08158623 0.02957587 0.05179675 0.03767946 0.03659394 0.06859946 0.06546262 0.009733155 0.08126188 0.01944563 0.01353598 0.02654078 0.034868772 0.01474060 0.045784848 0.021118744 0.02443112 0.03216803 0.020360573 0.03117780 0.030062108 0.015834951 0.036840152 0.007744646 0.004671038 0.018268979 0.0196781439 0.0008448227 1.938227e-04 2.784574e-03 5.216899e-04 9.251139e-03 1.693854e-06 4.100442e-08 3.514083e-03 5.792014e-04
   76    1      1      0    0   125  0.000000e+00 6.583444e-20 1.269178e-05 0.004787208 0.005906912 0.0008670322 0.0044004500 0.020128961 0.047765478 0.06185659 0.07028548 0.05259531 0.02525933 0.02090716 0.03177549 0.04922699 0.010084910 0.04061781 0.04760169 0.05844424 0.04922032 0.077629849 0.01567297 0.005113579 0.022000597 0.02958390 0.03694648 0.054952833 0.03371387 0.002448576 0.018505831 0.025713254 0.013963419 0.016761142 0.016963717 0.0002546183 0.0117625306 5.377168e-04 7.649614e-03 1.220354e-03 1.036214e-06 2.531533e-04 2.202571e-04 6.371249e-03 1.540933e-05
   80    1      1      0    0   125 3.361176e-207 1.332054e-05 2.190715e-03 0.010682413 0.029054022 0.0049718790 0.0069429008 0.049023677 0.027049642 0.06954196 0.03827357 0.04011851 0.05094523 0.03391277 0.02539361 0.02767705 0.018638846 0.02114797 0.07429573 0.01324911 0.01245865 0.042180280 0.03712927 0.078459925 0.046918153 0.02664665 0.04211409 0.009021253 0.01230072 0.028997754 0.046508562 0.008008498 0.029117367 0.016664455 0.006131632 0.0063298046 0.0030215613 7.589117e-05 4.328254e-04 1.278894e-03 6.024743e-04 4.288854e-11 1.127458e-07 2.475231e-03 3.024336e-06
   84    1      1      0    0   125 1.470669e-113 7.968296e-10 8.885015e-05 0.012104005 0.016022137 0.0009682289 0.0123632196 0.005461955 0.068640727 0.03952457 0.03285303 0.05166534 0.04069635 0.04991255 0.04961423 0.04214241 0.088869227 0.03043484 0.03641939 0.06728687 0.02771101 0.015020601 0.03235851 0.005094370 0.004938923 0.06881064 0.01561498 0.019846670 0.02167790 0.022191503 0.033582374 0.026618201 0.011274787 0.024454656 0.004013344 0.0069147942 0.0056030325 1.081246e-04 3.146786e-03 2.796630e-03 3.917189e-05 1.833037e-04 4.051478e-08 2.446510e-03 4.852218e-04
   88    1      1      0    0   125  5.963498e-88 1.698724e-10 5.688822e-04 0.004193981 0.027110154 0.0188848789 0.0016123091 0.005754254 0.023786774 0.05215099 0.04988843 0.06407024 0.01604865 0.04570637 0.06558565 0.03695209 0.056522223 0.03870063 0.02831073 0.02203041 0.02574007 0.039451744 0.07463262 0.047225648 0.058971738 0.03641030 0.02164279 0.027091621 0.03713957 0.028790160 0.008210034 0.010034456 0.004258965 0.002290251 0.004010396 0.0088663165 0.0012720147 9.678743e-04 4.375535e-03 3.305408e-04 3.686941e-04 2.438146e-05 9.300141e-06 1.464769e-15 7.325705e-06
   92    1      1      0    0   125  6.290811e-08 3.365145e-27 2.968422e-04 0.007287313 0.023282159 0.0389844714 0.0055229803 0.034913536 0.038653601 0.04876043 0.09797670 0.04683104 0.04725369 0.02900365 0.04595846 0.05874365 0.060258368 0.04957947 0.01089719 0.02269665 0.01971023 0.041664674 0.02259631 0.020149641 0.027108724 0.01376549 0.03641530 0.018973470 0.02080251 0.019298133 0.009330994 0.012188980 0.019064011 0.020811635 0.003359393 0.0025884252 0.0137526602 1.639757e-03 3.120122e-05 1.626332e-03 1.320334e-03 4.072721e-03 1.517933e-05 1.849519e-15 2.813621e-03
   96    1      1      0    0   125  2.661914e-19 1.309586e-16 3.816528e-03 0.001867329 0.004892112 0.0191492177 0.0001576134 0.013529128 0.038139782 0.09156764 0.04471556 0.01520746 0.03301947 0.05037782 0.04004463 0.02928186 0.073185531 0.07250289 0.05572727 0.03630536 0.02687231 0.029886120 0.02087762 0.042709519 0.023712808 0.01605585 0.03479335 0.024550190 0.04102571 0.008764638 0.020365025 0.018124389 0.026298533 0.006205595 0.016441947 0.0017232059 0.0016867241 6.314712e-03 6.077480e-03 1.175410e-03 2.838471e-03 2.567374e-14 1.600088e-07 1.488981e-08 1.301378e-05
  100    1      1      0    0   125 2.174846e-108 9.746048e-27 6.221526e-07 0.010487015 0.005446236 0.0024259934 0.0108523834 0.027761160 0.053023630 0.05505208 0.08254865 0.09450275 0.05685575 0.02566582 0.01991256 0.02954256 0.015406301 0.03699057 0.01385586 0.02811268 0.02743313 0.026858487 0.03614073 0.040642731 0.047422430 0.03002832 0.03506146 0.064878424 0.01703622 0.015646878 0.008420527 0.014713305 0.007628895 0.010341818 0.016831742 0.0178865650 0.0031923372 4.980319e-03 1.721279e-04 2.062971e-03 1.304652e-05 1.540668e-05 4.108278e-03 4.934415e-08 4.117216e-05
   76    1      2      0    0   500  9.397292e-05 6.793327e-03 1.894988e-02 0.061067776 0.047415645 0.0161206729 0.0101153862 0.020634219 0.040972153 0.05052521 0.07315251 0.04717945 0.01983672 0.02832157 0.04580988 0.04894676 0.039211914 0.04001142 0.02108042 0.03353745 0.03041178 0.016292509 0.04403920 0.033451299 0.023560904 0.01939999 0.02078418 0.019166498 0.01036315 0.016723148 0.019142916 0.020721894 0.010992780 0.012420209 0.015415210 0.0050476104 0.0017700446 3.122791e-03 3.235281e-03 1.241356e-03 5.529753e-04 7.480521e-05 2.986504e-04 4.215549e-05 1.952324e-03
   78    1      2      0    0   500  1.360195e-12 2.374285e-03 2.447092e-02 0.041602511 0.063675980 0.0293399658 0.0090016593 0.033615393 0.049212422 0.04635827 0.05970160 0.02548288 0.02596719 0.02322811 0.04105670 0.04750883 0.033999108 0.03642475 0.02235201 0.02944266 0.02463853 0.021713608 0.03820399 0.017484844 0.020481723 0.02649312 0.02135068 0.044324329 0.02154841 0.021065907 0.014865918 0.010937125 0.015795860 0.021573053 0.008625573 0.0101352666 0.0047333974 3.616918e-03 1.764950e-03 5.196817e-03 3.553134e-04 3.962998e-05 6.560181e-06 2.252673e-04 7.960991e-06
   80    1      2      0    0   500  1.380400e-21 5.667390e-04 1.435865e-02 0.048957394 0.049868452 0.0234492544 0.0121877549 0.024556638 0.039222394 0.05383751 0.07052081 0.03760964 0.03071048 0.03048108 0.04539847 0.04185689 0.024436940 0.03532525 0.03362359 0.04027831 0.02142318 0.028013979 0.02902640 0.025695011 0.025068220 0.03343491 0.02436795 0.033594229 0.02428987 0.019488030 0.016973790 0.005558398 0.009821896 0.008673629 0.007220931 0.0045834922 0.0112103860 3.653284e-03 5.309731e-03 2.055975e-03 7.302943e-04 5.489300e-04 5.411704e-04 3.466670e-04 1.123405e-03
   82    1      2      0    0   500  6.008310e-10 5.284820e-03 1.916907e-02 0.058154575 0.042534783 0.0163919179 0.0062016075 0.012854117 0.041908748 0.05701231 0.04237472 0.04588336 0.04755494 0.03799145 0.03805767 0.05079151 0.025132482 0.03513420 0.04454387 0.02888451 0.02811350 0.030407210 0.01939542 0.026500228 0.033735053 0.02039910 0.01975840 0.030257278 0.00864933 0.021192676 0.017989511 0.012787338 0.014910654 0.011933081 0.018105918 0.0153427127 0.0028673065 7.990155e-03 1.404776e-03 1.248271e-03 7.590613e-04 9.270408e-05 2.333245e-04 5.453549e-05 1.179425e-05
   84    1      2      0    0   500  1.966359e-07 1.585115e-03 1.796452e-02 0.035226642 0.038409776 0.0184762015 0.0032295770 0.031010388 0.040749152 0.07023730 0.04647125 0.04685532 0.04090592 0.02844388 0.03909574 0.04562490 0.035134459 0.04094387 0.04447610 0.02504633 0.02317181 0.026485314 0.03431739 0.029056873 0.034288228 0.03030786 0.01566346 0.023338919 0.02858929 0.010875337 0.022790970 0.013960653 0.017445875 0.009206500 0.010192572 0.0048640851 0.0034967420 2.300472e-03 1.785281e-03 3.603724e-03 7.971066e-04 1.759859e-03 1.405011e-03 1.279390e-06 4.087379e-04
   86    1      2      0    0   500  6.381314e-17 1.212994e-02 2.544623e-02 0.042264244 0.055365659 0.0179165066 0.0049398716 0.029073655 0.042632273 0.03984634 0.04694532 0.05007647 0.03315718 0.03985368 0.04082042 0.02425985 0.020708069 0.03177594 0.03978236 0.04062326 0.03373441 0.024015109 0.03289437 0.039396614 0.022322644 0.02434893 0.01841323 0.021239802 0.01986462 0.033965163 0.015074327 0.019816199 0.011340179 0.013317970 0.005302319 0.0058068046 0.0125727741 2.661190e-03 2.271840e-03 3.063876e-03 6.969829e-04 6.887272e-06 4.062069e-05 6.434616e-06 2.094413e-04
   88    1      2      0    0   500  1.216667e-03 6.650853e-03 1.601719e-02 0.037521929 0.058345251 0.0120667623 0.0052113112 0.020875036 0.054004239 0.08453673 0.04593695 0.04699885 0.03853448 0.02626509 0.02961736 0.03383326 0.032591393 0.05245055 0.03090428 0.02950327 0.04400136 0.032350477 0.02570268 0.026682529 0.019420641 0.02305657 0.02143942 0.028668546 0.01247187 0.011876905 0.007847946 0.018861612 0.019690398 0.010011883 0.012895474 0.0016227845 0.0042595841 5.404776e-03 7.596914e-03 2.092474e-03 1.281930e-04 9.517687e-05 7.298373e-04 8.022186e-07 9.708962e-06
   90    1      2      0    0   500  1.635225e-08 1.099900e-03 2.387894e-02 0.064834333 0.057838688 0.0088722905 0.0039666393 0.026201110 0.050379130 0.07717632 0.04379817 0.05859850 0.03970254 0.03149208 0.02482253 0.02672973 0.027175106 0.03767445 0.03711662 0.03070723 0.02581779 0.023977573 0.01830900 0.031158897 0.031342677 0.02658958 0.02650567 0.027930393 0.01277724 0.022246902 0.009056706 0.013722883 0.008709471 0.011114386 0.004802339 0.0154616832 0.0055438168 3.368884e-03 4.502657e-03 9.963781e-04 1.350207e-03 1.179850e-03 1.116046e-03 3.118453e-04 4.282063e-05
   92    1      2      0    0   500  1.273482e-11 1.813724e-03 2.287159e-02 0.041307953 0.033969655 0.0134533654 0.0047762839 0.018625221 0.045057595 0.06780508 0.04686786 0.05058033 0.03548466 0.02587723 0.04734261 0.04473871 0.038279047 0.03009202 0.02282307 0.04384488 0.03964563 0.018753103 0.03857955 0.038479731 0.027127510 0.03475437 0.01672815 0.017689839 0.01511763 0.032704379 0.012908727 0.010695122 0.008762390 0.013167225 0.002640515 0.0124162994 0.0081216258 6.186077e-03 1.781099e-04 1.477855e-03 3.723979e-03 3.265558e-03 3.024715e-04 5.594629e-11 9.632610e-04
   94    1      2      0    0   500  1.278552e-31 8.805759e-04 2.098775e-02 0.064661394 0.046765532 0.0192122798 0.0059927600 0.030591857 0.038581005 0.06522163 0.03818512 0.03936625 0.02246986 0.03847318 0.02925736 0.04851840 0.032126255 0.04104386 0.03298774 0.02093832 0.04033803 0.029291525 0.03439848 0.029532692 0.019690853 0.02082516 0.02309004 0.031196898 0.02697888 0.019597174 0.007068322 0.014322436 0.013272983 0.016834968 0.009683088 0.0040500834 0.0109811445 5.868691e-03 1.490586e-03 2.121671e-03 1.346431e-03 1.511780e-03 3.510149e-05 2.111843e-04 6.761964e-07
   96    1      2      0    0   500  9.901786e-12 2.227856e-03 2.770698e-02 0.053711010 0.048207684 0.0204438495 0.0059497219 0.024903382 0.032822730 0.05492153 0.08993892 0.04587797 0.02812513 0.03987257 0.03737446 0.02141320 0.035250450 0.04319455 0.03123654 0.03161093 0.02526502 0.027149581 0.01565034 0.032641159 0.015411757 0.02674772 0.01855164 0.018897571 0.01961733 0.017656380 0.017689479 0.019781137 0.013005778 0.005976115 0.004072548 0.0188902405 0.0087423742 1.324554e-02 3.129891e-03 6.717947e-04 1.375112e-03 1.276784e-06 2.927225e-09 1.039919e-03 8.141753e-07
   98    1      2      0    0   500  1.049939e-15 5.149135e-04 1.568421e-02 0.036751566 0.060655724 0.0180897932 0.0085122705 0.021080317 0.051774245 0.04926282 0.06791155 0.04085611 0.02757424 0.03988701 0.04004194 0.03759334 0.048001582 0.04325145 0.02337487 0.02976918 0.02656497 0.026125379 0.03083267 0.024459211 0.025378362 0.02067165 0.01536202 0.031524533 0.01500485 0.025385975 0.022052974 0.011081801 0.007608916 0.005325303 0.007338330 0.0130268628 0.0051284255 8.519636e-03 1.333511e-03 3.071416e-03 9.669452e-03 2.280544e-03 3.303289e-04 2.124801e-07 1.335546e-03
  100    1      2      0    0   500  7.069648e-35 5.396056e-03 1.961052e-02 0.030528681 0.049059200 0.0184168644 0.0081639845 0.020398937 0.046750565 0.06826471 0.06406867 0.04970059 0.03198689 0.05657678 0.03185699 0.03950555 0.034712021 0.03311926 0.02000264 0.02819373 0.03461672 0.020419643 0.03079022 0.026527554 0.023880168 0.01726969 0.01905892 0.016112513 0.01833610 0.026474374 0.013655060 0.017845285 0.007293742 0.011126843 0.014846160 0.0058259960 0.0104430131 9.336160e-03 4.030413e-03 1.253104e-03 1.603901e-03 1.558413e-03 1.084088e-02 4.553557e-04 8.712347e-05
15 #_N_agebins
#_agebin_vector
1 2 3 4 5 6 7 8 9 10 11 12 13 14 15
1 #_N_ageerror_definitions
 #_age0   age1   age2   age3   age4   age5   age6   age7   age8   age9  age10  age11  age12  age13  age14  age15  age16  age17  age18  age19  age20  age21  age22  age23  age24  age25
 -1.000 -1.000 -1.000 -1.000 -1.000 -1.000 -1.000 -1.000 -1.000 -1.000 -1.000 -1.000 -1.000 -1.000 -1.000 -1.000 -1.000 -1.000 -1.000 -1.000 -1.000 -1.000 -1.000 -1.000 -1.000 -1.000
  0.001  0.001  0.001  0.001  0.001  0.001  0.001  0.001  0.001  0.001  0.001  0.001  0.001  0.001  0.001  0.001  0.001  0.001  0.001  0.001  0.001  0.001  0.001  0.001  0.001  0.001
86 #_N_agecomp
1 #_Lbin_method: 1=poplenbins; 2=datalenbins; 3=lengths
-1 #_combine males into females at or below this bin number
 #_Yr Seas FltSvy Gender Part Ageerr Lbin_lo Lbin_hi Nsamp           a1        a2        a3         a4         a5         a6         a7         a8          a9        a10         a11         a12          a13          a14         a15
   26    1      1      0    0      1      -1      -1   125  0.017787120 0.1291519 0.1803845 0.09424765 0.08359772 0.10163375 0.08023066 0.05745640 0.027912197 0.02516081 0.052663621 0.014481479 0.0240688211 0.0399424371 0.071280847
   36    1      1      0    0      1      -1      -1   125  0.063339750 0.2879521 0.1587325 0.12022509 0.14029019 0.03333174 0.04783717 0.05020854 0.010652111 0.01411315 0.018613965 0.019459659 0.0049553355 0.0019168850 0.028371712
   46    1      1      0    0      1      -1      -1   125  0.015097881 0.3016414 0.1816835 0.16756439 0.08174426 0.10485817 0.03247464 0.02100307 0.031143482 0.01433525 0.005853084 0.001365750 0.0083552900 0.0112050592 0.021674714
   56    1      1      0    0      1      -1      -1   125  0.016545234 0.2496412 0.2043620 0.16619382 0.12305120 0.06787172 0.06575231 0.02119621 0.021064761 0.01116180 0.016202709 0.021263058 0.0056276744 0.0009917320 0.009074606
   60    1      1      0    0      1      -1      -1   125  0.059925158 0.3101553 0.1695189 0.13896166 0.09319903 0.04215775 0.06175057 0.03361443 0.054963070 0.00502644 0.006619555 0.005050088 0.0049043231 0.0033325819 0.010821141
   64    1      1      0    0      1      -1      -1   125  0.032254225 0.2486514 0.2226544 0.11049837 0.07411248 0.08459419 0.02434087 0.08134778 0.024247954 0.01407201 0.032602992 0.016738520 0.0026626051 0.0101276641 0.021094570
   68    1      1      0    0      1      -1      -1   125  0.040945284 0.1966889 0.2554046 0.14134136 0.09649225 0.02361515 0.12779943 0.03527221 0.019008137 0.01456242 0.004306397 0.023510695 0.0070700252 0.0070009556 0.006982197
   72    1      1      0    0      1      -1      -1   125  0.004840532 0.2544673 0.1664288 0.14902847 0.12323542 0.07708379 0.03912432 0.06545560 0.018457096 0.04242469 0.009181927 0.027322081 0.0047876271 0.0063627225 0.011799664
   76    1      1      0    0      1      -1      -1   125  0.024483393 0.2819276 0.1541948 0.11077637 0.11823952 0.06477359 0.05321325 0.06031338 0.048612659 0.02003215 0.036661268 0.015388440 0.0002396901 0.0003757191 0.010768101
   80    1      1      0    0      1      -1      -1   125  0.019562582 0.3238897 0.1610856 0.13856488 0.10697818 0.05024150 0.10101268 0.03253682 0.024517164 0.01065485 0.003537507 0.006804207 0.0002729396 0.0094647020 0.010876658
   84    1      1      0    0      1      -1      -1   125  0.049285145 0.2932916 0.2095966 0.16279854 0.08125532 0.05963979 0.04421010 0.03121623 0.007660205 0.01276984 0.008849915 0.011261030 0.0004788574 0.0074097460 0.020277101
   88    1      1      0    0      1      -1      -1   125  0.045386137 0.2389622 0.2498719 0.12050238 0.10264561 0.09168510 0.03120138 0.02172772 0.009305464 0.04290071 0.007974716 0.013718134 0.0037735405 0.0019252942 0.018419728
   92    1      1      0    0      1      -1      -1   125  0.038049868 0.2590849 0.1760588 0.12675069 0.11766598 0.06730406 0.04980856 0.03291453 0.047197979 0.02933841 0.006745483 0.008255438 0.0017816461 0.0022545132 0.036789102
   96    1      1      0    0      1      -1      -1   125  0.032865836 0.2435618 0.2257529 0.12614808 0.14750163 0.05327639 0.02587694 0.04668529 0.023226853 0.03974515 0.006420987 0.005385971 0.0188643229 0.0005054340 0.004182410
  100    1      1      0    0      1      -1      -1   125  0.009578001 0.2290492 0.2022592 0.12824318 0.08351497 0.07398215 0.04694193 0.06325906 0.047894965 0.02670611 0.008942769 0.006980403 0.0219582741 0.0011484236 0.049541425
   76    1      2      0    0      1      -1      -1   500  0.148409029 0.2003878 0.1657446 0.13449978 0.10081762 0.07157095 0.03552525 0.03345992 0.034679489 0.02158150 0.014581861 0.009587264 0.0065806235 0.0036827443 0.018891511
   78    1      2      0    0      1      -1      -1   500  0.115156195 0.2433060 0.1520039 0.12797090 0.09909394 0.06548932 0.05100438 0.04761873 0.022122929 0.01431310 0.014749953 0.018954207 0.0057597522 0.0082274656 0.014229239
   80    1      2      0    0      1      -1      -1   500  0.143917227 0.2305162 0.1827519 0.10655260 0.09241913 0.06899221 0.05990047 0.02307573 0.033909347 0.01719717 0.007236257 0.008876710 0.0034764719 0.0148434293 0.006335206
   82    1      2      0    0      1      -1      -1   500  0.136131693 0.2316130 0.1604337 0.12447160 0.07256387 0.08311908 0.03818142 0.04450418 0.023644243 0.01630069 0.015685650 0.019955854 0.0132170904 0.0110307430 0.009147219
   84    1      2      0    0      1      -1      -1   500  0.125951273 0.2537766 0.1537326 0.12582449 0.07344675 0.08003445 0.05887770 0.03600286 0.020655595 0.03081584 0.013236987 0.011668466 0.0071797742 0.0013113635 0.007485228
   86    1      2      0    0      1      -1      -1   500  0.131433867 0.2424470 0.1660531 0.09499391 0.11947779 0.05783579 0.05367308 0.04977868 0.031840535 0.01300789 0.007141611 0.014529620 0.0035208184 0.0087202006 0.005546086
   88    1      2      0    0      1      -1      -1   500  0.175517335 0.2033450 0.1329455 0.11703271 0.10806247 0.07574294 0.05250117 0.03283113 0.019486164 0.01915942 0.020267138 0.016188204 0.0077408676 0.0065939037 0.012585964
   90    1      2      0    0      1      -1      -1   500  0.135372415 0.2263930 0.1423593 0.13314131 0.10626306 0.04772040 0.04737148 0.03082543 0.041200533 0.01900479 0.018057131 0.016115370 0.0051334550 0.0105425287 0.020499749
   92    1      2      0    0      1      -1      -1   500  0.124048960 0.2220191 0.1942304 0.14819616 0.10089311 0.06314994 0.03699691 0.02352391 0.017292993 0.01374992 0.010630861 0.007831096 0.0131607107 0.0097016042 0.014574356
   94    1      2      0    0      1      -1      -1   500  0.130028519 0.2245045 0.1761881 0.10767577 0.09717740 0.08913760 0.05762799 0.02845685 0.014170127 0.01772349 0.013240802 0.020839841 0.0033186368 0.0096965941 0.010213726
   96    1      2      0    0      1      -1      -1   500  0.119045448 0.2265551 0.1802746 0.13302663 0.08649637 0.06640683 0.06653992 0.03596787 0.024221297 0.01712734 0.014849342 0.010888710 0.0037320056 0.0047388041 0.010129729
   98    1      2      0    0      1      -1      -1   500  0.138922030 0.2398976 0.1729797 0.15420381 0.06491646 0.06235889 0.04444426 0.02304054 0.034544280 0.01145449 0.019716489 0.010226395 0.0084207642 0.0038171135 0.011057145
  100    1      2      0    0      1      -1      -1   500  0.144892447 0.2283017 0.1678524 0.14267972 0.06629449 0.05786733 0.05964392 0.04042970 0.027383496 0.01243354 0.022776714 0.008799332 0.0116536432 0.0010055600 0.007985933
   60    1      1      0    0      1       6       6     1  1.000000000 0.0000000 0.0000000 0.00000000 0.00000000 0.00000000 0.00000000 0.00000000 0.000000000 0.00000000 0.000000000 0.000000000 0.0000000000 0.0000000000 0.000000000
   60    1      1      0    0      1       7       7     3  3.000000000 0.0000000 0.0000000 0.00000000 0.00000000 0.00000000 0.00000000 0.00000000 0.000000000 0.00000000 0.000000000 0.000000000 0.0000000000 0.0000000000 0.000000000
   60    1      1      0    0      1       8       8     4  4.000000000 0.0000000 0.0000000 0.00000000 0.00000000 0.00000000 0.00000000 0.00000000 0.000000000 0.00000000 0.000000000 0.000000000 0.0000000000 0.0000000000 0.000000000
   60    1      1      0    0      1       9       9     5  5.000000000 0.0000000 0.0000000 0.00000000 0.00000000 0.00000000 0.00000000 0.00000000 0.000000000 0.00000000 0.000000000 0.000000000 0.0000000000 0.0000000000 0.000000000
   60    1      1      0    0      1      10      10     2  2.000000000 0.0000000 0.0000000 0.00000000 0.00000000 0.00000000 0.00000000 0.00000000 0.000000000 0.00000000 0.000000000 0.000000000 0.0000000000 0.0000000000 0.000000000
   60    1      1      0    0      1      11      11     5  5.000000000 0.0000000 0.0000000 0.00000000 0.00000000 0.00000000 0.00000000 0.00000000 0.000000000 0.00000000 0.000000000 0.000000000 0.0000000000 0.0000000000 0.000000000
   60    1      1      0    0      1      12      12     3  3.000000000 0.0000000 0.0000000 0.00000000 0.00000000 0.00000000 0.00000000 0.00000000 0.000000000 0.00000000 0.000000000 0.000000000 0.0000000000 0.0000000000 0.000000000
   60    1      1      0    0      1      13      13     1  1.000000000 0.0000000 0.0000000 0.00000000 0.00000000 0.00000000 0.00000000 0.00000000 0.000000000 0.00000000 0.000000000 0.000000000 0.0000000000 0.0000000000 0.000000000
   60    1      1      0    0      1      14      14     3  3.000000000 0.0000000 0.0000000 0.00000000 0.00000000 0.00000000 0.00000000 0.00000000 0.000000000 0.00000000 0.000000000 0.000000000 0.0000000000 0.0000000000 0.000000000
   60    1      1      0    0      1      15      15     1  1.000000000 0.0000000 0.0000000 0.00000000 0.00000000 0.00000000 0.00000000 0.00000000 0.000000000 0.00000000 0.000000000 0.000000000 0.0000000000 0.0000000000 0.000000000
   60    1      1      0    0      1      16      16     8  8.000000000 0.0000000 0.0000000 0.00000000 0.00000000 0.00000000 0.00000000 0.00000000 0.000000000 0.00000000 0.000000000 0.000000000 0.0000000000 0.0000000000 0.000000000
   60    1      1      0    0      1      17      17     1  1.000000000 0.0000000 0.0000000 0.00000000 0.00000000 0.00000000 0.00000000 0.00000000 0.000000000 0.00000000 0.000000000 0.000000000 0.0000000000 0.0000000000 0.000000000
   60    1      1      0    0      1      18      18     5  5.000000000 0.0000000 0.0000000 0.00000000 0.00000000 0.00000000 0.00000000 0.00000000 0.000000000 0.00000000 0.000000000 0.000000000 0.0000000000 0.0000000000 0.000000000
   60    1      1      0    0      1      19      19     7  7.000000000 0.0000000 0.0000000 0.00000000 0.00000000 0.00000000 0.00000000 0.00000000 0.000000000 0.00000000 0.000000000 0.000000000 0.0000000000 0.0000000000 0.000000000
   60    1      1      0    0      1      20      20     3  3.000000000 0.0000000 0.0000000 0.00000000 0.00000000 0.00000000 0.00000000 0.00000000 0.000000000 0.00000000 0.000000000 0.000000000 0.0000000000 0.0000000000 0.000000000
   60    1      1      0    0      1      21      21     2  2.000000000 0.0000000 0.0000000 0.00000000 0.00000000 0.00000000 0.00000000 0.00000000 0.000000000 0.00000000 0.000000000 0.000000000 0.0000000000 0.0000000000 0.000000000
   60    1      1      0    0      1      22      22     1  1.000000000 0.0000000 0.0000000 0.00000000 0.00000000 0.00000000 0.00000000 0.00000000 0.000000000 0.00000000 0.000000000 0.000000000 0.0000000000 0.0000000000 0.000000000
   60    1      1      0    0      1      23      23     4  4.000000000 0.0000000 0.0000000 0.00000000 0.00000000 0.00000000 0.00000000 0.00000000 0.000000000 0.00000000 0.000000000 0.000000000 0.0000000000 0.0000000000 0.000000000
   60    1      1      0    0      1      24      24     1  1.000000000 0.0000000 0.0000000 0.00000000 0.00000000 0.00000000 0.00000000 0.00000000 0.000000000 0.00000000 0.000000000 0.000000000 0.0000000000 0.0000000000 0.000000000
   60    1      1      0    0      1      25      25    11 11.000000000 0.0000000 0.0000000 0.00000000 0.00000000 0.00000000 0.00000000 0.00000000 0.000000000 0.00000000 0.000000000 0.000000000 0.0000000000 0.0000000000 0.000000000
   60    1      1      0    0      1      26      26     3  3.000000000 0.0000000 0.0000000 0.00000000 0.00000000 0.00000000 0.00000000 0.00000000 0.000000000 0.00000000 0.000000000 0.000000000 0.0000000000 0.0000000000 0.000000000
   60    1      1      0    0      1      27      27     4  4.000000000 0.0000000 0.0000000 0.00000000 0.00000000 0.00000000 0.00000000 0.00000000 0.000000000 0.00000000 0.000000000 0.000000000 0.0000000000 0.0000000000 0.000000000
   60    1      1      0    0      1      28      28     5  4.000000000 1.0000000 0.0000000 0.00000000 0.00000000 0.00000000 0.00000000 0.00000000 0.000000000 0.00000000 0.000000000 0.000000000 0.0000000000 0.0000000000 0.000000000
   60    1      1      0    0      1      29      29     3  1.000000000 2.0000000 0.0000000 0.00000000 0.00000000 0.00000000 0.00000000 0.00000000 0.000000000 0.00000000 0.000000000 0.000000000 0.0000000000 0.0000000000 0.000000000
   60    1      1      0    0      1      31      31     6  0.000000000 6.0000000 0.0000000 0.00000000 0.00000000 0.00000000 0.00000000 0.00000000 0.000000000 0.00000000 0.000000000 0.000000000 0.0000000000 0.0000000000 0.000000000
   60    1      1      0    0      1      32      32     2  0.000000000 2.0000000 0.0000000 0.00000000 0.00000000 0.00000000 0.00000000 0.00000000 0.000000000 0.00000000 0.000000000 0.000000000 0.0000000000 0.0000000000 0.000000000
   60    1      1      0    0      1      34      34     2  0.000000000 2.0000000 0.0000000 0.00000000 0.00000000 0.00000000 0.00000000 0.00000000 0.000000000 0.00000000 0.000000000 0.000000000 0.0000000000 0.0000000000 0.000000000
   60    1      1      0    0      1      35      35     1  0.000000000 1.0000000 0.0000000 0.00000000 0.00000000 0.00000000 0.00000000 0.00000000 0.000000000 0.00000000 0.000000000 0.000000000 0.0000000000 0.0000000000 0.000000000
   60    1      1      0    0      1      37      37     3  0.000000000 3.0000000 0.0000000 0.00000000 0.00000000 0.00000000 0.00000000 0.00000000 0.000000000 0.00000000 0.000000000 0.000000000 0.0000000000 0.0000000000 0.000000000
  100    1      1      0    0      1       6       6     1  1.000000000 0.0000000 0.0000000 0.00000000 0.00000000 0.00000000 0.00000000 0.00000000 0.000000000 0.00000000 0.000000000 0.000000000 0.0000000000 0.0000000000 0.000000000
  100    1      1      0    0      1       7       7     1  1.000000000 0.0000000 0.0000000 0.00000000 0.00000000 0.00000000 0.00000000 0.00000000 0.000000000 0.00000000 0.000000000 0.000000000 0.0000000000 0.0000000000 0.000000000
  100    1      1      0    0      1       8       8     3  3.000000000 0.0000000 0.0000000 0.00000000 0.00000000 0.00000000 0.00000000 0.00000000 0.000000000 0.00000000 0.000000000 0.000000000 0.0000000000 0.0000000000 0.000000000
  100    1      1      0    0      1       9       9     6  6.000000000 0.0000000 0.0000000 0.00000000 0.00000000 0.00000000 0.00000000 0.00000000 0.000000000 0.00000000 0.000000000 0.000000000 0.0000000000 0.0000000000 0.000000000
  100    1      1      0    0      1      10      10     8  8.000000000 0.0000000 0.0000000 0.00000000 0.00000000 0.00000000 0.00000000 0.00000000 0.000000000 0.00000000 0.000000000 0.000000000 0.0000000000 0.0000000000 0.000000000
  100    1      1      0    0      1      11      11     8  8.000000000 0.0000000 0.0000000 0.00000000 0.00000000 0.00000000 0.00000000 0.00000000 0.000000000 0.00000000 0.000000000 0.000000000 0.0000000000 0.0000000000 0.000000000
  100    1      1      0    0      1      12      12    11 11.000000000 0.0000000 0.0000000 0.00000000 0.00000000 0.00000000 0.00000000 0.00000000 0.000000000 0.00000000 0.000000000 0.000000000 0.0000000000 0.0000000000 0.000000000
  100    1      1      0    0      1      13      13     5  5.000000000 0.0000000 0.0000000 0.00000000 0.00000000 0.00000000 0.00000000 0.00000000 0.000000000 0.00000000 0.000000000 0.000000000 0.0000000000 0.0000000000 0.000000000
  100    1      1      0    0      1      14      14     4  4.000000000 0.0000000 0.0000000 0.00000000 0.00000000 0.00000000 0.00000000 0.00000000 0.000000000 0.00000000 0.000000000 0.000000000 0.0000000000 0.0000000000 0.000000000
  100    1      1      0    0      1      16      16     3  3.000000000 0.0000000 0.0000000 0.00000000 0.00000000 0.00000000 0.00000000 0.00000000 0.000000000 0.00000000 0.000000000 0.000000000 0.0000000000 0.0000000000 0.000000000
  100    1      1      0    0      1      17      17     2  2.000000000 0.0000000 0.0000000 0.00000000 0.00000000 0.00000000 0.00000000 0.00000000 0.000000000 0.00000000 0.000000000 0.000000000 0.0000000000 0.0000000000 0.000000000
  100    1      1      0    0      1      18      18     3  3.000000000 0.0000000 0.0000000 0.00000000 0.00000000 0.00000000 0.00000000 0.00000000 0.000000000 0.00000000 0.000000000 0.000000000 0.0000000000 0.0000000000 0.000000000
  100    1      1      0    0      1      19      19     1  1.000000000 0.0000000 0.0000000 0.00000000 0.00000000 0.00000000 0.00000000 0.00000000 0.000000000 0.00000000 0.000000000 0.000000000 0.0000000000 0.0000000000 0.000000000
  100    1      1      0    0      1      20      20     2  2.000000000 0.0000000 0.0000000 0.00000000 0.00000000 0.00000000 0.00000000 0.00000000 0.000000000 0.00000000 0.000000000 0.000000000 0.0000000000 0.0000000000 0.000000000
  100    1      1      0    0      1      21      21     4  4.000000000 0.0000000 0.0000000 0.00000000 0.00000000 0.00000000 0.00000000 0.00000000 0.000000000 0.00000000 0.000000000 0.000000000 0.0000000000 0.0000000000 0.000000000
  100    1      1      0    0      1      22      22     1  1.000000000 0.0000000 0.0000000 0.00000000 0.00000000 0.00000000 0.00000000 0.00000000 0.000000000 0.00000000 0.000000000 0.000000000 0.0000000000 0.0000000000 0.000000000
  100    1      1      0    0      1      23      23     1  1.000000000 0.0000000 0.0000000 0.00000000 0.00000000 0.00000000 0.00000000 0.00000000 0.000000000 0.00000000 0.000000000 0.000000000 0.0000000000 0.0000000000 0.000000000
  100    1      1      0    0      1      24      24     2  2.000000000 0.0000000 0.0000000 0.00000000 0.00000000 0.00000000 0.00000000 0.00000000 0.000000000 0.00000000 0.000000000 0.000000000 0.0000000000 0.0000000000 0.000000000
  100    1      1      0    0      1      25      25     2  2.000000000 0.0000000 0.0000000 0.00000000 0.00000000 0.00000000 0.00000000 0.00000000 0.000000000 0.00000000 0.000000000 0.000000000 0.0000000000 0.0000000000 0.000000000
  100    1      1      0    0      1      26      26     6  6.000000000 0.0000000 0.0000000 0.00000000 0.00000000 0.00000000 0.00000000 0.00000000 0.000000000 0.00000000 0.000000000 0.000000000 0.0000000000 0.0000000000 0.000000000
  100    1      1      0    0      1      27      27     4  4.000000000 0.0000000 0.0000000 0.00000000 0.00000000 0.00000000 0.00000000 0.00000000 0.000000000 0.00000000 0.000000000 0.000000000 0.0000000000 0.0000000000 0.000000000
  100    1      1      0    0      1      28      28     8  4.000000000 4.0000000 0.0000000 0.00000000 0.00000000 0.00000000 0.00000000 0.00000000 0.000000000 0.00000000 0.000000000 0.000000000 0.0000000000 0.0000000000 0.000000000
  100    1      1      0    0      1      30      30     3  0.000000000 3.0000000 0.0000000 0.00000000 0.00000000 0.00000000 0.00000000 0.00000000 0.000000000 0.00000000 0.000000000 0.000000000 0.0000000000 0.0000000000 0.000000000
  100    1      1      0    0      1      31      31     1  0.000000000 1.0000000 0.0000000 0.00000000 0.00000000 0.00000000 0.00000000 0.00000000 0.000000000 0.00000000 0.000000000 0.000000000 0.0000000000 0.0000000000 0.000000000
  100    1      1      0    0      1      32      32     1  0.000000000 1.0000000 0.0000000 0.00000000 0.00000000 0.00000000 0.00000000 0.00000000 0.000000000 0.00000000 0.000000000 0.000000000 0.0000000000 0.0000000000 0.000000000
  100    1      1      0    0      1      33      33     2  0.000000000 2.0000000 0.0000000 0.00000000 0.00000000 0.00000000 0.00000000 0.00000000 0.000000000 0.00000000 0.000000000 0.000000000 0.0000000000 0.0000000000 0.000000000
  100    1      1      0    0      1      34      34     2  0.000000000 2.0000000 0.0000000 0.00000000 0.00000000 0.00000000 0.00000000 0.00000000 0.000000000 0.00000000 0.000000000 0.000000000 0.0000000000 0.0000000000 0.000000000
  100    1      1      0    0      1      35      35     3  0.000000000 3.0000000 0.0000000 0.00000000 0.00000000 0.00000000 0.00000000 0.00000000 0.000000000 0.00000000 0.000000000 0.000000000 0.0000000000 0.0000000000 0.000000000
  100    1      1      0    0      1      36      36     2  0.000000000 2.0000000 0.0000000 0.00000000 0.00000000 0.00000000 0.00000000 0.00000000 0.000000000 0.00000000 0.000000000 0.000000000 0.0000000000 0.0000000000 0.000000000
0 #_N_MeanSize_at_Age_obs
0 #_N_environ_variables
0 #_N_environ_obs
0 #_N_sizefreq_methods
0 #_do_tags
0 #_morphcomp_data
#
999
