#C data file created using the SS_writedat function in the R package r4ss
#C should work with SS version: 
#C file write time: 2015-02-11 18:17:47
#
1 #_styr
100 #_endyr
1 #_nseas
12 #_months_per_seas
1 #_spawn_seas
1 #_Nfleet
2 #_Nsurveys
1 #_N_areas
Fishery%Survey%CPUE #_fleetnames
0.5 0.5 0.5 #_surveytiming_in_season
1 1 1 #_area_assignments_for_each_fishery_and_survey
1 #_units of catch:  1=bio; 2=num
0.01 #_se of log(catch) only used for init_eq_catch and for Fmethod 2 and 3
1 #_Ngenders
25 #_Nages
0 #_init_equil_catch_for_each_fishery
100 #_N_lines_of_catch_to_read
 #_Fishery year seas
         0    1    1
         0    2    1
         0    3    1
         0    4    1
         0    5    1
         0    6    1
         0    7    1
         0    8    1
         0    9    1
         0   10    1
         0   11    1
         0   12    1
         0   13    1
         0   14    1
         0   15    1
         0   16    1
         0   17    1
         0   18    1
         0   19    1
         0   20    1
         0   21    1
         0   22    1
         0   23    1
         0   24    1
         0   25    1
 444646000   26    1
 397608000   27    1
 357583000   28    1
 324161000   29    1
 296656000   30    1
 274240000   31    1
 256057000   32    1
 241314000   33    1
 229322000   34    1
 219511000   35    1
 211426000   36    1
 204710000   37    1
 199088000   38    1
 194347000   39    1
 190324000   40    1
 186891000   41    1
 183948000   42    1
 181416000   43    1
 179230000   44    1
 177337000   45    1
 175694000   46    1
 174266000   47    1
 173022000   48    1
 171937000   49    1
 170990000   50    1
 170161000   51    1
 169436000   52    1
 168801000   53    1
 168243000   54    1
 167755000   55    1
 167325000   56    1
 166948000   57    1
 166617000   58    1
 166326000   59    1
 166070000   60    1
 165844000   61    1
 165646000   62    1
 165471000   63    1
 165317000   64    1
 165182000   65    1
 165063000   66    1
 164958000   67    1
 164865000   68    1
 164784000   69    1
 164712000   70    1
 164649000   71    1
 164593000   72    1
 164544000   73    1
 164500000   74    1
 164462000   75    1
 164429000   76    1
 164399000   77    1
 164373000   78    1
 164350000   79    1
 164329000   80    1
 164311000   81    1
 164296000   82    1
 164282000   83    1
 164269000   84    1
 164258000   85    1
 164249000   86    1
 164240000   87    1
 164233000   88    1
 164227000   89    1
 164221000   90    1
 164216000   91    1
 164211000   92    1
 164207000   93    1
 164204000   94    1
 164201000   95    1
 164198000   96    1
 164195000   97    1
 164193000   98    1
 164192000   99    1
 164190000  100    1
13 #_N_cpue
 #_Fleet Units Errtype
       1     1       0
       2     1       0
       3     1       0
 #_year seas index        obs se_log
     76    1     2 2088789769    0.2
     78    1     2 1794263467    0.2
     80    1     2  879151665    0.2
     82    1     2 1438640663    0.2
     84    1     2 1908675935    0.2
     86    1     2 1136670232    0.2
     88    1     2 2298105169    0.2
     90    1     2 1537931233    0.2
     92    1     2 1242981415    0.2
     94    1     2 1265919495    0.2
     96    1     2 1419255868    0.2
     98    1     2 1600876143    0.2
    100    1     2 1317853702    0.2
0 #_N_discard_fleets
#_discard_units (1=same_as_catchunits(bio/num); 2=fraction; 3=numbers)
#_discard_errtype:  >0 for DF of T-dist(read CV below); 0 for normal with CV; -1 for normal with se; -2 for lognormal
0 #_N_discard
0 #_N_meanbodywt
1 #_DF_for_meanbodywt_T-distribution_like
2 # length bin method: 1=use databins; 2=generate from binwidth,min,max below; 3=read vector
1 # binwidth for population size comp
10 # minimum size in the population (lower edge of first bin and size at age 0.00)
200 # maximum size in the population (lower edge of last bin)
-0.001 #_comp_tail_compression
1e-05 #_add_to_comp
0 #_combine males into females at or below this bin number
45 #_N_lbins
#_lbin_vector
20 23 26 29 32 35 38 41 44 47 50 53 56 59 62 65 68 71 74 77 80 83 86 89 92 95 98 101 104 107 110 113 116 119 122 125 128 131 134 137 140 143 146 149 152
28 #_N_Length_comp_observations
 #_Yr Seas FltSvy Gender Part Nsamp           l20          l23          l26          l29         l32          l35          l38         l41        l44        l47        l50        l53         l56         l59        l62        l65         l68        l71        l74        l77         l80        l83        l86         l89         l92         l95        l98       l101        l104        l107         l110        l113        l116        l119         l122         l125         l128         l131         l134         l137         l140         l143         l146         l149         l152
   26    1      1      0    0   125  0.000000e+00 5.969113e-23 1.512399e-03 0.0003017823 0.007459866 0.0035920908 0.0003323443 0.014374237 0.03829265 0.07577563 0.04553204 0.01300765 0.003765547 0.015830274 0.04908316 0.04347911 0.015240152 0.02655665 0.03650626 0.02950294 0.039812727 0.04487085 0.01132041 0.022974836 0.008588618 0.025283270 0.05828270 0.01568249 0.042946372 0.055811410 0.0243566208 0.046360152 0.032538513 0.009149510 2.804233e-02 0.0298572670 1.893567e-02 0.0189236028 0.0290089818 3.908960e-03 8.951557e-03 7.527037e-05 1.428844e-03 1.468795e-04 2.597364e-03
   36    1      1      0    0   125  1.583261e-47 3.457087e-05 1.508397e-03 0.0043873063 0.008569819 0.0335594377 0.0037452327 0.009226513 0.01491165 0.04618314 0.03040581 0.07387072 0.046543667 0.030916724 0.04319533 0.05903566 0.004348956 0.06301630 0.03835909 0.02190647 0.050971453 0.03543990 0.03619911 0.041388320 0.019277147 0.008610959 0.02673908 0.06879913 0.039207239 0.017712168 0.0184205065 0.005152007 0.023429293 0.008461907 7.731715e-03 0.0073084575 7.162081e-05 0.0108821326 0.0057021483 1.809462e-02 9.509673e-04 3.841980e-04 8.684147e-03 6.649008e-03 7.968567e-06
   46    1      1      0    0   125  1.541385e-65 5.879595e-07 5.289577e-05 0.0014279957 0.020865624 0.0028019422 0.0016665299 0.016105332 0.06959103 0.08249083 0.08845219 0.04320186 0.019436839 0.035004978 0.04083029 0.04826281 0.039701928 0.08263597 0.03641840 0.02172797 0.029247574 0.03254716 0.01731814 0.040973567 0.031853901 0.040371009 0.01030808 0.02387949 0.015891819 0.016517865 0.0139869887 0.044903397 0.003261829 0.008511021 1.495279e-03 0.0026565361 1.516061e-03 0.0037837355 0.0015917330 3.236090e-05 6.708163e-03 1.741389e-03 7.320759e-08 2.268121e-04 6.120320e-09
   56    1      1      0    0   125  1.232091e-16 8.089140e-16 1.317596e-03 0.0075042761 0.010803675 0.0004390764 0.0451658399 0.009852907 0.07150651 0.09854889 0.02195308 0.03146269 0.024338058 0.017972089 0.04085133 0.03202135 0.091415423 0.02916537 0.01919962 0.03124347 0.014294632 0.02200468 0.05952056 0.039054579 0.021825519 0.024015473 0.01869473 0.02465594 0.025416904 0.032654045 0.0289671845 0.012455288 0.019575174 0.008542203 1.516676e-02 0.0186807762 4.977011e-03 0.0156771204 0.0016850423 4.624524e-03 2.454228e-03 2.411512e-04 2.604601e-05 2.908485e-05 1.118484e-07
   60    1      1      0    0   125  3.704273e-96 1.931023e-04 1.433493e-04 0.0024376609 0.006016493 0.0026829344 0.0064724514 0.032678558 0.02588055 0.06858371 0.07477825 0.02085464 0.024144385 0.023987954 0.05608214 0.02074007 0.052138212 0.04535211 0.02488608 0.05693305 0.026511248 0.02504186 0.06214475 0.036757368 0.031581264 0.019338245 0.02727706 0.03291048 0.030397210 0.036744185 0.0258151384 0.026180842 0.010487576 0.026332040 8.407720e-04 0.0001704918 6.376428e-03 0.0181692153 0.0061034378 5.556854e-03 2.844628e-07 2.560256e-04 8.104871e-11 1.892348e-05 2.604814e-06
   64    1      1      0    0   125  4.425143e-10 1.340912e-07 1.030741e-03 0.0049982215 0.003695437 0.0041142334 0.0068089597 0.014191179 0.02948325 0.04393141 0.10983710 0.02226890 0.046543683 0.023011186 0.01826627 0.07771923 0.020052755 0.03664236 0.02742258 0.02307419 0.065697769 0.01363939 0.03927005 0.024258616 0.064886987 0.049260690 0.02534953 0.02327578 0.017889262 0.018262683 0.0257284604 0.010223278 0.024505449 0.002696628 1.461034e-02 0.0169767601 1.496106e-02 0.0330099815 0.0022127974 1.075596e-06 2.170984e-05 4.568862e-08 4.583018e-08 1.324219e-10 1.697962e-04
   68    1      1      0    0   125 2.858116e-141 1.968419e-14 9.212778e-04 0.0122287460 0.009572853 0.0034502389 0.0077532048 0.007879359 0.03940962 0.09170139 0.05350180 0.02857028 0.032630755 0.016038264 0.03390153 0.07728497 0.037186606 0.01819640 0.04552012 0.03489627 0.055760255 0.02396432 0.02386837 0.029784004 0.027891611 0.024193311 0.01709903 0.05375681 0.026517369 0.013674645 0.0179427212 0.047999499 0.010006875 0.007149674 4.688086e-03 0.0132984685 1.684918e-03 0.0378628236 0.0039788459 1.639239e-03 1.731743e-03 2.189219e-03 1.361024e-04 1.130853e-09 2.538390e-03
   72    1      1      0    0   125 9.393862e-135 1.231583e-57 2.950338e-03 0.0010399745 0.005769012 0.0232521004 0.0018698989 0.065373090 0.04539558 0.07206053 0.04246846 0.04353260 0.071134879 0.030478735 0.05315511 0.04612425 0.037245334 0.02029233 0.04357379 0.03410956 0.034943759 0.04204220 0.02131266 0.048012903 0.014503776 0.009257601 0.03466137 0.02391929 0.014616349 0.018647688 0.0289807212 0.026924442 0.002371787 0.010246378 6.440669e-05 0.0044051783 1.454145e-02 0.0006146534 0.0030804388 2.759309e-03 3.899927e-03 2.405534e-04 9.715996e-08 8.614769e-12 1.274923e-04
   76    1      1      0    0   125 3.998448e-241 4.148595e-11 3.893720e-03 0.0179754971 0.012957041 0.0045350285 0.0044665059 0.047873285 0.02453631 0.06364679 0.02517916 0.05562759 0.047044101 0.007122001 0.01423344 0.07619047 0.039494105 0.03119244 0.02957578 0.07000193 0.041404637 0.04037163 0.05284057 0.022081835 0.026872744 0.016944976 0.01508512 0.02984118 0.041000628 0.038904072 0.0208826273 0.014647075 0.020377454 0.019048813 4.791603e-03 0.0102751317 2.436900e-03 0.0024837622 0.0035734059 3.403993e-05 4.352227e-04 2.711543e-05 9.423555e-05 7.531085e-19 3.971588e-08
   80    1      1      0    0   125 3.702938e-157 1.197122e-03 6.154988e-03 0.0138206872 0.008287677 0.0081997030 0.0022389792 0.011367820 0.01753559 0.04889511 0.09249299 0.02554721 0.029801375 0.035979695 0.03087339 0.05714632 0.017220328 0.05952737 0.01978114 0.01067649 0.047129075 0.02372854 0.03084464 0.030290389 0.121679022 0.045635430 0.02331823 0.02066409 0.015766403 0.019081221 0.0251854509 0.009073947 0.009865878 0.050474377 6.364728e-04 0.0043177004 1.399615e-04 0.0015425111 0.0181367829 1.947198e-03 1.375328e-03 5.041863e-04 5.738830e-05 1.849527e-03 1.224620e-05
   84    1      1      0    0   125  0.000000e+00 6.648409e-10 2.673347e-03 0.0097381827 0.004966722 0.0037879576 0.0068842226 0.005466819 0.04735383 0.05763277 0.07696836 0.01822013 0.015834252 0.051060919 0.04745777 0.06508688 0.108747880 0.07042999 0.04090905 0.03298553 0.027224094 0.02546218 0.04332842 0.023756943 0.032524239 0.038936635 0.02105882 0.01482204 0.011175123 0.014071694 0.0009663712 0.032323676 0.014392029 0.012380671 5.354879e-03 0.0021423853 2.437836e-03 0.0073239170 0.0014711049 1.991985e-03 7.036616e-05 4.178931e-04 1.620115e-04 7.325962e-08 9.044032e-16
   88    1      1      0    0   125 1.505544e-254 1.681637e-04 8.300184e-04 0.0073446408 0.005977767 0.0002590498 0.0248600354 0.045600885 0.01784913 0.06538842 0.04500838 0.01756936 0.060444815 0.070361093 0.05475394 0.03128124 0.045556233 0.03426776 0.03702423 0.02578080 0.009797334 0.04727481 0.02686570 0.020445409 0.041433601 0.030331534 0.08657491 0.02605671 0.015302641 0.007868599 0.0047891852 0.017439342 0.004347405 0.026062282 3.347298e-03 0.0016968244 1.231907e-03 0.0189058995 0.0171732834 1.589338e-05 2.041264e-03 6.721850e-04 2.848910e-09 8.307039e-10 1.004390e-10
   92    1      1      0    0   125 5.056138e-160 3.849305e-08 1.011262e-07 0.0034685655 0.004871556 0.0063099113 0.0095503764 0.014347442 0.06961822 0.04396059 0.02137973 0.03252473 0.037366190 0.054279395 0.05246097 0.07470726 0.026796623 0.04272740 0.04443031 0.04313255 0.028252032 0.03615782 0.02718247 0.013767106 0.027858612 0.022659513 0.04253899 0.01184091 0.045160303 0.013127401 0.0304249503 0.020161160 0.020655564 0.029208782 1.396144e-02 0.0153081435 1.759590e-03 0.0040790935 0.0004995319 5.393217e-04 7.106579e-08 1.150373e-02 1.421503e-03 4.285126e-14 2.559125e-16
   96    1      1      0    0   125  0.000000e+00 5.138440e-09 1.657947e-02 0.0116112929 0.018055272 0.0010498202 0.0008872422 0.043526158 0.03446172 0.05190146 0.06072431 0.03662925 0.025267999 0.033496924 0.04937223 0.05775463 0.080832238 0.03099525 0.02113899 0.02234123 0.024352232 0.01451232 0.01303272 0.009503258 0.031465711 0.043985667 0.05568031 0.02932622 0.005689760 0.040211180 0.0214572971 0.017164570 0.018333586 0.004320409 2.908482e-02 0.0060901584 1.053404e-02 0.0008080422 0.0003261116 7.290867e-03 2.020403e-02 1.205523e-06 1.121384e-11 1.009877e-08 5.806605e-12
  100    1      1      0    0   125  9.280910e-23 8.969485e-21 5.921373e-05 0.0075675863 0.001145023 0.0038151012 0.0082290724 0.055941388 0.04961758 0.08816224 0.06648267 0.05732344 0.066864176 0.043381697 0.03371293 0.02872835 0.020701075 0.01448426 0.01904623 0.03414696 0.054576431 0.01324280 0.01685011 0.015185741 0.009199054 0.028153476 0.02881044 0.01613183 0.044029632 0.001523439 0.0565037124 0.036408772 0.006390878 0.003771676 4.194941e-02 0.0109254433 1.798568e-03 0.0076966265 0.0052603002 1.431758e-03 1.299007e-04 7.148759e-07 4.132904e-05 9.416556e-11 5.789473e-04
   76    1      2      0    0   500  1.210079e-22 2.390363e-03 2.140261e-02 0.0556199319 0.060513410 0.0192545653 0.0060680865 0.025525053 0.05307778 0.04542270 0.06562348 0.04816444 0.028802828 0.038653121 0.05017054 0.03391158 0.027917312 0.03271817 0.03022073 0.02735850 0.037160850 0.01297689 0.02245675 0.030099479 0.027161954 0.033579688 0.01953186 0.02066909 0.017668188 0.010149463 0.0230532913 0.010293165 0.017884194 0.007260722 1.079814e-02 0.0078272727 8.133293e-03 0.0047538131 0.0024855421 1.231400e-03 7.564851e-04 7.542440e-04 7.620990e-05 4.064511e-04 1.637022e-05
   78    1      2      0    0   500  1.824496e-04 2.346643e-03 2.143572e-02 0.0577178080 0.052920121 0.0134713506 0.0117666079 0.010819130 0.04095689 0.07289266 0.04780034 0.03985311 0.047938950 0.030743674 0.02887479 0.03638184 0.034354589 0.04522323 0.03820185 0.03374515 0.039367137 0.01442532 0.01912340 0.011681188 0.022743101 0.036073968 0.02801001 0.02239103 0.017631765 0.017095791 0.0130885588 0.021187170 0.004943439 0.024860656 8.802606e-03 0.0075769460 1.084788e-02 0.0008434226 0.0059403572 2.288534e-03 3.092911e-04 5.273356e-05 7.323138e-04 3.212353e-07 2.356151e-03
   80    1      2      0    0   500  6.969261e-14 2.122829e-03 1.707150e-02 0.0477150559 0.062012592 0.0204014852 0.0126443057 0.022751831 0.04072052 0.05795045 0.05938103 0.03750620 0.022234095 0.017101160 0.05032507 0.04256046 0.039477708 0.02746550 0.04325790 0.02566209 0.027141934 0.02317459 0.01894923 0.039496600 0.027580071 0.027436851 0.03405556 0.01758540 0.007759431 0.019245353 0.0114329687 0.017140121 0.022361106 0.013030410 1.221769e-02 0.0038709301 1.742232e-03 0.0081838476 0.0054400967 8.720975e-05 5.807563e-03 1.532823e-03 5.189891e-03 2.036120e-04 9.727081e-04
   82    1      2      0    0   500  2.837013e-08 2.452883e-05 1.578665e-02 0.0501218990 0.041747258 0.0122147387 0.0203172893 0.031084930 0.03868924 0.06852027 0.05090541 0.04553968 0.030718789 0.034482838 0.04619004 0.03015044 0.050591702 0.02893374 0.02214259 0.02972174 0.035543345 0.02448214 0.02337565 0.026583155 0.025668773 0.024859472 0.02631638 0.01970429 0.026718221 0.013913976 0.0160727128 0.015574999 0.012841754 0.016708112 1.247912e-02 0.0031899530 9.097785e-03 0.0096217020 0.0049728221 1.390837e-03 5.097090e-04 8.178975e-04 8.723075e-04 7.652565e-04 3.582178e-05
   84    1      2      0    0   500  3.777995e-28 1.229523e-03 2.068585e-02 0.0380734454 0.053229475 0.0236934110 0.0174017198 0.030259358 0.04377239 0.05258135 0.05110233 0.05564526 0.037703558 0.033335664 0.02907044 0.03879924 0.031771713 0.03053800 0.04357213 0.03073149 0.036376726 0.01708257 0.02977691 0.024233083 0.027219867 0.020904902 0.03468053 0.02389717 0.019582504 0.011595188 0.0233100249 0.009569229 0.010162437 0.020929093 8.671485e-03 0.0043203536 5.138973e-03 0.0031998867 0.0021755245 1.538519e-03 6.964100e-04 7.397347e-05 1.395870e-03 5.622018e-05 2.162049e-04
   86    1      2      0    0   500  3.926322e-04 1.791941e-03 1.292029e-02 0.0619822201 0.048761002 0.0210489041 0.0064131584 0.016738867 0.05048930 0.03675706 0.04653953 0.03793200 0.031096978 0.051946639 0.04621002 0.02808503 0.075123754 0.03237008 0.03296655 0.04374277 0.020892636 0.01750661 0.02725166 0.028098663 0.025374925 0.018931890 0.01192043 0.02281156 0.020490454 0.021389554 0.0202591624 0.022310459 0.012645253 0.005547138 1.258712e-02 0.0108728656 3.005596e-03 0.0029342621 0.0044610877 1.638035e-03 4.913056e-03 4.939347e-05 1.822267e-05 7.698116e-04 1.141760e-05
   88    1      2      0    0   500  4.177857e-05 2.651417e-03 1.925685e-02 0.0658646010 0.043084292 0.0202880791 0.0111262111 0.018483376 0.03679747 0.05621463 0.05389299 0.04093054 0.030642798 0.027857218 0.03850371 0.05245542 0.041991534 0.03570315 0.03233051 0.02612544 0.038164350 0.03013854 0.02629204 0.022867460 0.025747574 0.012122600 0.03290090 0.01871365 0.015224637 0.022780565 0.0129034776 0.015671818 0.015718805 0.009807522 1.017881e-02 0.0154522598 5.415465e-03 0.0046008642 0.0036589957 2.599807e-03 2.274560e-03 8.132548e-04 1.698687e-03 3.005663e-06 8.325821e-06
   90    1      2      0    0   500  2.452834e-23 6.797177e-03 2.441270e-02 0.0401555739 0.059949572 0.0228765628 0.0143127008 0.016342941 0.03563170 0.07294251 0.04338373 0.04101042 0.041737281 0.032438098 0.01970883 0.04101517 0.028857225 0.03527891 0.03391662 0.02643068 0.033838083 0.02585398 0.02299335 0.017849952 0.030981009 0.033718762 0.01806791 0.01886584 0.017560087 0.015971184 0.0268286951 0.020512584 0.020039325 0.013859988 1.439617e-02 0.0104803885 6.837811e-03 0.0057259841 0.0040662886 1.541261e-04 1.250091e-04 4.646344e-05 1.513409e-03 2.323802e-03 1.913940e-04
   92    1      2      0    0   500  1.000571e-10 2.333567e-03 1.439857e-02 0.0657886674 0.041597705 0.0160570532 0.0131094837 0.017552039 0.05048294 0.05036902 0.06542238 0.03793902 0.029167206 0.028385703 0.05648183 0.04004032 0.039842251 0.02985217 0.02431151 0.01974901 0.036164094 0.03002853 0.03593619 0.026129258 0.019265769 0.021701473 0.01759887 0.01937541 0.019779948 0.029190618 0.0216666065 0.007490698 0.013208771 0.010627263 1.111234e-02 0.0162931210 4.278816e-03 0.0074668539 0.0009932865 3.456789e-03 1.951343e-03 2.063247e-04 3.828946e-04 1.085475e-03 1.728807e-03
   94    1      2      0    0   500  1.026771e-04 9.154244e-04 1.449273e-02 0.0431119703 0.060517605 0.0128753268 0.0086998591 0.015587167 0.04052550 0.05861689 0.05264079 0.04896681 0.035584846 0.024843472 0.04701627 0.03137575 0.045825160 0.04192958 0.04377980 0.02781510 0.028194866 0.02494028 0.03130718 0.020140175 0.033546194 0.020221437 0.01500585 0.03292929 0.026186629 0.017354188 0.0169029055 0.016703587 0.016254702 0.013663216 9.969879e-03 0.0027894711 6.916904e-03 0.0013727148 0.0012602508 1.374470e-03 3.546678e-03 3.221281e-05 2.004730e-03 7.512951e-04 1.408150e-03
   96    1      2      0    0   500  2.956104e-11 1.615278e-03 1.930959e-02 0.0497711301 0.049355224 0.0229810526 0.0086488982 0.020608004 0.04883165 0.06463971 0.03744353 0.04014061 0.032086680 0.032978381 0.05210134 0.04914775 0.027070892 0.02464222 0.03484816 0.03224192 0.031881902 0.03247805 0.02942816 0.038914923 0.034507723 0.022867352 0.02124459 0.01438830 0.026712720 0.010365580 0.0179044215 0.012463523 0.013467163 0.005486298 1.192658e-02 0.0046915913 4.682384e-03 0.0014704601 0.0056455750 2.126202e-03 1.089456e-03 6.997558e-04 4.794741e-06 6.908834e-03 1.816620e-04
   98    1      2      0    0   500  1.616449e-09 1.893733e-03 2.253256e-02 0.0322973943 0.041843447 0.0211698252 0.0126054041 0.026779408 0.03260413 0.05547048 0.05995511 0.06927150 0.028120518 0.030318213 0.02926324 0.02664856 0.045256453 0.02980699 0.03166419 0.02555202 0.029727189 0.02639985 0.03869999 0.024121828 0.021227640 0.034284909 0.02418132 0.03182737 0.024147094 0.027005003 0.0194853389 0.020997446 0.007714396 0.018428564 7.913650e-03 0.0039101098 1.116437e-02 0.0018717716 0.0017600018 1.143172e-03 1.130774e-04 5.114848e-04 1.518280e-04 5.232970e-06 1.542012e-04
  100    1      2      0    0   500  6.326780e-06 7.693329e-03 2.565487e-02 0.0660064227 0.065884697 0.0235610328 0.0116098709 0.028063940 0.03415280 0.04455999 0.06364779 0.03182304 0.032832700 0.044661842 0.02617565 0.03998609 0.026275979 0.04422809 0.02363225 0.01759561 0.016994100 0.02240204 0.03944137 0.041822145 0.035443522 0.021734743 0.02976525 0.02035119 0.020922077 0.015129969 0.0117610682 0.012496308 0.013195308 0.003451822 7.688499e-03 0.0098803854 2.512664e-03 0.0075983584 0.0023595156 2.460715e-03 4.154809e-03 5.264355e-06 2.455598e-06 2.815068e-06 3.712878e-04
15 #_N_agebins
#_agebin_vector
1 2 3 4 5 6 7 8 9 10 11 12 13 14 15
1 #_N_ageerror_definitions
 #_age0   age1   age2   age3   age4   age5   age6   age7   age8   age9  age10  age11  age12  age13  age14  age15  age16  age17  age18  age19  age20  age21  age22  age23  age24  age25
 -1.000 -1.000 -1.000 -1.000 -1.000 -1.000 -1.000 -1.000 -1.000 -1.000 -1.000 -1.000 -1.000 -1.000 -1.000 -1.000 -1.000 -1.000 -1.000 -1.000 -1.000 -1.000 -1.000 -1.000 -1.000 -1.000
  0.001  0.001  0.001  0.001  0.001  0.001  0.001  0.001  0.001  0.001  0.001  0.001  0.001  0.001  0.001  0.001  0.001  0.001  0.001  0.001  0.001  0.001  0.001  0.001  0.001  0.001
86 #_N_agecomp
1 #_Lbin_method: 1=poplenbins; 2=datalenbins; 3=lengths
-1 #_combine males into females at or below this bin number
 #_Yr Seas FltSvy Gender Part Ageerr Lbin_lo Lbin_hi Nsamp          a1        a2        a3        a4         a5         a6         a7         a8          a9         a10         a11         a12          a13          a14         a15
   26    1      1      0    0      1      -1      -1   125  0.01010263 0.1515042 0.1647149 0.1348540 0.10556432 0.06628281 0.08148062 0.05872205 0.043281677 0.048328124 0.009244603 0.008793534 0.0145776776 2.732237e-02 0.075226470
   36    1      1      0    0      1      -1      -1   125  0.03761446 0.2229031 0.2465376 0.1879823 0.09273241 0.03830161 0.04788124 0.05972075 0.006848429 0.008814795 0.014441587 0.010128991 0.0058637059 2.889787e-03 0.017339209
   46    1      1      0    0      1      -1      -1   125  0.03034053 0.1801851 0.1935147 0.1378175 0.09840599 0.07305354 0.12055205 0.04567395 0.046719768 0.015556374 0.011485052 0.008647869 0.0052834217 3.800199e-03 0.028963933
   56    1      1      0    0      1      -1      -1   125  0.03360749 0.2784069 0.1955097 0.1315792 0.10155394 0.06782021 0.06537448 0.02627052 0.013279892 0.003946696 0.033788754 0.030956908 0.0083270653 1.277480e-03 0.008300770
   60    1      1      0    0      1      -1      -1   125  0.04366154 0.2695980 0.2476131 0.1324554 0.07812496 0.03537843 0.04027490 0.03395204 0.035218328 0.034912019 0.003821511 0.020539329 0.0046958868 3.088268e-04 0.019445802
   64    1      1      0    0      1      -1      -1   125  0.07924413 0.2049047 0.1516622 0.1344396 0.16849144 0.10554843 0.03598977 0.02571710 0.052974612 0.021291132 0.002087424 0.004871297 0.0060575414 1.973217e-03 0.004747432
   68    1      1      0    0      1      -1      -1   125  0.06559185 0.2226244 0.2201328 0.1322715 0.08659849 0.09247045 0.04327243 0.04108004 0.028390740 0.014164412 0.007841497 0.025369807 0.0131937755 3.723371e-04 0.006625438
   72    1      1      0    0      1      -1      -1   125  0.03258925 0.2991326 0.2176621 0.1655521 0.06062489 0.04798237 0.05335250 0.03139319 0.017498629 0.020731636 0.005741261 0.016582665 0.0176686965 8.466083e-06 0.013479650
   76    1      1      0    0      1      -1      -1   125  0.01914632 0.2253176 0.2272401 0.1226552 0.04238740 0.13099925 0.03066778 0.06982005 0.017452248 0.007923168 0.016211164 0.029450184 0.0099880319 1.911202e-02 0.031629434
   80    1      1      0    0      1      -1      -1   125  0.05245233 0.2667756 0.1636407 0.1457381 0.10934911 0.05824230 0.04750298 0.06757390 0.032230513 0.002104076 0.017641561 0.008529118 0.0140133489 3.639630e-05 0.014170008
   84    1      1      0    0      1      -1      -1   125  0.03305412 0.2097218 0.2149423 0.1678102 0.10437756 0.09248783 0.06247081 0.02645363 0.014588110 0.010105064 0.006272526 0.019005253 0.0177276294 1.837617e-03 0.019145517
   88    1      1      0    0      1      -1      -1   125  0.07576143 0.1877346 0.1358981 0.1059104 0.09719073 0.15252166 0.07399058 0.04418348 0.016289144 0.024779054 0.029310489 0.032091980 0.0060224080 2.097383e-04 0.018106147
   92    1      1      0    0      1      -1      -1   125  0.03696334 0.2086864 0.1040411 0.1800758 0.16804111 0.09426423 0.05766077 0.05633676 0.042100136 0.019419447 0.016639910 0.005338819 0.0052405652 4.376312e-05 0.005147907
   96    1      1      0    0      1      -1      -1   125  0.07389402 0.2303239 0.2020917 0.1009239 0.08933711 0.04561258 0.10057072 0.06031296 0.042093942 0.021610754 0.008422550 0.005071769 0.0123855297 5.795658e-04 0.006769029
  100    1      1      0    0      1      -1      -1   125  0.01424445 0.2572253 0.1890048 0.1013105 0.11167707 0.11697760 0.04221727 0.06076142 0.026398188 0.011019198 0.017784790 0.024600990 0.0006898399 6.903403e-03 0.019185200
   76    1      2      0    0      1      -1      -1   500  0.17184759 0.2327948 0.1509162 0.1107041 0.09189886 0.06814482 0.05039192 0.04072897 0.022036925 0.017576583 0.008063532 0.013465805 0.0056215897 1.795394e-03 0.014012867
   78    1      2      0    0      1      -1      -1   500  0.15668966 0.1779968 0.1632431 0.1457816 0.09908294 0.08570920 0.03169930 0.05800535 0.022597193 0.019559986 0.010419302 0.008064266 0.0101265296 3.093588e-03 0.007931131
   80    1      2      0    0      1      -1      -1   500  0.13401265 0.2525535 0.1642694 0.1128422 0.07468961 0.06702642 0.04522281 0.03674493 0.038450604 0.031963989 0.012617017 0.009368654 0.0066421621 2.133084e-03 0.011463007
   82    1      2      0    0      1      -1      -1   500  0.13094673 0.2528718 0.1625151 0.1179385 0.09564495 0.07526176 0.06538255 0.03132899 0.014612221 0.014704551 0.009826433 0.011140411 0.0015776341 5.127498e-03 0.011120916
   84    1      2      0    0      1      -1      -1   500  0.15869812 0.2345904 0.1788330 0.1251931 0.08948958 0.05090800 0.04396037 0.02726946 0.034621361 0.019766480 0.012466722 0.005471797 0.0052332909 2.430808e-03 0.011067475
   86    1      2      0    0      1      -1      -1   500  0.13798694 0.2382027 0.1667459 0.1450664 0.09034473 0.08073552 0.04055210 0.01772059 0.012572737 0.011668527 0.011463472 0.017925061 0.0039420695 1.385484e-03 0.023687757
   88    1      2      0    0      1      -1      -1   500  0.16087792 0.2132805 0.1791811 0.1296893 0.09151881 0.05061169 0.05164938 0.03781418 0.023537266 0.014495963 0.012453021 0.007704722 0.0096106125 4.687434e-03 0.012888158
   90    1      2      0    0      1      -1      -1   500  0.15755203 0.2174703 0.1819515 0.1169745 0.10376419 0.04532896 0.06459128 0.03034662 0.030345260 0.013353041 0.006394866 0.010791274 0.0096941158 2.036789e-03 0.009405262
   92    1      2      0    0      1      -1      -1   500  0.13312633 0.2531804 0.1487680 0.1183404 0.10311799 0.07398720 0.03959075 0.03796492 0.018493991 0.026873696 0.017561477 0.007307186 0.0050107440 4.297339e-03 0.012379523
   94    1      2      0    0      1      -1      -1   500  0.13405226 0.2051226 0.1686846 0.1382524 0.10267454 0.07649355 0.05732075 0.03055602 0.020575286 0.015327096 0.007799595 0.015955076 0.0053497171 7.331518e-03 0.014505001
   96    1      2      0    0      1      -1      -1   500  0.10643893 0.1988386 0.1548438 0.1266721 0.12975783 0.07069047 0.05926870 0.04934999 0.029880719 0.016192762 0.014325911 0.007036657 0.0080830060 1.160053e-02 0.017020000
   98    1      2      0    0      1      -1      -1   500  0.13762927 0.2295048 0.1821938 0.1608523 0.07768721 0.05163184 0.04146329 0.02982849 0.020981856 0.026782785 0.010816890 0.006664970 0.0062494155 9.300441e-03 0.008412632
  100    1      2      0    0      1      -1      -1   500  0.13311271 0.2106619 0.1697137 0.1330403 0.08292454 0.06395833 0.07446225 0.04355198 0.022896646 0.017783192 0.014184541 0.009635657 0.0057151663 2.880949e-03 0.015478217
   60    1      1      0    0      1       5       5     1  1.00000000 0.0000000 0.0000000 0.0000000 0.00000000 0.00000000 0.00000000 0.00000000 0.000000000 0.000000000 0.000000000 0.000000000 0.0000000000 0.000000e+00 0.000000000
   60    1      1      0    0      1       7       7     1  1.00000000 0.0000000 0.0000000 0.0000000 0.00000000 0.00000000 0.00000000 0.00000000 0.000000000 0.000000000 0.000000000 0.000000000 0.0000000000 0.000000e+00 0.000000000
   60    1      1      0    0      1       9       9     4  4.00000000 0.0000000 0.0000000 0.0000000 0.00000000 0.00000000 0.00000000 0.00000000 0.000000000 0.000000000 0.000000000 0.000000000 0.0000000000 0.000000e+00 0.000000000
   60    1      1      0    0      1      10      10    12 12.00000000 0.0000000 0.0000000 0.0000000 0.00000000 0.00000000 0.00000000 0.00000000 0.000000000 0.000000000 0.000000000 0.000000000 0.0000000000 0.000000e+00 0.000000000
   60    1      1      0    0      1      11      11     7  7.00000000 0.0000000 0.0000000 0.0000000 0.00000000 0.00000000 0.00000000 0.00000000 0.000000000 0.000000000 0.000000000 0.000000000 0.0000000000 0.000000e+00 0.000000000
   60    1      1      0    0      1      12      12     3  3.00000000 0.0000000 0.0000000 0.0000000 0.00000000 0.00000000 0.00000000 0.00000000 0.000000000 0.000000000 0.000000000 0.000000000 0.0000000000 0.000000e+00 0.000000000
   60    1      1      0    0      1      13      13     3  3.00000000 0.0000000 0.0000000 0.0000000 0.00000000 0.00000000 0.00000000 0.00000000 0.000000000 0.000000000 0.000000000 0.000000000 0.0000000000 0.000000e+00 0.000000000
   60    1      1      0    0      1      15      15     6  6.00000000 0.0000000 0.0000000 0.0000000 0.00000000 0.00000000 0.00000000 0.00000000 0.000000000 0.000000000 0.000000000 0.000000000 0.0000000000 0.000000e+00 0.000000000
   60    1      1      0    0      1      16      16     3  3.00000000 0.0000000 0.0000000 0.0000000 0.00000000 0.00000000 0.00000000 0.00000000 0.000000000 0.000000000 0.000000000 0.000000000 0.0000000000 0.000000e+00 0.000000000
   60    1      1      0    0      1      17      17     5  5.00000000 0.0000000 0.0000000 0.0000000 0.00000000 0.00000000 0.00000000 0.00000000 0.000000000 0.000000000 0.000000000 0.000000000 0.0000000000 0.000000e+00 0.000000000
   60    1      1      0    0      1      18      18     6  6.00000000 0.0000000 0.0000000 0.0000000 0.00000000 0.00000000 0.00000000 0.00000000 0.000000000 0.000000000 0.000000000 0.000000000 0.0000000000 0.000000e+00 0.000000000
   60    1      1      0    0      1      19      19     1  1.00000000 0.0000000 0.0000000 0.0000000 0.00000000 0.00000000 0.00000000 0.00000000 0.000000000 0.000000000 0.000000000 0.000000000 0.0000000000 0.000000e+00 0.000000000
   60    1      1      0    0      1      20      20     9  9.00000000 0.0000000 0.0000000 0.0000000 0.00000000 0.00000000 0.00000000 0.00000000 0.000000000 0.000000000 0.000000000 0.000000000 0.0000000000 0.000000e+00 0.000000000
   60    1      1      0    0      1      21      21     1  1.00000000 0.0000000 0.0000000 0.0000000 0.00000000 0.00000000 0.00000000 0.00000000 0.000000000 0.000000000 0.000000000 0.000000000 0.0000000000 0.000000e+00 0.000000000
   60    1      1      0    0      1      22      22     1  1.00000000 0.0000000 0.0000000 0.0000000 0.00000000 0.00000000 0.00000000 0.00000000 0.000000000 0.000000000 0.000000000 0.000000000 0.0000000000 0.000000e+00 0.000000000
   60    1      1      0    0      1      24      24     3  3.00000000 0.0000000 0.0000000 0.0000000 0.00000000 0.00000000 0.00000000 0.00000000 0.000000000 0.000000000 0.000000000 0.000000000 0.0000000000 0.000000e+00 0.000000000
   60    1      1      0    0      1      25      25     4  4.00000000 0.0000000 0.0000000 0.0000000 0.00000000 0.00000000 0.00000000 0.00000000 0.000000000 0.000000000 0.000000000 0.000000000 0.0000000000 0.000000e+00 0.000000000
   60    1      1      0    0      1      26      26     2  2.00000000 0.0000000 0.0000000 0.0000000 0.00000000 0.00000000 0.00000000 0.00000000 0.000000000 0.000000000 0.000000000 0.000000000 0.0000000000 0.000000e+00 0.000000000
   60    1      1      0    0      1      27      27     1  1.00000000 0.0000000 0.0000000 0.0000000 0.00000000 0.00000000 0.00000000 0.00000000 0.000000000 0.000000000 0.000000000 0.000000000 0.0000000000 0.000000e+00 0.000000000
   60    1      1      0    0      1      28      28     4  3.00000000 1.0000000 0.0000000 0.0000000 0.00000000 0.00000000 0.00000000 0.00000000 0.000000000 0.000000000 0.000000000 0.000000000 0.0000000000 0.000000e+00 0.000000000
   60    1      1      0    0      1      29      29     6  4.00000000 2.0000000 0.0000000 0.0000000 0.00000000 0.00000000 0.00000000 0.00000000 0.000000000 0.000000000 0.000000000 0.000000000 0.0000000000 0.000000e+00 0.000000000
   60    1      1      0    0      1      30      30     3  1.00000000 2.0000000 0.0000000 0.0000000 0.00000000 0.00000000 0.00000000 0.00000000 0.000000000 0.000000000 0.000000000 0.000000000 0.0000000000 0.000000e+00 0.000000000
   60    1      1      0    0      1      31      31     1  0.00000000 1.0000000 0.0000000 0.0000000 0.00000000 0.00000000 0.00000000 0.00000000 0.000000000 0.000000000 0.000000000 0.000000000 0.0000000000 0.000000e+00 0.000000000
   60    1      1      0    0      1      32      32     5  0.00000000 4.0000000 1.0000000 0.0000000 0.00000000 0.00000000 0.00000000 0.00000000 0.000000000 0.000000000 0.000000000 0.000000000 0.0000000000 0.000000e+00 0.000000000
   60    1      1      0    0      1      33      33     1  0.00000000 1.0000000 0.0000000 0.0000000 0.00000000 0.00000000 0.00000000 0.00000000 0.000000000 0.000000000 0.000000000 0.000000000 0.0000000000 0.000000e+00 0.000000000
   60    1      1      0    0      1      34      34     2  0.00000000 2.0000000 0.0000000 0.0000000 0.00000000 0.00000000 0.00000000 0.00000000 0.000000000 0.000000000 0.000000000 0.000000000 0.0000000000 0.000000e+00 0.000000000
   60    1      1      0    0      1      37      37     2  0.00000000 2.0000000 0.0000000 0.0000000 0.00000000 0.00000000 0.00000000 0.00000000 0.000000000 0.000000000 0.000000000 0.000000000 0.0000000000 0.000000e+00 0.000000000
   60    1      1      0    0      1      38      38     2  0.00000000 2.0000000 0.0000000 0.0000000 0.00000000 0.00000000 0.00000000 0.00000000 0.000000000 0.000000000 0.000000000 0.000000000 0.0000000000 0.000000e+00 0.000000000
   60    1      1      0    0      1      39      39     1  0.00000000 1.0000000 0.0000000 0.0000000 0.00000000 0.00000000 0.00000000 0.00000000 0.000000000 0.000000000 0.000000000 0.000000000 0.0000000000 0.000000e+00 0.000000000
  100    1      1      0    0      1       4       4     2  2.00000000 0.0000000 0.0000000 0.0000000 0.00000000 0.00000000 0.00000000 0.00000000 0.000000000 0.000000000 0.000000000 0.000000000 0.0000000000 0.000000e+00 0.000000000
  100    1      1      0    0      1       6       6     1  1.00000000 0.0000000 0.0000000 0.0000000 0.00000000 0.00000000 0.00000000 0.00000000 0.000000000 0.000000000 0.000000000 0.000000000 0.0000000000 0.000000e+00 0.000000000
  100    1      1      0    0      1       7       7     2  2.00000000 0.0000000 0.0000000 0.0000000 0.00000000 0.00000000 0.00000000 0.00000000 0.000000000 0.000000000 0.000000000 0.000000000 0.0000000000 0.000000e+00 0.000000000
  100    1      1      0    0      1       8       8     4  4.00000000 0.0000000 0.0000000 0.0000000 0.00000000 0.00000000 0.00000000 0.00000000 0.000000000 0.000000000 0.000000000 0.000000000 0.0000000000 0.000000e+00 0.000000000
  100    1      1      0    0      1       9       9     3  3.00000000 0.0000000 0.0000000 0.0000000 0.00000000 0.00000000 0.00000000 0.00000000 0.000000000 0.000000000 0.000000000 0.000000000 0.0000000000 0.000000e+00 0.000000000
  100    1      1      0    0      1      10      10     8  8.00000000 0.0000000 0.0000000 0.0000000 0.00000000 0.00000000 0.00000000 0.00000000 0.000000000 0.000000000 0.000000000 0.000000000 0.0000000000 0.000000e+00 0.000000000
  100    1      1      0    0      1      11      11     6  6.00000000 0.0000000 0.0000000 0.0000000 0.00000000 0.00000000 0.00000000 0.00000000 0.000000000 0.000000000 0.000000000 0.000000000 0.0000000000 0.000000e+00 0.000000000
  100    1      1      0    0      1      12      12     7  7.00000000 0.0000000 0.0000000 0.0000000 0.00000000 0.00000000 0.00000000 0.00000000 0.000000000 0.000000000 0.000000000 0.000000000 0.0000000000 0.000000e+00 0.000000000
  100    1      1      0    0      1      13      13     5  5.00000000 0.0000000 0.0000000 0.0000000 0.00000000 0.00000000 0.00000000 0.00000000 0.000000000 0.000000000 0.000000000 0.000000000 0.0000000000 0.000000e+00 0.000000000
  100    1      1      0    0      1      14      14     5  5.00000000 0.0000000 0.0000000 0.0000000 0.00000000 0.00000000 0.00000000 0.00000000 0.000000000 0.000000000 0.000000000 0.000000000 0.0000000000 0.000000e+00 0.000000000
  100    1      1      0    0      1      15      15     1  1.00000000 0.0000000 0.0000000 0.0000000 0.00000000 0.00000000 0.00000000 0.00000000 0.000000000 0.000000000 0.000000000 0.000000000 0.0000000000 0.000000e+00 0.000000000
  100    1      1      0    0      1      16      16     3  3.00000000 0.0000000 0.0000000 0.0000000 0.00000000 0.00000000 0.00000000 0.00000000 0.000000000 0.000000000 0.000000000 0.000000000 0.0000000000 0.000000e+00 0.000000000
  100    1      1      0    0      1      17      17     2  2.00000000 0.0000000 0.0000000 0.0000000 0.00000000 0.00000000 0.00000000 0.00000000 0.000000000 0.000000000 0.000000000 0.000000000 0.0000000000 0.000000e+00 0.000000000
  100    1      1      0    0      1      18      18     2  2.00000000 0.0000000 0.0000000 0.0000000 0.00000000 0.00000000 0.00000000 0.00000000 0.000000000 0.000000000 0.000000000 0.000000000 0.0000000000 0.000000e+00 0.000000000
  100    1      1      0    0      1      19      19     6  6.00000000 0.0000000 0.0000000 0.0000000 0.00000000 0.00000000 0.00000000 0.00000000 0.000000000 0.000000000 0.000000000 0.000000000 0.0000000000 0.000000e+00 0.000000000
  100    1      1      0    0      1      20      20     4  4.00000000 0.0000000 0.0000000 0.0000000 0.00000000 0.00000000 0.00000000 0.00000000 0.000000000 0.000000000 0.000000000 0.000000000 0.0000000000 0.000000e+00 0.000000000
  100    1      1      0    0      1      21      21     4  4.00000000 0.0000000 0.0000000 0.0000000 0.00000000 0.00000000 0.00000000 0.00000000 0.000000000 0.000000000 0.000000000 0.000000000 0.0000000000 0.000000e+00 0.000000000
  100    1      1      0    0      1      22      22     2  2.00000000 0.0000000 0.0000000 0.0000000 0.00000000 0.00000000 0.00000000 0.00000000 0.000000000 0.000000000 0.000000000 0.000000000 0.0000000000 0.000000e+00 0.000000000
  100    1      1      0    0      1      23      23     2  2.00000000 0.0000000 0.0000000 0.0000000 0.00000000 0.00000000 0.00000000 0.00000000 0.000000000 0.000000000 0.000000000 0.000000000 0.0000000000 0.000000e+00 0.000000000
  100    1      1      0    0      1      24      24     1  1.00000000 0.0000000 0.0000000 0.0000000 0.00000000 0.00000000 0.00000000 0.00000000 0.000000000 0.000000000 0.000000000 0.000000000 0.0000000000 0.000000e+00 0.000000000
  100    1      1      0    0      1      25      25     1  1.00000000 0.0000000 0.0000000 0.0000000 0.00000000 0.00000000 0.00000000 0.00000000 0.000000000 0.000000000 0.000000000 0.000000000 0.0000000000 0.000000e+00 0.000000000
  100    1      1      0    0      1      26      26     3  3.00000000 0.0000000 0.0000000 0.0000000 0.00000000 0.00000000 0.00000000 0.00000000 0.000000000 0.000000000 0.000000000 0.000000000 0.0000000000 0.000000e+00 0.000000000
  100    1      1      0    0      1      27      27     3  3.00000000 0.0000000 0.0000000 0.0000000 0.00000000 0.00000000 0.00000000 0.00000000 0.000000000 0.000000000 0.000000000 0.000000000 0.0000000000 0.000000e+00 0.000000000
  100    1      1      0    0      1      28      28     1  0.00000000 1.0000000 0.0000000 0.0000000 0.00000000 0.00000000 0.00000000 0.00000000 0.000000000 0.000000000 0.000000000 0.000000000 0.0000000000 0.000000e+00 0.000000000
  100    1      1      0    0      1      29      29     5  1.00000000 4.0000000 0.0000000 0.0000000 0.00000000 0.00000000 0.00000000 0.00000000 0.000000000 0.000000000 0.000000000 0.000000000 0.0000000000 0.000000e+00 0.000000000
  100    1      1      0    0      1      31      31     7  0.00000000 7.0000000 0.0000000 0.0000000 0.00000000 0.00000000 0.00000000 0.00000000 0.000000000 0.000000000 0.000000000 0.000000000 0.0000000000 0.000000e+00 0.000000000
  100    1      1      0    0      1      32      32     5  0.00000000 5.0000000 0.0000000 0.0000000 0.00000000 0.00000000 0.00000000 0.00000000 0.000000000 0.000000000 0.000000000 0.000000000 0.0000000000 0.000000e+00 0.000000000
  100    1      1      0    0      1      35      35     4  0.00000000 4.0000000 0.0000000 0.0000000 0.00000000 0.00000000 0.00000000 0.00000000 0.000000000 0.000000000 0.000000000 0.000000000 0.0000000000 0.000000e+00 0.000000000
  100    1      1      0    0      1      37      37     1  0.00000000 1.0000000 0.0000000 0.0000000 0.00000000 0.00000000 0.00000000 0.00000000 0.000000000 0.000000000 0.000000000 0.000000000 0.0000000000 0.000000e+00 0.000000000
0 #_N_MeanSize_at_Age_obs
0 #_N_environ_variables
0 #_N_environ_obs
0 #_N_sizefreq_methods
0 #_do_tags
0 #_morphcomp_data
#
999
