#C data file created using the SS_writedat function in the R package r4ss
#C should work with SS version: 
#C file write time: 2015-02-11 17:58:21
#
1 #_styr
100 #_endyr
1 #_nseas
12 #_months_per_seas
1 #_spawn_seas
1 #_Nfleet
2 #_Nsurveys
1 #_N_areas
Fishery%Survey%CPUE #_fleetnames
0.5 0.5 0.5 #_surveytiming_in_season
1 1 1 #_area_assignments_for_each_fishery_and_survey
1 #_units of catch:  1=bio; 2=num
0.01 #_se of log(catch) only used for init_eq_catch and for Fmethod 2 and 3
1 #_Ngenders
25 #_Nages
0 #_init_equil_catch_for_each_fishery
100 #_N_lines_of_catch_to_read
 #_Fishery year seas
         0    1    1
         0    2    1
         0    3    1
         0    4    1
         0    5    1
         0    6    1
         0    7    1
         0    8    1
         0    9    1
         0   10    1
         0   11    1
         0   12    1
         0   13    1
         0   14    1
         0   15    1
         0   16    1
         0   17    1
         0   18    1
         0   19    1
         0   20    1
         0   21    1
         0   22    1
         0   23    1
         0   24    1
         0   25    1
 444646000   26    1
 397608000   27    1
 357583000   28    1
 324161000   29    1
 296656000   30    1
 274240000   31    1
 256057000   32    1
 241314000   33    1
 229322000   34    1
 219511000   35    1
 211426000   36    1
 204710000   37    1
 199088000   38    1
 194347000   39    1
 190324000   40    1
 186891000   41    1
 183948000   42    1
 181416000   43    1
 179230000   44    1
 177337000   45    1
 175694000   46    1
 174266000   47    1
 173022000   48    1
 171937000   49    1
 170990000   50    1
 170161000   51    1
 169436000   52    1
 168801000   53    1
 168243000   54    1
 167755000   55    1
 167325000   56    1
 166948000   57    1
 166617000   58    1
 166326000   59    1
 166070000   60    1
 165844000   61    1
 165646000   62    1
 165471000   63    1
 165317000   64    1
 165182000   65    1
 165063000   66    1
 164958000   67    1
 164865000   68    1
 164784000   69    1
 164712000   70    1
 164649000   71    1
 164593000   72    1
 164544000   73    1
 164500000   74    1
 164462000   75    1
 164429000   76    1
 164399000   77    1
 164373000   78    1
 164350000   79    1
 164329000   80    1
 164311000   81    1
 164296000   82    1
 164282000   83    1
 164269000   84    1
 164258000   85    1
 164249000   86    1
 164240000   87    1
 164233000   88    1
 164227000   89    1
 164221000   90    1
 164216000   91    1
 164211000   92    1
 164207000   93    1
 164204000   94    1
 164201000   95    1
 164198000   96    1
 164195000   97    1
 164193000   98    1
 164192000   99    1
 164190000  100    1
13 #_N_cpue
 #_Fleet Units Errtype
       1     1       0
       2     1       0
       3     1       0
 #_year seas index        obs se_log
     76    1     2 1196086089    0.2
     78    1     2 1391693861    0.2
     80    1     2 1367066242    0.2
     82    1     2 1126087206    0.2
     84    1     2 1737897839    0.2
     86    1     2 2158439441    0.2
     88    1     2 1726787835    0.2
     90    1     2 1405032669    0.2
     92    1     2 1849086734    0.2
     94    1     2 1644395636    0.2
     96    1     2 1307659329    0.2
     98    1     2 1225697735    0.2
    100    1     2 1748446651    0.2
0 #_N_discard_fleets
#_discard_units (1=same_as_catchunits(bio/num); 2=fraction; 3=numbers)
#_discard_errtype:  >0 for DF of T-dist(read CV below); 0 for normal with CV; -1 for normal with se; -2 for lognormal
0 #_N_discard
0 #_N_meanbodywt
1 #_DF_for_meanbodywt_T-distribution_like
2 # length bin method: 1=use databins; 2=generate from binwidth,min,max below; 3=read vector
1 # binwidth for population size comp
10 # minimum size in the population (lower edge of first bin and size at age 0.00)
200 # maximum size in the population (lower edge of last bin)
-0.001 #_comp_tail_compression
1e-05 #_add_to_comp
0 #_combine males into females at or below this bin number
45 #_N_lbins
#_lbin_vector
20 23 26 29 32 35 38 41 44 47 50 53 56 59 62 65 68 71 74 77 80 83 86 89 92 95 98 101 104 107 110 113 116 119 122 125 128 131 134 137 140 143 146 149 152
28 #_N_Length_comp_observations
 #_Yr Seas FltSvy Gender Part Nsamp           l20          l23          l26          l29          l32          l35          l38         l41        l44        l47        l50        l53        l56        l59        l62        l65        l68        l71        l74        l77         l80        l83         l86         l89         l92        l95        l98        l101       l104        l107        l110        l113        l116         l119         l122        l125         l128         l131         l134         l137         l140         l143         l146         l149         l152
   26    1      1      0    0   125  0.000000e+00 7.073922e-05 6.047094e-05 0.0005761853 0.0248841675 0.0042076116 0.0004742567 0.001480434 0.03199651 0.06037863 0.04880223 0.05126013 0.01236615 0.01694676 0.01684864 0.03253437 0.03457646 0.01853377 0.01522894 0.03050730 0.017177927 0.02172562 0.020927624 0.050157074 0.036423176 0.03995080 0.02892734 0.034088983 0.06048159 0.004132148 0.035609873 0.040342078 0.030919931 0.0228152411 0.0185171746 0.037413883 0.0477204599 0.0223610721 7.221908e-03 3.550729e-03 3.086801e-03 1.019932e-02 1.146609e-03 1.806460e-03 1.562415e-03
   36    1      1      0    0   125 1.466061e-316 1.345669e-25 3.345990e-03 0.0239895990 0.0152744579 0.0002574309 0.0012156413 0.035167165 0.04151605 0.02922846 0.03182093 0.03493708 0.05940756 0.03867210 0.04125835 0.06476966 0.02624336 0.03997260 0.01947684 0.02161851 0.022047613 0.05708579 0.030250776 0.041211286 0.027661756 0.02991754 0.07443551 0.008091928 0.01987126 0.020005413 0.019831762 0.008202616 0.018735989 0.0111885341 0.0033416581 0.032186471 0.0164037605 0.0077479778 1.051251e-04 1.539788e-02 3.227762e-03 7.191488e-04 2.782976e-07 5.424115e-05 4.106142e-03
   46    1      1      0    0   125 3.884191e-149 2.025786e-25 6.938709e-04 0.0044076068 0.0018433223 0.0074463959 0.0083244119 0.014346926 0.02449974 0.05524866 0.07937842 0.03552905 0.04521954 0.02619510 0.01328552 0.07914584 0.05962323 0.05713522 0.03407885 0.03578575 0.015008321 0.02665424 0.012666769 0.071731162 0.049211706 0.01739783 0.02773266 0.024373732 0.01276000 0.010804893 0.011472513 0.001213504 0.017528227 0.0695981073 0.0065881194 0.011512086 0.0019013672 0.0098112800 2.258842e-03 1.416026e-02 1.185068e-03 7.523679e-04 5.013927e-07 3.826774e-12 1.488996e-03
   56    1      1      0    0   125 8.409923e-224 4.370550e-08 1.331369e-03 0.0089602695 0.0156760089 0.0013682571 0.0021886942 0.027658174 0.06058002 0.06681659 0.04056691 0.03640082 0.04294314 0.05552053 0.04824738 0.03335449 0.03999910 0.03305073 0.02017139 0.02132300 0.051736121 0.05990668 0.021620390 0.031919091 0.018793577 0.03588408 0.02146410 0.049343619 0.01273672 0.013148612 0.017851994 0.027992497 0.012943971 0.0099650592 0.0062991432 0.017447288 0.0080359944 0.0006871398 2.674011e-03 1.504737e-02 5.165140e-04 3.146938e-08 6.107099e-06 7.820155e-03 2.806527e-06
   60    1      1      0    0   125  4.183189e-57 3.885497e-05 4.697034e-03 0.0065216709 0.0087452414 0.0015177755 0.0052103872 0.027867717 0.02389036 0.07120478 0.06475729 0.04929106 0.02288912 0.04170714 0.04330158 0.04502065 0.06362855 0.05196762 0.03604345 0.02319275 0.025017434 0.04296226 0.031407561 0.032800485 0.006193278 0.04779593 0.02935086 0.023097331 0.01016650 0.017954630 0.012492795 0.016161615 0.042610291 0.0138839163 0.0040334347 0.014001607 0.0124636381 0.0011624747 1.406053e-02 1.022243e-02 1.384635e-07 4.611175e-04 1.873084e-04 4.393276e-09 1.938531e-05
   64    1      1      0    0   125 1.816199e-113 4.969238e-21 2.091382e-03 0.0017695784 0.0322944078 0.0047263232 0.0126829022 0.007793417 0.04011476 0.07076743 0.08369846 0.04424990 0.04138122 0.01463220 0.04103373 0.07269867 0.06055854 0.04615999 0.01732532 0.03471755 0.022709285 0.05329811 0.020772299 0.014142339 0.027100320 0.02849905 0.03627907 0.031628652 0.01715788 0.014707497 0.016163111 0.018746599 0.006132447 0.0407425812 0.0075598209 0.001040818 0.0019368828 0.0110811794 1.752335e-05 4.388574e-05 7.873248e-04 8.860006e-09 7.494569e-06 1.207937e-06 7.488542e-04
   68    1      1      0    0   125 8.583847e-180 3.311859e-08 1.011762e-04 0.0016070864 0.0151385687 0.0128208954 0.0032310212 0.012535796 0.05030212 0.06257777 0.04053267 0.02782323 0.06844925 0.04515323 0.03106828 0.06207412 0.06235139 0.02648675 0.07791246 0.04229156 0.034440530 0.02778527 0.031453601 0.052058657 0.021889233 0.03506078 0.01478031 0.019312061 0.02109237 0.012721789 0.012677458 0.005495242 0.028199694 0.0005422846 0.0066200013 0.009727869 0.0034732699 0.0001761133 1.836050e-03 3.257494e-03 3.415679e-04 1.376624e-02 2.189379e-04 3.255531e-10 6.157596e-04
   72    1      1      0    0   125 7.670053e-275 1.375982e-12 3.778739e-04 0.0029317184 0.0185421740 0.0016770570 0.0120517763 0.004232120 0.02594101 0.08826804 0.03665451 0.08606261 0.03957479 0.03128965 0.06448233 0.07156003 0.05440199 0.02079537 0.04468227 0.02310532 0.045900445 0.01990444 0.034017444 0.043009856 0.028373451 0.05504300 0.01881764 0.022093808 0.03188958 0.030924790 0.010977546 0.003912311 0.006425300 0.0027746056 0.0023633283 0.003124682 0.0015447621 0.0090949022 3.563051e-04 4.557435e-06 1.294392e-06 3.640606e-05 8.444094e-11 2.776766e-03 2.139108e-06
   76    1      1      0    0   125 3.220227e-146 4.738599e-10 4.189310e-03 0.0011855005 0.0033107352 0.0035049154 0.0244030737 0.012901777 0.10033556 0.07286900 0.03083499 0.04882386 0.07053823 0.03885529 0.01434520 0.02697544 0.05874237 0.03064047 0.03621323 0.01748194 0.044440353 0.04654765 0.023977502 0.019451193 0.012013434 0.02463952 0.01882818 0.027921729 0.03484399 0.026070714 0.027383226 0.018396936 0.007036610 0.0052580690 0.0222889683 0.034310914 0.0038906739 0.0014092122 2.590808e-03 1.791875e-03 5.257161e-04 2.773915e-06 1.685341e-04 5.223296e-08 6.048326e-05
   80    1      1      0    0   125  9.009134e-13 3.416239e-04 2.132826e-03 0.0012749818 0.0239855568 0.0161253642 0.0011108319 0.027456395 0.04699883 0.03885636 0.05856911 0.05033278 0.04691974 0.01337098 0.04028731 0.03280774 0.02838987 0.04426130 0.03423932 0.05449551 0.036159445 0.03327583 0.033257072 0.046463418 0.016556043 0.05083862 0.01905478 0.036189529 0.01237776 0.027785348 0.015196128 0.019799766 0.006415439 0.0305021034 0.0169470500 0.002044726 0.0099430032 0.0075393212 5.979113e-03 8.102683e-03 3.373492e-03 2.407902e-04 1.539491e-10 2.127589e-06 7.985635e-10
   84    1      1      0    0   125  2.314149e-84 1.349236e-07 6.453824e-03 0.0197327085 0.0039587781 0.0049312729 0.0015794541 0.043656753 0.05785004 0.05372817 0.04496853 0.05599454 0.04246785 0.03813711 0.04393945 0.07381446 0.03648658 0.05260612 0.01643465 0.03081100 0.027738626 0.03762411 0.009710332 0.026069068 0.029919013 0.02772775 0.03791477 0.019632503 0.02284791 0.007136252 0.009394616 0.023170419 0.018055639 0.0183263463 0.0052103996 0.012578073 0.0269507755 0.0111409719 4.802971e-04 5.925096e-05 4.350929e-04 7.994253e-05 6.040367e-06 2.403519e-04 7.830434e-12
   88    1      1      0    0   125 1.369196e-277 2.028501e-05 4.899189e-04 0.0057723337 0.0430808299 0.0042242596 0.0189620101 0.028246170 0.06934155 0.05237150 0.04915238 0.03470880 0.04333173 0.02221230 0.03512026 0.03861186 0.03562810 0.03948634 0.05434798 0.03048120 0.017392623 0.03439062 0.019933291 0.033490366 0.046628216 0.07582707 0.01731844 0.021003179 0.01681288 0.008541201 0.013609789 0.019233151 0.027897991 0.0119746262 0.0088742184 0.001240827 0.0002175895 0.0116485187 1.045967e-03 2.569769e-04 1.096744e-05 7.770221e-04 2.890702e-06 2.968148e-07 6.281495e-03
   92    1      1      0    0   125  1.929758e-33 4.876363e-69 1.525763e-04 0.0150022022 0.0005334567 0.0281967571 0.0055481490 0.013434898 0.05574451 0.03101708 0.10292775 0.03171307 0.04017247 0.04922075 0.05001067 0.03419851 0.03737500 0.06871221 0.03684925 0.04960810 0.008636745 0.01544375 0.027236550 0.009899368 0.033752514 0.05206198 0.04450370 0.022731208 0.04617593 0.028714861 0.023483482 0.003838996 0.004398597 0.0049100015 0.0012467167 0.006589947 0.0027407625 0.0007792786 9.663820e-03 1.783528e-04 1.275935e-04 3.353444e-06 2.181705e-04 1.000936e-19 2.246936e-03
   96    1      1      0    0   125 1.161323e-283 7.765749e-13 3.287688e-04 0.0018025912 0.0078057517 0.0055279844 0.0035095452 0.016355740 0.04818834 0.06593816 0.04382074 0.03521417 0.02063346 0.04103203 0.07881268 0.10617061 0.02581429 0.07854495 0.03462581 0.02365680 0.035466975 0.03642125 0.034213112 0.037596077 0.033809499 0.02517999 0.02914138 0.016926217 0.02376854 0.008181517 0.026396013 0.005847122 0.010008478 0.0080079020 0.0008739834 0.007772332 0.0018086972 0.0016356178 1.635129e-02 1.403903e-03 1.309840e-03 8.855459e-05 5.081218e-09 9.285935e-06 3.165767e-12
  100    1      1      0    0   125  7.967173e-03 3.551116e-06 4.067162e-03 0.0053277357 0.0048624475 0.0094673628 0.0409783861 0.035079046 0.03974849 0.09364317 0.02121804 0.07048055 0.02113128 0.01692994 0.01895121 0.05343194 0.05196109 0.04722016 0.02816052 0.02326604 0.026747259 0.03729932 0.032025111 0.031473961 0.027896147 0.04158215 0.02134341 0.020574547 0.01594001 0.051590129 0.018351551 0.015583625 0.026378694 0.0061895015 0.0079367665 0.011932616 0.0013640478 0.0086617875 4.634722e-04 1.718739e-04 2.531937e-03 1.233043e-11 6.171607e-05 3.495168e-13 5.076331e-06
   76    1      2      0    0   500  7.363883e-05 9.750740e-04 2.223396e-02 0.0514459053 0.0471248534 0.0144896532 0.0108722818 0.013651335 0.05386166 0.04721532 0.03719772 0.04522909 0.03434689 0.02756967 0.03342504 0.04473859 0.03940795 0.03364969 0.04820951 0.03459837 0.018583342 0.02714085 0.024899525 0.027510179 0.040845355 0.01778633 0.02752505 0.020200919 0.04123773 0.017301697 0.013978310 0.017251898 0.008797610 0.0065881030 0.0102661402 0.010535866 0.0154285594 0.0083162864 1.620729e-03 2.036437e-03 5.481390e-04 1.055794e-03 1.241962e-04 7.222394e-05 3.252539e-05
   78    1      2      0    0   500  3.271265e-26 2.472383e-03 8.727054e-03 0.0501252244 0.0401722435 0.0118360625 0.0104293638 0.021948346 0.04955362 0.05081644 0.03653695 0.03673584 0.02763019 0.05251856 0.02464700 0.05905468 0.04392518 0.03855537 0.04075602 0.03657558 0.036125348 0.03200126 0.028677317 0.028215688 0.021634281 0.01534782 0.02980382 0.016903214 0.01802124 0.028005262 0.023324014 0.015779448 0.004192580 0.0117565871 0.0076366294 0.007946787 0.0054659024 0.0032965069 1.149843e-02 7.555792e-04 5.439930e-03 4.001502e-03 6.707018e-06 1.864328e-04 9.616048e-04
   80    1      2      0    0   500  5.816417e-09 5.067294e-03 1.496598e-02 0.0449691065 0.0611767673 0.0128213566 0.0110104432 0.023307606 0.04820232 0.05952582 0.06777330 0.04051284 0.03128966 0.01818648 0.03335244 0.02676155 0.03937705 0.03369677 0.02849470 0.02281688 0.044396370 0.03488878 0.027819676 0.024511658 0.022290668 0.02010183 0.04169439 0.020100508 0.01237390 0.015955563 0.020465479 0.023358248 0.018876539 0.0178155304 0.0080280246 0.006777611 0.0032983993 0.0021625461 9.541898e-03 1.130143e-03 4.338442e-04 7.670555e-05 5.575805e-04 4.913958e-06 3.082420e-05
   82    1      2      0    0   500  2.027270e-19 6.620935e-04 1.712270e-02 0.0414593488 0.0586084967 0.0162675087 0.0094136097 0.026938491 0.04416028 0.06293058 0.05393586 0.04598401 0.03435681 0.03359190 0.04410494 0.03198537 0.03571500 0.01952353 0.04281441 0.03561564 0.030789325 0.02641334 0.044939984 0.012149636 0.019423203 0.01630137 0.01700381 0.024985198 0.04678850 0.021448687 0.018517705 0.014458575 0.010291392 0.0119426714 0.0046925152 0.004466013 0.0078783691 0.0026595679 3.076129e-03 1.696928e-03 4.851745e-04 2.933023e-03 4.348759e-04 9.697121e-04 6.373010e-05
   84    1      2      0    0   500  2.971823e-04 1.992957e-03 8.828602e-03 0.0474092956 0.0667551336 0.0209765005 0.0059208134 0.024499237 0.04011196 0.04964536 0.05599323 0.04770593 0.03315290 0.03453400 0.03177741 0.04026841 0.04165993 0.02334433 0.05097367 0.04039199 0.018883425 0.04214694 0.034088133 0.027732204 0.033521890 0.02308800 0.01459683 0.008129666 0.02083662 0.011556035 0.020784613 0.015678562 0.007759536 0.0146381135 0.0019009345 0.016107343 0.0117263927 0.0029313700 4.267215e-04 4.037438e-03 1.613853e-03 3.242152e-05 1.257770e-03 1.702264e-10 2.863396e-04
   86    1      2      0    0   500  2.049397e-10 7.519316e-04 1.327614e-02 0.0398806460 0.0468727360 0.0255317241 0.0124059416 0.021932717 0.04659686 0.05653814 0.05701546 0.04151320 0.03634995 0.03392429 0.02689783 0.04375142 0.05432544 0.03607043 0.03844364 0.03347925 0.025989525 0.03324216 0.022062712 0.017116124 0.018885512 0.02257016 0.02509456 0.018181663 0.02858167 0.018121639 0.010936280 0.010203681 0.016534161 0.0127890216 0.0145404440 0.011853586 0.0067767255 0.0033965690 6.339667e-03 4.576908e-03 3.578954e-03 1.073391e-03 1.045768e-03 5.824479e-05 8.931239e-04
   88    1      2      0    0   500  3.797972e-11 2.158705e-03 2.463005e-02 0.0716062653 0.0618923766 0.0175993034 0.0022443818 0.017607033 0.03565047 0.05256691 0.05913297 0.03716703 0.04573658 0.03156699 0.03845685 0.02532562 0.03658195 0.03275536 0.03354863 0.02858641 0.040148705 0.03119973 0.025179893 0.016564742 0.025392852 0.02852322 0.03629451 0.027236319 0.01422394 0.017045948 0.012913939 0.008593782 0.007982334 0.0114202246 0.0122453456 0.006568311 0.0014844849 0.0021464023 4.567782e-03 7.671903e-04 5.097203e-03 3.583183e-03 4.648971e-05 1.169788e-03 4.789777e-03
   90    1      2      0    0   500  1.264664e-03 3.756763e-03 2.439269e-02 0.0542236543 0.0469748322 0.0164119896 0.0142449348 0.020525248 0.04420084 0.04816881 0.06541823 0.03953801 0.03881399 0.03556938 0.02424430 0.05819711 0.02692259 0.03451590 0.04068458 0.02405237 0.039755839 0.03398959 0.032005440 0.026374541 0.025783169 0.03077979 0.02595462 0.009145475 0.01378186 0.026245337 0.015323338 0.014681806 0.009815893 0.0125469575 0.0036335522 0.004875171 0.0017938612 0.0024172729 1.268443e-03 9.346699e-04 5.246428e-03 4.395498e-04 3.509830e-04 6.674387e-04 6.808205e-05
   92    1      2      0    0   500  4.334843e-09 5.547479e-03 2.055926e-02 0.0543617652 0.0354906909 0.0246299098 0.0109442911 0.027942082 0.04167033 0.05297805 0.04814250 0.02642175 0.04092789 0.03911686 0.03118519 0.03040552 0.02958316 0.03315617 0.05134141 0.03341858 0.035038718 0.02315520 0.015061999 0.027303711 0.036806179 0.01969934 0.02674357 0.026887017 0.01807850 0.029935932 0.013443480 0.009436775 0.012987913 0.0107247679 0.0094423230 0.008736706 0.0162652339 0.0039200445 2.950177e-03 3.404568e-03 3.266059e-04 1.147991e-02 7.827515e-06 1.908493e-04 1.497887e-04
   94    1      2      0    0   500  6.877219e-08 2.164555e-03 2.055718e-02 0.0462012298 0.0625956582 0.0223106494 0.0064232476 0.015335650 0.04525980 0.05396574 0.06071085 0.03399940 0.03406097 0.02068213 0.04110108 0.03431091 0.03758065 0.02895206 0.03660182 0.02769694 0.033075276 0.04392514 0.028665822 0.034002642 0.025399970 0.02301319 0.02641108 0.030253279 0.01243432 0.011003942 0.020202877 0.011078661 0.009489732 0.0037952179 0.0102831065 0.011992607 0.0114087183 0.0095051026 3.000160e-03 6.699503e-03 3.394841e-03 4.230192e-04 6.089239e-07 2.237735e-06 2.835062e-05
   96    1      2      0    0   500  6.337402e-05 8.970180e-04 2.281696e-02 0.0517711866 0.0662680467 0.0219876901 0.0059007243 0.025280082 0.04058877 0.06584680 0.05112268 0.03559061 0.02795860 0.02993769 0.04133287 0.03403610 0.05662513 0.02437243 0.02877485 0.04247709 0.025382620 0.02836994 0.020862176 0.015015781 0.016834199 0.02341049 0.02584472 0.026307647 0.01254270 0.015024133 0.027015031 0.011815319 0.025217148 0.0116418732 0.0056471965 0.008232281 0.0023569586 0.0039956484 6.861788e-03 6.722704e-03 7.701805e-04 1.332047e-03 3.977094e-03 9.872715e-05 1.072909e-03
   98    1      2      0    0   500  5.919116e-05 1.384864e-03 1.031304e-02 0.0525400545 0.0366542621 0.0128561888 0.0010218500 0.032039217 0.03242341 0.05551802 0.04430463 0.03259904 0.04602202 0.05070885 0.04411676 0.05260968 0.05483899 0.02221016 0.02454027 0.04701887 0.025704327 0.03117492 0.018457592 0.022643222 0.024785724 0.02729484 0.01938815 0.026649345 0.02518956 0.022754224 0.020654201 0.018060790 0.013588523 0.0096029317 0.0069353362 0.017305142 0.0076877001 0.0041474859 4.682431e-04 4.134646e-04 1.111737e-03 1.679945e-03 2.603591e-04 2.598838e-04 2.971061e-06
  100    1      2      0    0   500  6.878112e-62 3.636999e-03 1.725530e-02 0.0476737539 0.0381013683 0.0131691280 0.0091677171 0.017965570 0.05263759 0.09117248 0.05660594 0.03769114 0.04158941 0.03659754 0.02016782 0.04096235 0.02651160 0.02728524 0.05101396 0.03868909 0.034033618 0.03700483 0.035792126 0.022451614 0.035509715 0.02788516 0.02039031 0.014006032 0.01695599 0.013109935 0.015053778 0.006575267 0.012374882 0.0078621636 0.0071720181 0.009095010 0.0047088149 0.0043186087 3.478257e-03 3.326837e-04 1.103350e-04 2.867435e-03 6.165948e-04 6.707239e-08 4.007745e-04
15 #_N_agebins
#_agebin_vector
1 2 3 4 5 6 7 8 9 10 11 12 13 14 15
1 #_N_ageerror_definitions
 #_age0   age1   age2   age3   age4   age5   age6   age7   age8   age9  age10  age11  age12  age13  age14  age15  age16  age17  age18  age19  age20  age21  age22  age23  age24  age25
 -1.000 -1.000 -1.000 -1.000 -1.000 -1.000 -1.000 -1.000 -1.000 -1.000 -1.000 -1.000 -1.000 -1.000 -1.000 -1.000 -1.000 -1.000 -1.000 -1.000 -1.000 -1.000 -1.000 -1.000 -1.000 -1.000
  0.001  0.001  0.001  0.001  0.001  0.001  0.001  0.001  0.001  0.001  0.001  0.001  0.001  0.001  0.001  0.001  0.001  0.001  0.001  0.001  0.001  0.001  0.001  0.001  0.001  0.001
86 #_N_agecomp
1 #_Lbin_method: 1=poplenbins; 2=datalenbins; 3=lengths
-1 #_combine males into females at or below this bin number
 #_Yr Seas FltSvy Gender Part Ageerr Lbin_lo Lbin_hi Nsamp           a1        a2        a3         a4         a5         a6         a7         a8         a9         a10         a11         a12          a13          a14         a15
   26    1      1      0    0      1      -1      -1   125  0.008843481 0.1791698 0.1303430 0.17643912 0.11524604 0.09032561 0.04728686 0.04991639 0.02839437 0.036443531 0.014004223 0.004041102 0.0204721925 6.772896e-03 0.092301337
   36    1      1      0    0      1      -1      -1   125  0.056466096 0.1900423 0.1384402 0.12536012 0.12743007 0.14985413 0.01631436 0.04176295 0.02490488 0.024718859 0.022987551 0.001734925 0.0104488813 1.633697e-02 0.053197688
   46    1      1      0    0      1      -1      -1   125  0.059122205 0.2198979 0.2135344 0.13691225 0.05363646 0.04610029 0.06297554 0.07770286 0.05369811 0.005096144 0.025320827 0.024816435 0.0005521921 3.906485e-04 0.020243689
   56    1      1      0    0      1      -1      -1   125  0.016182960 0.2978329 0.2004936 0.11230494 0.13208153 0.09571383 0.04109616 0.01724883 0.02152141 0.006334116 0.002029565 0.007601009 0.0036762376 2.033910e-02 0.025543827
   60    1      1      0    0      1      -1      -1   125  0.038882548 0.1539193 0.2139958 0.17619684 0.14107593 0.08278929 0.05413271 0.04825551 0.02435191 0.016658971 0.005402828 0.010123692 0.0133185994 1.324456e-03 0.019571629
   64    1      1      0    0      1      -1      -1   125  0.030154441 0.1888304 0.1708471 0.17230682 0.10841238 0.07326368 0.06977160 0.04511606 0.02525471 0.024546897 0.015577684 0.010370081 0.0242020484 1.236586e-02 0.028980230
   68    1      1      0    0      1      -1      -1   125  0.036354834 0.1938038 0.2073992 0.11432140 0.14548703 0.05515332 0.06464736 0.05810724 0.05535590 0.014217804 0.011471204 0.004118405 0.0115586931 9.848172e-03 0.018155561
   72    1      1      0    0      1      -1      -1   125  0.026165938 0.2103067 0.2204779 0.09432775 0.11663304 0.11918432 0.07128559 0.02425744 0.02219694 0.009331658 0.029459067 0.006072842 0.0029115510 3.571955e-03 0.043817283
   76    1      1      0    0      1      -1      -1   125  0.024580171 0.2866688 0.2112679 0.10436497 0.11671623 0.08316620 0.05150015 0.02906229 0.03094140 0.036473709 0.008773633 0.001837069 0.0020326032 9.742177e-04 0.011640636
   80    1      1      0    0      1      -1      -1   125  0.074879028 0.2504886 0.2082921 0.16975460 0.09156154 0.08809094 0.05551177 0.02078157 0.01002248 0.007566243 0.006510545 0.007588403 0.0024392333 2.185710e-04 0.006294359
   84    1      1      0    0      1      -1      -1   125  0.024668976 0.2222638 0.1992103 0.21155361 0.10937485 0.03015439 0.05916835 0.03441713 0.02483650 0.029850309 0.017894745 0.005614824 0.0140600251 1.897352e-04 0.016742437
   88    1      1      0    0      1      -1      -1   125  0.054563460 0.2222920 0.1877095 0.16418359 0.14049973 0.04520497 0.06972919 0.03391416 0.02366153 0.008834828 0.006295365 0.019670956 0.0040765665 9.761756e-03 0.009602449
   92    1      1      0    0      1      -1      -1   125  0.051423718 0.2903788 0.1908935 0.17756778 0.06208054 0.07022101 0.02871180 0.05346896 0.01664712 0.019078234 0.003384251 0.006993146 0.0189567996 8.200273e-05 0.010112264
   96    1      1      0    0      1      -1      -1   125  0.038544508 0.2299181 0.2359242 0.17040601 0.08982832 0.08559179 0.04445328 0.03263952 0.01777618 0.018535234 0.003406736 0.006964444 0.0052456307 4.725927e-04 0.020293439
  100    1      1      0    0      1      -1      -1   125  0.019194739 0.1971546 0.2367946 0.14606002 0.09676131 0.07594501 0.07560022 0.03257281 0.02799055 0.018667329 0.025077440 0.005863942 0.0277614871 3.084717e-03 0.011471158
   76    1      2      0    0      1      -1      -1   500  0.125625783 0.2613691 0.1617571 0.12534113 0.10159383 0.06473638 0.05285620 0.03102979 0.02075665 0.019592618 0.016839486 0.005506404 0.0050161892 1.840659e-03 0.006138759
   78    1      2      0    0      1      -1      -1   500  0.129299659 0.2146084 0.1605309 0.12754032 0.09743443 0.07142466 0.06254819 0.03860874 0.04810373 0.009439029 0.013355205 0.012327286 0.0067329198 2.801877e-03 0.005244723
   80    1      2      0    0      1      -1      -1   500  0.125891219 0.2104108 0.2011875 0.13857469 0.07868400 0.07355528 0.05293096 0.02182805 0.02254683 0.013675352 0.020499738 0.009649931 0.0092206049 6.003447e-03 0.015341586
   82    1      2      0    0      1      -1      -1   500  0.142328843 0.2140126 0.1977365 0.12134608 0.10052556 0.05453688 0.04304979 0.03739094 0.01269003 0.020511576 0.016406794 0.011867074 0.0019814245 7.718049e-03 0.017897811
   84    1      2      0    0      1      -1      -1   500  0.147512804 0.2497767 0.1599645 0.12532465 0.09398620 0.08311765 0.04301927 0.02270680 0.01809420 0.021654238 0.003023931 0.012041634 0.0038925748 2.098786e-03 0.013786083
   86    1      2      0    0      1      -1      -1   500  0.141244383 0.2303741 0.1945424 0.12926649 0.08519368 0.04771158 0.04166624 0.03353057 0.02030247 0.019939723 0.016251320 0.009915475 0.0058825326 9.270519e-03 0.014908441
   88    1      2      0    0      1      -1      -1   500  0.155791986 0.2178749 0.1744782 0.13713178 0.08878976 0.06742100 0.06111505 0.01665728 0.02472908 0.011352757 0.008059263 0.008612794 0.0105534775 4.259591e-03 0.013173089
   90    1      2      0    0      1      -1      -1   500  0.148870508 0.2387057 0.1879541 0.12168442 0.08416803 0.04504769 0.03637999 0.03868455 0.03282928 0.014523299 0.011034107 0.016522251 0.0041695127 2.965004e-03 0.016461558
   92    1      2      0    0      1      -1      -1   500  0.127530768 0.2463571 0.1772504 0.11785709 0.10211111 0.08001544 0.04562132 0.03061770 0.01543462 0.014102519 0.008635811 0.006815578 0.0040998244 1.072005e-02 0.012830654
   94    1      2      0    0      1      -1      -1   500  0.143542401 0.2418894 0.1611212 0.12002802 0.08182446 0.06960307 0.05393048 0.02663207 0.02552961 0.025416041 0.010342567 0.017784334 0.0057169482 4.396632e-03 0.012242720
   96    1      2      0    0      1      -1      -1   500  0.138739375 0.2369739 0.1486393 0.11919353 0.08931738 0.05105834 0.05092295 0.04024192 0.03602852 0.028304090 0.015859289 0.014879440 0.0133235224 2.702067e-03 0.013816358
   98    1      2      0    0      1      -1      -1   500  0.139933540 0.2246714 0.2067641 0.10473021 0.07975950 0.05822051 0.06390492 0.02983802 0.03095058 0.013000587 0.015362009 0.010927132 0.0107226175 2.663959e-03 0.008550826
  100    1      2      0    0      1      -1      -1   500  0.135006499 0.2288360 0.1656241 0.11451760 0.10126911 0.08235030 0.03826346 0.03165485 0.02777677 0.026637213 0.009262313 0.005434039 0.0123670226 3.322671e-03 0.017678116
   60    1      1      0    0      1       7       7     2  2.000000000 0.0000000 0.0000000 0.00000000 0.00000000 0.00000000 0.00000000 0.00000000 0.00000000 0.000000000 0.000000000 0.000000000 0.0000000000 0.000000e+00 0.000000000
   60    1      1      0    0      1       8       8     2  2.000000000 0.0000000 0.0000000 0.00000000 0.00000000 0.00000000 0.00000000 0.00000000 0.00000000 0.000000000 0.000000000 0.000000000 0.0000000000 0.000000e+00 0.000000000
   60    1      1      0    0      1       9       9     2  2.000000000 0.0000000 0.0000000 0.00000000 0.00000000 0.00000000 0.00000000 0.00000000 0.00000000 0.000000000 0.000000000 0.000000000 0.0000000000 0.000000e+00 0.000000000
   60    1      1      0    0      1      10      10     5  5.000000000 0.0000000 0.0000000 0.00000000 0.00000000 0.00000000 0.00000000 0.00000000 0.00000000 0.000000000 0.000000000 0.000000000 0.0000000000 0.000000e+00 0.000000000
   60    1      1      0    0      1      11      11     8  8.000000000 0.0000000 0.0000000 0.00000000 0.00000000 0.00000000 0.00000000 0.00000000 0.00000000 0.000000000 0.000000000 0.000000000 0.0000000000 0.000000e+00 0.000000000
   60    1      1      0    0      1      12      12     5  5.000000000 0.0000000 0.0000000 0.00000000 0.00000000 0.00000000 0.00000000 0.00000000 0.00000000 0.000000000 0.000000000 0.000000000 0.0000000000 0.000000e+00 0.000000000
   60    1      1      0    0      1      13      13     3  3.000000000 0.0000000 0.0000000 0.00000000 0.00000000 0.00000000 0.00000000 0.00000000 0.00000000 0.000000000 0.000000000 0.000000000 0.0000000000 0.000000e+00 0.000000000
   60    1      1      0    0      1      14      14     7  7.000000000 0.0000000 0.0000000 0.00000000 0.00000000 0.00000000 0.00000000 0.00000000 0.00000000 0.000000000 0.000000000 0.000000000 0.0000000000 0.000000e+00 0.000000000
   60    1      1      0    0      1      15      15     4  4.000000000 0.0000000 0.0000000 0.00000000 0.00000000 0.00000000 0.00000000 0.00000000 0.00000000 0.000000000 0.000000000 0.000000000 0.0000000000 0.000000e+00 0.000000000
   60    1      1      0    0      1      16      16     4  4.000000000 0.0000000 0.0000000 0.00000000 0.00000000 0.00000000 0.00000000 0.00000000 0.00000000 0.000000000 0.000000000 0.000000000 0.0000000000 0.000000e+00 0.000000000
   60    1      1      0    0      1      17      17     7  7.000000000 0.0000000 0.0000000 0.00000000 0.00000000 0.00000000 0.00000000 0.00000000 0.00000000 0.000000000 0.000000000 0.000000000 0.0000000000 0.000000e+00 0.000000000
   60    1      1      0    0      1      18      18     6  6.000000000 0.0000000 0.0000000 0.00000000 0.00000000 0.00000000 0.00000000 0.00000000 0.00000000 0.000000000 0.000000000 0.000000000 0.0000000000 0.000000e+00 0.000000000
   60    1      1      0    0      1      19      19     3  3.000000000 0.0000000 0.0000000 0.00000000 0.00000000 0.00000000 0.00000000 0.00000000 0.00000000 0.000000000 0.000000000 0.000000000 0.0000000000 0.000000e+00 0.000000000
   60    1      1      0    0      1      20      20     6  6.000000000 0.0000000 0.0000000 0.00000000 0.00000000 0.00000000 0.00000000 0.00000000 0.00000000 0.000000000 0.000000000 0.000000000 0.0000000000 0.000000e+00 0.000000000
   60    1      1      0    0      1      21      21     2  2.000000000 0.0000000 0.0000000 0.00000000 0.00000000 0.00000000 0.00000000 0.00000000 0.00000000 0.000000000 0.000000000 0.000000000 0.0000000000 0.000000e+00 0.000000000
   60    1      1      0    0      1      22      22     6  6.000000000 0.0000000 0.0000000 0.00000000 0.00000000 0.00000000 0.00000000 0.00000000 0.00000000 0.000000000 0.000000000 0.000000000 0.0000000000 0.000000e+00 0.000000000
   60    1      1      0    0      1      23      23     2  2.000000000 0.0000000 0.0000000 0.00000000 0.00000000 0.00000000 0.00000000 0.00000000 0.00000000 0.000000000 0.000000000 0.000000000 0.0000000000 0.000000e+00 0.000000000
   60    1      1      0    0      1      24      24     1  1.000000000 0.0000000 0.0000000 0.00000000 0.00000000 0.00000000 0.00000000 0.00000000 0.00000000 0.000000000 0.000000000 0.000000000 0.0000000000 0.000000e+00 0.000000000
   60    1      1      0    0      1      25      25     1  1.000000000 0.0000000 0.0000000 0.00000000 0.00000000 0.00000000 0.00000000 0.00000000 0.00000000 0.000000000 0.000000000 0.000000000 0.0000000000 0.000000e+00 0.000000000
   60    1      1      0    0      1      26      26     6  5.000000000 1.0000000 0.0000000 0.00000000 0.00000000 0.00000000 0.00000000 0.00000000 0.00000000 0.000000000 0.000000000 0.000000000 0.0000000000 0.000000e+00 0.000000000
   60    1      1      0    0      1      27      27     1  1.000000000 0.0000000 0.0000000 0.00000000 0.00000000 0.00000000 0.00000000 0.00000000 0.00000000 0.000000000 0.000000000 0.000000000 0.0000000000 0.000000e+00 0.000000000
   60    1      1      0    0      1      29      29     2  0.000000000 2.0000000 0.0000000 0.00000000 0.00000000 0.00000000 0.00000000 0.00000000 0.00000000 0.000000000 0.000000000 0.000000000 0.0000000000 0.000000e+00 0.000000000
   60    1      1      0    0      1      30      30     1  1.000000000 0.0000000 0.0000000 0.00000000 0.00000000 0.00000000 0.00000000 0.00000000 0.00000000 0.000000000 0.000000000 0.000000000 0.0000000000 0.000000e+00 0.000000000
   60    1      1      0    0      1      31      31     1  0.000000000 1.0000000 0.0000000 0.00000000 0.00000000 0.00000000 0.00000000 0.00000000 0.00000000 0.000000000 0.000000000 0.000000000 0.0000000000 0.000000e+00 0.000000000
   60    1      1      0    0      1      32      32     1  0.000000000 1.0000000 0.0000000 0.00000000 0.00000000 0.00000000 0.00000000 0.00000000 0.00000000 0.000000000 0.000000000 0.000000000 0.0000000000 0.000000e+00 0.000000000
   60    1      1      0    0      1      33      33     4  0.000000000 3.0000000 1.0000000 0.00000000 0.00000000 0.00000000 0.00000000 0.00000000 0.00000000 0.000000000 0.000000000 0.000000000 0.0000000000 0.000000e+00 0.000000000
   60    1      1      0    0      1      36      36     2  0.000000000 2.0000000 0.0000000 0.00000000 0.00000000 0.00000000 0.00000000 0.00000000 0.00000000 0.000000000 0.000000000 0.000000000 0.0000000000 0.000000e+00 0.000000000
   60    1      1      0    0      1      37      37     3  0.000000000 3.0000000 0.0000000 0.00000000 0.00000000 0.00000000 0.00000000 0.00000000 0.00000000 0.000000000 0.000000000 0.000000000 0.0000000000 0.000000e+00 0.000000000
   60    1      1      0    0      1      39      39     2  0.000000000 2.0000000 0.0000000 0.00000000 0.00000000 0.00000000 0.00000000 0.00000000 0.00000000 0.000000000 0.000000000 0.000000000 0.0000000000 0.000000e+00 0.000000000
   60    1      1      0    0      1      40      40     1  0.000000000 1.0000000 0.0000000 0.00000000 0.00000000 0.00000000 0.00000000 0.00000000 0.00000000 0.000000000 0.000000000 0.000000000 0.0000000000 0.000000e+00 0.000000000
  100    1      1      0    0      1       7       7     1  1.000000000 0.0000000 0.0000000 0.00000000 0.00000000 0.00000000 0.00000000 0.00000000 0.00000000 0.000000000 0.000000000 0.000000000 0.0000000000 0.000000e+00 0.000000000
  100    1      1      0    0      1       9       9     4  4.000000000 0.0000000 0.0000000 0.00000000 0.00000000 0.00000000 0.00000000 0.00000000 0.00000000 0.000000000 0.000000000 0.000000000 0.0000000000 0.000000e+00 0.000000000
  100    1      1      0    0      1      10      10     6  6.000000000 0.0000000 0.0000000 0.00000000 0.00000000 0.00000000 0.00000000 0.00000000 0.00000000 0.000000000 0.000000000 0.000000000 0.0000000000 0.000000e+00 0.000000000
  100    1      1      0    0      1      11      11     4  4.000000000 0.0000000 0.0000000 0.00000000 0.00000000 0.00000000 0.00000000 0.00000000 0.00000000 0.000000000 0.000000000 0.000000000 0.0000000000 0.000000e+00 0.000000000
  100    1      1      0    0      1      12      12    16 16.000000000 0.0000000 0.0000000 0.00000000 0.00000000 0.00000000 0.00000000 0.00000000 0.00000000 0.000000000 0.000000000 0.000000000 0.0000000000 0.000000e+00 0.000000000
  100    1      1      0    0      1      13      13     2  2.000000000 0.0000000 0.0000000 0.00000000 0.00000000 0.00000000 0.00000000 0.00000000 0.00000000 0.000000000 0.000000000 0.000000000 0.0000000000 0.000000e+00 0.000000000
  100    1      1      0    0      1      14      14     5  5.000000000 0.0000000 0.0000000 0.00000000 0.00000000 0.00000000 0.00000000 0.00000000 0.00000000 0.000000000 0.000000000 0.000000000 0.0000000000 0.000000e+00 0.000000000
  100    1      1      0    0      1      15      15     3  3.000000000 0.0000000 0.0000000 0.00000000 0.00000000 0.00000000 0.00000000 0.00000000 0.00000000 0.000000000 0.000000000 0.000000000 0.0000000000 0.000000e+00 0.000000000
  100    1      1      0    0      1      16      16     8  8.000000000 0.0000000 0.0000000 0.00000000 0.00000000 0.00000000 0.00000000 0.00000000 0.00000000 0.000000000 0.000000000 0.000000000 0.0000000000 0.000000e+00 0.000000000
  100    1      1      0    0      1      17      17     3  3.000000000 0.0000000 0.0000000 0.00000000 0.00000000 0.00000000 0.00000000 0.00000000 0.00000000 0.000000000 0.000000000 0.000000000 0.0000000000 0.000000e+00 0.000000000
  100    1      1      0    0      1      18      18     2  2.000000000 0.0000000 0.0000000 0.00000000 0.00000000 0.00000000 0.00000000 0.00000000 0.00000000 0.000000000 0.000000000 0.000000000 0.0000000000 0.000000e+00 0.000000000
  100    1      1      0    0      1      19      19     5  5.000000000 0.0000000 0.0000000 0.00000000 0.00000000 0.00000000 0.00000000 0.00000000 0.00000000 0.000000000 0.000000000 0.000000000 0.0000000000 0.000000e+00 0.000000000
  100    1      1      0    0      1      20      20     1  1.000000000 0.0000000 0.0000000 0.00000000 0.00000000 0.00000000 0.00000000 0.00000000 0.00000000 0.000000000 0.000000000 0.000000000 0.0000000000 0.000000e+00 0.000000000
  100    1      1      0    0      1      21      21     2  2.000000000 0.0000000 0.0000000 0.00000000 0.00000000 0.00000000 0.00000000 0.00000000 0.00000000 0.000000000 0.000000000 0.000000000 0.0000000000 0.000000e+00 0.000000000
  100    1      1      0    0      1      22      22     4  4.000000000 0.0000000 0.0000000 0.00000000 0.00000000 0.00000000 0.00000000 0.00000000 0.00000000 0.000000000 0.000000000 0.000000000 0.0000000000 0.000000e+00 0.000000000
  100    1      1      0    0      1      23      23     4  4.000000000 0.0000000 0.0000000 0.00000000 0.00000000 0.00000000 0.00000000 0.00000000 0.00000000 0.000000000 0.000000000 0.000000000 0.0000000000 0.000000e+00 0.000000000
  100    1      1      0    0      1      24      24     4  4.000000000 0.0000000 0.0000000 0.00000000 0.00000000 0.00000000 0.00000000 0.00000000 0.00000000 0.000000000 0.000000000 0.000000000 0.0000000000 0.000000e+00 0.000000000
  100    1      1      0    0      1      25      25     2  2.000000000 0.0000000 0.0000000 0.00000000 0.00000000 0.00000000 0.00000000 0.00000000 0.00000000 0.000000000 0.000000000 0.000000000 0.0000000000 0.000000e+00 0.000000000
  100    1      1      0    0      1      26      26     4  4.000000000 0.0000000 0.0000000 0.00000000 0.00000000 0.00000000 0.00000000 0.00000000 0.00000000 0.000000000 0.000000000 0.000000000 0.0000000000 0.000000e+00 0.000000000
  100    1      1      0    0      1      27      27     1  0.000000000 1.0000000 0.0000000 0.00000000 0.00000000 0.00000000 0.00000000 0.00000000 0.00000000 0.000000000 0.000000000 0.000000000 0.0000000000 0.000000e+00 0.000000000
  100    1      1      0    0      1      28      28     2  2.000000000 0.0000000 0.0000000 0.00000000 0.00000000 0.00000000 0.00000000 0.00000000 0.00000000 0.000000000 0.000000000 0.000000000 0.0000000000 0.000000e+00 0.000000000
  100    1      1      0    0      1      29      29     1  0.000000000 1.0000000 0.0000000 0.00000000 0.00000000 0.00000000 0.00000000 0.00000000 0.00000000 0.000000000 0.000000000 0.000000000 0.0000000000 0.000000e+00 0.000000000
  100    1      1      0    0      1      30      30     9  2.000000000 7.0000000 0.0000000 0.00000000 0.00000000 0.00000000 0.00000000 0.00000000 0.00000000 0.000000000 0.000000000 0.000000000 0.0000000000 0.000000e+00 0.000000000
  100    1      1      0    0      1      31      31     2  0.000000000 2.0000000 0.0000000 0.00000000 0.00000000 0.00000000 0.00000000 0.00000000 0.00000000 0.000000000 0.000000000 0.000000000 0.0000000000 0.000000e+00 0.000000000
  100    1      1      0    0      1      35      35     2  0.000000000 2.0000000 0.0000000 0.00000000 0.00000000 0.00000000 0.00000000 0.00000000 0.00000000 0.000000000 0.000000000 0.000000000 0.0000000000 0.000000e+00 0.000000000
  100    1      1      0    0      1      36      36     1  0.000000000 1.0000000 0.0000000 0.00000000 0.00000000 0.00000000 0.00000000 0.00000000 0.00000000 0.000000000 0.000000000 0.000000000 0.0000000000 0.000000e+00 0.000000000
  100    1      1      0    0      1      38      38     1  0.000000000 1.0000000 0.0000000 0.00000000 0.00000000 0.00000000 0.00000000 0.00000000 0.00000000 0.000000000 0.000000000 0.000000000 0.0000000000 0.000000e+00 0.000000000
  100    1      1      0    0      1      40      40     1  0.000000000 1.0000000 0.0000000 0.00000000 0.00000000 0.00000000 0.00000000 0.00000000 0.00000000 0.000000000 0.000000000 0.000000000 0.0000000000 0.000000e+00 0.000000000
0 #_N_MeanSize_at_Age_obs
0 #_N_environ_variables
0 #_N_environ_obs
0 #_N_sizefreq_methods
0 #_do_tags
0 #_morphcomp_data
#
999
