#C data file created using the SS_writedat function in the R package r4ss
#C should work with SS version: 
#C file write time: 2015-02-11 18:35:55
#
1 #_styr
100 #_endyr
1 #_nseas
12 #_months_per_seas
1 #_spawn_seas
1 #_Nfleet
2 #_Nsurveys
1 #_N_areas
Fishery%Survey%CPUE #_fleetnames
0.5 0.5 0.5 #_surveytiming_in_season
1 1 1 #_area_assignments_for_each_fishery_and_survey
1 #_units of catch:  1=bio; 2=num
0.01 #_se of log(catch) only used for init_eq_catch and for Fmethod 2 and 3
1 #_Ngenders
25 #_Nages
0 #_init_equil_catch_for_each_fishery
100 #_N_lines_of_catch_to_read
 #_Fishery year seas
         0    1    1
         0    2    1
         0    3    1
         0    4    1
         0    5    1
         0    6    1
         0    7    1
         0    8    1
         0    9    1
         0   10    1
         0   11    1
         0   12    1
         0   13    1
         0   14    1
         0   15    1
         0   16    1
         0   17    1
         0   18    1
         0   19    1
         0   20    1
         0   21    1
         0   22    1
         0   23    1
         0   24    1
         0   25    1
 444646000   26    1
 397608000   27    1
 357583000   28    1
 324161000   29    1
 296656000   30    1
 274240000   31    1
 256057000   32    1
 241314000   33    1
 229322000   34    1
 219511000   35    1
 211426000   36    1
 204710000   37    1
 199088000   38    1
 194347000   39    1
 190324000   40    1
 186891000   41    1
 183948000   42    1
 181416000   43    1
 179230000   44    1
 177337000   45    1
 175694000   46    1
 174266000   47    1
 173022000   48    1
 171937000   49    1
 170990000   50    1
 170161000   51    1
 169436000   52    1
 168801000   53    1
 168243000   54    1
 167755000   55    1
 167325000   56    1
 166948000   57    1
 166617000   58    1
 166326000   59    1
 166070000   60    1
 165844000   61    1
 165646000   62    1
 165471000   63    1
 165317000   64    1
 165182000   65    1
 165063000   66    1
 164958000   67    1
 164865000   68    1
 164784000   69    1
 164712000   70    1
 164649000   71    1
 164593000   72    1
 164544000   73    1
 164500000   74    1
 164462000   75    1
 164429000   76    1
 164399000   77    1
 164373000   78    1
 164350000   79    1
 164329000   80    1
 164311000   81    1
 164296000   82    1
 164282000   83    1
 164269000   84    1
 164258000   85    1
 164249000   86    1
 164240000   87    1
 164233000   88    1
 164227000   89    1
 164221000   90    1
 164216000   91    1
 164211000   92    1
 164207000   93    1
 164204000   94    1
 164201000   95    1
 164198000   96    1
 164195000   97    1
 164193000   98    1
 164192000   99    1
 164190000  100    1
13 #_N_cpue
 #_Fleet Units Errtype
       1     1       0
       2     1       0
       3     1       0
 #_year seas index        obs se_log
     76    1     2 1815675779    0.2
     78    1     2 1750609612    0.2
     80    1     2 1165755466    0.2
     82    1     2 1398152002    0.2
     84    1     2 1529574755    0.2
     86    1     2 1797781213    0.2
     88    1     2 1684906535    0.2
     90    1     2 1312406735    0.2
     92    1     2 2240903638    0.2
     94    1     2 1581990411    0.2
     96    1     2 1323478161    0.2
     98    1     2  928306052    0.2
    100    1     2 1444410039    0.2
0 #_N_discard_fleets
#_discard_units (1=same_as_catchunits(bio/num); 2=fraction; 3=numbers)
#_discard_errtype:  >0 for DF of T-dist(read CV below); 0 for normal with CV; -1 for normal with se; -2 for lognormal
0 #_N_discard
0 #_N_meanbodywt
1 #_DF_for_meanbodywt_T-distribution_like
2 # length bin method: 1=use databins; 2=generate from binwidth,min,max below; 3=read vector
1 # binwidth for population size comp
10 # minimum size in the population (lower edge of first bin and size at age 0.00)
200 # maximum size in the population (lower edge of last bin)
-0.001 #_comp_tail_compression
1e-05 #_add_to_comp
0 #_combine males into females at or below this bin number
45 #_N_lbins
#_lbin_vector
20 23 26 29 32 35 38 41 44 47 50 53 56 59 62 65 68 71 74 77 80 83 86 89 92 95 98 101 104 107 110 113 116 119 122 125 128 131 134 137 140 143 146 149 152
28 #_N_Length_comp_observations
 #_Yr Seas FltSvy Gender Part Nsamp           l20          l23          l26         l29         l32          l35          l38         l41        l44        l47        l50        l53        l56        l59         l62        l65        l68        l71        l74         l77        l80        l83         l86        l89         l92         l95         l98        l101        l104        l107        l110        l113        l116        l119         l122         l125         l128         l131         l134         l137         l140         l143         l146         l149         l152
   26    1      1      0    0   125  0.000000e+00 7.392869e-22 5.045561e-03 0.001072661 0.008931207 0.0159804066 8.249131e-05 0.019018794 0.04614832 0.01451414 0.04657737 0.02169396 0.04019337 0.03150821 0.041100531 0.02845488 0.03092834 0.04058943 0.03637123 0.008821102 0.05071042 0.03634874 0.020511534 0.03799676 0.057901094 0.026531791 0.023683334 0.040358637 0.061288123 0.041611199 0.030409575 0.015764058 0.015154559 0.015656154 0.0185812729 0.0285709166 0.0173792157 0.0130309091 1.287499e-03 1.382943e-03 1.818581e-03 1.342278e-03 1.489275e-04 5.068219e-03 4.312665e-04
   36    1      1      0    0   125 2.297309e-281 1.459275e-10 4.842567e-03 0.001256395 0.014710625 0.0043861718 2.284672e-04 0.005248534 0.01969897 0.03945698 0.06192059 0.04799063 0.05738431 0.06691082 0.049854094 0.02998530 0.03806464 0.05073494 0.03037358 0.018154605 0.03919417 0.03234050 0.015437025 0.07019731 0.026951015 0.036360467 0.035596882 0.034309705 0.042260140 0.004867012 0.026217894 0.009582136 0.002066716 0.008431503 0.0372322899 0.0125253167 0.0026477877 0.0012966038 4.543528e-03 4.790524e-03 3.856850e-03 1.321708e-04 7.481994e-03 2.368823e-04 2.413582e-04
   46    1      1      0    0   125  4.074304e-81 7.521535e-21 1.209453e-04 0.003343643 0.029270421 0.0015641342 1.247334e-03 0.009614914 0.01733018 0.04554082 0.09123147 0.08067482 0.03488604 0.03544668 0.041546773 0.04238613 0.05659426 0.02790135 0.03479077 0.036951355 0.03082416 0.06924879 0.029728534 0.05648223 0.032978339 0.022356290 0.031480387 0.034888001 0.009898348 0.026974485 0.008187622 0.015622824 0.010928492 0.001901844 0.0035453573 0.0208800826 0.0006290705 0.0011585454 9.334858e-04 2.677117e-04 3.809232e-05 5.961028e-04 3.945369e-06 5.017750e-06 1.897226e-07
   56    1      1      0    0   125 8.786471e-258 1.363916e-26 7.226327e-04 0.002843001 0.026585737 0.0261968172 7.253627e-03 0.019738575 0.02342417 0.03340876 0.08124844 0.02898488 0.03311370 0.03399066 0.041202055 0.02431387 0.04330497 0.05517616 0.02458501 0.031850212 0.07021977 0.02145985 0.013089837 0.02388183 0.026442662 0.039427763 0.016757860 0.020342927 0.049888486 0.015248872 0.034889293 0.018126274 0.033151930 0.036951964 0.0139025489 0.0080270059 0.0020071261 0.0007436563 1.832648e-03 4.114095e-03 6.125259e-03 4.148018e-03 1.239500e-03 6.089179e-10 3.756682e-05
   60    1      1      0    0   125  2.745698e-08 2.733743e-11 1.148744e-03 0.003302069 0.027277162 0.0024494652 1.185246e-04 0.012001891 0.03530532 0.07217205 0.04612883 0.05666205 0.02251780 0.07464844 0.026870527 0.05552959 0.05970449 0.03041542 0.02276267 0.012021350 0.03070181 0.03326496 0.054336251 0.04773675 0.046806160 0.025615614 0.024780735 0.041421180 0.013497860 0.014792292 0.014415206 0.013378193 0.012634096 0.034971830 0.0004419128 0.0097386818 0.0050029221 0.0098035394 1.345158e-03 1.029211e-03 5.662623e-04 6.009348e-04 1.110785e-03 4.884318e-15 9.712424e-04
   64    1      1      0    0   125  9.086247e-93 5.022348e-05 1.099861e-02 0.026974234 0.001445287 0.0003932466 9.376697e-04 0.011748465 0.03374532 0.05791863 0.11173652 0.03706044 0.07674406 0.03421819 0.044168328 0.04522677 0.02624939 0.03604507 0.06674240 0.003558572 0.01771783 0.06436574 0.026845077 0.03558479 0.009714211 0.013963000 0.081765939 0.017485291 0.015114650 0.002439125 0.012024652 0.004863527 0.021710004 0.028008409 0.0145193572 0.0038518235 0.0003562406 0.0008393211 1.022498e-04 7.138354e-04 2.243975e-04 1.764901e-08 2.127026e-12 1.598030e-07 1.828929e-03
   68    1      1      0    0   125  9.544266e-57 2.872772e-33 3.472800e-03 0.028134493 0.006534813 0.0161349878 1.540049e-03 0.010148679 0.02341612 0.08545766 0.09503180 0.03824416 0.03604747 0.05100186 0.037197992 0.03587975 0.02757363 0.03935933 0.02053718 0.031342059 0.03687271 0.02998299 0.039655860 0.01406206 0.013415126 0.045703981 0.031211267 0.026884308 0.037104535 0.020349266 0.021449874 0.004238308 0.009143825 0.015341745 0.0124161634 0.0108396490 0.0131293083 0.0067044220 6.985311e-03 4.614741e-03 1.255871e-02 2.251351e-04 3.969814e-06 5.188892e-05 1.585728e-12
   72    1      1      0    0   125  6.349125e-10 3.734076e-16 3.652665e-04 0.008173977 0.015755860 0.0227509819 8.161796e-05 0.038260353 0.02196970 0.10861867 0.03342300 0.09636671 0.09146396 0.02769589 0.033529851 0.04258946 0.03462066 0.04085813 0.02384693 0.029486832 0.01620745 0.03959600 0.025087054 0.03201229 0.021833101 0.036655684 0.007828706 0.008354003 0.016647995 0.034353064 0.015457264 0.017241324 0.005805128 0.008063421 0.0233509764 0.0021265507 0.0010844432 0.0040233771 3.686066e-04 1.159729e-02 4.838836e-04 1.231028e-03 2.086994e-04 2.119388e-08 5.247811e-04
   76    1      1      0    0   125 3.092728e-128 3.432366e-14 3.173285e-04 0.001719343 0.007645297 0.0058029625 1.712497e-04 0.012401857 0.04309246 0.05683307 0.03441478 0.02928573 0.04218465 0.05011377 0.043323604 0.07365136 0.05041773 0.03304274 0.04551683 0.032372014 0.04164464 0.03266351 0.039980019 0.06951447 0.027618420 0.018682158 0.009781522 0.016286953 0.036959141 0.006307623 0.024647368 0.010641982 0.021935568 0.019241830 0.0017943256 0.0081239366 0.0017538559 0.0210872224 1.728845e-03 1.028289e-05 1.306388e-04 4.832942e-03 1.526888e-02 1.299877e-03 5.757210e-03
   80    1      1      0    0   125 4.000138e-206 3.941014e-05 1.563211e-05 0.007673632 0.006782408 0.0008368613 8.797171e-04 0.005864410 0.02608306 0.08883457 0.01827069 0.03477232 0.04800659 0.05723341 0.013368034 0.04979482 0.04349002 0.04822033 0.08128480 0.014028688 0.01552794 0.10121396 0.008030163 0.01447837 0.021193878 0.051617664 0.016914933 0.038417418 0.041500661 0.032051541 0.028022762 0.022239599 0.015636995 0.004357160 0.0098240953 0.0053329411 0.0003064478 0.0162797589 4.207723e-03 6.577458e-03 7.862904e-04 2.374080e-12 6.461519e-07 5.059747e-08 2.136007e-06
   84    1      1      0    0   125  8.093608e-06 7.416053e-10 6.752047e-03 0.010997379 0.009727282 0.0098969640 3.107342e-02 0.006811142 0.02493454 0.06006945 0.08626035 0.03594011 0.01448356 0.06684952 0.024984379 0.03916076 0.02021266 0.07569628 0.03640295 0.048203474 0.04361176 0.01617553 0.004228634 0.02069423 0.022519226 0.039161365 0.028972849 0.021499225 0.042352277 0.029020023 0.034468330 0.002699227 0.026281932 0.001995025 0.0307333906 0.0090836545 0.0021629310 0.0052218515 1.496216e-03 3.551254e-03 1.694397e-03 3.396399e-03 3.154347e-19 2.033211e-04 3.125904e-04
   88    1      1      0    0   125  9.635188e-14 6.431847e-05 3.972932e-05 0.001858936 0.004661999 0.0071873956 5.204527e-03 0.020860951 0.02278443 0.07042689 0.08898983 0.05281124 0.04094593 0.04086598 0.068403528 0.02478711 0.06323551 0.05807380 0.05662658 0.049743782 0.02323344 0.02950494 0.006520417 0.03183364 0.060700705 0.007458972 0.026689021 0.016727933 0.029040871 0.004629252 0.011570572 0.022350737 0.012682912 0.008515696 0.0030366982 0.0009464327 0.0116078850 0.0134302458 8.120115e-04 1.185337e-04 2.960210e-04 4.874540e-04 1.772091e-05 3.275379e-13 2.154095e-04
   92    1      1      0    0   125  1.359130e-36 9.760281e-06 1.434909e-02 0.010392922 0.009288825 0.0027327871 1.741988e-02 0.026840266 0.04567485 0.05742321 0.03675500 0.03406967 0.03550921 0.03447769 0.091886913 0.05270571 0.06696755 0.02353061 0.03378941 0.059697369 0.02458374 0.03697772 0.023153472 0.03220363 0.018682187 0.040644622 0.020530331 0.032750232 0.018129789 0.013296596 0.013261708 0.003775533 0.012353423 0.017253988 0.0084729923 0.0110859467 0.0067249171 0.0022416983 9.011471e-05 4.058064e-03 1.891350e-08 7.904516e-07 3.601817e-04 3.531536e-08 5.847526e-03
   96    1      1      0    0   125 3.947195e-151 3.673060e-05 7.231892e-04 0.027935181 0.024003292 0.0003697310 8.706326e-03 0.010310967 0.01532843 0.07316435 0.04410753 0.03252460 0.06537859 0.01011128 0.024960019 0.03227626 0.02042802 0.03369410 0.05671953 0.033060995 0.04182776 0.01360781 0.021990491 0.03999560 0.039991536 0.036018342 0.054792465 0.024683511 0.029384529 0.010599174 0.017643251 0.027189369 0.017923562 0.006061028 0.0055871251 0.0325391456 0.0232096480 0.0055509429 6.370822e-03 1.710160e-05 2.870054e-04 3.942112e-03 1.376327e-02 1.318529e-02 5.356657e-10
  100    1      1      0    0   125 9.436849e-208 1.233975e-04 1.001864e-03 0.019550525 0.005456577 0.0104608052 2.070302e-02 0.012297590 0.04087811 0.06705836 0.10959163 0.04109856 0.02954489 0.02688399 0.008434756 0.03187217 0.08791969 0.06603056 0.02425301 0.014322598 0.04319611 0.02757366 0.009469409 0.02133440 0.043356842 0.030652912 0.009272200 0.022032379 0.012459521 0.044121669 0.011237502 0.025092118 0.012470610 0.021633965 0.0150023811 0.0043556500 0.0255723750 0.0014147035 2.996226e-05 3.625931e-04 1.833886e-03 5.261595e-08 3.065384e-06 3.993621e-05 2.144274e-15
   76    1      2      0    0   500  8.980194e-11 1.429156e-03 1.598880e-02 0.036452036 0.034649038 0.0096320221 1.019446e-02 0.020600844 0.04316825 0.06226803 0.07218872 0.04568684 0.04767048 0.03721700 0.039332004 0.03997192 0.05916151 0.02685490 0.03273531 0.029736912 0.04513487 0.02076597 0.029499366 0.02278289 0.025981986 0.020209137 0.036053424 0.014052520 0.024319661 0.014783836 0.010818070 0.007966570 0.018966119 0.007831457 0.0073490295 0.0102600800 0.0044291056 0.0035289256 3.459596e-03 1.076814e-03 2.739475e-03 8.694134e-04 1.843230e-03 2.720240e-04 6.822165e-05
   78    1      2      0    0   500  6.124955e-04 4.093660e-04 1.297481e-02 0.062078203 0.062618083 0.0123291723 7.323021e-03 0.019696580 0.04179639 0.04719627 0.06741585 0.05790770 0.03434720 0.03586686 0.051800850 0.02192802 0.02812634 0.04192946 0.03290154 0.038817794 0.02582485 0.02913631 0.035110905 0.03013381 0.021946212 0.019075527 0.020062982 0.013673596 0.013109576 0.015582068 0.013888106 0.009843041 0.020714247 0.011965439 0.0083185786 0.0095923492 0.0054724615 0.0030654499 6.330172e-03 3.706143e-04 6.619473e-03 5.455548e-04 1.037262e-03 4.910404e-04 1.435792e-05
   80    1      2      0    0   500  5.685742e-25 8.789352e-04 1.755859e-02 0.041242988 0.040476271 0.0221541415 8.312314e-03 0.040866239 0.03290154 0.04071085 0.04570032 0.03512314 0.04043896 0.03172350 0.040876855 0.03288837 0.04266294 0.04161022 0.04285066 0.030632143 0.02573195 0.02693907 0.026365547 0.03159419 0.030482105 0.022545174 0.024126763 0.032698373 0.024052548 0.024406334 0.013604192 0.009437180 0.023818673 0.006974991 0.0078825866 0.0124219226 0.0035821381 0.0109151300 3.317694e-03 6.803684e-04 4.877975e-03 1.775696e-04 3.713155e-03 2.479238e-05 2.060337e-05
   82    1      2      0    0   500  2.726531e-04 9.298557e-03 2.620506e-02 0.046932197 0.063190044 0.0137878444 1.238387e-02 0.022408961 0.04919640 0.04138522 0.06407761 0.04745812 0.04001410 0.02855888 0.036627427 0.05039362 0.02314516 0.02455747 0.03131240 0.025974357 0.03030182 0.03137299 0.022465375 0.04101387 0.027803763 0.014868494 0.028648293 0.022512580 0.018053050 0.021268964 0.022191677 0.010282699 0.008999002 0.006567914 0.0145676495 0.0037016837 0.0043907380 0.0022037351 1.159163e-03 5.243462e-03 2.038938e-04 4.694503e-03 7.217976e-05 2.377885e-07 2.323060e-04
   84    1      2      0    0   500  8.459092e-07 1.564592e-03 1.334782e-02 0.066011845 0.064070675 0.0106320135 7.864219e-03 0.020000239 0.04807950 0.06075433 0.06353529 0.05197964 0.02129910 0.03903213 0.037480662 0.04066576 0.03084466 0.02162879 0.03668184 0.025295611 0.02338620 0.02694396 0.030571625 0.03270647 0.027615510 0.034937699 0.027324299 0.015004510 0.017611109 0.015236475 0.011961776 0.008218692 0.031837446 0.003907476 0.0087982152 0.0045242986 0.0033721080 0.0060370988 7.079750e-04 2.983755e-03 2.358293e-03 2.502275e-04 2.770624e-03 2.431268e-05 1.402911e-04
   86    1      2      0    0   500  1.064322e-30 2.419683e-03 2.027132e-02 0.058192245 0.056938329 0.0128602262 1.389178e-02 0.016942600 0.05270086 0.05390933 0.05426840 0.03880116 0.04072570 0.04203489 0.029689018 0.02450323 0.03218346 0.02899864 0.03323518 0.033989781 0.03607420 0.03334707 0.020710955 0.02718097 0.027529360 0.018962635 0.021105215 0.022174466 0.020465515 0.016322113 0.017864533 0.024149817 0.011689434 0.021555708 0.0117082294 0.0065467753 0.0023010078 0.0058851990 8.880748e-04 5.928895e-04 2.165053e-04 7.936582e-04 1.000543e-03 2.647295e-05 4.352811e-03
   88    1      2      0    0   500  9.345290e-52 5.265181e-04 2.765177e-02 0.048288766 0.045050488 0.0184509416 1.363728e-02 0.026456788 0.05218027 0.04760163 0.06325095 0.03815108 0.02796966 0.02581797 0.034388228 0.03184594 0.02657662 0.03315029 0.02702032 0.030457103 0.02311490 0.04609039 0.029244154 0.03518786 0.034642263 0.014873735 0.033308819 0.029363600 0.021604716 0.027149777 0.011460630 0.021237796 0.008012025 0.012672857 0.0127541694 0.0042597413 0.0022553890 0.0058886274 5.536099e-03 1.204364e-03 3.959168e-04 1.897665e-04 4.536001e-04 3.025953e-09 6.261811e-04
   90    1      2      0    0   500  2.951242e-17 3.915124e-03 2.682480e-02 0.057679195 0.049283896 0.0106211269 7.411495e-03 0.011033510 0.05040213 0.07436769 0.03736894 0.03968137 0.03616438 0.04589572 0.043082073 0.04909205 0.02500709 0.02910398 0.01585968 0.034499175 0.04054607 0.01632992 0.029125732 0.03111464 0.028580974 0.028224834 0.016210010 0.022199766 0.020030528 0.021642289 0.015172239 0.015208526 0.011737400 0.014275517 0.0125789310 0.0018977371 0.0067189793 0.0133595086 3.084692e-04 5.950480e-04 3.066086e-03 2.938968e-05 5.212436e-05 9.639305e-07 3.700903e-03
   92    1      2      0    0   500  1.491129e-23 1.757581e-03 1.971043e-02 0.044633039 0.059589465 0.0273905154 1.079217e-02 0.013912841 0.04398454 0.06869747 0.05922493 0.04923724 0.02658179 0.02942095 0.035796320 0.03623156 0.05052926 0.03750047 0.03296598 0.024956928 0.03090469 0.02964282 0.026199886 0.02720241 0.021419503 0.017973450 0.016651156 0.020848801 0.019891931 0.021217062 0.019251796 0.014445666 0.004715797 0.008710101 0.0102969395 0.0047017947 0.0185887948 0.0004874927 3.721802e-03 2.977312e-03 6.687435e-03 3.942923e-04 1.250919e-06 3.285367e-10 1.543445e-04
   94    1      2      0    0   500  9.390629e-06 2.391286e-03 1.144466e-02 0.052770118 0.049744962 0.0254037396 2.045683e-02 0.023575757 0.04927627 0.05056421 0.04539480 0.02688355 0.02024917 0.03199243 0.026656628 0.05591515 0.04200419 0.05039073 0.02706119 0.027225610 0.03838333 0.03167847 0.031385283 0.02444045 0.030465715 0.032395750 0.017268762 0.016531803 0.011845946 0.011979150 0.023349152 0.021385047 0.009248592 0.010785411 0.0068242324 0.0047232534 0.0042495471 0.0058566424 6.496918e-03 1.621326e-03 1.331015e-02 1.279680e-05 1.539981e-03 4.073162e-03 7.384652e-04
   96    1      2      0    0   500  4.945920e-13 2.012743e-03 2.733756e-02 0.044696230 0.047793850 0.0383444424 3.966128e-03 0.016364424 0.04488064 0.05371727 0.06857895 0.03709989 0.03065092 0.02835697 0.032279417 0.04387169 0.04560949 0.02518888 0.03159094 0.033406044 0.04021306 0.02609251 0.027729729 0.03165389 0.028124437 0.016805863 0.021061336 0.012933269 0.022464877 0.031146576 0.011906329 0.021358867 0.009248139 0.010014212 0.0045166769 0.0072728723 0.0114347854 0.0018614907 9.787948e-04 5.525869e-03 5.134302e-04 2.463961e-04 3.288966e-04 9.120304e-05 7.299997e-04
   98    1      2      0    0   500  7.301774e-07 5.255954e-03 1.872981e-02 0.052835718 0.070898794 0.0194660861 1.304809e-02 0.024365062 0.03869917 0.06894028 0.04840882 0.05168117 0.02451079 0.02376287 0.032852526 0.05981676 0.02195778 0.03711842 0.03451648 0.040455502 0.02052751 0.03047605 0.037167566 0.02519998 0.011624580 0.022608686 0.018279178 0.014585148 0.018061146 0.008406699 0.017514744 0.017531920 0.015544230 0.013439507 0.0093350953 0.0053198451 0.0059835618 0.0043126363 2.364837e-03 6.389068e-03 3.083449e-03 7.287240e-04 8.473372e-05 4.953569e-05 4.060744e-03
  100    1      2      0    0   500  2.297460e-11 7.734834e-05 1.736511e-02 0.042578241 0.035538501 0.0195998452 4.761991e-03 0.020309768 0.03833652 0.04706701 0.06257088 0.05492947 0.03813509 0.02640109 0.039515761 0.03370757 0.05046670 0.05150702 0.04573348 0.018680242 0.02819688 0.02656900 0.035867709 0.02295058 0.028642407 0.021210453 0.020808078 0.027423137 0.016150302 0.012331345 0.018747814 0.014817696 0.023838620 0.011591023 0.0093368715 0.0062750072 0.0102636003 0.0067599539 2.004471e-03 7.322371e-04 6.396747e-03 5.201034e-04 9.163245e-04 3.595755e-04 8.425866e-06
15 #_N_agebins
#_agebin_vector
1 2 3 4 5 6 7 8 9 10 11 12 13 14 15
1 #_N_ageerror_definitions
 #_age0   age1   age2   age3   age4   age5   age6   age7   age8   age9  age10  age11  age12  age13  age14  age15  age16  age17  age18  age19  age20  age21  age22  age23  age24  age25
 -1.000 -1.000 -1.000 -1.000 -1.000 -1.000 -1.000 -1.000 -1.000 -1.000 -1.000 -1.000 -1.000 -1.000 -1.000 -1.000 -1.000 -1.000 -1.000 -1.000 -1.000 -1.000 -1.000 -1.000 -1.000 -1.000
  0.001  0.001  0.001  0.001  0.001  0.001  0.001  0.001  0.001  0.001  0.001  0.001  0.001  0.001  0.001  0.001  0.001  0.001  0.001  0.001  0.001  0.001  0.001  0.001  0.001  0.001
80 #_N_agecomp
1 #_Lbin_method: 1=poplenbins; 2=datalenbins; 3=lengths
-1 #_combine males into females at or below this bin number
 #_Yr Seas FltSvy Gender Part Ageerr Lbin_lo Lbin_hi Nsamp          a1         a2        a3         a4         a5         a6         a7         a8         a9         a10         a11         a12          a13          a14         a15
   26    1      1      0    0      1      -1      -1   125  0.03438879 0.09222353 0.1483178 0.11647238 0.13698887 0.07541242 0.04961775 0.04659333 0.07397917 0.030769445 0.058818305 0.016696024 0.0094075837 0.0268648436 0.083449797
   36    1      1      0    0      1      -1      -1   125  0.05133501 0.14051875 0.1636072 0.14545231 0.15303008 0.08937113 0.03818717 0.05290298 0.04056942 0.011004058 0.014759499 0.012460266 0.0288890679 0.0194129584 0.038500107
   46    1      1      0    0      1      -1      -1   125  0.03302174 0.24260505 0.1688735 0.15359752 0.11765749 0.08749987 0.04112019 0.03622455 0.03756490 0.013404312 0.039211423 0.014994586 0.0019515300 0.0016596587 0.010613728
   56    1      1      0    0      1      -1      -1   125  0.02143272 0.32261845 0.1284548 0.15971685 0.09009905 0.07987294 0.04639261 0.06157213 0.03982763 0.013784578 0.005864601 0.002123494 0.0002956288 0.0128457106 0.015098842
   60    1      1      0    0      1      -1      -1   125  0.05631132 0.23203135 0.1574539 0.11611507 0.14990234 0.08486558 0.03567001 0.03949330 0.04104697 0.006078631 0.012845528 0.022948929 0.0088039755 0.0086285409 0.027804605
   64    1      1      0    0      1      -1      -1   125  0.03102454 0.20770488 0.2002745 0.15183594 0.14038892 0.06677853 0.05597346 0.03512989 0.01701687 0.020617397 0.013655574 0.021575719 0.0017815451 0.0057744005 0.030467843
   68    1      1      0    0      1      -1      -1   125  0.02508798 0.22239830 0.1975528 0.16651642 0.09446952 0.10924946 0.04620924 0.02716984 0.01130569 0.008739062 0.071330683 0.005765283 0.0009161763 0.0023211904 0.010968339
   72    1      1      0    0      1      -1      -1   125  0.01634647 0.28569463 0.1733290 0.15777187 0.10261581 0.03441942 0.03463793 0.05904309 0.05675377 0.021464524 0.018068346 0.020328867 0.0001445227 0.0130000291 0.006381677
   76    1      1      0    0      1      -1      -1   125  0.05562903 0.19379284 0.1874098 0.09818191 0.16810357 0.07045389 0.08619567 0.03412318 0.03487511 0.015231708 0.009804520 0.011063808 0.0039393754 0.0225102311 0.008685301
   80    1      1      0    0      1      -1      -1   125  0.07259815 0.21934523 0.1625587 0.15374983 0.09069902 0.10546416 0.03335937 0.04489907 0.06342937 0.014633713 0.021867681 0.003470485 0.0010121391 0.0006666593 0.012246435
   84    1      1      0    0      1      -1      -1   125  0.02480850 0.28556163 0.1587267 0.12038635 0.10500561 0.09718957 0.05341910 0.03827726 0.04092964 0.019675414 0.017056545 0.008143248 0.0155643297 0.0012929119 0.013963140
   88    1      1      0    0      1      -1      -1   125  0.03481424 0.19344257 0.1905828 0.17634497 0.10803863 0.05361619 0.08932150 0.03533810 0.04169273 0.014558222 0.025484822 0.001070635 0.0203595888 0.0060723352 0.009262671
   92    1      1      0    0      1      -1      -1   125  0.02598129 0.19980616 0.1956632 0.17588067 0.12309728 0.10364204 0.04332527 0.01629795 0.03323028 0.015097116 0.005362016 0.024969731 0.0075925698 0.0032676483 0.026786784
   96    1      1      0    0      1      -1      -1   125  0.04139972 0.24718386 0.2054269 0.18791225 0.13325150 0.05854818 0.03252237 0.02867517 0.02132164 0.016583507 0.006394891 0.001641156 0.0001555955 0.0063711923 0.012612027
  100    1      1      0    0      1      -1      -1   125  0.02089062 0.25874577 0.1640185 0.15300046 0.10144068 0.06522970 0.06198431 0.03610899 0.04585211 0.034035621 0.014854317 0.015834544 0.0071103448 0.0117843035 0.009109759
   76    1      2      0    0      1      -1      -1   500  0.14665720 0.24004678 0.1717905 0.11386322 0.08436177 0.07685323 0.04110120 0.03062148 0.03175706 0.021438415 0.012887478 0.010984619 0.0019194420 0.0079752201 0.007742352
   78    1      2      0    0      1      -1      -1   500  0.13784175 0.21434475 0.1687303 0.14466675 0.08661472 0.06224635 0.03208839 0.03007348 0.03108739 0.017785706 0.025700959 0.012883793 0.0103313084 0.0043922163 0.021212156
   80    1      2      0    0      1      -1      -1   500  0.13922391 0.25487189 0.1679486 0.12224460 0.08938673 0.05433253 0.05065322 0.04076265 0.02367368 0.017575596 0.007475143 0.007386658 0.0046626378 0.0107279747 0.009074189
   82    1      2      0    0      1      -1      -1   500  0.15670466 0.18645719 0.1681646 0.14505680 0.07996445 0.05554525 0.05356189 0.04271722 0.03207843 0.020898529 0.021122431 0.009866143 0.0046943323 0.0100109471 0.013157076
   84    1      2      0    0      1      -1      -1   500  0.14074782 0.20938274 0.1705811 0.11949602 0.09173560 0.07643511 0.04233466 0.05309658 0.02565828 0.017372725 0.009947534 0.003636854 0.0164229883 0.0048952355 0.018256739
   86    1      2      0    0      1      -1      -1   500  0.14253686 0.23311969 0.1799991 0.14627905 0.08615803 0.06610047 0.02631681 0.03236744 0.02571638 0.022907662 0.006371247 0.009426538 0.0062509207 0.0025117141 0.013938052
   88    1      2      0    0      1      -1      -1   500  0.12830341 0.23039088 0.1885102 0.12551575 0.07934310 0.06686955 0.04379629 0.03018579 0.03416624 0.017873101 0.020985638 0.017156622 0.0048050115 0.0030837698 0.009014689
   90    1      2      0    0      1      -1      -1   500  0.15607551 0.19221670 0.2184130 0.13401100 0.09053685 0.05276761 0.04225637 0.01865638 0.01908417 0.013689772 0.017080462 0.015697242 0.0119397697 0.0074280794 0.010147043
   92    1      2      0    0      1      -1      -1   500  0.12382477 0.22933889 0.1948833 0.11937898 0.09034780 0.08021634 0.04238173 0.03615164 0.02562470 0.021276397 0.007511431 0.014062753 0.0046892936 0.0034745134 0.006837416
   94    1      2      0    0      1      -1      -1   500  0.12404995 0.22962437 0.1737575 0.12395719 0.10177306 0.06857920 0.04648658 0.04066230 0.01806209 0.023108116 0.013711464 0.005833679 0.0038298806 0.0092365149 0.017328062
   96    1      2      0    0      1      -1      -1   500  0.11499226 0.26498607 0.1932492 0.11156529 0.06680513 0.07614522 0.04085421 0.04462218 0.03065773 0.015170780 0.007286123 0.007271559 0.0041512774 0.0042624065 0.017980584
   98    1      2      0    0      1      -1      -1   500  0.15748251 0.21646793 0.1160288 0.15212905 0.09832569 0.06287864 0.08274914 0.03632114 0.01118354 0.013219423 0.015549490 0.012916948 0.0051541927 0.0032168120 0.016376640
  100    1      2      0    0      1      -1      -1   500  0.12394805 0.25541004 0.1384715 0.13242930 0.09045869 0.08151703 0.05763827 0.03645686 0.01853111 0.013168308 0.015182401 0.006281316 0.0054995740 0.0070074596 0.018000091
   60    1      1      0    0      1       5       5     3  3.00000000 0.00000000 0.0000000 0.00000000 0.00000000 0.00000000 0.00000000 0.00000000 0.00000000 0.000000000 0.000000000 0.000000000 0.0000000000 0.0000000000 0.000000000
   60    1      1      0    0      1       9       9     2  2.00000000 0.00000000 0.0000000 0.00000000 0.00000000 0.00000000 0.00000000 0.00000000 0.00000000 0.000000000 0.000000000 0.000000000 0.0000000000 0.0000000000 0.000000000
   60    1      1      0    0      1      10      10     8  8.00000000 0.00000000 0.0000000 0.00000000 0.00000000 0.00000000 0.00000000 0.00000000 0.00000000 0.000000000 0.000000000 0.000000000 0.0000000000 0.0000000000 0.000000000
   60    1      1      0    0      1      11      11     6  6.00000000 0.00000000 0.0000000 0.00000000 0.00000000 0.00000000 0.00000000 0.00000000 0.00000000 0.000000000 0.000000000 0.000000000 0.0000000000 0.0000000000 0.000000000
   60    1      1      0    0      1      12      12     5  5.00000000 0.00000000 0.0000000 0.00000000 0.00000000 0.00000000 0.00000000 0.00000000 0.00000000 0.000000000 0.000000000 0.000000000 0.0000000000 0.0000000000 0.000000000
   60    1      1      0    0      1      14      14     7  7.00000000 0.00000000 0.0000000 0.00000000 0.00000000 0.00000000 0.00000000 0.00000000 0.00000000 0.000000000 0.000000000 0.000000000 0.0000000000 0.0000000000 0.000000000
   60    1      1      0    0      1      15      15     2  2.00000000 0.00000000 0.0000000 0.00000000 0.00000000 0.00000000 0.00000000 0.00000000 0.00000000 0.000000000 0.000000000 0.000000000 0.0000000000 0.0000000000 0.000000000
   60    1      1      0    0      1      16      16     5  5.00000000 0.00000000 0.0000000 0.00000000 0.00000000 0.00000000 0.00000000 0.00000000 0.00000000 0.000000000 0.000000000 0.000000000 0.0000000000 0.0000000000 0.000000000
   60    1      1      0    0      1      17      17     3  3.00000000 0.00000000 0.0000000 0.00000000 0.00000000 0.00000000 0.00000000 0.00000000 0.00000000 0.000000000 0.000000000 0.000000000 0.0000000000 0.0000000000 0.000000000
   60    1      1      0    0      1      18      18     3  3.00000000 0.00000000 0.0000000 0.00000000 0.00000000 0.00000000 0.00000000 0.00000000 0.00000000 0.000000000 0.000000000 0.000000000 0.0000000000 0.0000000000 0.000000000
   60    1      1      0    0      1      19      19     2  2.00000000 0.00000000 0.0000000 0.00000000 0.00000000 0.00000000 0.00000000 0.00000000 0.00000000 0.000000000 0.000000000 0.000000000 0.0000000000 0.0000000000 0.000000000
   60    1      1      0    0      1      21      21     7  7.00000000 0.00000000 0.0000000 0.00000000 0.00000000 0.00000000 0.00000000 0.00000000 0.00000000 0.000000000 0.000000000 0.000000000 0.0000000000 0.0000000000 0.000000000
   60    1      1      0    0      1      22      22     3  3.00000000 0.00000000 0.0000000 0.00000000 0.00000000 0.00000000 0.00000000 0.00000000 0.00000000 0.000000000 0.000000000 0.000000000 0.0000000000 0.0000000000 0.000000000
   60    1      1      0    0      1      23      23     3  3.00000000 0.00000000 0.0000000 0.00000000 0.00000000 0.00000000 0.00000000 0.00000000 0.00000000 0.000000000 0.000000000 0.000000000 0.0000000000 0.0000000000 0.000000000
   60    1      1      0    0      1      24      24     7  7.00000000 0.00000000 0.0000000 0.00000000 0.00000000 0.00000000 0.00000000 0.00000000 0.00000000 0.000000000 0.000000000 0.000000000 0.0000000000 0.0000000000 0.000000000
   60    1      1      0    0      1      25      25     6  6.00000000 0.00000000 0.0000000 0.00000000 0.00000000 0.00000000 0.00000000 0.00000000 0.00000000 0.000000000 0.000000000 0.000000000 0.0000000000 0.0000000000 0.000000000
   60    1      1      0    0      1      26      26     5  5.00000000 0.00000000 0.0000000 0.00000000 0.00000000 0.00000000 0.00000000 0.00000000 0.00000000 0.000000000 0.000000000 0.000000000 0.0000000000 0.0000000000 0.000000000
   60    1      1      0    0      1      27      27     4  4.00000000 0.00000000 0.0000000 0.00000000 0.00000000 0.00000000 0.00000000 0.00000000 0.00000000 0.000000000 0.000000000 0.000000000 0.0000000000 0.0000000000 0.000000000
   60    1      1      0    0      1      28      28     4  3.00000000 1.00000000 0.0000000 0.00000000 0.00000000 0.00000000 0.00000000 0.00000000 0.00000000 0.000000000 0.000000000 0.000000000 0.0000000000 0.0000000000 0.000000000
   60    1      1      0    0      1      29      29     1  1.00000000 0.00000000 0.0000000 0.00000000 0.00000000 0.00000000 0.00000000 0.00000000 0.00000000 0.000000000 0.000000000 0.000000000 0.0000000000 0.0000000000 0.000000000
   60    1      1      0    0      1      30      30     3  0.00000000 3.00000000 0.0000000 0.00000000 0.00000000 0.00000000 0.00000000 0.00000000 0.00000000 0.000000000 0.000000000 0.000000000 0.0000000000 0.0000000000 0.000000000
   60    1      1      0    0      1      31      31     1  0.00000000 1.00000000 0.0000000 0.00000000 0.00000000 0.00000000 0.00000000 0.00000000 0.00000000 0.000000000 0.000000000 0.000000000 0.0000000000 0.0000000000 0.000000000
   60    1      1      0    0      1      32      32     2  0.00000000 2.00000000 0.0000000 0.00000000 0.00000000 0.00000000 0.00000000 0.00000000 0.00000000 0.000000000 0.000000000 0.000000000 0.0000000000 0.0000000000 0.000000000
   60    1      1      0    0      1      33      33     3  0.00000000 3.00000000 0.0000000 0.00000000 0.00000000 0.00000000 0.00000000 0.00000000 0.00000000 0.000000000 0.000000000 0.000000000 0.0000000000 0.0000000000 0.000000000
   60    1      1      0    0      1      34      34     4  0.00000000 4.00000000 0.0000000 0.00000000 0.00000000 0.00000000 0.00000000 0.00000000 0.00000000 0.000000000 0.000000000 0.000000000 0.0000000000 0.0000000000 0.000000000
   60    1      1      0    0      1      38      38     1  0.00000000 1.00000000 0.0000000 0.00000000 0.00000000 0.00000000 0.00000000 0.00000000 0.00000000 0.000000000 0.000000000 0.000000000 0.0000000000 0.0000000000 0.000000000
  100    1      1      0    0      1       4       4     1  1.00000000 0.00000000 0.0000000 0.00000000 0.00000000 0.00000000 0.00000000 0.00000000 0.00000000 0.000000000 0.000000000 0.000000000 0.0000000000 0.0000000000 0.000000000
  100    1      1      0    0      1       6       6     2  2.00000000 0.00000000 0.0000000 0.00000000 0.00000000 0.00000000 0.00000000 0.00000000 0.00000000 0.000000000 0.000000000 0.000000000 0.0000000000 0.0000000000 0.000000000
  100    1      1      0    0      1       7       7     5  5.00000000 0.00000000 0.0000000 0.00000000 0.00000000 0.00000000 0.00000000 0.00000000 0.00000000 0.000000000 0.000000000 0.000000000 0.0000000000 0.0000000000 0.000000000
  100    1      1      0    0      1       9       9     5  5.00000000 0.00000000 0.0000000 0.00000000 0.00000000 0.00000000 0.00000000 0.00000000 0.00000000 0.000000000 0.000000000 0.000000000 0.0000000000 0.0000000000 0.000000000
  100    1      1      0    0      1      10      10     2  2.00000000 0.00000000 0.0000000 0.00000000 0.00000000 0.00000000 0.00000000 0.00000000 0.00000000 0.000000000 0.000000000 0.000000000 0.0000000000 0.0000000000 0.000000000
  100    1      1      0    0      1      11      11    14 14.00000000 0.00000000 0.0000000 0.00000000 0.00000000 0.00000000 0.00000000 0.00000000 0.00000000 0.000000000 0.000000000 0.000000000 0.0000000000 0.0000000000 0.000000000
  100    1      1      0    0      1      12      12     7  7.00000000 0.00000000 0.0000000 0.00000000 0.00000000 0.00000000 0.00000000 0.00000000 0.00000000 0.000000000 0.000000000 0.000000000 0.0000000000 0.0000000000 0.000000000
  100    1      1      0    0      1      13      13     8  8.00000000 0.00000000 0.0000000 0.00000000 0.00000000 0.00000000 0.00000000 0.00000000 0.00000000 0.000000000 0.000000000 0.000000000 0.0000000000 0.0000000000 0.000000000
  100    1      1      0    0      1      14      14     2  2.00000000 0.00000000 0.0000000 0.00000000 0.00000000 0.00000000 0.00000000 0.00000000 0.00000000 0.000000000 0.000000000 0.000000000 0.0000000000 0.0000000000 0.000000000
  100    1      1      0    0      1      15      15     1  1.00000000 0.00000000 0.0000000 0.00000000 0.00000000 0.00000000 0.00000000 0.00000000 0.00000000 0.000000000 0.000000000 0.000000000 0.0000000000 0.0000000000 0.000000000
  100    1      1      0    0      1      16      16     5  5.00000000 0.00000000 0.0000000 0.00000000 0.00000000 0.00000000 0.00000000 0.00000000 0.00000000 0.000000000 0.000000000 0.000000000 0.0000000000 0.0000000000 0.000000000
  100    1      1      0    0      1      17      17     5  5.00000000 0.00000000 0.0000000 0.00000000 0.00000000 0.00000000 0.00000000 0.00000000 0.00000000 0.000000000 0.000000000 0.000000000 0.0000000000 0.0000000000 0.000000000
  100    1      1      0    0      1      18      18     5  5.00000000 0.00000000 0.0000000 0.00000000 0.00000000 0.00000000 0.00000000 0.00000000 0.00000000 0.000000000 0.000000000 0.000000000 0.0000000000 0.0000000000 0.000000000
  100    1      1      0    0      1      19      19     3  3.00000000 0.00000000 0.0000000 0.00000000 0.00000000 0.00000000 0.00000000 0.00000000 0.00000000 0.000000000 0.000000000 0.000000000 0.0000000000 0.0000000000 0.000000000
  100    1      1      0    0      1      20      20     2  2.00000000 0.00000000 0.0000000 0.00000000 0.00000000 0.00000000 0.00000000 0.00000000 0.00000000 0.000000000 0.000000000 0.000000000 0.0000000000 0.0000000000 0.000000000
  100    1      1      0    0      1      21      21     1  1.00000000 0.00000000 0.0000000 0.00000000 0.00000000 0.00000000 0.00000000 0.00000000 0.00000000 0.000000000 0.000000000 0.000000000 0.0000000000 0.0000000000 0.000000000
  100    1      1      0    0      1      22      22     4  4.00000000 0.00000000 0.0000000 0.00000000 0.00000000 0.00000000 0.00000000 0.00000000 0.00000000 0.000000000 0.000000000 0.000000000 0.0000000000 0.0000000000 0.000000000
  100    1      1      0    0      1      24      24     1  1.00000000 0.00000000 0.0000000 0.00000000 0.00000000 0.00000000 0.00000000 0.00000000 0.00000000 0.000000000 0.000000000 0.000000000 0.0000000000 0.0000000000 0.000000000
  100    1      1      0    0      1      26      26     4  4.00000000 0.00000000 0.0000000 0.00000000 0.00000000 0.00000000 0.00000000 0.00000000 0.00000000 0.000000000 0.000000000 0.000000000 0.0000000000 0.0000000000 0.000000000
  100    1      1      0    0      1      28      28     6  4.00000000 2.00000000 0.0000000 0.00000000 0.00000000 0.00000000 0.00000000 0.00000000 0.00000000 0.000000000 0.000000000 0.000000000 0.0000000000 0.0000000000 0.000000000
  100    1      1      0    0      1      30      30     9  1.00000000 8.00000000 0.0000000 0.00000000 0.00000000 0.00000000 0.00000000 0.00000000 0.00000000 0.000000000 0.000000000 0.000000000 0.0000000000 0.0000000000 0.000000000
  100    1      1      0    0      1      31      31     1  0.00000000 1.00000000 0.0000000 0.00000000 0.00000000 0.00000000 0.00000000 0.00000000 0.00000000 0.000000000 0.000000000 0.000000000 0.0000000000 0.0000000000 0.000000000
  100    1      1      0    0      1      32      32     2  0.00000000 2.00000000 0.0000000 0.00000000 0.00000000 0.00000000 0.00000000 0.00000000 0.00000000 0.000000000 0.000000000 0.000000000 0.0000000000 0.0000000000 0.000000000
  100    1      1      0    0      1      34      34     3  0.00000000 3.00000000 0.0000000 0.00000000 0.00000000 0.00000000 0.00000000 0.00000000 0.00000000 0.000000000 0.000000000 0.000000000 0.0000000000 0.0000000000 0.000000000
  100    1      1      0    0      1      35      35     1  0.00000000 1.00000000 0.0000000 0.00000000 0.00000000 0.00000000 0.00000000 0.00000000 0.00000000 0.000000000 0.000000000 0.000000000 0.0000000000 0.0000000000 0.000000000
  100    1      1      0    0      1      37      37     1  0.00000000 1.00000000 0.0000000 0.00000000 0.00000000 0.00000000 0.00000000 0.00000000 0.00000000 0.000000000 0.000000000 0.000000000 0.0000000000 0.0000000000 0.000000000
0 #_N_MeanSize_at_Age_obs
0 #_N_environ_variables
0 #_N_environ_obs
0 #_N_sizefreq_methods
0 #_do_tags
0 #_morphcomp_data
#
999
