#C data file created using the SS_writedat function in the R package r4ss
#C should work with SS version: 
#C file write time: 2015-02-11 18:25:01
#
1 #_styr
100 #_endyr
1 #_nseas
12 #_months_per_seas
1 #_spawn_seas
1 #_Nfleet
2 #_Nsurveys
1 #_N_areas
Fishery%Survey%CPUE #_fleetnames
0.5 0.5 0.5 #_surveytiming_in_season
1 1 1 #_area_assignments_for_each_fishery_and_survey
1 #_units of catch:  1=bio; 2=num
0.01 #_se of log(catch) only used for init_eq_catch and for Fmethod 2 and 3
1 #_Ngenders
25 #_Nages
0 #_init_equil_catch_for_each_fishery
100 #_N_lines_of_catch_to_read
 #_Fishery year seas
         0    1    1
         0    2    1
         0    3    1
         0    4    1
         0    5    1
         0    6    1
         0    7    1
         0    8    1
         0    9    1
         0   10    1
         0   11    1
         0   12    1
         0   13    1
         0   14    1
         0   15    1
         0   16    1
         0   17    1
         0   18    1
         0   19    1
         0   20    1
         0   21    1
         0   22    1
         0   23    1
         0   24    1
         0   25    1
 444646000   26    1
 397608000   27    1
 357583000   28    1
 324161000   29    1
 296656000   30    1
 274240000   31    1
 256057000   32    1
 241314000   33    1
 229322000   34    1
 219511000   35    1
 211426000   36    1
 204710000   37    1
 199088000   38    1
 194347000   39    1
 190324000   40    1
 186891000   41    1
 183948000   42    1
 181416000   43    1
 179230000   44    1
 177337000   45    1
 175694000   46    1
 174266000   47    1
 173022000   48    1
 171937000   49    1
 170990000   50    1
 170161000   51    1
 169436000   52    1
 168801000   53    1
 168243000   54    1
 167755000   55    1
 167325000   56    1
 166948000   57    1
 166617000   58    1
 166326000   59    1
 166070000   60    1
 165844000   61    1
 165646000   62    1
 165471000   63    1
 165317000   64    1
 165182000   65    1
 165063000   66    1
 164958000   67    1
 164865000   68    1
 164784000   69    1
 164712000   70    1
 164649000   71    1
 164593000   72    1
 164544000   73    1
 164500000   74    1
 164462000   75    1
 164429000   76    1
 164399000   77    1
 164373000   78    1
 164350000   79    1
 164329000   80    1
 164311000   81    1
 164296000   82    1
 164282000   83    1
 164269000   84    1
 164258000   85    1
 164249000   86    1
 164240000   87    1
 164233000   88    1
 164227000   89    1
 164221000   90    1
 164216000   91    1
 164211000   92    1
 164207000   93    1
 164204000   94    1
 164201000   95    1
 164198000   96    1
 164195000   97    1
 164193000   98    1
 164192000   99    1
 164190000  100    1
13 #_N_cpue
 #_Fleet Units Errtype
       1     1       0
       2     1       0
       3     1       0
 #_year seas index        obs se_log
     76    1     2 1154070295    0.2
     78    1     2 1458897118    0.2
     80    1     2 1209377178    0.2
     82    1     2 1281878339    0.2
     84    1     2 1333627410    0.2
     86    1     2 1012094622    0.2
     88    1     2 1906886853    0.2
     90    1     2 1246070504    0.2
     92    1     2 1760056640    0.2
     94    1     2  867958548    0.2
     96    1     2 1858733381    0.2
     98    1     2 1184060170    0.2
    100    1     2 1522271044    0.2
0 #_N_discard_fleets
#_discard_units (1=same_as_catchunits(bio/num); 2=fraction; 3=numbers)
#_discard_errtype:  >0 for DF of T-dist(read CV below); 0 for normal with CV; -1 for normal with se; -2 for lognormal
0 #_N_discard
0 #_N_meanbodywt
1 #_DF_for_meanbodywt_T-distribution_like
2 # length bin method: 1=use databins; 2=generate from binwidth,min,max below; 3=read vector
1 # binwidth for population size comp
10 # minimum size in the population (lower edge of first bin and size at age 0.00)
200 # maximum size in the population (lower edge of last bin)
-0.001 #_comp_tail_compression
1e-05 #_add_to_comp
0 #_combine males into females at or below this bin number
45 #_N_lbins
#_lbin_vector
20 23 26 29 32 35 38 41 44 47 50 53 56 59 62 65 68 71 74 77 80 83 86 89 92 95 98 101 104 107 110 113 116 119 122 125 128 131 134 137 140 143 146 149 152
28 #_N_Length_comp_observations
 #_Yr Seas FltSvy Gender Part Nsamp           l20          l23          l26          l29         l32          l35          l38         l41        l44        l47        l50        l53        l56        l59        l62        l65        l68        l71        l74        l77        l80        l83        l86        l89        l92         l95        l98        l101        l104        l107        l110        l113        l116        l119        l122         l125         l128         l131         l134         l137         l140         l143         l146         l149         l152
   26    1      1      0    0   125  0.000000e+00 2.814595e-02 1.554590e-05 0.0115814951 0.003904113 9.959839e-05 1.116599e-02 0.006303884 0.03720474 0.03995147 0.01987229 0.06565862 0.02071952 0.01228590 0.06658078 0.02971853 0.03457038 0.02745389 0.01880071 0.04609750 0.05608092 0.03554401 0.01066429 0.03033720 0.04010410 0.049606588 0.01034596 0.023237242 0.009494602 0.073983073 0.018996145 0.034200384 0.027007734 0.014328900 0.020574006 0.0069064284 0.0272136246 5.184272e-03 1.673520e-03 7.382020e-03 2.916197e-04 7.567109e-03 1.727382e-11 8.820360e-03 3.249947e-04
   36    1      1      0    0   125 4.031485e-292 6.490941e-10 6.633406e-05 0.0032012879 0.007624303 8.217797e-03 1.772730e-02 0.010310442 0.03838589 0.05763880 0.06157814 0.04837573 0.08724616 0.03928846 0.03307040 0.03044392 0.01898245 0.05584501 0.05300391 0.04608797 0.03715824 0.01687269 0.03748070 0.03902516 0.03692801 0.033177140 0.03246818 0.012633379 0.005283200 0.029447179 0.016295537 0.014696299 0.017063557 0.008402183 0.003162002 0.0155095394 0.0046016630 9.701350e-03 4.154956e-03 3.168340e-03 4.377700e-04 5.060953e-07 5.179994e-03 3.556651e-05 2.254919e-05
   46    1      1      0    0   125 9.574369e-188 8.758038e-06 3.928652e-03 0.0006165271 0.011180651 3.215727e-03 1.158958e-03 0.023058663 0.02170464 0.05600234 0.05112127 0.03049283 0.07214659 0.01904304 0.06699330 0.07406869 0.02197202 0.03712317 0.04423048 0.03974255 0.02827027 0.05140606 0.02666667 0.01770973 0.02769353 0.020852639 0.01539564 0.026430314 0.038534026 0.001426952 0.025891007 0.041382080 0.026700664 0.029115612 0.020892304 0.0004154805 0.0011238663 3.915290e-03 1.549577e-02 2.220057e-05 2.687235e-03 1.267352e-05 1.437914e-04 5.128660e-13 7.316698e-06
   56    1      1      0    0   125  8.490122e-08 1.772039e-17 8.703257e-04 0.0121357148 0.024330814 2.716836e-02 8.515894e-03 0.033654712 0.02936220 0.03630133 0.08805220 0.07880568 0.06625632 0.06539999 0.02541703 0.03947123 0.05485780 0.02381913 0.02095541 0.03427567 0.01990659 0.01167492 0.03265710 0.02837624 0.02490324 0.013860064 0.02788508 0.030631938 0.043214912 0.015744814 0.001665621 0.024456094 0.011268821 0.003842870 0.010947522 0.0051967214 0.0033179849 2.587505e-03 1.058337e-04 7.486452e-04 2.499247e-03 3.477177e-03 1.063403e-02 3.442317e-06 7.436813e-04
   60    1      1      0    0   125  0.000000e+00 1.335305e-04 6.053586e-04 0.0035526830 0.017833347 2.176409e-02 7.794209e-05 0.010692905 0.04284313 0.09404431 0.07575157 0.04541088 0.04277710 0.03325588 0.04496669 0.05574556 0.03997665 0.02467125 0.04794827 0.05669939 0.04999825 0.03143810 0.01229257 0.02833340 0.02889831 0.022314873 0.01285420 0.015946255 0.019423315 0.022155870 0.003674885 0.002880857 0.025909695 0.007798610 0.018713154 0.0046460156 0.0155296365 1.152687e-04 2.823870e-03 5.802184e-03 4.471701e-10 3.355501e-05 1.972041e-09 1.187871e-07 9.666476e-03
   64    1      1      0    0   125 7.852195e-101 1.967134e-08 6.489146e-04 0.0070135627 0.027722389 3.220884e-04 1.730244e-03 0.036468271 0.02225825 0.04180765 0.07064106 0.04063780 0.02728775 0.03254488 0.05060179 0.04051745 0.02576994 0.01792839 0.03843806 0.03939862 0.02329077 0.05548115 0.01380520 0.06546944 0.02508622 0.014924498 0.01506555 0.034499553 0.032695524 0.015291906 0.036132302 0.007745169 0.017304727 0.052619698 0.037702551 0.0106481690 0.0072655698 8.846499e-03 3.600518e-04 2.107049e-06 8.072790e-04 3.218606e-03 3.163270e-07 4.843499e-14 1.480068e-09
   68    1      1      0    0   125  1.321044e-93 5.098485e-03 9.198859e-03 0.0168047212 0.017404824 3.187414e-03 9.793001e-03 0.007438244 0.04936967 0.06910069 0.07735134 0.05549169 0.03039393 0.05219985 0.03367690 0.05837428 0.02025826 0.04161614 0.03885121 0.02666007 0.03178743 0.03582110 0.01566621 0.04241827 0.02585013 0.042797467 0.02486934 0.009013228 0.015988221 0.029703252 0.032212308 0.001057022 0.014522858 0.008410939 0.006848594 0.0182368336 0.0013118071 9.677326e-03 7.147647e-04 5.198984e-04 4.968134e-03 4.559403e-03 7.758515e-04 2.247373e-10 1.435914e-08
   72    1      1      0    0   125  1.374643e-87 5.903121e-08 2.119674e-03 0.0189747962 0.022140192 1.897908e-03 2.320646e-04 0.014412552 0.03943542 0.05198460 0.06830266 0.03936141 0.05624671 0.04368716 0.04870337 0.03519402 0.06109303 0.01862615 0.02789810 0.02222376 0.04340306 0.01862816 0.05059528 0.02101735 0.03671947 0.029027153 0.01432905 0.010914656 0.026700044 0.013244261 0.038894162 0.008600135 0.032989232 0.009731834 0.016232256 0.0111465417 0.0018390426 1.561862e-02 1.152709e-02 1.626364e-02 4.514655e-05 1.065484e-07 7.456956e-08 1.187324e-22 1.734640e-19
   76    1      1      0    0   125 6.933008e-140 3.189148e-12 2.157797e-04 0.0041371853 0.028935482 5.907868e-03 2.688657e-03 0.029263353 0.04914137 0.08258258 0.07852551 0.04546834 0.03083815 0.02525103 0.04855090 0.01668180 0.05757345 0.06272976 0.07835490 0.03755072 0.03593825 0.01659564 0.03604438 0.02786152 0.01028445 0.008020473 0.02520942 0.012154069 0.028465296 0.018008730 0.007698951 0.004694405 0.033182894 0.009698022 0.014501509 0.0042251445 0.0074804038 9.705524e-03 1.082888e-03 2.084855e-03 3.556672e-04 1.062233e-04 1.448264e-07 1.322731e-04 2.072025e-03
   80    1      1      0    0   125  0.000000e+00 5.309300e-10 1.080562e-02 0.0246846281 0.005729183 5.582335e-04 1.599778e-03 0.007013957 0.03432504 0.10613893 0.07778621 0.01715954 0.01814852 0.03200441 0.07387141 0.10350177 0.05916803 0.03047079 0.04257513 0.03274284 0.02769003 0.01589261 0.03091951 0.01147645 0.02077435 0.046503414 0.02341889 0.024856971 0.004522274 0.010312487 0.010781134 0.009077949 0.015425096 0.026127875 0.020120797 0.0030790990 0.0003581149 9.006759e-04 1.563462e-03 2.717825e-03 8.851610e-04 5.274981e-03 8.982357e-03 3.319532e-09 5.447356e-05
   84    1      1      0    0   125 5.059976e-142 1.753301e-10 2.127759e-04 0.0021350684 0.007958301 6.448076e-03 1.604809e-05 0.021581903 0.04290919 0.05744293 0.06475416 0.07428572 0.02393136 0.02891471 0.04878644 0.06489598 0.11058785 0.01115972 0.03404811 0.03598041 0.03204168 0.02172778 0.03039361 0.01978128 0.02854016 0.019812546 0.06064889 0.029882289 0.006009805 0.008262237 0.006108066 0.018699931 0.019988038 0.012240449 0.002414879 0.0049725344 0.0101958552 1.299197e-02 5.948271e-04 1.024836e-08 1.214434e-02 1.905108e-03 4.594942e-03 3.665198e-13 1.125625e-09
   88    1      1      0    0   125  0.000000e+00 1.368838e-43 8.455232e-04 0.0220577411 0.031496719 2.483763e-05 1.271741e-02 0.032143172 0.04134562 0.07681062 0.04457227 0.05285883 0.02979035 0.04898448 0.01813930 0.03925716 0.04305651 0.06972045 0.04544245 0.01400674 0.05959978 0.02232473 0.01506305 0.01830863 0.02850996 0.028880921 0.02084910 0.012830077 0.016964526 0.043539825 0.024434030 0.011625667 0.007085559 0.020084363 0.011391490 0.0135269013 0.0032934125 1.602423e-02 8.592744e-04 7.392149e-05 3.922790e-05 2.232366e-07 1.420894e-03 1.737810e-18 4.401286e-11
   92    1      1      0    0   125  0.000000e+00 2.043522e-27 1.426501e-03 0.0128129685 0.006568470 1.934356e-02 2.054924e-02 0.014892685 0.04910916 0.06894689 0.05934725 0.04601104 0.03984652 0.02119098 0.06349683 0.05796934 0.01318429 0.03954592 0.03055184 0.04876890 0.05214965 0.02748511 0.02826846 0.03938917 0.05972258 0.019226673 0.01345970 0.015499247 0.028773877 0.014296483 0.010566173 0.015450894 0.010529054 0.007160046 0.007807815 0.0020938537 0.0211977291 9.827289e-03 5.023686e-05 6.720335e-05 1.083009e-03 1.083037e-03 3.613638e-07 1.249980e-03 6.028179e-14
   96    1      1      0    0   125 2.207019e-271 7.339424e-08 2.872435e-03 0.0144987288 0.014878440 5.379658e-03 7.795562e-03 0.017201436 0.03894787 0.07616806 0.06794007 0.06636354 0.03206740 0.04827959 0.05322495 0.02319687 0.08049299 0.03728696 0.01271303 0.03842568 0.05294448 0.04904514 0.02852105 0.03143941 0.01844177 0.019770011 0.01014265 0.034201214 0.026006758 0.012286381 0.008438474 0.010454975 0.000350527 0.007746721 0.019831739 0.0005438573 0.0121007767 6.432197e-03 7.885347e-03 9.437331e-04 1.711602e-03 2.166235e-03 2.157607e-04 9.625821e-08 6.457432e-04
  100    1      1      0    0   125  3.613146e-07 4.890971e-20 4.123777e-05 0.0102325720 0.017164026 8.195089e-04 2.976089e-04 0.016134670 0.03805259 0.02832083 0.05393156 0.05782699 0.03642515 0.03381781 0.04039126 0.03199274 0.02048262 0.05199169 0.02509039 0.05160175 0.03186483 0.03415330 0.05005660 0.02912568 0.02207523 0.085912048 0.04668621 0.048748027 0.017829987 0.016842297 0.026622298 0.018025186 0.028248870 0.008885056 0.001347292 0.0080035517 0.0021094538 1.483632e-03 6.217719e-03 4.088067e-06 3.466603e-08 1.091064e-03 1.044054e-09 1.284428e-09 5.217631e-05
   76    1      2      0    0   500  4.862738e-38 3.261630e-03 1.020539e-02 0.0344542456 0.049162819 1.695370e-02 1.125153e-02 0.019393639 0.04685373 0.05141852 0.05570152 0.03603679 0.04703139 0.02786175 0.04974501 0.03697750 0.04595613 0.03680421 0.04103692 0.02420112 0.01464940 0.04145291 0.03410733 0.03383042 0.02373467 0.028175455 0.03829692 0.015139894 0.011771635 0.014016980 0.016905481 0.020659543 0.002485033 0.009675425 0.008696242 0.0038798052 0.0030420748 5.850404e-03 1.998213e-03 2.065998e-02 8.375538e-04 3.684711e-03 8.471240e-05 1.917752e-03 1.399212e-04
   78    1      2      0    0   500  6.100980e-18 2.649827e-03 1.604340e-02 0.0412070800 0.058547655 1.309922e-02 9.300975e-03 0.028723775 0.05680621 0.06199504 0.04880702 0.06511686 0.03829183 0.02394340 0.03675489 0.02813571 0.02805703 0.02798320 0.02880652 0.03392293 0.03147982 0.02889950 0.02568773 0.01298247 0.03169896 0.029220323 0.01733460 0.024919825 0.024457796 0.014173914 0.015317646 0.014857290 0.038434332 0.008440315 0.009335486 0.0070489424 0.0051727705 4.745467e-04 1.299018e-03 5.907943e-03 1.753581e-04 1.510015e-03 2.815405e-03 2.754369e-10 1.634106e-04
   80    1      2      0    0   500  3.062821e-26 5.281173e-04 1.834461e-02 0.0677878357 0.039643598 1.845603e-02 3.989391e-03 0.029519797 0.04563794 0.06651636 0.05344404 0.03769881 0.02084316 0.02646215 0.03861062 0.03438687 0.04631759 0.03429109 0.02211473 0.02405707 0.04404491 0.06653261 0.02057852 0.01849775 0.02870289 0.017663357 0.02333799 0.019482135 0.012734912 0.011824759 0.018555162 0.020233526 0.008643266 0.019487073 0.009475001 0.0061862710 0.0072572633 2.583446e-03 2.477813e-03 1.187377e-02 6.582261e-04 1.629943e-05 3.617506e-04 1.956537e-05 1.219317e-04
   82    1      2      0    0   500  1.236173e-11 2.530678e-03 1.098986e-02 0.0684621240 0.045675970 3.012718e-02 7.424088e-03 0.015540624 0.05668462 0.06717217 0.06729208 0.03412285 0.03142165 0.03595923 0.02791960 0.02863595 0.03167041 0.03197112 0.02211300 0.04556793 0.04202822 0.02923013 0.02340301 0.02326670 0.02460186 0.027059511 0.02732240 0.010758725 0.036370998 0.010650798 0.017755132 0.010386704 0.009744414 0.011221290 0.005849114 0.0039367559 0.0044275109 9.754165e-03 1.085172e-03 4.436153e-03 2.154769e-03 6.393055e-04 1.305717e-03 2.409607e-04 1.089339e-03
   84    1      2      0    0   500  4.507175e-05 2.374550e-03 1.678890e-02 0.0627386936 0.050733447 1.850214e-02 9.925555e-03 0.023035261 0.05052162 0.04758320 0.05128174 0.03943500 0.03503370 0.02701432 0.03672352 0.03943524 0.03087585 0.05549425 0.03494148 0.02472887 0.03530724 0.02939092 0.02610225 0.01911333 0.02311190 0.028245644 0.02519038 0.019679870 0.017880000 0.025903389 0.014127351 0.010110014 0.010581773 0.017478481 0.010794722 0.0114664069 0.0045511228 1.743024e-03 5.136886e-03 3.247431e-03 1.379231e-03 5.379276e-06 2.129962e-03 2.210773e-05 8.878488e-05
   86    1      2      0    0   500  7.220241e-07 1.883791e-03 2.013357e-02 0.0546159191 0.053679645 1.761772e-02 4.741395e-03 0.016159896 0.04583013 0.06168312 0.05026165 0.02947369 0.03098414 0.04562906 0.03771597 0.03198830 0.03491368 0.02437856 0.03745100 0.02943641 0.03781204 0.05168541 0.02339735 0.04706615 0.02108916 0.017656112 0.02839016 0.029696764 0.012779282 0.012892879 0.008210337 0.018109096 0.009758746 0.015528730 0.007757510 0.0080472563 0.0062344256 3.780446e-03 5.618935e-03 1.782668e-03 2.186876e-03 2.695475e-06 2.380505e-04 8.851630e-04 8.154013e-04
   88    1      2      0    0   500  5.808907e-42 2.117932e-03 1.744963e-02 0.0560685868 0.044609097 2.002741e-02 9.776225e-03 0.014027838 0.05102893 0.05228275 0.05438293 0.03204025 0.03296584 0.03081102 0.03199255 0.03749126 0.04028340 0.03472597 0.02557583 0.03965850 0.03860618 0.04092502 0.03276936 0.02722084 0.02148471 0.020874428 0.01706727 0.023621299 0.021250167 0.029508610 0.020423269 0.015642190 0.017903493 0.010275359 0.008204705 0.0041085395 0.0074615717 2.070612e-03 9.784081e-03 1.113128e-03 1.362223e-03 9.216994e-04 6.553433e-05 5.641358e-06 1.412927e-05
   90    1      2      0    0   500  1.702644e-08 1.137788e-03 9.002878e-03 0.0532847596 0.045293266 1.091257e-02 1.103685e-02 0.022874602 0.03806195 0.05731600 0.06252099 0.04913879 0.03603243 0.04601983 0.03882243 0.03813014 0.04398803 0.03971786 0.02754455 0.03447127 0.02149228 0.03070687 0.03660635 0.01319529 0.03627098 0.015606088 0.01679415 0.020394884 0.020243158 0.020467035 0.015461492 0.020568135 0.011856707 0.008156089 0.009532460 0.0086210118 0.0084521110 2.907238e-03 8.543761e-03 4.824016e-04 8.347262e-04 4.480784e-03 5.595624e-05 1.210449e-03 1.752577e-03
   92    1      2      0    0   500  1.027776e-07 1.879751e-04 2.309580e-02 0.0610637643 0.038353279 1.870646e-02 1.112889e-02 0.044834943 0.03381807 0.05954215 0.06445324 0.03707406 0.03315717 0.02949612 0.06143478 0.04124252 0.03348271 0.02407507 0.02505875 0.02351883 0.02018361 0.03272370 0.01923934 0.02442306 0.02918561 0.019557587 0.02242158 0.017419942 0.018206006 0.023648050 0.018045565 0.016020721 0.011549037 0.005349425 0.014924786 0.0053285241 0.0069825152 4.034345e-03 7.624410e-03 3.495001e-04 1.301270e-02 4.557411e-03 6.571359e-06 8.587264e-06 1.472733e-03
   94    1      2      0    0   500  7.138777e-28 1.369622e-03 1.934919e-02 0.0396418309 0.057615516 2.087740e-02 9.774793e-03 0.028562808 0.06746303 0.05983434 0.05584478 0.05530438 0.02779576 0.02125309 0.04328933 0.03914150 0.02342643 0.02378058 0.02981696 0.02668708 0.02075526 0.02970076 0.02768153 0.02701510 0.01863069 0.030381674 0.01642974 0.031830814 0.029974732 0.021467075 0.016742302 0.018742147 0.007173363 0.014477757 0.007267573 0.0075964684 0.0019317940 4.221191e-03 7.373602e-03 9.061666e-04 2.542392e-03 5.239353e-05 1.941701e-06 2.166064e-06 6.272949e-03
   96    1      2      0    0   500  3.407821e-03 4.168034e-03 1.603118e-02 0.0401097329 0.062390285 1.485166e-02 1.013090e-02 0.023277648 0.04356832 0.05564399 0.05424920 0.03324160 0.02891736 0.04586493 0.03816987 0.03798530 0.03149542 0.03502438 0.04012381 0.02450195 0.04191128 0.03843473 0.01829590 0.02937115 0.02436005 0.025736442 0.02113961 0.006412553 0.011187660 0.024023966 0.020924496 0.019298911 0.012229122 0.013856328 0.010159117 0.0092158862 0.0184247195 6.850022e-05 2.453841e-03 3.270014e-03 3.406077e-03 2.658530e-03 7.289099e-06 9.816751e-11 4.249588e-07
   98    1      2      0    0   500  1.145318e-16 6.247492e-03 2.310697e-02 0.0406847321 0.047525538 1.297973e-02 7.684956e-03 0.033383635 0.03651252 0.04259951 0.05453761 0.04260324 0.02667125 0.02883229 0.03031714 0.03194791 0.03896509 0.03122819 0.03171023 0.04295435 0.05545236 0.02213733 0.01780261 0.02554933 0.02600249 0.030453914 0.01899905 0.037714043 0.026232520 0.017778807 0.014667773 0.012246375 0.018073624 0.009312363 0.004392686 0.0068088613 0.0145233107 6.038033e-03 8.560843e-03 7.174268e-03 2.583119e-04 1.846715e-03 7.412403e-04 3.947297e-03 2.793461e-03
  100    1      2      0    0   500  4.460324e-11 2.025931e-03 2.519063e-02 0.0516455905 0.041014956 2.530756e-02 1.043754e-02 0.022714181 0.04750210 0.05008929 0.05652064 0.02953107 0.03190497 0.02969497 0.02826770 0.03919304 0.03635252 0.02975385 0.04635860 0.03858216 0.03070038 0.02091551 0.01916998 0.02928792 0.03224701 0.033840638 0.03942706 0.017306733 0.023997730 0.017967184 0.014101969 0.013235353 0.020551384 0.005113709 0.009646105 0.0056522852 0.0097803040 6.745861e-03 6.031724e-03 6.951763e-04 3.556465e-04 1.357232e-04 6.489644e-04 6.685781e-13 3.583560e-04
15 #_N_agebins
#_agebin_vector
1 2 3 4 5 6 7 8 9 10 11 12 13 14 15
1 #_N_ageerror_definitions
 #_age0   age1   age2   age3   age4   age5   age6   age7   age8   age9  age10  age11  age12  age13  age14  age15  age16  age17  age18  age19  age20  age21  age22  age23  age24  age25
 -1.000 -1.000 -1.000 -1.000 -1.000 -1.000 -1.000 -1.000 -1.000 -1.000 -1.000 -1.000 -1.000 -1.000 -1.000 -1.000 -1.000 -1.000 -1.000 -1.000 -1.000 -1.000 -1.000 -1.000 -1.000 -1.000
  0.001  0.001  0.001  0.001  0.001  0.001  0.001  0.001  0.001  0.001  0.001  0.001  0.001  0.001  0.001  0.001  0.001  0.001  0.001  0.001  0.001  0.001  0.001  0.001  0.001  0.001
89 #_N_agecomp
1 #_Lbin_method: 1=poplenbins; 2=datalenbins; 3=lengths
-1 #_combine males into females at or below this bin number
 #_Yr Seas FltSvy Gender Part Ageerr Lbin_lo Lbin_hi Nsamp          a1        a2        a3         a4         a5         a6         a7         a8          a9         a10         a11         a12          a13         a14         a15
   26    1      1      0    0      1      -1      -1   125  0.01667639 0.1750518 0.1866391 0.09515817 0.07780860 0.04541853 0.05872988 0.06821817 0.069404004 0.036511441 0.047773623 0.013856306 0.0357586723 0.017001499 0.055993832
   36    1      1      0    0      1      -1      -1   125  0.04295951 0.3042518 0.2220782 0.10757619 0.07238201 0.08401047 0.04663764 0.02503371 0.012726173 0.010089399 0.011633344 0.010665347 0.0001674698 0.011545227 0.038243450
   46    1      1      0    0      1      -1      -1   125  0.05899236 0.2569195 0.2095041 0.17561766 0.05933887 0.08521683 0.02045591 0.04244220 0.026578872 0.012362083 0.009797685 0.022399142 0.0105428112 0.003511235 0.006320699
   56    1      1      0    0      1      -1      -1   125  0.03580594 0.2787094 0.1577623 0.18510368 0.10288376 0.05273741 0.07170065 0.03323004 0.006477366 0.003179985 0.050823657 0.002242060 0.0013260606 0.001524837 0.016492860
   60    1      1      0    0      1      -1      -1   125  0.01723572 0.2109973 0.2484721 0.12225994 0.11068526 0.10619302 0.05123077 0.02941970 0.022916046 0.027217957 0.020072842 0.008032753 0.0083230701 0.003541369 0.013402188
   64    1      1      0    0      1      -1      -1   125  0.05567362 0.2634193 0.1969429 0.13629486 0.07216463 0.04806024 0.06394706 0.04806043 0.023017253 0.038011121 0.005286644 0.005284962 0.0004814460 0.005899350 0.037456171
   68    1      1      0    0      1      -1      -1   125  0.08163398 0.2153230 0.1610379 0.11450401 0.06929202 0.09962769 0.03230373 0.04962202 0.026616648 0.017036450 0.007856205 0.012511565 0.0262073656 0.056467832 0.029959534
   72    1      1      0    0      1      -1      -1   125  0.01855471 0.2351026 0.1701613 0.18298160 0.11201052 0.08722805 0.04655011 0.02513788 0.029475182 0.009325272 0.008006429 0.035985113 0.0090248858 0.007548854 0.022907466
   76    1      1      0    0      1      -1      -1   125  0.02151074 0.2241493 0.2312132 0.12686848 0.08010477 0.11193950 0.05222294 0.04444428 0.030237475 0.014223759 0.032155430 0.007659878 0.0018637117 0.008875403 0.012531080
   80    1      1      0    0      1      -1      -1   125  0.03984718 0.2668911 0.2224194 0.14916366 0.10687756 0.06141325 0.05087994 0.02661377 0.015665111 0.019529673 0.026228247 0.009610708 0.0013964657 0.001120006 0.002343946
   84    1      1      0    0      1      -1      -1   125  0.02703792 0.2359519 0.1851908 0.19185514 0.11637341 0.11113128 0.03448925 0.02496207 0.011625532 0.040338525 0.004352761 0.004500278 0.0056396886 0.004036235 0.002515162
   88    1      1      0    0      1      -1      -1   125  0.04923478 0.2657889 0.1728271 0.12358686 0.11188201 0.06345304 0.06762065 0.02831644 0.042494336 0.014840317 0.014032104 0.002193761 0.0035247643 0.020808212 0.019396655
   92    1      1      0    0      1      -1      -1   125  0.05052601 0.2246718 0.1521136 0.18764945 0.14745759 0.04038332 0.08018505 0.04498974 0.014565987 0.031585336 0.003861940 0.006471283 0.0048995457 0.005092063 0.005547266
   96    1      1      0    0      1      -1      -1   125  0.01816561 0.2459094 0.1907747 0.10894204 0.12103709 0.10229762 0.03129549 0.04846296 0.061361118 0.023848933 0.007788315 0.003099779 0.0095279185 0.019157539 0.008331381
  100    1      1      0    0      1      -1      -1   125  0.02738439 0.2700496 0.2318065 0.11038076 0.11775537 0.08371261 0.01319789 0.04077375 0.019826440 0.009319001 0.005746204 0.016950995 0.0082989827 0.036218998 0.008578542
   76    1      2      0    0      1      -1      -1   500  0.17563038 0.2232045 0.1815461 0.09429474 0.08731643 0.04550316 0.06423722 0.04313440 0.022871987 0.022609389 0.016045410 0.006301002 0.0032749133 0.002914557 0.011115857
   78    1      2      0    0      1      -1      -1   500  0.15471041 0.2248102 0.1715557 0.11895225 0.08985004 0.07668686 0.05738718 0.02624617 0.019820347 0.015591716 0.014764197 0.005413200 0.0053526405 0.003997314 0.014861772
   80    1      2      0    0      1      -1      -1   500  0.14661468 0.1918488 0.1309489 0.16020548 0.10869560 0.08279258 0.07013132 0.02594341 0.021999139 0.017540181 0.009731912 0.005335391 0.0037737551 0.011604658 0.012834178
   82    1      2      0    0      1      -1      -1   500  0.13977115 0.2383605 0.1401642 0.13689871 0.09956653 0.05076129 0.04274581 0.02925099 0.042078690 0.022877899 0.019272247 0.011194644 0.0119923629 0.008019599 0.007045294
   84    1      2      0    0      1      -1      -1   500  0.13956272 0.2306420 0.1587408 0.14328946 0.10597932 0.05417613 0.04929504 0.03299703 0.023299564 0.015886841 0.015125803 0.007547449 0.0109270495 0.004075955 0.008454850
   86    1      2      0    0      1      -1      -1   500  0.13453896 0.2516069 0.1427159 0.14401189 0.07309429 0.08644020 0.04404638 0.02562799 0.024898159 0.022925049 0.011264766 0.013707338 0.0041467484 0.009854804 0.011120682
   88    1      2      0    0      1      -1      -1   500  0.11890724 0.2473377 0.1716210 0.12741082 0.07060364 0.08210692 0.04251913 0.02915430 0.033423970 0.026379509 0.014877634 0.008125822 0.0077829873 0.003899392 0.015849894
   90    1      2      0    0      1      -1      -1   500  0.13130587 0.2136487 0.1690619 0.13061142 0.08518000 0.06581204 0.05378517 0.04331928 0.012126591 0.018627103 0.028124544 0.011018524 0.0103103352 0.002403596 0.024664942
   92    1      2      0    0      1      -1      -1   500  0.11261367 0.2197224 0.1665444 0.14859973 0.08999310 0.05408789 0.04827850 0.03990510 0.034687817 0.025708116 0.015039690 0.017123776 0.0100208495 0.005685636 0.011989318
   94    1      2      0    0      1      -1      -1   500  0.15881140 0.2137102 0.2104397 0.11166079 0.10525387 0.05102428 0.03614370 0.04224500 0.026133157 0.008474664 0.012005788 0.001655019 0.0104057436 0.003696669 0.008339985
   96    1      2      0    0      1      -1      -1   500  0.15078549 0.2585794 0.1675552 0.10858590 0.08327066 0.05405981 0.04649254 0.01921361 0.028910953 0.017052413 0.011059095 0.029596137 0.0062280416 0.004670013 0.013940757
   98    1      2      0    0      1      -1      -1   500  0.15038452 0.2435769 0.1500593 0.10861599 0.08276284 0.07220197 0.04293126 0.03383917 0.034821182 0.022425509 0.009467800 0.014733109 0.0173810134 0.003211006 0.013588466
  100    1      2      0    0      1      -1      -1   500  0.13596744 0.2492591 0.1552952 0.13573615 0.08611409 0.06627514 0.04018934 0.03394892 0.029680697 0.016212049 0.018593979 0.005211183 0.0086728498 0.001816342 0.017027537
   60    1      1      0    0      1       3       3     1  1.00000000 0.0000000 0.0000000 0.00000000 0.00000000 0.00000000 0.00000000 0.00000000 0.000000000 0.000000000 0.000000000 0.000000000 0.0000000000 0.000000000 0.000000000
   60    1      1      0    0      1       5       5     1  1.00000000 0.0000000 0.0000000 0.00000000 0.00000000 0.00000000 0.00000000 0.00000000 0.000000000 0.000000000 0.000000000 0.000000000 0.0000000000 0.000000000 0.000000000
   60    1      1      0    0      1       6       6     1  1.00000000 0.0000000 0.0000000 0.00000000 0.00000000 0.00000000 0.00000000 0.00000000 0.000000000 0.000000000 0.000000000 0.000000000 0.0000000000 0.000000000 0.000000000
   60    1      1      0    0      1       9       9     3  3.00000000 0.0000000 0.0000000 0.00000000 0.00000000 0.00000000 0.00000000 0.00000000 0.000000000 0.000000000 0.000000000 0.000000000 0.0000000000 0.000000000 0.000000000
   60    1      1      0    0      1      10      10     6  6.00000000 0.0000000 0.0000000 0.00000000 0.00000000 0.00000000 0.00000000 0.00000000 0.000000000 0.000000000 0.000000000 0.000000000 0.0000000000 0.000000000 0.000000000
   60    1      1      0    0      1      11      11     2  2.00000000 0.0000000 0.0000000 0.00000000 0.00000000 0.00000000 0.00000000 0.00000000 0.000000000 0.000000000 0.000000000 0.000000000 0.0000000000 0.000000000 0.000000000
   60    1      1      0    0      1      12      12    10 10.00000000 0.0000000 0.0000000 0.00000000 0.00000000 0.00000000 0.00000000 0.00000000 0.000000000 0.000000000 0.000000000 0.000000000 0.0000000000 0.000000000 0.000000000
   60    1      1      0    0      1      13      13     4  4.00000000 0.0000000 0.0000000 0.00000000 0.00000000 0.00000000 0.00000000 0.00000000 0.000000000 0.000000000 0.000000000 0.000000000 0.0000000000 0.000000000 0.000000000
   60    1      1      0    0      1      14      14     5  5.00000000 0.0000000 0.0000000 0.00000000 0.00000000 0.00000000 0.00000000 0.00000000 0.000000000 0.000000000 0.000000000 0.000000000 0.0000000000 0.000000000 0.000000000
   60    1      1      0    0      1      15      15     2  2.00000000 0.0000000 0.0000000 0.00000000 0.00000000 0.00000000 0.00000000 0.00000000 0.000000000 0.000000000 0.000000000 0.000000000 0.0000000000 0.000000000 0.000000000
   60    1      1      0    0      1      16      16     6  6.00000000 0.0000000 0.0000000 0.00000000 0.00000000 0.00000000 0.00000000 0.00000000 0.000000000 0.000000000 0.000000000 0.000000000 0.0000000000 0.000000000 0.000000000
   60    1      1      0    0      1      17      17     3  3.00000000 0.0000000 0.0000000 0.00000000 0.00000000 0.00000000 0.00000000 0.00000000 0.000000000 0.000000000 0.000000000 0.000000000 0.0000000000 0.000000000 0.000000000
   60    1      1      0    0      1      19      19     6  6.00000000 0.0000000 0.0000000 0.00000000 0.00000000 0.00000000 0.00000000 0.00000000 0.000000000 0.000000000 0.000000000 0.000000000 0.0000000000 0.000000000 0.000000000
   60    1      1      0    0      1      20      20     6  6.00000000 0.0000000 0.0000000 0.00000000 0.00000000 0.00000000 0.00000000 0.00000000 0.000000000 0.000000000 0.000000000 0.000000000 0.0000000000 0.000000000 0.000000000
   60    1      1      0    0      1      21      21     5  5.00000000 0.0000000 0.0000000 0.00000000 0.00000000 0.00000000 0.00000000 0.00000000 0.000000000 0.000000000 0.000000000 0.000000000 0.0000000000 0.000000000 0.000000000
   60    1      1      0    0      1      22      22     2  2.00000000 0.0000000 0.0000000 0.00000000 0.00000000 0.00000000 0.00000000 0.00000000 0.000000000 0.000000000 0.000000000 0.000000000 0.0000000000 0.000000000 0.000000000
   60    1      1      0    0      1      23      23     1  1.00000000 0.0000000 0.0000000 0.00000000 0.00000000 0.00000000 0.00000000 0.00000000 0.000000000 0.000000000 0.000000000 0.000000000 0.0000000000 0.000000000 0.000000000
   60    1      1      0    0      1      24      24     3  3.00000000 0.0000000 0.0000000 0.00000000 0.00000000 0.00000000 0.00000000 0.00000000 0.000000000 0.000000000 0.000000000 0.000000000 0.0000000000 0.000000000 0.000000000
   60    1      1      0    0      1      25      25     2  2.00000000 0.0000000 0.0000000 0.00000000 0.00000000 0.00000000 0.00000000 0.00000000 0.000000000 0.000000000 0.000000000 0.000000000 0.0000000000 0.000000000 0.000000000
   60    1      1      0    0      1      26      26     5  4.00000000 1.0000000 0.0000000 0.00000000 0.00000000 0.00000000 0.00000000 0.00000000 0.000000000 0.000000000 0.000000000 0.000000000 0.0000000000 0.000000000 0.000000000
   60    1      1      0    0      1      27      27     1  1.00000000 0.0000000 0.0000000 0.00000000 0.00000000 0.00000000 0.00000000 0.00000000 0.000000000 0.000000000 0.000000000 0.000000000 0.0000000000 0.000000000 0.000000000
   60    1      1      0    0      1      28      28     3  3.00000000 0.0000000 0.0000000 0.00000000 0.00000000 0.00000000 0.00000000 0.00000000 0.000000000 0.000000000 0.000000000 0.000000000 0.0000000000 0.000000000 0.000000000
   60    1      1      0    0      1      29      29     3  0.00000000 3.0000000 0.0000000 0.00000000 0.00000000 0.00000000 0.00000000 0.00000000 0.000000000 0.000000000 0.000000000 0.000000000 0.0000000000 0.000000000 0.000000000
   60    1      1      0    0      1      30      30     4  1.00000000 3.0000000 0.0000000 0.00000000 0.00000000 0.00000000 0.00000000 0.00000000 0.000000000 0.000000000 0.000000000 0.000000000 0.0000000000 0.000000000 0.000000000
   60    1      1      0    0      1      31      31     1  0.00000000 1.0000000 0.0000000 0.00000000 0.00000000 0.00000000 0.00000000 0.00000000 0.000000000 0.000000000 0.000000000 0.000000000 0.0000000000 0.000000000 0.000000000
   60    1      1      0    0      1      32      32     1  0.00000000 1.0000000 0.0000000 0.00000000 0.00000000 0.00000000 0.00000000 0.00000000 0.000000000 0.000000000 0.000000000 0.000000000 0.0000000000 0.000000000 0.000000000
   60    1      1      0    0      1      33      33     6  0.00000000 6.0000000 0.0000000 0.00000000 0.00000000 0.00000000 0.00000000 0.00000000 0.000000000 0.000000000 0.000000000 0.000000000 0.0000000000 0.000000000 0.000000000
   60    1      1      0    0      1      35      35     1  0.00000000 1.0000000 0.0000000 0.00000000 0.00000000 0.00000000 0.00000000 0.00000000 0.000000000 0.000000000 0.000000000 0.000000000 0.0000000000 0.000000000 0.000000000
   60    1      1      0    0      1      37      37     3  0.00000000 3.0000000 0.0000000 0.00000000 0.00000000 0.00000000 0.00000000 0.00000000 0.000000000 0.000000000 0.000000000 0.000000000 0.0000000000 0.000000000 0.000000000
   60    1      1      0    0      1      39      39     1  0.00000000 1.0000000 0.0000000 0.00000000 0.00000000 0.00000000 0.00000000 0.00000000 0.000000000 0.000000000 0.000000000 0.000000000 0.0000000000 0.000000000 0.000000000
   60    1      1      0    0      1      40      40     2  0.00000000 2.0000000 0.0000000 0.00000000 0.00000000 0.00000000 0.00000000 0.00000000 0.000000000 0.000000000 0.000000000 0.000000000 0.0000000000 0.000000000 0.000000000
  100    1      1      0    0      1       4       4     2  2.00000000 0.0000000 0.0000000 0.00000000 0.00000000 0.00000000 0.00000000 0.00000000 0.000000000 0.000000000 0.000000000 0.000000000 0.0000000000 0.000000000 0.000000000
  100    1      1      0    0      1       5       5     1  1.00000000 0.0000000 0.0000000 0.00000000 0.00000000 0.00000000 0.00000000 0.00000000 0.000000000 0.000000000 0.000000000 0.000000000 0.0000000000 0.000000000 0.000000000
  100    1      1      0    0      1       8       8     2  2.00000000 0.0000000 0.0000000 0.00000000 0.00000000 0.00000000 0.00000000 0.00000000 0.000000000 0.000000000 0.000000000 0.000000000 0.0000000000 0.000000000 0.000000000
  100    1      1      0    0      1       9       9     5  5.00000000 0.0000000 0.0000000 0.00000000 0.00000000 0.00000000 0.00000000 0.00000000 0.000000000 0.000000000 0.000000000 0.000000000 0.0000000000 0.000000000 0.000000000
  100    1      1      0    0      1      10      10     1  1.00000000 0.0000000 0.0000000 0.00000000 0.00000000 0.00000000 0.00000000 0.00000000 0.000000000 0.000000000 0.000000000 0.000000000 0.0000000000 0.000000000 0.000000000
  100    1      1      0    0      1      11      11     4  4.00000000 0.0000000 0.0000000 0.00000000 0.00000000 0.00000000 0.00000000 0.00000000 0.000000000 0.000000000 0.000000000 0.000000000 0.0000000000 0.000000000 0.000000000
  100    1      1      0    0      1      12      12     5  5.00000000 0.0000000 0.0000000 0.00000000 0.00000000 0.00000000 0.00000000 0.00000000 0.000000000 0.000000000 0.000000000 0.000000000 0.0000000000 0.000000000 0.000000000
  100    1      1      0    0      1      13      13     2  2.00000000 0.0000000 0.0000000 0.00000000 0.00000000 0.00000000 0.00000000 0.00000000 0.000000000 0.000000000 0.000000000 0.000000000 0.0000000000 0.000000000 0.000000000
  100    1      1      0    0      1      14      14     3  3.00000000 0.0000000 0.0000000 0.00000000 0.00000000 0.00000000 0.00000000 0.00000000 0.000000000 0.000000000 0.000000000 0.000000000 0.0000000000 0.000000000 0.000000000
  100    1      1      0    0      1      15      15     4  4.00000000 0.0000000 0.0000000 0.00000000 0.00000000 0.00000000 0.00000000 0.00000000 0.000000000 0.000000000 0.000000000 0.000000000 0.0000000000 0.000000000 0.000000000
  100    1      1      0    0      1      16      16     2  2.00000000 0.0000000 0.0000000 0.00000000 0.00000000 0.00000000 0.00000000 0.00000000 0.000000000 0.000000000 0.000000000 0.000000000 0.0000000000 0.000000000 0.000000000
  100    1      1      0    0      1      17      17     2  2.00000000 0.0000000 0.0000000 0.00000000 0.00000000 0.00000000 0.00000000 0.00000000 0.000000000 0.000000000 0.000000000 0.000000000 0.0000000000 0.000000000 0.000000000
  100    1      1      0    0      1      18      18     8  8.00000000 0.0000000 0.0000000 0.00000000 0.00000000 0.00000000 0.00000000 0.00000000 0.000000000 0.000000000 0.000000000 0.000000000 0.0000000000 0.000000000 0.000000000
  100    1      1      0    0      1      19      19     2  2.00000000 0.0000000 0.0000000 0.00000000 0.00000000 0.00000000 0.00000000 0.00000000 0.000000000 0.000000000 0.000000000 0.000000000 0.0000000000 0.000000000 0.000000000
  100    1      1      0    0      1      20      20     6  6.00000000 0.0000000 0.0000000 0.00000000 0.00000000 0.00000000 0.00000000 0.00000000 0.000000000 0.000000000 0.000000000 0.000000000 0.0000000000 0.000000000 0.000000000
  100    1      1      0    0      1      21      21     3  3.00000000 0.0000000 0.0000000 0.00000000 0.00000000 0.00000000 0.00000000 0.00000000 0.000000000 0.000000000 0.000000000 0.000000000 0.0000000000 0.000000000 0.000000000
  100    1      1      0    0      1      22      22     5  5.00000000 0.0000000 0.0000000 0.00000000 0.00000000 0.00000000 0.00000000 0.00000000 0.000000000 0.000000000 0.000000000 0.000000000 0.0000000000 0.000000000 0.000000000
  100    1      1      0    0      1      23      23     3  3.00000000 0.0000000 0.0000000 0.00000000 0.00000000 0.00000000 0.00000000 0.00000000 0.000000000 0.000000000 0.000000000 0.000000000 0.0000000000 0.000000000 0.000000000
  100    1      1      0    0      1      24      24     1  1.00000000 0.0000000 0.0000000 0.00000000 0.00000000 0.00000000 0.00000000 0.00000000 0.000000000 0.000000000 0.000000000 0.000000000 0.0000000000 0.000000000 0.000000000
  100    1      1      0    0      1      25      25     1  1.00000000 0.0000000 0.0000000 0.00000000 0.00000000 0.00000000 0.00000000 0.00000000 0.000000000 0.000000000 0.000000000 0.000000000 0.0000000000 0.000000000 0.000000000
  100    1      1      0    0      1      26      26    11 10.00000000 1.0000000 0.0000000 0.00000000 0.00000000 0.00000000 0.00000000 0.00000000 0.000000000 0.000000000 0.000000000 0.000000000 0.0000000000 0.000000000 0.000000000
  100    1      1      0    0      1      27      27     3  3.00000000 0.0000000 0.0000000 0.00000000 0.00000000 0.00000000 0.00000000 0.00000000 0.000000000 0.000000000 0.000000000 0.000000000 0.0000000000 0.000000000 0.000000000
  100    1      1      0    0      1      28      28     5  5.00000000 0.0000000 0.0000000 0.00000000 0.00000000 0.00000000 0.00000000 0.00000000 0.000000000 0.000000000 0.000000000 0.000000000 0.0000000000 0.000000000 0.000000000
  100    1      1      0    0      1      29      29     3  0.00000000 3.0000000 0.0000000 0.00000000 0.00000000 0.00000000 0.00000000 0.00000000 0.000000000 0.000000000 0.000000000 0.000000000 0.0000000000 0.000000000 0.000000000
  100    1      1      0    0      1      31      31     3  1.00000000 2.0000000 0.0000000 0.00000000 0.00000000 0.00000000 0.00000000 0.00000000 0.000000000 0.000000000 0.000000000 0.000000000 0.0000000000 0.000000000 0.000000000
  100    1      1      0    0      1      32      32     3  0.00000000 3.0000000 0.0000000 0.00000000 0.00000000 0.00000000 0.00000000 0.00000000 0.000000000 0.000000000 0.000000000 0.000000000 0.0000000000 0.000000000 0.000000000
  100    1      1      0    0      1      33      33     4  0.00000000 4.0000000 0.0000000 0.00000000 0.00000000 0.00000000 0.00000000 0.00000000 0.000000000 0.000000000 0.000000000 0.000000000 0.0000000000 0.000000000 0.000000000
  100    1      1      0    0      1      34      34     2  0.00000000 2.0000000 0.0000000 0.00000000 0.00000000 0.00000000 0.00000000 0.00000000 0.000000000 0.000000000 0.000000000 0.000000000 0.0000000000 0.000000000 0.000000000
  100    1      1      0    0      1      36      36     2  0.00000000 2.0000000 0.0000000 0.00000000 0.00000000 0.00000000 0.00000000 0.00000000 0.000000000 0.000000000 0.000000000 0.000000000 0.0000000000 0.000000000 0.000000000
  100    1      1      0    0      1      39      39     2  0.00000000 2.0000000 0.0000000 0.00000000 0.00000000 0.00000000 0.00000000 0.00000000 0.000000000 0.000000000 0.000000000 0.000000000 0.0000000000 0.000000000 0.000000000
0 #_N_MeanSize_at_Age_obs
0 #_N_environ_variables
0 #_N_environ_obs
0 #_N_sizefreq_methods
0 #_do_tags
0 #_morphcomp_data
#
999
