#C data file created using the SS_writedat function in the R package r4ss
#C should work with SS version: 
#C file write time: 2015-02-11 18:35:00
#
1 #_styr
100 #_endyr
1 #_nseas
12 #_months_per_seas
1 #_spawn_seas
1 #_Nfleet
2 #_Nsurveys
1 #_N_areas
Fishery%Survey%CPUE #_fleetnames
0.5 0.5 0.5 #_surveytiming_in_season
1 1 1 #_area_assignments_for_each_fishery_and_survey
1 #_units of catch:  1=bio; 2=num
0.01 #_se of log(catch) only used for init_eq_catch and for Fmethod 2 and 3
1 #_Ngenders
25 #_Nages
0 #_init_equil_catch_for_each_fishery
100 #_N_lines_of_catch_to_read
 #_Fishery year seas
         0    1    1
         0    2    1
         0    3    1
         0    4    1
         0    5    1
         0    6    1
         0    7    1
         0    8    1
         0    9    1
         0   10    1
         0   11    1
         0   12    1
         0   13    1
         0   14    1
         0   15    1
         0   16    1
         0   17    1
         0   18    1
         0   19    1
         0   20    1
         0   21    1
         0   22    1
         0   23    1
         0   24    1
         0   25    1
 444646000   26    1
 397608000   27    1
 357583000   28    1
 324161000   29    1
 296656000   30    1
 274240000   31    1
 256057000   32    1
 241314000   33    1
 229322000   34    1
 219511000   35    1
 211426000   36    1
 204710000   37    1
 199088000   38    1
 194347000   39    1
 190324000   40    1
 186891000   41    1
 183948000   42    1
 181416000   43    1
 179230000   44    1
 177337000   45    1
 175694000   46    1
 174266000   47    1
 173022000   48    1
 171937000   49    1
 170990000   50    1
 170161000   51    1
 169436000   52    1
 168801000   53    1
 168243000   54    1
 167755000   55    1
 167325000   56    1
 166948000   57    1
 166617000   58    1
 166326000   59    1
 166070000   60    1
 165844000   61    1
 165646000   62    1
 165471000   63    1
 165317000   64    1
 165182000   65    1
 165063000   66    1
 164958000   67    1
 164865000   68    1
 164784000   69    1
 164712000   70    1
 164649000   71    1
 164593000   72    1
 164544000   73    1
 164500000   74    1
 164462000   75    1
 164429000   76    1
 164399000   77    1
 164373000   78    1
 164350000   79    1
 164329000   80    1
 164311000   81    1
 164296000   82    1
 164282000   83    1
 164269000   84    1
 164258000   85    1
 164249000   86    1
 164240000   87    1
 164233000   88    1
 164227000   89    1
 164221000   90    1
 164216000   91    1
 164211000   92    1
 164207000   93    1
 164204000   94    1
 164201000   95    1
 164198000   96    1
 164195000   97    1
 164193000   98    1
 164192000   99    1
 164190000  100    1
13 #_N_cpue
 #_Fleet Units Errtype
       1     1       0
       2     1       0
       3     1       0
 #_year seas index        obs se_log
     76    1     2 1238837847    0.2
     78    1     2 1252901391    0.2
     80    1     2 1803945150    0.2
     82    1     2 2083249195    0.2
     84    1     2 1545342497    0.2
     86    1     2 1969419481    0.2
     88    1     2 1779433226    0.2
     90    1     2 1346935158    0.2
     92    1     2 1061395672    0.2
     94    1     2 1360864400    0.2
     96    1     2 1648844182    0.2
     98    1     2 1336222019    0.2
    100    1     2 1180311048    0.2
0 #_N_discard_fleets
#_discard_units (1=same_as_catchunits(bio/num); 2=fraction; 3=numbers)
#_discard_errtype:  >0 for DF of T-dist(read CV below); 0 for normal with CV; -1 for normal with se; -2 for lognormal
0 #_N_discard
0 #_N_meanbodywt
1 #_DF_for_meanbodywt_T-distribution_like
2 # length bin method: 1=use databins; 2=generate from binwidth,min,max below; 3=read vector
1 # binwidth for population size comp
10 # minimum size in the population (lower edge of first bin and size at age 0.00)
200 # maximum size in the population (lower edge of last bin)
-0.001 #_comp_tail_compression
1e-05 #_add_to_comp
0 #_combine males into females at or below this bin number
45 #_N_lbins
#_lbin_vector
20 23 26 29 32 35 38 41 44 47 50 53 56 59 62 65 68 71 74 77 80 83 86 89 92 95 98 101 104 107 110 113 116 119 122 125 128 131 134 137 140 143 146 149 152
28 #_N_Length_comp_observations
 #_Yr Seas FltSvy Gender Part Nsamp           l20          l23          l26         l29         l32          l35          l38         l41        l44        l47        l50        l53         l56         l59        l62        l65        l68        l71         l74        l77         l80        l83         l86        l89        l92        l95         l98        l101        l104        l107        l110        l113        l116        l119        l122        l125         l128         l131         l134         l137         l140         l143         l146         l149         l152
   26    1      1      0    0   125  1.988423e-39 5.684440e-07 1.421217e-03 0.002725899 0.020632927 0.0159710836 0.0035261958 0.009983286 0.02257987 0.03970167 0.03424214 0.02774635 0.005318177 0.043245463 0.04256857 0.03099471 0.04163852 0.03217579 0.009540515 0.04345749 0.015588458 0.04514858 0.032339941 0.02143467 0.01978696 0.02752832 0.015296087 0.044048975 0.041464716 0.022769940 0.014130654 0.047352611 0.013439184 0.020701050 0.014966219 0.103357512 0.0281553941 1.181122e-02 7.990746e-03 1.294365e-02 9.027603e-03 8.915404e-06 2.376754e-03 5.648613e-06 8.557601e-04
   36    1      1      0    0   125  4.329301e-50 6.228750e-06 4.240092e-04 0.007015468 0.015378790 0.0014137547 0.0066003366 0.009688484 0.04194547 0.09209576 0.05153823 0.05459657 0.010818119 0.032696143 0.02894976 0.05206204 0.04845183 0.06842788 0.032787267 0.01120524 0.025270859 0.02818279 0.030916904 0.03245598 0.01681238 0.01364842 0.005029055 0.005974711 0.044909922 0.021274614 0.011264577 0.012017989 0.018135075 0.074114539 0.034882891 0.012391565 0.0251060063 4.704453e-03 3.367347e-03 2.369465e-03 2.196568e-03 2.541390e-03 2.272480e-05 9.367064e-15 6.308395e-03
   46    1      1      0    0   125  7.780499e-93 9.513601e-45 6.310888e-07 0.023380482 0.019502238 0.0086614717 0.0001967715 0.013779753 0.03014086 0.07516643 0.05139614 0.06141397 0.025854685 0.028161063 0.05040888 0.05440157 0.08720286 0.02396628 0.022432952 0.02568634 0.043657909 0.02483619 0.024184939 0.04567567 0.00825227 0.01556720 0.021801281 0.022297831 0.010285761 0.030002279 0.018850562 0.027899359 0.011907168 0.009881728 0.022921339 0.010657768 0.0047951740 2.524797e-03 1.850233e-02 8.085314e-03 1.473962e-02 7.647868e-04 1.366280e-04 1.843420e-05 2.916229e-07
   56    1      1      0    0   125  8.135311e-63 1.469308e-14 5.812011e-04 0.016473320 0.005880348 0.0039328842 0.0002852342 0.024498627 0.04014153 0.02624551 0.07792724 0.05472876 0.057173290 0.023771250 0.06691744 0.03932092 0.03784010 0.04456289 0.031724291 0.03743387 0.026478522 0.04398921 0.022376362 0.05319530 0.03571948 0.01750389 0.012820973 0.040003176 0.029376567 0.025886818 0.004844554 0.025931099 0.020294341 0.010491797 0.025015242 0.003344305 0.0043237609 6.460898e-05 2.579877e-03 4.077189e-03 3.897314e-04 1.853539e-03 4.702797e-08 9.159195e-07 5.903616e-15
   60    1      1      0    0   125 8.724369e-216 7.365512e-21 8.627718e-04 0.006471921 0.002745762 0.0066407416 0.0009680663 0.002875602 0.05346769 0.03910402 0.06095764 0.03398513 0.067646933 0.066153385 0.03624912 0.02725121 0.04878176 0.02692725 0.064085174 0.03900368 0.008834676 0.02385388 0.059418459 0.05260102 0.03991139 0.03661801 0.013605821 0.041284545 0.014260595 0.021365482 0.012586695 0.010259897 0.004587216 0.029797033 0.004861076 0.018574110 0.0036677522 5.698525e-03 2.549651e-06 4.817482e-03 6.817581e-03 2.002460e-04 2.445383e-04 2.541477e-20 1.953558e-03
   64    1      1      0    0   125  2.620607e-10 2.326754e-19 1.096864e-05 0.001897279 0.059297250 0.0328390584 0.0017899358 0.013314618 0.01135419 0.04555274 0.07078758 0.04235083 0.030798830 0.016542658 0.04527609 0.05466766 0.06645035 0.03018154 0.021707698 0.05581132 0.023480733 0.05070658 0.007455372 0.04740426 0.03749704 0.01379006 0.010133530 0.032038312 0.047617821 0.016746887 0.037833910 0.021400731 0.007437109 0.023982388 0.004556983 0.001528219 0.0020491093 6.903150e-06 3.021348e-04 1.366781e-03 4.955548e-03 1.749536e-03 5.329455e-03 2.274040e-21 9.229667e-12
   68    1      1      0    0   125  1.380784e-40 1.718985e-08 1.120800e-03 0.041273048 0.006030681 0.0127947346 0.0026824615 0.003851041 0.06553537 0.05230871 0.08231268 0.06090979 0.030196235 0.016659589 0.04316711 0.03435077 0.02019641 0.01650034 0.040518182 0.05409234 0.031086658 0.04501152 0.026892010 0.04584576 0.02447915 0.01023503 0.038785568 0.011313048 0.011293429 0.016279791 0.012755215 0.053230622 0.032255323 0.007220953 0.015883551 0.011510687 0.0013198043 5.944317e-03 1.164160e-03 1.540308e-03 1.138956e-03 5.810163e-04 5.535750e-19 5.947961e-06 9.726869e-03
   72    1      1      0    0   125  7.395887e-06 1.543092e-07 2.193392e-03 0.016461496 0.036009032 0.0270275714 0.0134203337 0.004998814 0.04954608 0.03006852 0.07503428 0.08782040 0.021420333 0.041956374 0.06053490 0.04454290 0.05120111 0.05601039 0.017979145 0.06852321 0.028128177 0.02386910 0.017812424 0.01873883 0.03702139 0.02851394 0.035234743 0.013967119 0.003265738 0.007532262 0.018233781 0.011798662 0.005035583 0.003883747 0.010311045 0.013566745 0.0072499447 2.691725e-04 1.849385e-03 4.708136e-03 3.691019e-03 3.053622e-04 2.127361e-04 4.510912e-05 2.006611e-12
   76    1      1      0    0   125  9.566673e-17 5.513503e-22 2.776732e-03 0.001586608 0.013185814 0.0022932260 0.0099283876 0.045087800 0.05300840 0.03879741 0.07156209 0.04282354 0.074750282 0.036109541 0.03186602 0.05917960 0.01511819 0.04506159 0.034246482 0.02234751 0.033818450 0.02403599 0.052539980 0.01982087 0.04405625 0.02937747 0.021048886 0.006395264 0.046951019 0.037117728 0.014948440 0.014635770 0.020237418 0.003625954 0.010155603 0.008631149 0.0092316155 1.475160e-03 6.159722e-04 1.393948e-04 4.186435e-04 1.297657e-04 4.266183e-07 1.394460e-06 8.621540e-04
   80    1      1      0    0   125 2.148740e-298 5.987160e-06 6.288075e-04 0.013891747 0.004101828 0.0275542781 0.0088892535 0.004613205 0.05622744 0.07249283 0.08351876 0.02644606 0.039134737 0.014914339 0.02884072 0.09378962 0.01902725 0.03409913 0.037492945 0.01590005 0.017814999 0.04638191 0.054277711 0.03522405 0.03749663 0.04542312 0.028558545 0.013036397 0.025152610 0.019762643 0.012143574 0.019510720 0.016526505 0.008712395 0.016964327 0.005987347 0.0066675080 7.423907e-03 2.238678e-05 5.113857e-04 5.710408e-08 7.310062e-06 4.942757e-11 1.194366e-13 8.249732e-04
   84    1      1      0    0   125  1.135758e-04 7.327494e-03 1.643545e-02 0.012702065 0.011011026 0.0008872237 0.0220870231 0.017126462 0.04738004 0.10224038 0.04025581 0.03921907 0.026746713 0.036060761 0.05092130 0.03976166 0.05752888 0.01954755 0.049741653 0.03025550 0.027368793 0.05209032 0.040517721 0.03144750 0.04737463 0.02031416 0.035115474 0.028582764 0.007183833 0.016411005 0.018189141 0.018754469 0.006726129 0.006782098 0.005441056 0.004178523 0.0010007136 1.840349e-03 1.312784e-05 1.823878e-09 3.275035e-03 4.019497e-07 3.178953e-08 2.153447e-07 4.287950e-05
   88    1      1      0    0   125  0.000000e+00 6.018581e-09 2.639721e-03 0.003197572 0.010045327 0.0040165850 0.0307902250 0.016014752 0.03922651 0.07719985 0.02584584 0.06170439 0.020557720 0.059304044 0.05649915 0.02703306 0.04710835 0.10811687 0.015850240 0.02142609 0.066835817 0.01791135 0.046886097 0.03343783 0.01862919 0.02734711 0.034085522 0.007181014 0.014846440 0.020065135 0.009995568 0.009577118 0.012612039 0.020416833 0.013524411 0.001492294 0.0078414572 2.105652e-03 1.680432e-03 4.409326e-03 8.662891e-04 2.209010e-06 1.651181e-03 9.318364e-23 2.341013e-05
   92    1      1      0    0   125  2.842004e-84 2.911193e-06 3.625871e-06 0.019250989 0.008546273 0.0063432678 0.0060934059 0.011690848 0.02397480 0.03008562 0.08585307 0.05457002 0.024738158 0.045212839 0.06412825 0.03574178 0.04103425 0.04098724 0.027158835 0.08030289 0.046393524 0.06088269 0.017464172 0.01479899 0.02309064 0.04614280 0.006155067 0.041464341 0.041295123 0.016055484 0.016888513 0.018922910 0.001594433 0.003555379 0.014102216 0.005325643 0.0039888620 4.924245e-03 1.168103e-03 6.435285e-04 2.561977e-06 7.958671e-03 1.463039e-03 9.176083e-10 8.138444e-09
   96    1      1      0    0   125  0.000000e+00 5.196297e-10 1.638167e-05 0.005543678 0.017881751 0.0016590941 0.0117645650 0.010887551 0.04138738 0.07642936 0.06441364 0.02302072 0.023004177 0.028018842 0.03877431 0.06751620 0.03573012 0.02080112 0.073983551 0.05108702 0.015077248 0.03828800 0.015577698 0.04373305 0.01241361 0.04235064 0.028656651 0.025867604 0.035858967 0.013168087 0.028158823 0.014439709 0.014251472 0.010824330 0.023824066 0.002648872 0.0018770700 8.522263e-04 3.146388e-02 6.475211e-03 7.179850e-04 8.534747e-06 1.469675e-03 2.574681e-08 7.710133e-05
  100    1      1      0    0   125 2.034148e-168 6.498054e-15 1.638785e-06 0.010079307 0.033156912 0.0245469103 0.0031089863 0.006196906 0.04791580 0.03313508 0.04197203 0.05439407 0.053611144 0.006874394 0.07342334 0.06581962 0.04460989 0.04702296 0.018175726 0.02119550 0.046949821 0.05007418 0.032021477 0.02768153 0.02200416 0.05088726 0.018401219 0.023503557 0.052380543 0.016862795 0.010213458 0.004953792 0.010249448 0.009196572 0.022234894 0.007164589 0.0004082408 1.110127e-03 3.900767e-03 5.335310e-05 5.014333e-04 2.110446e-06 3.996975e-03 2.860128e-06 4.625760e-06
   76    1      2      0    0   500  3.672162e-05 2.217108e-03 2.140029e-02 0.059085449 0.051281648 0.0155512046 0.0080782628 0.020772340 0.02630353 0.04445464 0.05197788 0.04888247 0.031774959 0.035495929 0.04341377 0.04068713 0.03598461 0.04180424 0.039224546 0.02860685 0.020123221 0.04396589 0.033034080 0.03283784 0.02521883 0.02708199 0.020303183 0.014538596 0.021903918 0.012800489 0.019039752 0.014218392 0.013809513 0.009253410 0.007919740 0.012714571 0.0070760137 4.334844e-03 5.237654e-04 1.680818e-03 3.121958e-03 3.856929e-03 1.490135e-05 1.449657e-04 3.448821e-03
   78    1      2      0    0   500  1.005392e-18 1.662523e-03 1.864703e-02 0.051312548 0.046600204 0.0202787265 0.0043919644 0.023669084 0.02776067 0.06090533 0.04898601 0.03492291 0.028576520 0.039527988 0.04534310 0.04091307 0.03167658 0.04160051 0.035605905 0.02873067 0.034995673 0.02552645 0.016346174 0.05011755 0.03275692 0.03203687 0.026055276 0.015619827 0.037405208 0.022119821 0.008686086 0.017522279 0.008207184 0.011244314 0.008165228 0.006009237 0.0026237017 5.628975e-03 8.166250e-04 2.192084e-03 3.637175e-03 1.904709e-05 7.874263e-04 6.033579e-08 3.694336e-04
   80    1      2      0    0   500  6.714090e-08 2.058168e-03 1.850810e-02 0.065559664 0.049280145 0.0096477131 0.0049912418 0.022976323 0.04430204 0.03886663 0.03926650 0.04044997 0.047476030 0.028048640 0.03899615 0.03895662 0.03695784 0.03515083 0.052579244 0.04422866 0.046322423 0.03104439 0.016903854 0.02025360 0.02321856 0.01615744 0.026521734 0.031981779 0.019470876 0.023801558 0.016411768 0.014568812 0.009494771 0.013412804 0.010542805 0.008339474 0.0050637102 1.168352e-03 4.916763e-03 9.143076e-04 2.501464e-04 7.561409e-04 1.917849e-05 2.718839e-06 1.614569e-04
   82    1      2      0    0   500  1.497994e-07 3.829676e-04 2.205353e-02 0.041183127 0.040256408 0.0260020552 0.0052617285 0.019611389 0.05169541 0.04460030 0.05870074 0.04695876 0.047302085 0.044823480 0.05240326 0.03451237 0.05130301 0.03191964 0.039089822 0.02011900 0.023411310 0.03160147 0.021333429 0.02919340 0.02111336 0.01542027 0.021944307 0.016033811 0.019574464 0.014641007 0.020208208 0.012889837 0.010166523 0.010815363 0.007543703 0.008923894 0.0121064912 1.224128e-02 6.198351e-03 5.061073e-04 1.460980e-03 2.960972e-03 1.058329e-03 3.373126e-05 4.401439e-04
   84    1      2      0    0   500  4.293641e-08 1.843269e-03 1.022770e-02 0.048096042 0.038476735 0.0226217256 0.0159418960 0.024592933 0.05689277 0.04534868 0.04715855 0.04060228 0.031995101 0.039288199 0.04790253 0.03448078 0.02886743 0.04213632 0.030572912 0.03142937 0.025968953 0.03639886 0.018414952 0.03922234 0.03587172 0.02977232 0.028349963 0.014534793 0.026322653 0.020753510 0.020107901 0.014684079 0.009316487 0.014721075 0.006050540 0.006746603 0.0018536695 3.293071e-03 3.222509e-03 1.404765e-03 6.284224e-04 1.677856e-04 8.853596e-04 1.884938e-03 9.474536e-04
   86    1      2      0    0   500  2.077285e-04 1.389586e-04 2.022277e-02 0.046362845 0.040441562 0.0139398383 0.0120531063 0.015722505 0.04249279 0.06200740 0.04956429 0.03604435 0.032090440 0.045338826 0.02774271 0.05599557 0.02719678 0.03495992 0.016755163 0.03615081 0.024888633 0.04349425 0.029721616 0.03193818 0.03446139 0.03706386 0.021455706 0.016619107 0.015488051 0.017678998 0.007448265 0.014832380 0.024757913 0.009226189 0.014688037 0.017777962 0.0020155201 1.666777e-02 2.633800e-03 3.556864e-04 4.389072e-04 6.921565e-04 1.157730e-04 1.103628e-04 1.150436e-06
   88    1      2      0    0   500  2.432719e-03 8.782592e-05 1.307500e-02 0.063989338 0.047724138 0.0142190568 0.0129769735 0.017069291 0.02845916 0.05346505 0.03949225 0.06236841 0.028890930 0.042738942 0.03326881 0.05794453 0.04065785 0.02414170 0.030607308 0.02452840 0.042093593 0.02917949 0.018150411 0.01993576 0.03376655 0.03177460 0.020980267 0.024808602 0.017188973 0.020961249 0.018585094 0.011591619 0.014133568 0.005806900 0.011528722 0.012414003 0.0046378512 6.250737e-03 4.503405e-03 1.070321e-02 1.404402e-03 4.499615e-04 9.626330e-05 7.434489e-04 1.736239e-04
   90    1      2      0    0   500  2.595587e-08 1.887713e-03 1.790192e-02 0.047991328 0.054606210 0.0128083921 0.0164570869 0.018948207 0.05782821 0.04830577 0.06739090 0.03834703 0.028537075 0.046363468 0.03466112 0.03235482 0.04414832 0.05966882 0.029679561 0.02548177 0.035991470 0.03603752 0.015441458 0.02582468 0.01978437 0.01677239 0.019929390 0.014696384 0.013992221 0.017310598 0.018646562 0.012920265 0.016526460 0.020259916 0.012331913 0.004856295 0.0062205306 3.358934e-03 3.850241e-03 5.131108e-04 1.264958e-03 9.763952e-05 4.184936e-06 7.591719e-07 6.732956e-09
   92    1      2      0    0   500  1.665417e-08 5.785687e-03 3.092819e-02 0.044489809 0.040542010 0.0108003465 0.0123917109 0.027176067 0.06586913 0.05040027 0.05975385 0.02918719 0.041340527 0.024903031 0.04675223 0.02717296 0.03076834 0.02994627 0.032677595 0.02500477 0.045202536 0.03539720 0.026699088 0.04221764 0.03838433 0.02109710 0.016710437 0.026878976 0.021404533 0.011678961 0.010288865 0.016630116 0.009454545 0.009930145 0.007045612 0.004000779 0.0070260771 3.334295e-03 1.289301e-03 2.182446e-03 1.252722e-03 2.653833e-03 3.905369e-04 2.934233e-03 2.570441e-05
   94    1      2      0    0   500  4.060328e-21 4.268128e-03 7.975140e-03 0.051799473 0.044398356 0.0215113698 0.0142980821 0.028433531 0.03905701 0.03728603 0.06581466 0.03555810 0.030933478 0.043294075 0.04236285 0.04930737 0.05419391 0.02605935 0.023895746 0.02175388 0.042270285 0.03613845 0.032484952 0.01663758 0.02293090 0.02642390 0.030011003 0.018584683 0.012645957 0.019606165 0.017071495 0.020688499 0.005913847 0.009211901 0.006603384 0.016324555 0.0064458062 7.166330e-03 4.615533e-03 1.830408e-03 2.377295e-03 2.274995e-04 6.397273e-05 1.573452e-05 1.509336e-03
   96    1      2      0    0   500  1.478708e-11 2.451975e-03 1.682708e-02 0.057623760 0.040731211 0.0182509932 0.0178665763 0.021725708 0.05091103 0.05004774 0.04177275 0.06003896 0.034571184 0.039291305 0.04321301 0.04286238 0.03339171 0.03098289 0.028620859 0.02438577 0.034119538 0.02833296 0.029873467 0.03217458 0.02103321 0.02427413 0.024784263 0.014330424 0.017206915 0.022862077 0.013491485 0.017802680 0.015060602 0.007135286 0.010631074 0.011380740 0.0062362971 2.417246e-03 6.183674e-03 8.344770e-04 9.234260e-04 2.522153e-03 3.350389e-04 4.645038e-04 2.284614e-05
   98    1      2      0    0   500  3.017391e-05 1.599040e-03 1.440184e-02 0.061854480 0.051265219 0.0062284417 0.0083575720 0.032121371 0.03587872 0.06680396 0.06068128 0.03336583 0.035241976 0.017822799 0.03153597 0.05716026 0.03996894 0.04971846 0.022208292 0.02992299 0.021636806 0.03177321 0.026992514 0.02798932 0.02289738 0.02956317 0.029929824 0.018004159 0.028415200 0.012479265 0.012098529 0.018588596 0.008938480 0.006620174 0.011144835 0.013335629 0.0067485611 1.047665e-02 2.534507e-03 1.994026e-03 4.869875e-04 1.107087e-03 2.899871e-07 4.676004e-06 7.251705e-05
  100    1      2      0    0   500  2.654175e-06 1.626686e-03 2.190642e-02 0.041851828 0.054771981 0.0162702854 0.0077307108 0.035250936 0.03546013 0.06832230 0.06526119 0.04283927 0.028927421 0.046080506 0.04021556 0.02883045 0.03103468 0.02979384 0.031799454 0.02158188 0.030106207 0.02597851 0.038423377 0.02938613 0.02081390 0.02191773 0.023562721 0.031718191 0.021711918 0.027225172 0.014456793 0.017940527 0.006770779 0.018150693 0.006269028 0.005026596 0.0040573689 2.825038e-03 4.957265e-04 5.677399e-04 2.375362e-03 3.777184e-04 6.443103e-05 1.544807e-05 2.047170e-04
15 #_N_agebins
#_agebin_vector
1 2 3 4 5 6 7 8 9 10 11 12 13 14 15
1 #_N_ageerror_definitions
 #_age0   age1   age2   age3   age4   age5   age6   age7   age8   age9  age10  age11  age12  age13  age14  age15  age16  age17  age18  age19  age20  age21  age22  age23  age24  age25
 -1.000 -1.000 -1.000 -1.000 -1.000 -1.000 -1.000 -1.000 -1.000 -1.000 -1.000 -1.000 -1.000 -1.000 -1.000 -1.000 -1.000 -1.000 -1.000 -1.000 -1.000 -1.000 -1.000 -1.000 -1.000 -1.000
  0.001  0.001  0.001  0.001  0.001  0.001  0.001  0.001  0.001  0.001  0.001  0.001  0.001  0.001  0.001  0.001  0.001  0.001  0.001  0.001  0.001  0.001  0.001  0.001  0.001  0.001
89 #_N_agecomp
1 #_Lbin_method: 1=poplenbins; 2=datalenbins; 3=lengths
-1 #_combine males into females at or below this bin number
 #_Yr Seas FltSvy Gender Part Ageerr Lbin_lo Lbin_hi Nsamp          a1        a2        a3         a4         a5         a6         a7         a8          a9         a10         a11          a12         a13          a14         a15
   26    1      1      0    0      1      -1      -1   125  0.01192900 0.1771245 0.1710792 0.14419005 0.13160647 0.06542652 0.06689507 0.05016932 0.027009656 0.032120983 0.021362875 0.0343584632 0.002477531 0.0239484888 0.040301906
   36    1      1      0    0      1      -1      -1   125  0.03331418 0.2259263 0.1397091 0.11073633 0.18923872 0.08131616 0.05095619 0.05733334 0.019279380 0.012483220 0.019227415 0.0042536115 0.015576759 0.0020224367 0.038626804
   46    1      1      0    0      1      -1      -1   125  0.04114119 0.2565307 0.1524857 0.12722055 0.10208383 0.08655887 0.07807088 0.05676279 0.015622008 0.012960425 0.040797175 0.0050027373 0.011214279 0.0013214609 0.012227344
   56    1      1      0    0      1      -1      -1   125  0.02311324 0.2288713 0.2173203 0.14874549 0.17238666 0.04610720 0.03770242 0.01959007 0.021618817 0.016111165 0.023368609 0.0098722077 0.021417474 0.0001940685 0.013580928
   60    1      1      0    0      1      -1      -1   125  0.04164745 0.1987964 0.1946090 0.16865567 0.08533281 0.10189039 0.06361050 0.04201035 0.040781245 0.012066967 0.008053382 0.0182059376 0.002432632 0.0068553979 0.015051898
   64    1      1      0    0      1      -1      -1   125  0.02313654 0.2589622 0.2338986 0.09701171 0.07011436 0.08725461 0.05062254 0.05890317 0.044858376 0.013365854 0.008302062 0.0320221740 0.005505781 0.0028274140 0.013214598
   68    1      1      0    0      1      -1      -1   125  0.03611505 0.2173056 0.1874429 0.13299775 0.10410467 0.09010530 0.04613005 0.02105299 0.012714506 0.032178483 0.044457339 0.0442267602 0.011488269 0.0018371384 0.017843274
   72    1      1      0    0      1      -1      -1   125  0.02896601 0.1713015 0.2104576 0.16736297 0.12225672 0.09604768 0.07505508 0.05767476 0.008091887 0.004999991 0.012187066 0.0066342725 0.006319095 0.0011022681 0.031543086
   76    1      1      0    0      1      -1      -1   125  0.03637090 0.1873583 0.1871690 0.15260515 0.11905900 0.09746577 0.02567481 0.09169509 0.045125445 0.027133743 0.008833763 0.0028874261 0.004855609 0.0020174236 0.011748576
   80    1      1      0    0      1      -1      -1   125  0.05359907 0.2691141 0.2257983 0.07589396 0.07639163 0.11901945 0.03276844 0.03184035 0.033013767 0.007642400 0.015787162 0.0095941326 0.001478675 0.0170683759 0.030990173
   84    1      1      0    0      1      -1      -1   125  0.03509361 0.2717279 0.1697252 0.12475193 0.10546329 0.08018625 0.05028995 0.04598931 0.041328346 0.021465863 0.018208024 0.0054324757 0.010310498 0.0147966875 0.005230713
   88    1      1      0    0      1      -1      -1   125  0.06032561 0.2860802 0.2198720 0.07273329 0.12230940 0.02684415 0.03799839 0.04314859 0.034593342 0.014837845 0.050791999 0.0109216394 0.013097050 0.0010930581 0.005353433
   92    1      1      0    0      1      -1      -1   125  0.03050984 0.2536522 0.2285516 0.15645563 0.07852589 0.11083370 0.03626083 0.01988087 0.023879319 0.016612421 0.006770798 0.0194728116 0.003471739 0.0027785413 0.012343766
   96    1      1      0    0      1      -1      -1   125  0.04273639 0.2796256 0.2174629 0.10849305 0.08735457 0.09897570 0.02368558 0.05428910 0.022385134 0.028661163 0.011658727 0.0006569511 0.007505296 0.0002587505 0.016251101
  100    1      1      0    0      1      -1      -1   125  0.03396259 0.1903629 0.1316697 0.19177974 0.15455948 0.06321141 0.03538318 0.04101514 0.063445579 0.026298388 0.013513786 0.0127300640 0.011642973 0.0055959355 0.024829198
   76    1      2      0    0      1      -1      -1   500  0.15108083 0.2138230 0.1796720 0.12833186 0.06621874 0.06189762 0.04771428 0.03712962 0.019368084 0.026120763 0.017293110 0.0079195342 0.008798778 0.0083556529 0.026276087
   78    1      2      0    0      1      -1      -1   500  0.12259852 0.2171687 0.1970217 0.11508366 0.09771361 0.05901028 0.03808573 0.03638815 0.031980938 0.028426297 0.012327770 0.0082373997 0.011595384 0.0112668347 0.013095001
   80    1      2      0    0      1      -1      -1   500  0.18987778 0.2550076 0.1573371 0.11356738 0.06861026 0.06970127 0.04410216 0.03546394 0.018516367 0.013624357 0.009032430 0.0056746244 0.011684683 0.0015526409 0.006247351
   82    1      2      0    0      1      -1      -1   500  0.13979581 0.2242048 0.1624143 0.13707836 0.10447409 0.06826430 0.05669289 0.04027363 0.012807317 0.009693762 0.013703054 0.0038195248 0.008923274 0.0058456517 0.012009267
   84    1      2      0    0      1      -1      -1   500  0.15170878 0.2365020 0.1781590 0.11496809 0.09789258 0.04994880 0.04971549 0.02337557 0.025557618 0.022342403 0.009827373 0.0127906428 0.006468925 0.0007629043 0.019979849
   86    1      2      0    0      1      -1      -1   500  0.14055754 0.2212604 0.1968890 0.13275026 0.09784450 0.06072059 0.03441831 0.02608430 0.023654898 0.010963707 0.015435622 0.0107149440 0.014152666 0.0040851199 0.010468194
   88    1      2      0    0      1      -1      -1   500  0.16190946 0.2082213 0.1465579 0.12155415 0.10012481 0.06663115 0.04676913 0.03642886 0.037440746 0.013990212 0.011225248 0.0087063988 0.008357628 0.0030075342 0.029075508
   90    1      2      0    0      1      -1      -1   500  0.12958113 0.2359074 0.2054980 0.12763093 0.09068396 0.08334813 0.03083617 0.03466695 0.019691045 0.013971365 0.013279004 0.0013377095 0.002184107 0.0037249543 0.007659101
   92    1      2      0    0      1      -1      -1   500  0.13258290 0.2442683 0.1598220 0.11468209 0.10925467 0.06283721 0.05818339 0.04026509 0.019771662 0.015614435 0.007494235 0.0117306372 0.002912789 0.0040820378 0.016498535
   94    1      2      0    0      1      -1      -1   500  0.15662082 0.2170122 0.1560920 0.10132273 0.09704330 0.08357099 0.05371285 0.04364704 0.021625831 0.020775194 0.016503999 0.0023057478 0.004045104 0.0117736160 0.013948595
   96    1      2      0    0      1      -1      -1   500  0.12269679 0.2235313 0.1786451 0.11600407 0.07749449 0.08270490 0.04271937 0.04259632 0.031780312 0.017498113 0.011506709 0.0236570467 0.011604439 0.0032606044 0.014300423
   98    1      2      0    0      1      -1      -1   500  0.16730611 0.2084607 0.1560790 0.12112195 0.09315231 0.06172652 0.06266034 0.02379373 0.017907484 0.031811313 0.007000341 0.0140219739 0.003109850 0.0093077237 0.022540606
  100    1      2      0    0      1      -1      -1   500  0.13267399 0.2434667 0.2094054 0.10581950 0.08839577 0.06825021 0.04938378 0.02917044 0.016956143 0.012308630 0.015378720 0.0049897130 0.001822737 0.0035482745 0.018430010
   60    1      1      0    0      1       4       4     2  2.00000000 0.0000000 0.0000000 0.00000000 0.00000000 0.00000000 0.00000000 0.00000000 0.000000000 0.000000000 0.000000000 0.0000000000 0.000000000 0.0000000000 0.000000000
   60    1      1      0    0      1       5       5     1  1.00000000 0.0000000 0.0000000 0.00000000 0.00000000 0.00000000 0.00000000 0.00000000 0.000000000 0.000000000 0.000000000 0.0000000000 0.000000000 0.0000000000 0.000000000
   60    1      1      0    0      1       9       9     3  3.00000000 0.0000000 0.0000000 0.00000000 0.00000000 0.00000000 0.00000000 0.00000000 0.000000000 0.000000000 0.000000000 0.0000000000 0.000000000 0.0000000000 0.000000000
   60    1      1      0    0      1      10      10     8  8.00000000 0.0000000 0.0000000 0.00000000 0.00000000 0.00000000 0.00000000 0.00000000 0.000000000 0.000000000 0.000000000 0.0000000000 0.000000000 0.0000000000 0.000000000
   60    1      1      0    0      1      11      11     3  3.00000000 0.0000000 0.0000000 0.00000000 0.00000000 0.00000000 0.00000000 0.00000000 0.000000000 0.000000000 0.000000000 0.0000000000 0.000000000 0.0000000000 0.000000000
   60    1      1      0    0      1      12      12     5  5.00000000 0.0000000 0.0000000 0.00000000 0.00000000 0.00000000 0.00000000 0.00000000 0.000000000 0.000000000 0.000000000 0.0000000000 0.000000000 0.0000000000 0.000000000
   60    1      1      0    0      1      13      13     6  6.00000000 0.0000000 0.0000000 0.00000000 0.00000000 0.00000000 0.00000000 0.00000000 0.000000000 0.000000000 0.000000000 0.0000000000 0.000000000 0.0000000000 0.000000000
   60    1      1      0    0      1      14      14    13 13.00000000 0.0000000 0.0000000 0.00000000 0.00000000 0.00000000 0.00000000 0.00000000 0.000000000 0.000000000 0.000000000 0.0000000000 0.000000000 0.0000000000 0.000000000
   60    1      1      0    0      1      15      15     3  3.00000000 0.0000000 0.0000000 0.00000000 0.00000000 0.00000000 0.00000000 0.00000000 0.000000000 0.000000000 0.000000000 0.0000000000 0.000000000 0.0000000000 0.000000000
   60    1      1      0    0      1      16      16     1  1.00000000 0.0000000 0.0000000 0.00000000 0.00000000 0.00000000 0.00000000 0.00000000 0.000000000 0.000000000 0.000000000 0.0000000000 0.000000000 0.0000000000 0.000000000
   60    1      1      0    0      1      17      17     5  5.00000000 0.0000000 0.0000000 0.00000000 0.00000000 0.00000000 0.00000000 0.00000000 0.000000000 0.000000000 0.000000000 0.0000000000 0.000000000 0.0000000000 0.000000000
   60    1      1      0    0      1      18      18     2  2.00000000 0.0000000 0.0000000 0.00000000 0.00000000 0.00000000 0.00000000 0.00000000 0.000000000 0.000000000 0.000000000 0.0000000000 0.000000000 0.0000000000 0.000000000
   60    1      1      0    0      1      19      19     7  7.00000000 0.0000000 0.0000000 0.00000000 0.00000000 0.00000000 0.00000000 0.00000000 0.000000000 0.000000000 0.000000000 0.0000000000 0.000000000 0.0000000000 0.000000000
   60    1      1      0    0      1      20      20     3  3.00000000 0.0000000 0.0000000 0.00000000 0.00000000 0.00000000 0.00000000 0.00000000 0.000000000 0.000000000 0.000000000 0.0000000000 0.000000000 0.0000000000 0.000000000
   60    1      1      0    0      1      21      21     1  1.00000000 0.0000000 0.0000000 0.00000000 0.00000000 0.00000000 0.00000000 0.00000000 0.000000000 0.000000000 0.000000000 0.0000000000 0.000000000 0.0000000000 0.000000000
   60    1      1      0    0      1      22      22     2  2.00000000 0.0000000 0.0000000 0.00000000 0.00000000 0.00000000 0.00000000 0.00000000 0.000000000 0.000000000 0.000000000 0.0000000000 0.000000000 0.0000000000 0.000000000
   60    1      1      0    0      1      23      23     7  7.00000000 0.0000000 0.0000000 0.00000000 0.00000000 0.00000000 0.00000000 0.00000000 0.000000000 0.000000000 0.000000000 0.0000000000 0.000000000 0.0000000000 0.000000000
   60    1      1      0    0      1      24      24     5  5.00000000 0.0000000 0.0000000 0.00000000 0.00000000 0.00000000 0.00000000 0.00000000 0.000000000 0.000000000 0.000000000 0.0000000000 0.000000000 0.0000000000 0.000000000
   60    1      1      0    0      1      25      25     1  1.00000000 0.0000000 0.0000000 0.00000000 0.00000000 0.00000000 0.00000000 0.00000000 0.000000000 0.000000000 0.000000000 0.0000000000 0.000000000 0.0000000000 0.000000000
   60    1      1      0    0      1      26      26     8  8.00000000 0.0000000 0.0000000 0.00000000 0.00000000 0.00000000 0.00000000 0.00000000 0.000000000 0.000000000 0.000000000 0.0000000000 0.000000000 0.0000000000 0.000000000
   60    1      1      0    0      1      27      27     1  1.00000000 0.0000000 0.0000000 0.00000000 0.00000000 0.00000000 0.00000000 0.00000000 0.000000000 0.000000000 0.000000000 0.0000000000 0.000000000 0.0000000000 0.000000000
   60    1      1      0    0      1      28      28     2  1.00000000 1.0000000 0.0000000 0.00000000 0.00000000 0.00000000 0.00000000 0.00000000 0.000000000 0.000000000 0.000000000 0.0000000000 0.000000000 0.0000000000 0.000000000
   60    1      1      0    0      1      29      29     2  1.00000000 1.0000000 0.0000000 0.00000000 0.00000000 0.00000000 0.00000000 0.00000000 0.000000000 0.000000000 0.000000000 0.0000000000 0.000000000 0.0000000000 0.000000000
   60    1      1      0    0      1      30      30     3  0.00000000 3.0000000 0.0000000 0.00000000 0.00000000 0.00000000 0.00000000 0.00000000 0.000000000 0.000000000 0.000000000 0.0000000000 0.000000000 0.0000000000 0.000000000
   60    1      1      0    0      1      31      31     1  0.00000000 1.0000000 0.0000000 0.00000000 0.00000000 0.00000000 0.00000000 0.00000000 0.000000000 0.000000000 0.000000000 0.0000000000 0.000000000 0.0000000000 0.000000000
   60    1      1      0    0      1      33      33     1  0.00000000 1.0000000 0.0000000 0.00000000 0.00000000 0.00000000 0.00000000 0.00000000 0.000000000 0.000000000 0.000000000 0.0000000000 0.000000000 0.0000000000 0.000000000
   60    1      1      0    0      1      34      34     1  0.00000000 1.0000000 0.0000000 0.00000000 0.00000000 0.00000000 0.00000000 0.00000000 0.000000000 0.000000000 0.000000000 0.0000000000 0.000000000 0.0000000000 0.000000000
   60    1      1      0    0      1      35      35     1  0.00000000 1.0000000 0.0000000 0.00000000 0.00000000 0.00000000 0.00000000 0.00000000 0.000000000 0.000000000 0.000000000 0.0000000000 0.000000000 0.0000000000 0.000000000
   60    1      1      0    0      1      36      36     1  0.00000000 1.0000000 0.0000000 0.00000000 0.00000000 0.00000000 0.00000000 0.00000000 0.000000000 0.000000000 0.000000000 0.0000000000 0.000000000 0.0000000000 0.000000000
   60    1      1      0    0      1      40      40     1  0.00000000 1.0000000 0.0000000 0.00000000 0.00000000 0.00000000 0.00000000 0.00000000 0.000000000 0.000000000 0.000000000 0.0000000000 0.000000000 0.0000000000 0.000000000
  100    1      1      0    0      1       4       4     1  1.00000000 0.0000000 0.0000000 0.00000000 0.00000000 0.00000000 0.00000000 0.00000000 0.000000000 0.000000000 0.000000000 0.0000000000 0.000000000 0.0000000000 0.000000000
  100    1      1      0    0      1       5       5     3  3.00000000 0.0000000 0.0000000 0.00000000 0.00000000 0.00000000 0.00000000 0.00000000 0.000000000 0.000000000 0.000000000 0.0000000000 0.000000000 0.0000000000 0.000000000
  100    1      1      0    0      1       6       6     1  1.00000000 0.0000000 0.0000000 0.00000000 0.00000000 0.00000000 0.00000000 0.00000000 0.000000000 0.000000000 0.000000000 0.0000000000 0.000000000 0.0000000000 0.000000000
  100    1      1      0    0      1       8       8     1  1.00000000 0.0000000 0.0000000 0.00000000 0.00000000 0.00000000 0.00000000 0.00000000 0.000000000 0.000000000 0.000000000 0.0000000000 0.000000000 0.0000000000 0.000000000
  100    1      1      0    0      1       9       9     5  5.00000000 0.0000000 0.0000000 0.00000000 0.00000000 0.00000000 0.00000000 0.00000000 0.000000000 0.000000000 0.000000000 0.0000000000 0.000000000 0.0000000000 0.000000000
  100    1      1      0    0      1      10      10     1  1.00000000 0.0000000 0.0000000 0.00000000 0.00000000 0.00000000 0.00000000 0.00000000 0.000000000 0.000000000 0.000000000 0.0000000000 0.000000000 0.0000000000 0.000000000
  100    1      1      0    0      1      11      11     2  2.00000000 0.0000000 0.0000000 0.00000000 0.00000000 0.00000000 0.00000000 0.00000000 0.000000000 0.000000000 0.000000000 0.0000000000 0.000000000 0.0000000000 0.000000000
  100    1      1      0    0      1      12      12     4  4.00000000 0.0000000 0.0000000 0.00000000 0.00000000 0.00000000 0.00000000 0.00000000 0.000000000 0.000000000 0.000000000 0.0000000000 0.000000000 0.0000000000 0.000000000
  100    1      1      0    0      1      13      13     3  3.00000000 0.0000000 0.0000000 0.00000000 0.00000000 0.00000000 0.00000000 0.00000000 0.000000000 0.000000000 0.000000000 0.0000000000 0.000000000 0.0000000000 0.000000000
  100    1      1      0    0      1      14      14     1  1.00000000 0.0000000 0.0000000 0.00000000 0.00000000 0.00000000 0.00000000 0.00000000 0.000000000 0.000000000 0.000000000 0.0000000000 0.000000000 0.0000000000 0.000000000
  100    1      1      0    0      1      15      15     4  4.00000000 0.0000000 0.0000000 0.00000000 0.00000000 0.00000000 0.00000000 0.00000000 0.000000000 0.000000000 0.000000000 0.0000000000 0.000000000 0.0000000000 0.000000000
  100    1      1      0    0      1      16      16     8  8.00000000 0.0000000 0.0000000 0.00000000 0.00000000 0.00000000 0.00000000 0.00000000 0.000000000 0.000000000 0.000000000 0.0000000000 0.000000000 0.0000000000 0.000000000
  100    1      1      0    0      1      17      17     7  7.00000000 0.0000000 0.0000000 0.00000000 0.00000000 0.00000000 0.00000000 0.00000000 0.000000000 0.000000000 0.000000000 0.0000000000 0.000000000 0.0000000000 0.000000000
  100    1      1      0    0      1      18      18    12 12.00000000 0.0000000 0.0000000 0.00000000 0.00000000 0.00000000 0.00000000 0.00000000 0.000000000 0.000000000 0.000000000 0.0000000000 0.000000000 0.0000000000 0.000000000
  100    1      1      0    0      1      19      19     3  3.00000000 0.0000000 0.0000000 0.00000000 0.00000000 0.00000000 0.00000000 0.00000000 0.000000000 0.000000000 0.000000000 0.0000000000 0.000000000 0.0000000000 0.000000000
  100    1      1      0    0      1      20      20     3  3.00000000 0.0000000 0.0000000 0.00000000 0.00000000 0.00000000 0.00000000 0.00000000 0.000000000 0.000000000 0.000000000 0.0000000000 0.000000000 0.0000000000 0.000000000
  100    1      1      0    0      1      21      21     3  3.00000000 0.0000000 0.0000000 0.00000000 0.00000000 0.00000000 0.00000000 0.00000000 0.000000000 0.000000000 0.000000000 0.0000000000 0.000000000 0.0000000000 0.000000000
  100    1      1      0    0      1      22      22     3  3.00000000 0.0000000 0.0000000 0.00000000 0.00000000 0.00000000 0.00000000 0.00000000 0.000000000 0.000000000 0.000000000 0.0000000000 0.000000000 0.0000000000 0.000000000
  100    1      1      0    0      1      23      23     4  4.00000000 0.0000000 0.0000000 0.00000000 0.00000000 0.00000000 0.00000000 0.00000000 0.000000000 0.000000000 0.000000000 0.0000000000 0.000000000 0.0000000000 0.000000000
  100    1      1      0    0      1      24      24     7  7.00000000 0.0000000 0.0000000 0.00000000 0.00000000 0.00000000 0.00000000 0.00000000 0.000000000 0.000000000 0.000000000 0.0000000000 0.000000000 0.0000000000 0.000000000
  100    1      1      0    0      1      25      25     3  3.00000000 0.0000000 0.0000000 0.00000000 0.00000000 0.00000000 0.00000000 0.00000000 0.000000000 0.000000000 0.000000000 0.0000000000 0.000000000 0.0000000000 0.000000000
  100    1      1      0    0      1      26      26     3  3.00000000 0.0000000 0.0000000 0.00000000 0.00000000 0.00000000 0.00000000 0.00000000 0.000000000 0.000000000 0.000000000 0.0000000000 0.000000000 0.0000000000 0.000000000
  100    1      1      0    0      1      27      27     2  2.00000000 0.0000000 0.0000000 0.00000000 0.00000000 0.00000000 0.00000000 0.00000000 0.000000000 0.000000000 0.000000000 0.0000000000 0.000000000 0.0000000000 0.000000000
  100    1      1      0    0      1      28      28     3  1.00000000 2.0000000 0.0000000 0.00000000 0.00000000 0.00000000 0.00000000 0.00000000 0.000000000 0.000000000 0.000000000 0.0000000000 0.000000000 0.0000000000 0.000000000
  100    1      1      0    0      1      29      29     4  0.00000000 4.0000000 0.0000000 0.00000000 0.00000000 0.00000000 0.00000000 0.00000000 0.000000000 0.000000000 0.000000000 0.0000000000 0.000000000 0.0000000000 0.000000000
  100    1      1      0    0      1      30      30     2  0.00000000 2.0000000 0.0000000 0.00000000 0.00000000 0.00000000 0.00000000 0.00000000 0.000000000 0.000000000 0.000000000 0.0000000000 0.000000000 0.0000000000 0.000000000
  100    1      1      0    0      1      31      31     1  0.00000000 1.0000000 0.0000000 0.00000000 0.00000000 0.00000000 0.00000000 0.00000000 0.000000000 0.000000000 0.000000000 0.0000000000 0.000000000 0.0000000000 0.000000000
  100    1      1      0    0      1      32      32     1  0.00000000 1.0000000 0.0000000 0.00000000 0.00000000 0.00000000 0.00000000 0.00000000 0.000000000 0.000000000 0.000000000 0.0000000000 0.000000000 0.0000000000 0.000000000
  100    1      1      0    0      1      35      35     1  0.00000000 1.0000000 0.0000000 0.00000000 0.00000000 0.00000000 0.00000000 0.00000000 0.000000000 0.000000000 0.000000000 0.0000000000 0.000000000 0.0000000000 0.000000000
  100    1      1      0    0      1      37      37     1  0.00000000 1.0000000 0.0000000 0.00000000 0.00000000 0.00000000 0.00000000 0.00000000 0.000000000 0.000000000 0.000000000 0.0000000000 0.000000000 0.0000000000 0.000000000
  100    1      1      0    0      1      43      43     3  0.00000000 3.0000000 0.0000000 0.00000000 0.00000000 0.00000000 0.00000000 0.00000000 0.000000000 0.000000000 0.000000000 0.0000000000 0.000000000 0.0000000000 0.000000000
0 #_N_MeanSize_at_Age_obs
0 #_N_environ_variables
0 #_N_environ_obs
0 #_N_sizefreq_methods
0 #_do_tags
0 #_morphcomp_data
#
999
