#C data file created using the SS_writedat function in the R package r4ss
#C should work with SS version: 
#C file write time: 2015-02-11 18:19:36
#
1 #_styr
100 #_endyr
1 #_nseas
12 #_months_per_seas
1 #_spawn_seas
1 #_Nfleet
2 #_Nsurveys
1 #_N_areas
Fishery%Survey%CPUE #_fleetnames
0.5 0.5 0.5 #_surveytiming_in_season
1 1 1 #_area_assignments_for_each_fishery_and_survey
1 #_units of catch:  1=bio; 2=num
0.01 #_se of log(catch) only used for init_eq_catch and for Fmethod 2 and 3
1 #_Ngenders
25 #_Nages
0 #_init_equil_catch_for_each_fishery
100 #_N_lines_of_catch_to_read
 #_Fishery year seas
         0    1    1
         0    2    1
         0    3    1
         0    4    1
         0    5    1
         0    6    1
         0    7    1
         0    8    1
         0    9    1
         0   10    1
         0   11    1
         0   12    1
         0   13    1
         0   14    1
         0   15    1
         0   16    1
         0   17    1
         0   18    1
         0   19    1
         0   20    1
         0   21    1
         0   22    1
         0   23    1
         0   24    1
         0   25    1
 444646000   26    1
 397608000   27    1
 357583000   28    1
 324161000   29    1
 296656000   30    1
 274240000   31    1
 256057000   32    1
 241314000   33    1
 229322000   34    1
 219511000   35    1
 211426000   36    1
 204710000   37    1
 199088000   38    1
 194347000   39    1
 190324000   40    1
 186891000   41    1
 183948000   42    1
 181416000   43    1
 179230000   44    1
 177337000   45    1
 175694000   46    1
 174266000   47    1
 173022000   48    1
 171937000   49    1
 170990000   50    1
 170161000   51    1
 169436000   52    1
 168801000   53    1
 168243000   54    1
 167755000   55    1
 167325000   56    1
 166948000   57    1
 166617000   58    1
 166326000   59    1
 166070000   60    1
 165844000   61    1
 165646000   62    1
 165471000   63    1
 165317000   64    1
 165182000   65    1
 165063000   66    1
 164958000   67    1
 164865000   68    1
 164784000   69    1
 164712000   70    1
 164649000   71    1
 164593000   72    1
 164544000   73    1
 164500000   74    1
 164462000   75    1
 164429000   76    1
 164399000   77    1
 164373000   78    1
 164350000   79    1
 164329000   80    1
 164311000   81    1
 164296000   82    1
 164282000   83    1
 164269000   84    1
 164258000   85    1
 164249000   86    1
 164240000   87    1
 164233000   88    1
 164227000   89    1
 164221000   90    1
 164216000   91    1
 164211000   92    1
 164207000   93    1
 164204000   94    1
 164201000   95    1
 164198000   96    1
 164195000   97    1
 164193000   98    1
 164192000   99    1
 164190000  100    1
13 #_N_cpue
 #_Fleet Units Errtype
       1     1       0
       2     1       0
       3     1       0
 #_year seas index        obs se_log
     76    1     2 1575588911    0.2
     78    1     2 1165655005    0.2
     80    1     2 1525722799    0.2
     82    1     2 1598756973    0.2
     84    1     2 1209220515    0.2
     86    1     2 1252164324    0.2
     88    1     2 1278627501    0.2
     90    1     2 1191570544    0.2
     92    1     2 1818297375    0.2
     94    1     2 1433582804    0.2
     96    1     2 2097359071    0.2
     98    1     2 1958561191    0.2
    100    1     2 1255471131    0.2
0 #_N_discard_fleets
#_discard_units (1=same_as_catchunits(bio/num); 2=fraction; 3=numbers)
#_discard_errtype:  >0 for DF of T-dist(read CV below); 0 for normal with CV; -1 for normal with se; -2 for lognormal
0 #_N_discard
0 #_N_meanbodywt
1 #_DF_for_meanbodywt_T-distribution_like
2 # length bin method: 1=use databins; 2=generate from binwidth,min,max below; 3=read vector
1 # binwidth for population size comp
10 # minimum size in the population (lower edge of first bin and size at age 0.00)
200 # maximum size in the population (lower edge of last bin)
-0.001 #_comp_tail_compression
1e-05 #_add_to_comp
0 #_combine males into females at or below this bin number
45 #_N_lbins
#_lbin_vector
20 23 26 29 32 35 38 41 44 47 50 53 56 59 62 65 68 71 74 77 80 83 86 89 92 95 98 101 104 107 110 113 116 119 122 125 128 131 134 137 140 143 146 149 152
28 #_N_Length_comp_observations
 #_Yr Seas FltSvy Gender Part Nsamp           l20          l23          l26         l29         l32          l35          l38         l41        l44        l47        l50        l53        l56         l59        l62        l65        l68        l71        l74        l77        l80        l83        l86         l89         l92         l95         l98        l101        l104        l107        l110        l113        l116        l119        l122        l125         l128         l131         l134         l137         l140         l143         l146         l149         l152
   26    1      1      0    0   125  0.000000e+00 1.781331e-17 3.538703e-04 0.038197547 0.004030159 0.0027382641 2.718506e-03 0.007607521 0.02627361 0.06506096 0.04355125 0.03193913 0.02768884 0.040776870 0.04762926 0.05461019 0.02799776 0.04849427 0.01779042 0.02691624 0.02342083 0.02769230 0.03082749 0.035140676 0.050814175 0.030584714 0.011319258 0.022542024 0.020354555 0.022975802 0.041800576 0.027730460 0.023630377 0.018138597 0.019786118 0.023197557 0.0158156712 0.0046233899 0.0091720881 1.012176e-03 6.831012e-03 1.808841e-02 4.976525e-05 9.224949e-09 7.732016e-05
   36    1      1      0    0   125 2.570436e-255 9.167965e-22 1.344366e-05 0.011523148 0.007976282 0.0088317994 8.623949e-04 0.028052080 0.03319501 0.04930035 0.04645431 0.03900747 0.04324315 0.020909267 0.07109507 0.03357683 0.07305719 0.06014463 0.04630593 0.05056091 0.04126418 0.02800511 0.04042562 0.020675724 0.019195123 0.026546293 0.016933285 0.020036094 0.021538521 0.019132358 0.016915202 0.007444795 0.021813143 0.026072912 0.008371470 0.013332017 0.0045837917 0.0053224669 0.0041369604 3.478034e-04 3.083184e-03 2.079564e-03 1.566086e-06 4.861377e-03 3.772174e-03
   46    1      1      0    0   125  7.955897e-05 2.170933e-12 7.026423e-03 0.009590283 0.019361409 0.0017170005 1.983893e-02 0.012614967 0.05897405 0.07647354 0.04528319 0.07858968 0.01249124 0.058598520 0.01328300 0.04516349 0.03352026 0.04185473 0.05522474 0.04598708 0.02818806 0.02510762 0.05471674 0.023766775 0.056516634 0.020132825 0.035038670 0.017978510 0.008136634 0.015106926 0.030731512 0.004861862 0.015343401 0.002082157 0.001728871 0.005562058 0.0036321956 0.0011065846 0.0001748316 1.815474e-03 3.821365e-03 1.210109e-09 5.639282e-07 8.777639e-03 1.254464e-10
   56    1      1      0    0   125  0.000000e+00 3.148723e-08 1.193622e-05 0.005220590 0.014966998 0.0005890404 8.271996e-03 0.018095111 0.01526979 0.06593311 0.09621130 0.06292123 0.06597745 0.007197663 0.03385404 0.02218775 0.05812536 0.03882383 0.09476758 0.02668432 0.03785852 0.01677363 0.02389587 0.014353771 0.048581182 0.028563696 0.017358256 0.023332525 0.024692780 0.023330469 0.037314287 0.006234473 0.001159255 0.004539931 0.002554671 0.009213132 0.0159155613 0.0177479745 0.0019977062 9.011236e-05 9.110571e-03 9.596309e-05 7.822708e-08 3.247379e-19 1.764730e-04
   60    1      1      0    0   125 3.798074e-287 1.897446e-04 9.786256e-06 0.007199560 0.011217591 0.0004389574 8.501592e-03 0.011799270 0.01742399 0.08969536 0.11482288 0.04782344 0.01889426 0.020798818 0.03618706 0.05439214 0.06024478 0.01837762 0.04848696 0.04441347 0.06198518 0.02019613 0.02523589 0.048681829 0.043544620 0.030930247 0.028649481 0.026899857 0.017335755 0.011019680 0.020583062 0.008881273 0.006705756 0.007502351 0.007297638 0.005179157 0.0145023048 0.0006423848 0.0029071678 1.294173e-04 1.856713e-04 6.589420e-05 3.570954e-08 6.165756e-10 2.193807e-05
   64    1      1      0    0   125 1.093633e-118 1.233087e-14 6.663060e-04 0.005115335 0.005861633 0.0009424907 8.730209e-04 0.017140258 0.04998470 0.04947737 0.08611964 0.04765006 0.05789724 0.028103528 0.05078371 0.06419082 0.01234991 0.02430955 0.04007926 0.03933949 0.01834216 0.02179062 0.04227246 0.017781917 0.024236023 0.024040755 0.032622641 0.017392032 0.018983322 0.055417875 0.016916624 0.037947918 0.016156501 0.016074032 0.028429044 0.006391352 0.0153102466 0.0023811612 0.0020820186 6.102379e-04 4.199485e-04 3.516776e-03 4.915445e-09 4.273828e-20 3.303733e-16
   68    1      1      0    0   125  5.517875e-46 9.944750e-08 2.557338e-04 0.002108523 0.008727647 0.0007209345 5.422673e-05 0.002906364 0.07334213 0.10093826 0.06485183 0.04012090 0.05029079 0.032494354 0.01691837 0.03123015 0.03599963 0.01228756 0.03612302 0.04591380 0.09634875 0.03431392 0.03877234 0.027837631 0.030129727 0.042600770 0.021042340 0.010501285 0.028598826 0.013486785 0.031094240 0.011938262 0.005768342 0.003336056 0.006599546 0.001250594 0.0051193911 0.0026701282 0.0264556060 5.694694e-07 1.864124e-03 4.965750e-05 4.936365e-03 4.001670e-07 1.576962e-08
   72    1      1      0    0   125 5.189355e-116 1.383633e-19 1.527085e-03 0.023042418 0.023391267 0.0040062849 5.239215e-06 0.004788414 0.05726789 0.04272342 0.04837533 0.04140209 0.03515969 0.041173571 0.05450948 0.04623655 0.06689596 0.03261609 0.03838373 0.02481950 0.04641183 0.03516027 0.05862297 0.013565787 0.034936164 0.026199157 0.008337509 0.028483714 0.011501975 0.018064894 0.013658369 0.007533974 0.055332665 0.009820346 0.011090645 0.005188200 0.0176890313 0.0048688366 0.0001041156 4.176734e-03 1.042378e-03 1.473891e-04 3.113423e-16 8.247833e-11 1.739044e-03
   76    1      1      0    0   125 2.477904e-117 1.076678e-06 1.936146e-03 0.015842113 0.012721884 0.0137129330 1.848455e-02 0.014846294 0.02953788 0.07426510 0.06214127 0.11558350 0.04901858 0.039784724 0.03376409 0.04491858 0.04537536 0.06704532 0.02743980 0.03581120 0.03377338 0.02288372 0.01715704 0.010525147 0.032334549 0.017513045 0.036701206 0.018714869 0.003531920 0.017384567 0.023147765 0.005108485 0.026657469 0.011233353 0.002880074 0.011941671 0.0003312013 0.0034966409 0.0003673884 2.028260e-04 4.150382e-16 8.467864e-05 7.184400e-10 1.743080e-04 1.624294e-03
   80    1      1      0    0   125  2.340638e-50 2.057489e-11 1.579690e-03 0.004270081 0.011848353 0.0055263681 2.515244e-03 0.012239121 0.03776760 0.08052206 0.04741046 0.06897469 0.06103039 0.056677150 0.02497451 0.05501238 0.04922957 0.03866566 0.02719829 0.02645741 0.02987166 0.02427532 0.03737555 0.044208295 0.059113297 0.024464933 0.042304550 0.009484499 0.019899968 0.003336814 0.012674686 0.021782960 0.005288339 0.011494236 0.001431346 0.003227025 0.0064172202 0.0002729165 0.0289921285 1.631477e-03 1.139225e-05 3.995275e-04 1.409949e-04 1.808145e-06 7.637812e-09
   84    1      1      0    0   125 1.013471e-146 2.681517e-09 1.243643e-02 0.005609317 0.039321923 0.0031381642 1.135898e-04 0.014821445 0.07423025 0.08772966 0.02757032 0.04331305 0.05008801 0.016672099 0.04537539 0.08042441 0.02218820 0.02975716 0.01340700 0.02586305 0.03743257 0.06642718 0.06679569 0.006134965 0.030385325 0.032850709 0.016934396 0.019427880 0.008840163 0.017005840 0.020918761 0.022707226 0.013009790 0.016534574 0.002138362 0.006089592 0.0021123527 0.0033430344 0.0058898094 8.807162e-04 1.112460e-02 6.092745e-04 1.029938e-10 2.487325e-05 3.228210e-04
   88    1      1      0    0   125 3.872138e-248 1.351328e-08 2.749579e-03 0.017763154 0.016641226 0.0018618887 2.309928e-03 0.012239659 0.01881620 0.07979693 0.10388482 0.01303616 0.02873215 0.034272686 0.05117605 0.03974766 0.06441167 0.03297111 0.06592156 0.02454871 0.03048998 0.03099969 0.01528304 0.038704990 0.041500379 0.053108206 0.016761278 0.026803490 0.038075050 0.011865189 0.012591283 0.010638132 0.012323691 0.009735572 0.014341805 0.003865508 0.0071282353 0.0065996810 0.0003037180 5.474372e-03 3.355054e-04 2.036927e-05 2.169616e-03 9.748801e-13 3.707254e-08
   92    1      1      0    0   125  1.726505e-11 2.086645e-05 6.946621e-03 0.013024324 0.029154470 0.0271038293 2.292852e-02 0.019065133 0.04016787 0.06303309 0.05413992 0.06684830 0.01381262 0.054277639 0.04867875 0.03336340 0.03058170 0.03973542 0.01675580 0.02214892 0.04139890 0.02284143 0.04207768 0.029648464 0.003991502 0.010915107 0.045616925 0.074032660 0.014589969 0.017621991 0.023890016 0.033401886 0.005319710 0.007937288 0.008315271 0.009902895 0.0011934350 0.0007061036 0.0024583606 2.161077e-03 1.138734e-05 1.806165e-04 1.358811e-07 2.699432e-21 1.362613e-18
   96    1      1      0    0   125 3.112217e-253 9.077814e-15 2.767414e-03 0.018958669 0.006442795 0.0360185270 1.002143e-02 0.016822211 0.01455065 0.05245046 0.06330896 0.04958037 0.06058602 0.051509897 0.06106913 0.02527778 0.04195595 0.04292333 0.04270423 0.01929712 0.03707986 0.01457355 0.02677240 0.026527850 0.032591520 0.034597679 0.012817830 0.015499394 0.034715785 0.008015585 0.033320383 0.008875940 0.022358529 0.007746145 0.028984014 0.003262233 0.0054466402 0.0046578827 0.0217088156 3.018488e-03 3.453986e-04 6.756817e-04 4.697708e-06 1.160664e-04 4.268962e-05
  100    1      1      0    0   125 1.648401e-208 2.483347e-06 8.521774e-03 0.005829798 0.003322443 0.0008818245 7.916777e-04 0.017739633 0.02535165 0.04957546 0.06704633 0.06523678 0.04099439 0.025732618 0.02312202 0.03167042 0.10385252 0.05580390 0.02914514 0.03680588 0.03482109 0.07828945 0.03463597 0.019583971 0.024443793 0.020685805 0.024151627 0.020558268 0.041626423 0.037138727 0.007296131 0.008690211 0.002911080 0.004885650 0.008111105 0.006484784 0.0211729219 0.0002354661 0.0078958976 2.206598e-03 2.165863e-06 1.212572e-06 2.744911e-03 2.276447e-17 2.067866e-13
   76    1      2      0    0   500  1.230832e-43 5.978395e-03 1.610969e-02 0.043815701 0.071067941 0.0084906252 7.383510e-03 0.014503737 0.05850867 0.04387016 0.05423826 0.03898627 0.03511838 0.025347452 0.03753003 0.03878657 0.05038495 0.02853256 0.04323643 0.04586237 0.03748780 0.02657076 0.01943803 0.021964250 0.022427571 0.022426508 0.013222381 0.014918558 0.024789411 0.015197907 0.035826673 0.016945696 0.013709593 0.009251317 0.015569930 0.004780001 0.0064610298 0.0009614521 0.0063465569 5.161038e-04 2.082898e-03 2.411720e-04 8.365900e-04 2.760242e-04 7.745166e-08
   78    1      2      0    0   500  1.705585e-31 4.116618e-03 1.578443e-02 0.037518034 0.044232688 0.0136888787 5.744310e-03 0.027360874 0.05159366 0.05198612 0.05095665 0.04622751 0.03301365 0.023339463 0.03627471 0.03246950 0.03552053 0.03163160 0.02724534 0.03559119 0.03362547 0.03107806 0.02595637 0.022233033 0.041900472 0.025790829 0.026014748 0.022687078 0.028164211 0.019557420 0.016529609 0.017693955 0.012878908 0.024223194 0.012731838 0.005516336 0.0050870658 0.0048390009 0.0043303660 8.522363e-03 3.214162e-03 1.410036e-03 1.479493e-03 1.417443e-04 9.847427e-05
   80    1      2      0    0   500  1.682268e-05 1.677450e-03 2.139567e-02 0.036072119 0.034282409 0.0201827990 1.010634e-02 0.030150343 0.02392997 0.05462990 0.05792093 0.03648769 0.05022133 0.026880365 0.03977811 0.03220040 0.06071776 0.02861194 0.02975509 0.03059143 0.02085241 0.01928361 0.02417248 0.048023415 0.020604036 0.019818790 0.023083882 0.022738745 0.013430059 0.022607354 0.030638606 0.015420274 0.024447453 0.010514123 0.023719784 0.009741409 0.0081896812 0.0029115170 0.0046947464 3.797616e-03 2.694225e-03 1.619507e-03 1.376033e-03 3.337462e-08 1.134794e-05
   82    1      2      0    0   500  3.346710e-07 4.858086e-03 1.486360e-02 0.074770937 0.054961085 0.0260591102 5.586418e-03 0.027940983 0.03866261 0.05240269 0.04236883 0.04259104 0.02570372 0.042940611 0.04186972 0.02425771 0.04331822 0.03531558 0.02632530 0.03541819 0.03685630 0.02635391 0.02664816 0.020435304 0.019534819 0.025519361 0.025000743 0.023205152 0.016000459 0.017447764 0.020913465 0.013800601 0.014811532 0.013177528 0.005911285 0.008059026 0.0104002238 0.0085353042 0.0005507769 1.886727e-03 9.805423e-06 1.332481e-03 1.459030e-05 3.045412e-03 3.345060e-04
   84    1      2      0    0   500  6.545529e-28 4.551277e-04 1.210163e-02 0.048372380 0.036788509 0.0255008236 4.940225e-03 0.028461088 0.05521659 0.03943646 0.04365254 0.04956566 0.02792252 0.036509713 0.04117830 0.02387702 0.03959974 0.04153315 0.02464564 0.03476066 0.02775917 0.02912614 0.03632161 0.026382727 0.025260034 0.037885910 0.034653684 0.029259590 0.012260700 0.032173252 0.015381516 0.013938630 0.024905175 0.004330070 0.007158536 0.004975295 0.0072564567 0.0058461389 0.0037128173 3.658531e-03 1.916742e-04 7.307060e-04 2.656161e-05 5.238377e-04 1.763450e-03
   86    1      2      0    0   500  6.590671e-12 3.970253e-04 6.146495e-03 0.043902910 0.033168591 0.0160870003 6.367400e-03 0.041112597 0.04414001 0.06826622 0.07043968 0.03725764 0.03641926 0.035314851 0.03117200 0.02978875 0.03637169 0.02825186 0.03832269 0.06090752 0.04116558 0.02248545 0.03252362 0.020893026 0.031685836 0.026949718 0.022544384 0.028821952 0.015416623 0.016867135 0.016449567 0.008041559 0.009912593 0.008714747 0.005614301 0.004586736 0.0085926627 0.0016367304 0.0073464773 1.656368e-03 2.173855e-03 2.012057e-05 7.310187e-06 7.484072e-04 1.311042e-03
   88    1      2      0    0   500  1.374066e-58 3.471486e-03 2.750852e-02 0.056911906 0.049763902 0.0098998265 9.760945e-03 0.017245537 0.05547285 0.05103233 0.05446112 0.04364195 0.04072453 0.049948165 0.04465479 0.04623411 0.02856350 0.02784675 0.03496112 0.04051376 0.02112425 0.02200527 0.02603229 0.034458078 0.033284777 0.014959611 0.015136690 0.015391361 0.025900206 0.013296955 0.016246413 0.014605450 0.007494980 0.011002264 0.012071520 0.003429993 0.0084447832 0.0013730885 0.0068634209 3.615698e-04 1.780684e-03 3.414597e-04 3.857969e-05 2.302292e-05 1.716187e-03
   90    1      2      0    0   500  1.933459e-07 2.553365e-03 1.218104e-02 0.040767821 0.053279250 0.0183050123 2.001584e-02 0.033733202 0.03867836 0.05160969 0.05434506 0.04696282 0.04304648 0.035537288 0.04182795 0.02931089 0.02540196 0.03658954 0.02720826 0.03175265 0.01872472 0.02771212 0.02303520 0.026712791 0.027887044 0.016935675 0.022905655 0.017435230 0.025701885 0.034134725 0.021910776 0.019706473 0.024070935 0.005805286 0.012267764 0.003334245 0.0063045779 0.0050068881 0.0038504180 3.565132e-03 4.247767e-03 4.674348e-03 2.352543e-04 8.005617e-08 7.283375e-04
   92    1      2      0    0   500  1.497454e-04 3.072671e-03 1.339143e-02 0.060060842 0.038902857 0.0219404615 1.133007e-02 0.021948365 0.05142839 0.04869005 0.04654273 0.04534623 0.03913769 0.027868508 0.04588979 0.04646243 0.03807481 0.03607170 0.02281334 0.02996899 0.02049857 0.03001105 0.04839213 0.028332551 0.021060963 0.025694775 0.025541556 0.018983691 0.019218863 0.015099450 0.011609335 0.018609059 0.010720967 0.015378618 0.005510062 0.014941833 0.0115955392 0.0021557814 0.0018287737 1.530197e-03 7.096263e-04 2.380102e-03 1.872452e-04 2.760761e-07 9.178833e-04
   94    1      2      0    0   500  3.216311e-14 4.670468e-03 2.012906e-02 0.044825961 0.039405260 0.0247327856 5.971233e-03 0.021138017 0.06101012 0.06942654 0.04783552 0.03736963 0.02867616 0.031847138 0.05281721 0.03412874 0.04291519 0.04255228 0.03460580 0.03711821 0.02952482 0.02277571 0.02305778 0.021312606 0.032319755 0.007425978 0.018990640 0.017167870 0.030385416 0.010009956 0.026872180 0.014957677 0.015075924 0.005989391 0.006501046 0.009859573 0.0087897761 0.0067074476 0.0049876772 2.025376e-03 2.897278e-03 2.532963e-04 5.534885e-04 2.490493e-04 1.349648e-04
   96    1      2      0    0   500  3.694073e-17 1.526162e-03 1.615690e-02 0.060639280 0.062232395 0.0111122503 7.767743e-03 0.025124252 0.04180159 0.05076228 0.04473509 0.03584394 0.03192216 0.027597555 0.03673177 0.03365478 0.03573971 0.04138556 0.01252122 0.03781482 0.02421372 0.05166084 0.02611731 0.046226220 0.027001640 0.028185490 0.040313956 0.011210149 0.012032160 0.023758169 0.018958710 0.022929147 0.005865388 0.004062152 0.007984319 0.008486660 0.0051053186 0.0021413381 0.0044582035 7.727210e-04 4.198896e-03 3.726815e-03 1.857630e-03 2.325705e-05 3.640311e-03
   98    1      2      0    0   500  2.133096e-14 2.303402e-03 1.431483e-02 0.043692043 0.048148378 0.0233022933 4.715300e-03 0.016983825 0.04974031 0.03058791 0.05351427 0.05041400 0.03073150 0.023331030 0.04395884 0.04482807 0.03461313 0.04657912 0.03042619 0.02684216 0.03707853 0.02877176 0.02884188 0.027240586 0.020844415 0.035613652 0.040609483 0.021598977 0.031078297 0.021003083 0.013530068 0.010130338 0.017688377 0.008059596 0.005738853 0.009997587 0.0044619751 0.0051499235 0.0033988359 2.600292e-03 3.938584e-03 9.446790e-04 2.616600e-03 5.131537e-06 3.189434e-05
  100    1      2      0    0   500  4.573232e-11 5.048413e-03 1.641587e-02 0.075479220 0.061657360 0.0183024972 1.510234e-02 0.028650438 0.03585089 0.05085995 0.04420524 0.04440655 0.03179681 0.050568334 0.05060958 0.04246955 0.03114005 0.03244975 0.02548278 0.03135355 0.02473246 0.03055599 0.03425999 0.026305665 0.021616503 0.022998302 0.009587460 0.018610259 0.016637065 0.015077624 0.019889218 0.006411875 0.008088811 0.007924252 0.013229767 0.011771754 0.0100360958 0.0020921505 0.0040493936 2.099285e-04 1.308706e-03 8.790220e-04 8.130953e-04 2.636100e-06 1.062800e-03
15 #_N_agebins
#_agebin_vector
1 2 3 4 5 6 7 8 9 10 11 12 13 14 15
1 #_N_ageerror_definitions
 #_age0   age1   age2   age3   age4   age5   age6   age7   age8   age9  age10  age11  age12  age13  age14  age15  age16  age17  age18  age19  age20  age21  age22  age23  age24  age25
 -1.000 -1.000 -1.000 -1.000 -1.000 -1.000 -1.000 -1.000 -1.000 -1.000 -1.000 -1.000 -1.000 -1.000 -1.000 -1.000 -1.000 -1.000 -1.000 -1.000 -1.000 -1.000 -1.000 -1.000 -1.000 -1.000
  0.001  0.001  0.001  0.001  0.001  0.001  0.001  0.001  0.001  0.001  0.001  0.001  0.001  0.001  0.001  0.001  0.001  0.001  0.001  0.001  0.001  0.001  0.001  0.001  0.001  0.001
83 #_N_agecomp
1 #_Lbin_method: 1=poplenbins; 2=datalenbins; 3=lengths
-1 #_combine males into females at or below this bin number
 #_Yr Seas FltSvy Gender Part Ageerr Lbin_lo Lbin_hi Nsamp          a1        a2        a3        a4         a5         a6         a7         a8          a9         a10         a11         a12          a13          a14         a15
   26    1      1      0    0      1      -1      -1   125  0.02330969 0.1156495 0.1273070 0.1868995 0.07876074 0.11192156 0.06401208 0.02209602 0.073860886 0.020143558 0.025588893 0.039496696 0.0203277162 0.0081310277 0.082495189
   36    1      1      0    0      1      -1      -1   125  0.04987561 0.2004334 0.2200946 0.1041822 0.07228817 0.11737663 0.04719716 0.03185657 0.035551747 0.030695064 0.017801456 0.006823846 0.0068003757 0.0221491700 0.036874044
   46    1      1      0    0      1      -1      -1   125  0.05286106 0.2349745 0.1840867 0.1565350 0.09361326 0.07880154 0.05726787 0.03093364 0.029801493 0.015430787 0.041369612 0.011772498 0.0007244208 0.0012389129 0.010588752
   56    1      1      0    0      1      -1      -1   125  0.08488347 0.1922315 0.1750337 0.0944682 0.10440480 0.05527696 0.09129736 0.03001015 0.037723484 0.070544790 0.018524762 0.005812565 0.0166060044 0.0052333762 0.017948846
   60    1      1      0    0      1      -1      -1   125  0.05149312 0.2424065 0.1854046 0.1132290 0.10420055 0.09080498 0.03809539 0.08248249 0.032392361 0.022335279 0.010229530 0.007639030 0.0026641961 0.0038207425 0.012802259
   64    1      1      0    0      1      -1      -1   125  0.02917813 0.1893294 0.1450585 0.2105443 0.08452841 0.08867922 0.06312577 0.04230523 0.034150509 0.022907406 0.019756116 0.006735873 0.0058944532 0.0099540499 0.047852638
   68    1      1      0    0      1      -1      -1   125  0.05406142 0.2775931 0.1435845 0.1297577 0.14974914 0.03871380 0.06625133 0.04230588 0.034629065 0.021593900 0.007227848 0.008523083 0.0011803877 0.0187954373 0.006033468
   72    1      1      0    0      1      -1      -1   125  0.04584347 0.2530961 0.1686588 0.1763284 0.11379458 0.07234051 0.06430627 0.03938304 0.005710056 0.004829965 0.008113485 0.009831676 0.0166046909 0.0053321206 0.015826807
   76    1      1      0    0      1      -1      -1   125  0.03594295 0.1850801 0.1824113 0.2169681 0.09837740 0.07672958 0.04508938 0.04347903 0.028175280 0.043039409 0.026511090 0.000670083 0.0071532052 0.0037227559 0.006650388
   80    1      1      0    0      1      -1      -1   125  0.04412966 0.2603816 0.1756091 0.2470540 0.06823301 0.05497846 0.04004261 0.05816321 0.009451618 0.019000843 0.011354233 0.001957875 0.0033872423 0.0001649723 0.006091629
   84    1      1      0    0      1      -1      -1   125  0.02763883 0.2235443 0.2435363 0.1041326 0.13987246 0.07284050 0.02788601 0.05691780 0.041900351 0.030481272 0.021154247 0.001755215 0.0005568462 0.0019906137 0.005792713
   88    1      1      0    0      1      -1      -1   125  0.01417527 0.1913183 0.1570605 0.1160403 0.16114314 0.08617491 0.06718367 0.06218480 0.031941244 0.033057529 0.006851015 0.012103735 0.0117426133 0.0035578455 0.045465100
   92    1      1      0    0      1      -1      -1   125  0.05448480 0.2243068 0.1765612 0.1575171 0.08277954 0.07101936 0.04568604 0.05560275 0.030145476 0.038085997 0.013877147 0.013010273 0.0021392204 0.0133933904 0.021390880
   96    1      1      0    0      1      -1      -1   125  0.03232550 0.1735460 0.2744366 0.1182170 0.10125292 0.08158665 0.03423931 0.01039898 0.076715099 0.024224644 0.028061166 0.003928503 0.0073573243 0.0219770073 0.011733284
  100    1      1      0    0      1      -1      -1   125  0.02818337 0.2610880 0.2137160 0.1494225 0.08218084 0.04662238 0.02840415 0.03266407 0.053703487 0.020420741 0.011147630 0.012311295 0.0311003747 0.0076343888 0.021400784
   76    1      2      0    0      1      -1      -1   500  0.12971972 0.2084111 0.1825700 0.1541575 0.09141234 0.07793288 0.02716126 0.04207008 0.019671949 0.025197242 0.007457104 0.004449290 0.0048582461 0.0118043311 0.013126970
   78    1      2      0    0      1      -1      -1   500  0.14940077 0.2334987 0.1541175 0.1361406 0.09066710 0.07736996 0.03882703 0.03244668 0.021641077 0.012819249 0.008824413 0.013887777 0.0030967716 0.0047059652 0.022556393
   80    1      2      0    0      1      -1      -1   500  0.12174596 0.2135690 0.2032420 0.1030324 0.09432502 0.06281878 0.04959045 0.04165917 0.023301689 0.019163755 0.015715434 0.009509986 0.0153291942 0.0035390539 0.023458147
   82    1      2      0    0      1      -1      -1   500  0.14735873 0.2276830 0.1517653 0.1337111 0.09008986 0.08200188 0.04741258 0.03870418 0.024705308 0.023192420 0.016921364 0.005249037 0.0019821722 0.0006410484 0.008582035
   84    1      2      0    0      1      -1      -1   500  0.15876192 0.1800375 0.1610348 0.1567088 0.09221771 0.07112776 0.05993356 0.03187208 0.023183712 0.013058529 0.016779965 0.014204127 0.0010423254 0.0060177679 0.014019335
   86    1      2      0    0      1      -1      -1   500  0.14880201 0.1984604 0.1760758 0.1331011 0.09648734 0.07197605 0.04414695 0.03667165 0.022293905 0.018642990 0.009651118 0.012223723 0.0023169174 0.0075764995 0.021573492
   88    1      2      0    0      1      -1      -1   500  0.15811104 0.2088515 0.2047258 0.1187488 0.07009211 0.05595574 0.04785759 0.03229847 0.027676335 0.018625711 0.008482349 0.007912038 0.0026329866 0.0079568847 0.030072685
   90    1      2      0    0      1      -1      -1   500  0.14591709 0.2272145 0.1442655 0.1222612 0.09527201 0.07746442 0.05528777 0.03726244 0.027341394 0.009265591 0.019679722 0.009529130 0.0051545971 0.0025403372 0.021544242
   92    1      2      0    0      1      -1      -1   500  0.14526616 0.1886460 0.1842642 0.1472040 0.08627832 0.06080279 0.05005731 0.04251551 0.028831562 0.021864315 0.017529497 0.006197891 0.0048928927 0.0057068507 0.009942788
   94    1      2      0    0      1      -1      -1   500  0.14856842 0.2165539 0.1753739 0.1412558 0.06815963 0.05810400 0.05606739 0.04221921 0.027029000 0.019133793 0.010731989 0.007371520 0.0094408476 0.0041215952 0.015869007
   96    1      2      0    0      1      -1      -1   500  0.12704823 0.2599923 0.1557499 0.1403635 0.08018864 0.05458918 0.04915662 0.02783544 0.032846282 0.023079309 0.012723132 0.006616497 0.0123467736 0.0065606717 0.010903448
   98    1      2      0    0      1      -1      -1   500  0.12803657 0.2673134 0.1870575 0.1092847 0.09406057 0.05835686 0.03566659 0.03080231 0.014178266 0.018079014 0.019218372 0.012557467 0.0130338749 0.0015579147 0.010796647
  100    1      2      0    0      1      -1      -1   500  0.17006037 0.2009783 0.1591584 0.1131853 0.09173987 0.07727716 0.04508303 0.03237293 0.023992359 0.020633522 0.019852133 0.021276876 0.0036472949 0.0052593944 0.015483126
   60    1      1      0    0      1       8       8     1  1.00000000 0.0000000 0.0000000 0.0000000 0.00000000 0.00000000 0.00000000 0.00000000 0.000000000 0.000000000 0.000000000 0.000000000 0.0000000000 0.0000000000 0.000000000
   60    1      1      0    0      1       9       9     3  3.00000000 0.0000000 0.0000000 0.0000000 0.00000000 0.00000000 0.00000000 0.00000000 0.000000000 0.000000000 0.000000000 0.000000000 0.0000000000 0.0000000000 0.000000000
   60    1      1      0    0      1      10      10     6  6.00000000 0.0000000 0.0000000 0.0000000 0.00000000 0.00000000 0.00000000 0.00000000 0.000000000 0.000000000 0.000000000 0.000000000 0.0000000000 0.0000000000 0.000000000
   60    1      1      0    0      1      11      11    11 11.00000000 0.0000000 0.0000000 0.0000000 0.00000000 0.00000000 0.00000000 0.00000000 0.000000000 0.000000000 0.000000000 0.000000000 0.0000000000 0.0000000000 0.000000000
   60    1      1      0    0      1      12      12     3  3.00000000 0.0000000 0.0000000 0.0000000 0.00000000 0.00000000 0.00000000 0.00000000 0.000000000 0.000000000 0.000000000 0.000000000 0.0000000000 0.0000000000 0.000000000
   60    1      1      0    0      1      13      13     5  5.00000000 0.0000000 0.0000000 0.0000000 0.00000000 0.00000000 0.00000000 0.00000000 0.000000000 0.000000000 0.000000000 0.000000000 0.0000000000 0.0000000000 0.000000000
   60    1      1      0    0      1      15      15     5  5.00000000 0.0000000 0.0000000 0.0000000 0.00000000 0.00000000 0.00000000 0.00000000 0.000000000 0.000000000 0.000000000 0.000000000 0.0000000000 0.0000000000 0.000000000
   60    1      1      0    0      1      16      16     5  5.00000000 0.0000000 0.0000000 0.0000000 0.00000000 0.00000000 0.00000000 0.00000000 0.000000000 0.000000000 0.000000000 0.000000000 0.0000000000 0.0000000000 0.000000000
   60    1      1      0    0      1      17      17     6  6.00000000 0.0000000 0.0000000 0.0000000 0.00000000 0.00000000 0.00000000 0.00000000 0.000000000 0.000000000 0.000000000 0.000000000 0.0000000000 0.0000000000 0.000000000
   60    1      1      0    0      1      18      18     2  2.00000000 0.0000000 0.0000000 0.0000000 0.00000000 0.00000000 0.00000000 0.00000000 0.000000000 0.000000000 0.000000000 0.000000000 0.0000000000 0.0000000000 0.000000000
   60    1      1      0    0      1      19      19     3  3.00000000 0.0000000 0.0000000 0.0000000 0.00000000 0.00000000 0.00000000 0.00000000 0.000000000 0.000000000 0.000000000 0.000000000 0.0000000000 0.0000000000 0.000000000
   60    1      1      0    0      1      20      20     6  6.00000000 0.0000000 0.0000000 0.0000000 0.00000000 0.00000000 0.00000000 0.00000000 0.000000000 0.000000000 0.000000000 0.000000000 0.0000000000 0.0000000000 0.000000000
   60    1      1      0    0      1      21      21    10 10.00000000 0.0000000 0.0000000 0.0000000 0.00000000 0.00000000 0.00000000 0.00000000 0.000000000 0.000000000 0.000000000 0.000000000 0.0000000000 0.0000000000 0.000000000
   60    1      1      0    0      1      22      22     1  1.00000000 0.0000000 0.0000000 0.0000000 0.00000000 0.00000000 0.00000000 0.00000000 0.000000000 0.000000000 0.000000000 0.000000000 0.0000000000 0.0000000000 0.000000000
   60    1      1      0    0      1      23      23     1  1.00000000 0.0000000 0.0000000 0.0000000 0.00000000 0.00000000 0.00000000 0.00000000 0.000000000 0.000000000 0.000000000 0.000000000 0.0000000000 0.0000000000 0.000000000
   60    1      1      0    0      1      24      24     4  4.00000000 0.0000000 0.0000000 0.0000000 0.00000000 0.00000000 0.00000000 0.00000000 0.000000000 0.000000000 0.000000000 0.000000000 0.0000000000 0.0000000000 0.000000000
   60    1      1      0    0      1      25      25     7  7.00000000 0.0000000 0.0000000 0.0000000 0.00000000 0.00000000 0.00000000 0.00000000 0.000000000 0.000000000 0.000000000 0.000000000 0.0000000000 0.0000000000 0.000000000
   60    1      1      0    0      1      26      26     3  2.00000000 1.0000000 0.0000000 0.0000000 0.00000000 0.00000000 0.00000000 0.00000000 0.000000000 0.000000000 0.000000000 0.000000000 0.0000000000 0.0000000000 0.000000000
   60    1      1      0    0      1      27      27     3  3.00000000 0.0000000 0.0000000 0.0000000 0.00000000 0.00000000 0.00000000 0.00000000 0.000000000 0.000000000 0.000000000 0.000000000 0.0000000000 0.0000000000 0.000000000
   60    1      1      0    0      1      28      28     2  0.00000000 2.0000000 0.0000000 0.0000000 0.00000000 0.00000000 0.00000000 0.00000000 0.000000000 0.000000000 0.000000000 0.000000000 0.0000000000 0.0000000000 0.000000000
   60    1      1      0    0      1      29      29     5  3.00000000 2.0000000 0.0000000 0.0000000 0.00000000 0.00000000 0.00000000 0.00000000 0.000000000 0.000000000 0.000000000 0.000000000 0.0000000000 0.0000000000 0.000000000
   60    1      1      0    0      1      30      30     3  1.00000000 2.0000000 0.0000000 0.0000000 0.00000000 0.00000000 0.00000000 0.00000000 0.000000000 0.000000000 0.000000000 0.000000000 0.0000000000 0.0000000000 0.000000000
   60    1      1      0    0      1      31      31     2  0.00000000 2.0000000 0.0000000 0.0000000 0.00000000 0.00000000 0.00000000 0.00000000 0.000000000 0.000000000 0.000000000 0.000000000 0.0000000000 0.0000000000 0.000000000
   60    1      1      0    0      1      32      32     1  0.00000000 1.0000000 0.0000000 0.0000000 0.00000000 0.00000000 0.00000000 0.00000000 0.000000000 0.000000000 0.000000000 0.000000000 0.0000000000 0.0000000000 0.000000000
   60    1      1      0    0      1      33      33     1  0.00000000 1.0000000 0.0000000 0.0000000 0.00000000 0.00000000 0.00000000 0.00000000 0.000000000 0.000000000 0.000000000 0.000000000 0.0000000000 0.0000000000 0.000000000
   60    1      1      0    0      1      38      38     1  0.00000000 1.0000000 0.0000000 0.0000000 0.00000000 0.00000000 0.00000000 0.00000000 0.000000000 0.000000000 0.000000000 0.000000000 0.0000000000 0.0000000000 0.000000000
  100    1      1      0    0      1       3       3     1  1.00000000 0.0000000 0.0000000 0.0000000 0.00000000 0.00000000 0.00000000 0.00000000 0.000000000 0.000000000 0.000000000 0.000000000 0.0000000000 0.0000000000 0.000000000
  100    1      1      0    0      1       8       8     2  2.00000000 0.0000000 0.0000000 0.0000000 0.00000000 0.00000000 0.00000000 0.00000000 0.000000000 0.000000000 0.000000000 0.000000000 0.0000000000 0.0000000000 0.000000000
  100    1      1      0    0      1       9       9     2  2.00000000 0.0000000 0.0000000 0.0000000 0.00000000 0.00000000 0.00000000 0.00000000 0.000000000 0.000000000 0.000000000 0.000000000 0.0000000000 0.0000000000 0.000000000
  100    1      1      0    0      1      10      10     4  4.00000000 0.0000000 0.0000000 0.0000000 0.00000000 0.00000000 0.00000000 0.00000000 0.000000000 0.000000000 0.000000000 0.000000000 0.0000000000 0.0000000000 0.000000000
  100    1      1      0    0      1      11      11     8  8.00000000 0.0000000 0.0000000 0.0000000 0.00000000 0.00000000 0.00000000 0.00000000 0.000000000 0.000000000 0.000000000 0.000000000 0.0000000000 0.0000000000 0.000000000
  100    1      1      0    0      1      12      12    11 11.00000000 0.0000000 0.0000000 0.0000000 0.00000000 0.00000000 0.00000000 0.00000000 0.000000000 0.000000000 0.000000000 0.000000000 0.0000000000 0.0000000000 0.000000000
  100    1      1      0    0      1      13      13     2  2.00000000 0.0000000 0.0000000 0.0000000 0.00000000 0.00000000 0.00000000 0.00000000 0.000000000 0.000000000 0.000000000 0.000000000 0.0000000000 0.0000000000 0.000000000
  100    1      1      0    0      1      14      14     2  2.00000000 0.0000000 0.0000000 0.0000000 0.00000000 0.00000000 0.00000000 0.00000000 0.000000000 0.000000000 0.000000000 0.000000000 0.0000000000 0.0000000000 0.000000000
  100    1      1      0    0      1      15      15     1  1.00000000 0.0000000 0.0000000 0.0000000 0.00000000 0.00000000 0.00000000 0.00000000 0.000000000 0.000000000 0.000000000 0.000000000 0.0000000000 0.0000000000 0.000000000
  100    1      1      0    0      1      16      16     6  6.00000000 0.0000000 0.0000000 0.0000000 0.00000000 0.00000000 0.00000000 0.00000000 0.000000000 0.000000000 0.000000000 0.000000000 0.0000000000 0.0000000000 0.000000000
  100    1      1      0    0      1      17      17     9  9.00000000 0.0000000 0.0000000 0.0000000 0.00000000 0.00000000 0.00000000 0.00000000 0.000000000 0.000000000 0.000000000 0.000000000 0.0000000000 0.0000000000 0.000000000
  100    1      1      0    0      1      18      18     5  5.00000000 0.0000000 0.0000000 0.0000000 0.00000000 0.00000000 0.00000000 0.00000000 0.000000000 0.000000000 0.000000000 0.000000000 0.0000000000 0.0000000000 0.000000000
  100    1      1      0    0      1      19      19     2  2.00000000 0.0000000 0.0000000 0.0000000 0.00000000 0.00000000 0.00000000 0.00000000 0.000000000 0.000000000 0.000000000 0.000000000 0.0000000000 0.0000000000 0.000000000
  100    1      1      0    0      1      20      20     2  2.00000000 0.0000000 0.0000000 0.0000000 0.00000000 0.00000000 0.00000000 0.00000000 0.000000000 0.000000000 0.000000000 0.000000000 0.0000000000 0.0000000000 0.000000000
  100    1      1      0    0      1      21      21     2  2.00000000 0.0000000 0.0000000 0.0000000 0.00000000 0.00000000 0.00000000 0.00000000 0.000000000 0.000000000 0.000000000 0.000000000 0.0000000000 0.0000000000 0.000000000
  100    1      1      0    0      1      22      22     7  7.00000000 0.0000000 0.0000000 0.0000000 0.00000000 0.00000000 0.00000000 0.00000000 0.000000000 0.000000000 0.000000000 0.000000000 0.0000000000 0.0000000000 0.000000000
  100    1      1      0    0      1      23      23     4  4.00000000 0.0000000 0.0000000 0.0000000 0.00000000 0.00000000 0.00000000 0.00000000 0.000000000 0.000000000 0.000000000 0.000000000 0.0000000000 0.0000000000 0.000000000
  100    1      1      0    0      1      24      24     2  2.00000000 0.0000000 0.0000000 0.0000000 0.00000000 0.00000000 0.00000000 0.00000000 0.000000000 0.000000000 0.000000000 0.000000000 0.0000000000 0.0000000000 0.000000000
  100    1      1      0    0      1      25      25     2  2.00000000 0.0000000 0.0000000 0.0000000 0.00000000 0.00000000 0.00000000 0.00000000 0.000000000 0.000000000 0.000000000 0.000000000 0.0000000000 0.0000000000 0.000000000
  100    1      1      0    0      1      26      26     2  2.00000000 0.0000000 0.0000000 0.0000000 0.00000000 0.00000000 0.00000000 0.00000000 0.000000000 0.000000000 0.000000000 0.000000000 0.0000000000 0.0000000000 0.000000000
  100    1      1      0    0      1      27      27     1  1.00000000 0.0000000 0.0000000 0.0000000 0.00000000 0.00000000 0.00000000 0.00000000 0.000000000 0.000000000 0.000000000 0.000000000 0.0000000000 0.0000000000 0.000000000
  100    1      1      0    0      1      28      28     5  3.00000000 2.0000000 0.0000000 0.0000000 0.00000000 0.00000000 0.00000000 0.00000000 0.000000000 0.000000000 0.000000000 0.000000000 0.0000000000 0.0000000000 0.000000000
  100    1      1      0    0      1      29      29     4  3.00000000 1.0000000 0.0000000 0.0000000 0.00000000 0.00000000 0.00000000 0.00000000 0.000000000 0.000000000 0.000000000 0.000000000 0.0000000000 0.0000000000 0.000000000
  100    1      1      0    0      1      30      30     2  0.00000000 2.0000000 0.0000000 0.0000000 0.00000000 0.00000000 0.00000000 0.00000000 0.000000000 0.000000000 0.000000000 0.000000000 0.0000000000 0.0000000000 0.000000000
  100    1      1      0    0      1      31      31     4  0.00000000 4.0000000 0.0000000 0.0000000 0.00000000 0.00000000 0.00000000 0.00000000 0.000000000 0.000000000 0.000000000 0.000000000 0.0000000000 0.0000000000 0.000000000
  100    1      1      0    0      1      32      32     1  0.00000000 1.0000000 0.0000000 0.0000000 0.00000000 0.00000000 0.00000000 0.00000000 0.000000000 0.000000000 0.000000000 0.000000000 0.0000000000 0.0000000000 0.000000000
  100    1      1      0    0      1      34      34     1  0.00000000 1.0000000 0.0000000 0.0000000 0.00000000 0.00000000 0.00000000 0.00000000 0.000000000 0.000000000 0.000000000 0.000000000 0.0000000000 0.0000000000 0.000000000
  100    1      1      0    0      1      35      35     2  0.00000000 2.0000000 0.0000000 0.0000000 0.00000000 0.00000000 0.00000000 0.00000000 0.000000000 0.000000000 0.000000000 0.000000000 0.0000000000 0.0000000000 0.000000000
  100    1      1      0    0      1      37      37     4  0.00000000 4.0000000 0.0000000 0.0000000 0.00000000 0.00000000 0.00000000 0.00000000 0.000000000 0.000000000 0.000000000 0.000000000 0.0000000000 0.0000000000 0.000000000
0 #_N_MeanSize_at_Age_obs
0 #_N_environ_variables
0 #_N_environ_obs
0 #_N_sizefreq_methods
0 #_do_tags
0 #_morphcomp_data
#
999
