#C data file created using the SS_writedat function in the R package r4ss
#C should work with SS version: 
#C file write time: 2015-02-11 18:03:46
#
1 #_styr
100 #_endyr
1 #_nseas
12 #_months_per_seas
1 #_spawn_seas
1 #_Nfleet
2 #_Nsurveys
1 #_N_areas
Fishery%Survey%CPUE #_fleetnames
0.5 0.5 0.5 #_surveytiming_in_season
1 1 1 #_area_assignments_for_each_fishery_and_survey
1 #_units of catch:  1=bio; 2=num
0.01 #_se of log(catch) only used for init_eq_catch and for Fmethod 2 and 3
1 #_Ngenders
25 #_Nages
0 #_init_equil_catch_for_each_fishery
100 #_N_lines_of_catch_to_read
 #_Fishery year seas
         0    1    1
         0    2    1
         0    3    1
         0    4    1
         0    5    1
         0    6    1
         0    7    1
         0    8    1
         0    9    1
         0   10    1
         0   11    1
         0   12    1
         0   13    1
         0   14    1
         0   15    1
         0   16    1
         0   17    1
         0   18    1
         0   19    1
         0   20    1
         0   21    1
         0   22    1
         0   23    1
         0   24    1
         0   25    1
 444646000   26    1
 397608000   27    1
 357583000   28    1
 324161000   29    1
 296656000   30    1
 274240000   31    1
 256057000   32    1
 241314000   33    1
 229322000   34    1
 219511000   35    1
 211426000   36    1
 204710000   37    1
 199088000   38    1
 194347000   39    1
 190324000   40    1
 186891000   41    1
 183948000   42    1
 181416000   43    1
 179230000   44    1
 177337000   45    1
 175694000   46    1
 174266000   47    1
 173022000   48    1
 171937000   49    1
 170990000   50    1
 170161000   51    1
 169436000   52    1
 168801000   53    1
 168243000   54    1
 167755000   55    1
 167325000   56    1
 166948000   57    1
 166617000   58    1
 166326000   59    1
 166070000   60    1
 165844000   61    1
 165646000   62    1
 165471000   63    1
 165317000   64    1
 165182000   65    1
 165063000   66    1
 164958000   67    1
 164865000   68    1
 164784000   69    1
 164712000   70    1
 164649000   71    1
 164593000   72    1
 164544000   73    1
 164500000   74    1
 164462000   75    1
 164429000   76    1
 164399000   77    1
 164373000   78    1
 164350000   79    1
 164329000   80    1
 164311000   81    1
 164296000   82    1
 164282000   83    1
 164269000   84    1
 164258000   85    1
 164249000   86    1
 164240000   87    1
 164233000   88    1
 164227000   89    1
 164221000   90    1
 164216000   91    1
 164211000   92    1
 164207000   93    1
 164204000   94    1
 164201000   95    1
 164198000   96    1
 164195000   97    1
 164193000   98    1
 164192000   99    1
 164190000  100    1
13 #_N_cpue
 #_Fleet Units Errtype
       1     1       0
       2     1       0
       3     1       0
 #_year seas index        obs se_log
     76    1     2 1836433461    0.2
     78    1     2 1691320850    0.2
     80    1     2 1143379261    0.2
     82    1     2 1350754557    0.2
     84    1     2 1102084938    0.2
     86    1     2  935929341    0.2
     88    1     2 1681803615    0.2
     90    1     2 1901420157    0.2
     92    1     2 1671184610    0.2
     94    1     2 1310682093    0.2
     96    1     2 1188581954    0.2
     98    1     2 1066273488    0.2
    100    1     2 1665503022    0.2
0 #_N_discard_fleets
#_discard_units (1=same_as_catchunits(bio/num); 2=fraction; 3=numbers)
#_discard_errtype:  >0 for DF of T-dist(read CV below); 0 for normal with CV; -1 for normal with se; -2 for lognormal
0 #_N_discard
0 #_N_meanbodywt
1 #_DF_for_meanbodywt_T-distribution_like
2 # length bin method: 1=use databins; 2=generate from binwidth,min,max below; 3=read vector
1 # binwidth for population size comp
10 # minimum size in the population (lower edge of first bin and size at age 0.00)
200 # maximum size in the population (lower edge of last bin)
-0.001 #_comp_tail_compression
1e-05 #_add_to_comp
0 #_combine males into females at or below this bin number
45 #_N_lbins
#_lbin_vector
20 23 26 29 32 35 38 41 44 47 50 53 56 59 62 65 68 71 74 77 80 83 86 89 92 95 98 101 104 107 110 113 116 119 122 125 128 131 134 137 140 143 146 149 152
28 #_N_Length_comp_observations
 #_Yr Seas FltSvy Gender Part Nsamp           l20          l23          l26          l29         l32          l35          l38         l41         l44        l47        l50        l53         l56        l59        l62        l65        l68        l71        l74        l77        l80         l83        l86         l89        l92        l95        l98        l101        l104        l107        l110        l113        l116        l119         l122         l125        l128         l131         l134         l137         l140         l143         l146         l149         l152
   26    1      1      0    0   125 1.259670e-245 4.802080e-27 6.938565e-03 0.0119331632 0.003978010 2.782230e-03 0.0008360368 0.011242303 0.017984765 0.02891471 0.06079457 0.02622512 0.034497557 0.02367053 0.06677518 0.05152720 0.02446372 0.02908752 0.03509756 0.03329994 0.01505895 0.032641630 0.01480188 0.018176485 0.04169066 0.03312469 0.05743906 0.017584057 0.026101349 0.035448942 0.018617186 0.051660435 0.042954050 0.025429775 0.0132836381 0.0193025783 0.038344846 5.584884e-03 4.912766e-03 7.392103e-03 7.505773e-03 2.186540e-03 4.274539e-04 1.077713e-04 1.738294e-04
   36    1      1      0    0   125  0.000000e+00 2.683154e-24 2.176887e-03 0.0049443393 0.003868378 8.684627e-03 0.0008918986 0.047182935 0.018167556 0.04392844 0.04961708 0.02101650 0.034746487 0.06147401 0.02905540 0.04076917 0.02853069 0.01957960 0.04231158 0.04594342 0.08702246 0.039226898 0.02723885 0.039411145 0.06469176 0.01172794 0.03151297 0.033611148 0.022441644 0.025355769 0.039914694 0.018432093 0.013521815 0.018207553 0.0008974006 0.0094446793 0.002560125 2.880452e-03 7.518900e-03 1.447986e-04 8.299547e-05 2.147868e-04 5.191871e-07 1.045833e-03 3.777243e-06
   46    1      1      0    0   125  7.275144e-05 8.045666e-16 1.218711e-04 0.0127251177 0.004765203 3.289012e-03 0.0104388340 0.027082380 0.026571431 0.07729530 0.01459024 0.02020039 0.007531254 0.02828292 0.03966948 0.04015783 0.04635109 0.03032670 0.05252139 0.01590941 0.03778158 0.072369522 0.06338799 0.077772007 0.03254777 0.02783428 0.03345251 0.016059735 0.020898313 0.025669941 0.025093212 0.026119713 0.017051818 0.013882993 0.0177009536 0.0007029080 0.012030757 5.374323e-03 4.423819e-03 9.412131e-03 2.514104e-03 1.588951e-05 2.998672e-12 2.242399e-10 1.117468e-06
   56    1      1      0    0   125  1.748948e-62 1.364019e-13 4.523371e-04 0.0075136703 0.009120080 4.772432e-03 0.0229016943 0.001737726 0.036691513 0.06886252 0.04876518 0.03801100 0.068889069 0.04786192 0.01988789 0.04072749 0.05459033 0.03934924 0.03140739 0.02788513 0.03998413 0.025063482 0.06116428 0.012657064 0.02621181 0.04564198 0.03535042 0.015179200 0.008676530 0.018009691 0.006095505 0.011870666 0.046617577 0.009668491 0.0137675249 0.0328532094 0.002817937 8.389269e-04 1.003108e-02 6.598021e-03 9.530737e-04 1.373973e-07 3.570157e-05 5.960234e-08 4.868875e-04
   60    1      1      0    0   125  9.547086e-37 1.327861e-11 2.077536e-03 0.0152978482 0.013822485 2.529725e-03 0.0059101028 0.022648101 0.054594906 0.05945326 0.12106900 0.04810969 0.033885162 0.02972296 0.02946880 0.03447092 0.05886409 0.03209507 0.03428904 0.03276719 0.05966278 0.009862113 0.03202181 0.013198593 0.01897623 0.02177728 0.03382520 0.021720748 0.006091399 0.024042516 0.037510482 0.015327981 0.018561952 0.006975965 0.0069622924 0.0161679300 0.005643172 2.245049e-03 3.214358e-03 1.499504e-02 5.216271e-05 8.897682e-05 9.951333e-08 3.594296e-12 2.237751e-10
   64    1      1      0    0   125 9.741692e-184 3.090402e-05 1.113492e-02 0.0102040839 0.011571135 1.939920e-03 0.0098715560 0.018226500 0.030425324 0.14973247 0.06009185 0.07791312 0.025950907 0.03205405 0.02463361 0.06132550 0.06984510 0.06929138 0.01887279 0.04369354 0.02332211 0.016680051 0.02782818 0.017726443 0.01843207 0.02258500 0.03837036 0.010429016 0.009662339 0.016732368 0.014801379 0.004965710 0.025435362 0.005159630 0.0049785526 0.0071929606 0.004548924 1.639999e-03 3.381892e-04 7.234840e-04 5.146997e-04 1.964369e-06 1.216275e-15 2.873106e-10 1.122534e-03
   68    1      1      0    0   125  3.343624e-08 2.566381e-18 2.262333e-05 0.0085859782 0.009350153 6.444148e-03 0.0085016831 0.014121391 0.028492899 0.04729450 0.03756297 0.07287195 0.033939694 0.02866008 0.04210253 0.04763980 0.03173663 0.05764443 0.06269991 0.04068650 0.02365419 0.013335573 0.03350279 0.021728635 0.02760103 0.06422683 0.02306485 0.033059278 0.012021298 0.024148449 0.007595652 0.034228379 0.044375976 0.018475819 0.0048802622 0.0228062616 0.008236271 2.985740e-04 2.648047e-04 3.919393e-03 8.486305e-05 6.600483e-08 6.445145e-05 6.049147e-05 7.914982e-06
   72    1      1      0    0   125  1.605506e-83 3.051381e-34 3.666304e-05 0.0041529733 0.006634265 9.222480e-03 0.0038938784 0.003137564 0.093671889 0.09590993 0.04624216 0.09425492 0.026298197 0.02466047 0.01825851 0.03998209 0.06959001 0.05187606 0.03914932 0.02190216 0.05309537 0.038000456 0.02124038 0.008086249 0.01559897 0.02881946 0.03008140 0.024078627 0.012441621 0.013241608 0.008307651 0.008692498 0.012071062 0.031618621 0.0033555662 0.0160167560 0.001596826 4.368313e-03 4.059253e-03 8.197984e-03 1.092614e-04 7.629722e-03 2.667756e-04 1.368331e-04 1.520725e-05
   76    1      1      0    0   125  0.000000e+00 2.280157e-04 1.323614e-04 0.0005390805 0.006238881 3.244427e-05 0.0015465618 0.021570778 0.040408258 0.08236966 0.05694531 0.02704500 0.049543382 0.05071719 0.04929591 0.04379395 0.06397962 0.05611432 0.04717836 0.02939869 0.03754400 0.023946933 0.01171840 0.022956012 0.03170135 0.02635332 0.03579435 0.027804421 0.037042593 0.024963873 0.013487229 0.008550471 0.004328404 0.038450633 0.0049319717 0.0110696952 0.006500721 1.500690e-04 4.480650e-04 3.805066e-03 3.234078e-05 6.833319e-04 4.625574e-07 6.585175e-04 2.670172e-11
   80    1      1      0    0   125 1.224689e-165 1.399427e-07 3.989546e-06 0.0081040050 0.010277085 2.324987e-03 0.0080427725 0.050517443 0.078817702 0.05782118 0.04835740 0.04244400 0.069399866 0.03171002 0.02457231 0.03000551 0.04618357 0.02509288 0.02699944 0.03224134 0.02423764 0.031756730 0.02016827 0.012551366 0.03249204 0.03574240 0.01495463 0.041189339 0.017970790 0.005500040 0.034695529 0.013228228 0.054767029 0.032555760 0.0062365285 0.0066834899 0.010623974 1.318009e-03 2.525905e-03 7.603629e-05 1.612417e-03 7.947949e-06 4.566162e-03 1.644324e-08 1.624083e-03
   84    1      1      0    0   125  3.770237e-24 5.090744e-21 4.763011e-06 0.0178533270 0.003579706 4.892471e-03 0.0006446439 0.014511956 0.074957492 0.04603916 0.05043594 0.03482084 0.031355443 0.02487759 0.04437332 0.04974655 0.05037509 0.04559131 0.02445705 0.02598322 0.03973615 0.054405032 0.03482366 0.063246928 0.02427759 0.04297538 0.02813950 0.020037713 0.042231353 0.016984298 0.028228144 0.010771416 0.008639011 0.005074936 0.0189934137 0.0028489084 0.002463888 3.020876e-04 7.851255e-03 1.429468e-03 7.894948e-04 1.156761e-03 5.514930e-05 3.707912e-05 1.523372e-06
   88    1      1      0    0   125  2.782225e-19 9.024986e-11 2.025084e-02 0.0076005035 0.014037507 1.032413e-02 0.0007263780 0.015757237 0.054758993 0.07564659 0.05613410 0.03580703 0.042300615 0.04143539 0.03724752 0.05357856 0.02316673 0.01998428 0.06662873 0.02120912 0.04044065 0.023799593 0.05055083 0.012184060 0.01641467 0.04278089 0.03919777 0.015105624 0.020092380 0.013888485 0.021872642 0.049756326 0.006071293 0.014742234 0.0094733164 0.0089082404 0.002971155 4.870276e-03 7.731499e-06 9.124370e-03 1.152857e-03 2.540527e-07 1.092091e-09 9.179917e-08 1.272019e-13
   92    1      1      0    0   125  0.000000e+00 8.149721e-10 8.324715e-04 0.0040925167 0.024675850 6.906717e-03 0.0007141672 0.023184107 0.038375705 0.10313559 0.03956641 0.04463207 0.051436023 0.03308685 0.04237203 0.07847855 0.01125782 0.03093524 0.03874739 0.03272367 0.02984569 0.039560231 0.03423471 0.023557942 0.01924334 0.01063215 0.03438488 0.004752628 0.014103537 0.019010997 0.005413470 0.025068893 0.085396302 0.005262269 0.0184177893 0.0007062426 0.014578829 3.403501e-03 2.496769e-03 2.788258e-03 3.681245e-10 7.922061e-17 2.281699e-04 1.756386e-03 3.839258e-06
   96    1      1      0    0   125  4.031906e-59 2.084920e-04 1.435089e-03 0.0084686750 0.004170360 1.103142e-02 0.0015887633 0.030496680 0.008252573 0.07478732 0.04028310 0.04669888 0.024976523 0.05761685 0.05834377 0.05561534 0.01498831 0.07842524 0.02986097 0.07790492 0.02857655 0.023795762 0.02025928 0.028767877 0.02502837 0.02047635 0.03742997 0.011013991 0.017687126 0.005452041 0.020824880 0.022314587 0.031327739 0.012580342 0.0321399307 0.0078024659 0.000246958 1.442863e-05 3.593664e-03 1.137648e-02 9.633939e-03 4.504003e-03 1.832104e-09 6.237828e-21 7.069429e-17
  100    1      1      0    0   125 7.516319e-313 7.683763e-03 8.254840e-09 0.0066389956 0.003251893 2.890908e-04 0.0009884098 0.048702238 0.024988524 0.04207037 0.05402925 0.03920599 0.057364746 0.02219459 0.07351953 0.03826371 0.01793746 0.04107527 0.01885815 0.04708211 0.05429828 0.061368441 0.03089261 0.022362219 0.03274885 0.02823075 0.02921617 0.009815439 0.041304205 0.030660207 0.023796139 0.022583779 0.010768004 0.006105635 0.0138054076 0.0117532990 0.012069070 4.069843e-03 2.589920e-04 1.313019e-03 3.478945e-03 7.801800e-06 4.948700e-03 1.139071e-07 3.548005e-10
   76    1      2      0    0   500  1.885639e-33 4.999117e-03 2.284416e-02 0.0521357224 0.043121500 3.253451e-02 0.0054800869 0.024598082 0.049397210 0.04766279 0.05108883 0.03953200 0.022987696 0.03271811 0.03203016 0.03798327 0.03605895 0.03950351 0.04694767 0.02341316 0.03026809 0.032145495 0.03246838 0.030770064 0.01623280 0.02666183 0.02191297 0.018134262 0.025575764 0.020169820 0.020031586 0.018586805 0.014934760 0.006060221 0.0079273079 0.0167750274 0.006141602 6.246839e-03 1.839479e-03 2.786045e-04 1.429073e-03 6.540636e-05 6.018388e-05 2.470318e-04 9.411187e-08
   78    1      2      0    0   500  4.109588e-14 8.237760e-04 8.639090e-03 0.0449438121 0.044813173 1.479159e-02 0.0129829647 0.016828887 0.045026094 0.05452872 0.07263501 0.04518936 0.037875806 0.03573074 0.02663893 0.05275948 0.02574939 0.03398391 0.05773297 0.02359043 0.02335364 0.031409530 0.02408288 0.028743622 0.01605638 0.02698447 0.03276578 0.025047006 0.014497199 0.017457632 0.013185641 0.012517279 0.012761677 0.020046988 0.0083020004 0.0035101757 0.008584872 1.029663e-02 1.558813e-03 8.942736e-03 1.995199e-03 1.165287e-03 8.423183e-05 2.877874e-04 1.098427e-03
   80    1      2      0    0   500  2.419767e-21 1.039080e-04 2.705735e-02 0.0460525546 0.032197786 2.259988e-02 0.0101737727 0.018979848 0.054329564 0.05656917 0.06030764 0.04096034 0.025117902 0.04139123 0.03057494 0.03945482 0.05134116 0.04132558 0.03273025 0.02947958 0.03033340 0.018420978 0.02533541 0.041379953 0.02530174 0.02922452 0.01613792 0.011019439 0.022459569 0.013606744 0.017019199 0.017105843 0.009772869 0.008807474 0.0097203807 0.0169484377 0.007592327 7.110423e-03 9.924008e-03 2.454945e-04 1.426460e-03 1.744799e-04 8.190480e-05 1.014949e-04 2.240666e-06
   82    1      2      0    0   500  2.103190e-40 3.876942e-03 2.855844e-02 0.0525227812 0.055265948 2.962338e-02 0.0099960199 0.017108099 0.049245855 0.04101400 0.04480181 0.03919027 0.034820619 0.03239822 0.01939559 0.03502265 0.03813997 0.04079509 0.03794428 0.02557646 0.03211009 0.034019980 0.04394532 0.032841438 0.02177916 0.02483240 0.02082362 0.019569556 0.016322162 0.018537570 0.011833411 0.021350229 0.020156423 0.013185407 0.0059771659 0.0082279724 0.008873248 1.253895e-03 1.919717e-03 3.146902e-03 1.056974e-03 1.439885e-04 1.768558e-03 4.149635e-06 1.024249e-03
   84    1      2      0    0   500  3.502294e-16 2.426671e-03 1.384222e-02 0.0450639206 0.034590219 1.911806e-02 0.0070781663 0.017076022 0.031610039 0.05355367 0.06317447 0.04873288 0.036041585 0.03138709 0.04157309 0.03782688 0.03234009 0.03681547 0.03426886 0.03430437 0.02443239 0.030965689 0.04412156 0.044643145 0.01835071 0.02533090 0.02435747 0.015794255 0.024075047 0.017794414 0.015924256 0.014542598 0.006773586 0.005161469 0.0183835056 0.0070095225 0.008900920 3.536245e-04 7.912461e-03 9.643618e-03 2.872956e-03 2.285223e-05 9.957630e-03 1.395961e-03 4.556783e-04
   86    1      2      0    0   500  1.039114e-14 1.677088e-03 2.299817e-02 0.0419668751 0.048535175 2.542443e-02 0.0052480339 0.017867991 0.086091154 0.04877136 0.04992633 0.03467411 0.030793765 0.03105818 0.03994121 0.03935514 0.04228329 0.03788927 0.03575002 0.02390848 0.04090005 0.036625471 0.01903791 0.036585937 0.02490282 0.01410579 0.02257291 0.014587294 0.015216016 0.020010365 0.013568424 0.010091787 0.010636088 0.008771521 0.0090375883 0.0091599306 0.006561196 4.443257e-03 9.000941e-03 4.216052e-03 2.162702e-03 1.258510e-03 5.213624e-04 1.860360e-03 5.637759e-06
   88    1      2      0    0   500  3.193105e-07 4.253108e-03 2.073322e-02 0.0547156088 0.062513024 2.373359e-02 0.0090310124 0.025215373 0.042833898 0.06308686 0.04639423 0.03034373 0.032336900 0.03651161 0.02195400 0.05948688 0.03582907 0.02855804 0.03839059 0.02910411 0.02228516 0.018544407 0.02396329 0.030524455 0.03431901 0.01298090 0.01518085 0.016081026 0.018957715 0.019927334 0.015819437 0.023065946 0.023820420 0.016857490 0.0104217222 0.0097750340 0.010147015 3.565318e-03 5.184724e-03 2.051569e-03 8.165259e-04 4.971810e-04 6.956660e-05 7.470032e-05 4.401818e-05
   90    1      2      0    0   500  6.072913e-35 7.485633e-04 1.720662e-02 0.0529874039 0.039921398 1.824924e-02 0.0098515488 0.023183576 0.038971052 0.08229769 0.04468169 0.05076892 0.032922250 0.03204310 0.05234758 0.04805754 0.05072626 0.03704030 0.02209923 0.03459848 0.03240947 0.028572934 0.02004241 0.032578190 0.03570483 0.01216451 0.02502762 0.015363654 0.013597180 0.026877657 0.016190085 0.006587652 0.009920356 0.008147461 0.0090507234 0.0053886065 0.005226492 2.168586e-03 1.496741e-03 1.121898e-03 5.508529e-04 6.029443e-04 2.140754e-03 3.272559e-04 3.870778e-05
   92    1      2      0    0   500  9.821018e-12 2.251709e-03 1.042274e-02 0.0501468697 0.042634384 2.126336e-02 0.0097275600 0.018851868 0.034191263 0.08260492 0.05449074 0.03763340 0.028019990 0.02191405 0.05223593 0.02790119 0.03334099 0.03624747 0.01615002 0.03641072 0.02829234 0.030607186 0.03063355 0.019635277 0.03215547 0.03101087 0.02561312 0.024674488 0.029082269 0.027174070 0.029878239 0.007975234 0.022513766 0.007922104 0.0032119650 0.0128811189 0.004407946 6.090192e-03 3.662715e-03 2.229392e-03 2.172364e-03 4.031471e-06 1.410519e-03 5.865455e-06 3.167463e-04
   94    1      2      0    0   500  1.338681e-09 5.232716e-03 2.253185e-02 0.0494462283 0.045888517 1.985850e-02 0.0188086414 0.028504334 0.049120119 0.05419579 0.05289988 0.04868183 0.020673218 0.02106132 0.03413992 0.03764305 0.04499797 0.03224383 0.04060208 0.03062773 0.03806112 0.026535451 0.01983793 0.028637304 0.02500860 0.04388139 0.01138615 0.020809847 0.020798043 0.024626444 0.011539834 0.007343246 0.010019704 0.013974327 0.0122901962 0.0069248670 0.003107852 3.632187e-03 4.188007e-03 4.600400e-03 8.484600e-04 2.991761e-03 1.523294e-03 1.732866e-04 1.027903e-04
   96    1      2      0    0   500  2.187298e-10 2.584469e-04 1.450760e-02 0.0512997069 0.039832943 3.166394e-02 0.0167239782 0.023223257 0.049020126 0.05397740 0.04904510 0.04386626 0.041965709 0.03404732 0.03277570 0.03790910 0.03254065 0.04190690 0.04360114 0.02646737 0.03920788 0.030441572 0.02534235 0.029289308 0.02128383 0.01845379 0.03124368 0.015628906 0.020498875 0.012856341 0.016640319 0.016137344 0.008768722 0.019577452 0.0080415219 0.0060084485 0.004458490 1.965249e-03 3.064017e-04 2.577468e-03 9.863056e-04 1.324119e-04 2.606429e-04 9.685546e-05 5.163157e-03
   98    1      2      0    0   500  6.528700e-08 1.110745e-03 1.867105e-02 0.0573661080 0.044980061 1.203695e-02 0.0166958859 0.011755353 0.047572193 0.05805276 0.04936164 0.04525570 0.044202549 0.03056912 0.02941127 0.04778826 0.03746640 0.03539307 0.02923323 0.02035865 0.03158297 0.020956878 0.03628378 0.023522356 0.03653047 0.02470598 0.03185856 0.027104078 0.023501612 0.012912825 0.015325295 0.008730627 0.012135442 0.009779695 0.0083790926 0.0087471302 0.005240688 2.962661e-03 3.440363e-03 7.177151e-03 7.228455e-03 7.352252e-04 1.225828e-03 7.709844e-04 1.880779e-03
  100    1      2      0    0   500  1.014057e-17 1.207280e-03 1.432863e-02 0.0575975585 0.054541087 2.064277e-02 0.0090189456 0.021130941 0.031907872 0.06872426 0.04302593 0.04483561 0.024259983 0.02311725 0.02945417 0.04136090 0.02032646 0.04227787 0.04643601 0.02360335 0.02632280 0.064058475 0.02472356 0.022923302 0.02583374 0.02741897 0.02975697 0.029884282 0.010131271 0.012912343 0.014957705 0.015580914 0.012526952 0.017041554 0.0126864797 0.0168139937 0.007748992 3.606952e-03 1.288533e-03 4.037429e-03 9.279025e-04 1.627013e-04 1.882162e-05 5.594673e-04 2.790082e-04
15 #_N_agebins
#_agebin_vector
1 2 3 4 5 6 7 8 9 10 11 12 13 14 15
1 #_N_ageerror_definitions
 #_age0   age1   age2   age3   age4   age5   age6   age7   age8   age9  age10  age11  age12  age13  age14  age15  age16  age17  age18  age19  age20  age21  age22  age23  age24  age25
 -1.000 -1.000 -1.000 -1.000 -1.000 -1.000 -1.000 -1.000 -1.000 -1.000 -1.000 -1.000 -1.000 -1.000 -1.000 -1.000 -1.000 -1.000 -1.000 -1.000 -1.000 -1.000 -1.000 -1.000 -1.000 -1.000
  0.001  0.001  0.001  0.001  0.001  0.001  0.001  0.001  0.001  0.001  0.001  0.001  0.001  0.001  0.001  0.001  0.001  0.001  0.001  0.001  0.001  0.001  0.001  0.001  0.001  0.001
87 #_N_agecomp
1 #_Lbin_method: 1=poplenbins; 2=datalenbins; 3=lengths
-1 #_combine males into females at or below this bin number
 #_Yr Seas FltSvy Gender Part Ageerr Lbin_lo Lbin_hi Nsamp          a1        a2        a3         a4         a5         a6         a7         a8         a9        a10         a11         a12          a13         a14         a15
   26    1      1      0    0      1      -1      -1   125  0.06254263 0.1444537 0.1288762 0.14977675 0.08542291 0.09291387 0.04616539 0.04112416 0.08966428 0.03284434 0.014129313 0.002718302 0.0218353787 0.005192335 0.082340476
   36    1      1      0    0      1      -1      -1   125  0.02651096 0.2605933 0.1992397 0.14027523 0.12141970 0.07205220 0.06008642 0.03380946 0.01288729 0.02165308 0.003508419 0.004017883 0.0001906055 0.011645221 0.032110585
   46    1      1      0    0      1      -1      -1   125  0.01731332 0.2649456 0.1963366 0.12411858 0.07023669 0.08410039 0.06945803 0.02504064 0.01253251 0.03570591 0.045828611 0.005670421 0.0236343114 0.004503118 0.020575234
   56    1      1      0    0      1      -1      -1   125  0.03064706 0.2462398 0.1832831 0.12409118 0.07686740 0.06374014 0.08318501 0.04436776 0.07908177 0.01179798 0.010264635 0.006420504 0.0089730096 0.009417759 0.021622857
   60    1      1      0    0      1      -1      -1   125  0.02315116 0.2321411 0.1534942 0.15831813 0.07428350 0.11961327 0.04000191 0.05225608 0.05472991 0.03960179 0.030814367 0.002831990 0.0038209618 0.001120314 0.013821320
   64    1      1      0    0      1      -1      -1   125  0.03188788 0.2039688 0.2730849 0.09466779 0.13148256 0.08044640 0.01347944 0.03004090 0.04537227 0.01582656 0.004444518 0.026157698 0.0042912438 0.002708457 0.042140604
   68    1      1      0    0      1      -1      -1   125  0.03694820 0.1953065 0.1943402 0.16904303 0.10654335 0.11612036 0.04891882 0.03999520 0.01675965 0.02095700 0.012146033 0.016687791 0.0173632349 0.002817652 0.006052938
   72    1      1      0    0      1      -1      -1   125  0.02118579 0.2170754 0.2144480 0.14040545 0.08760816 0.04343735 0.05822662 0.04114137 0.03548814 0.03778267 0.019564805 0.009120239 0.0179464420 0.012531350 0.044038271
   76    1      1      0    0      1      -1      -1   125  0.04716327 0.2432686 0.1693092 0.14464069 0.12083467 0.05861622 0.04398412 0.03654978 0.03491000 0.03038467 0.007902094 0.002333476 0.0073259508 0.001685750 0.051091518
   80    1      1      0    0      1      -1      -1   125  0.03589303 0.1431720 0.2236393 0.21155787 0.13558898 0.04609942 0.05737216 0.04545590 0.01988117 0.01022273 0.021094333 0.002527310 0.0290874096 0.007949771 0.010458683
   84    1      1      0    0      1      -1      -1   125  0.02012707 0.2468721 0.1755514 0.18219775 0.10888910 0.10163285 0.03025165 0.05262575 0.01776268 0.01943475 0.006375524 0.017266050 0.0024154793 0.001507298 0.017090512
   88    1      1      0    0      1      -1      -1   125  0.02694294 0.1907370 0.1779126 0.17080593 0.07921270 0.10694992 0.05516059 0.05381191 0.03209128 0.03850217 0.002922924 0.024057976 0.0038888353 0.003914451 0.033088747
   92    1      1      0    0      1      -1      -1   125  0.02391764 0.2185522 0.2035998 0.12058306 0.12893352 0.15478865 0.06207091 0.01684344 0.01818820 0.02294194 0.018165449 0.003277127 0.0001298354 0.004133558 0.003874685
   96    1      1      0    0      1      -1      -1   125  0.03388639 0.2423821 0.2194043 0.11641932 0.11536604 0.06535641 0.04675788 0.03900644 0.01889317 0.03185651 0.031229994 0.010053874 0.0210428393 0.002050192 0.006294542
  100    1      1      0    0      1      -1      -1   125  0.03265852 0.1995707 0.2033092 0.17973199 0.09170894 0.07490962 0.07407317 0.04121894 0.03910224 0.02694686 0.010725615 0.012665595 0.0008988925 0.004010430 0.008469333
   76    1      2      0    0      1      -1      -1   500  0.11042793 0.2262190 0.1751640 0.10856726 0.10593641 0.07944046 0.04997026 0.03784362 0.03040938 0.01409501 0.008986619 0.010173675 0.0121391803 0.008219050 0.022408109
   78    1      2      0    0      1      -1      -1   500  0.12803985 0.2085798 0.1773476 0.10511175 0.10676828 0.07761162 0.06048315 0.04201218 0.01687629 0.02358600 0.020103663 0.008775496 0.0015087477 0.006391419 0.016804130
   80    1      2      0    0      1      -1      -1   500  0.14982278 0.2353509 0.1805187 0.12368298 0.08060077 0.05933218 0.04335779 0.03950903 0.02427232 0.01350011 0.015882229 0.005131087 0.0099502772 0.003978805 0.015109972
   82    1      2      0    0      1      -1      -1   500  0.14284625 0.2433394 0.1941568 0.10808557 0.08259926 0.04569570 0.05738150 0.04628003 0.02503045 0.01697081 0.009399284 0.005658821 0.0092792531 0.002051338 0.011225530
   84    1      2      0    0      1      -1      -1   500  0.14367648 0.1808285 0.1830913 0.13903678 0.09456879 0.06180409 0.04839895 0.04117736 0.03346681 0.02059584 0.013308052 0.009686853 0.0055450487 0.005697282 0.019117936
   86    1      2      0    0      1      -1      -1   500  0.14243535 0.2229410 0.1632801 0.10916071 0.10764711 0.07186360 0.04394855 0.03941489 0.02948083 0.01763730 0.009401904 0.009227371 0.0131845591 0.004189552 0.016187145
   88    1      2      0    0      1      -1      -1   500  0.13221785 0.2467100 0.1800846 0.14537278 0.09222978 0.04864389 0.04093288 0.02898743 0.02246132 0.01481375 0.015074877 0.006425437 0.0046206667 0.006976304 0.014448446
   90    1      2      0    0      1      -1      -1   500  0.14294898 0.2802129 0.1478567 0.11700947 0.08663375 0.05844384 0.03903180 0.03507366 0.02293693 0.01770163 0.015285057 0.019124255 0.0049706426 0.004820865 0.007949454
   92    1      2      0    0      1      -1      -1   500  0.14501706 0.2193238 0.1682219 0.10711915 0.09332777 0.08076224 0.04756448 0.03879137 0.02101280 0.02631767 0.011985395 0.014672835 0.0031444428 0.011557302 0.011181779
   94    1      2      0    0      1      -1      -1   500  0.13096101 0.2057626 0.2016294 0.11186494 0.10773251 0.06895884 0.03687187 0.03959688 0.01842743 0.02772878 0.013296649 0.011109605 0.0060709541 0.007083198 0.012905370
   96    1      2      0    0      1      -1      -1   500  0.13526317 0.2048272 0.1770725 0.14540300 0.10364719 0.05627568 0.04851594 0.03137872 0.02236581 0.01055449 0.025781329 0.007385093 0.0116268868 0.009611137 0.010291858
   98    1      2      0    0      1      -1      -1   500  0.13510318 0.2289724 0.1943793 0.12250609 0.09439135 0.05461267 0.04420941 0.04680631 0.01957129 0.01327770 0.009639068 0.010463135 0.0015809286 0.012343927 0.012143244
  100    1      2      0    0      1      -1      -1   500  0.14184394 0.2289689 0.1564824 0.15184137 0.08434057 0.07714585 0.05081214 0.03254307 0.01945409 0.01442646 0.018682039 0.005050516 0.0024868323 0.005346746 0.010575126
   60    1      1      0    0      1       4       4     4  4.00000000 0.0000000 0.0000000 0.00000000 0.00000000 0.00000000 0.00000000 0.00000000 0.00000000 0.00000000 0.000000000 0.000000000 0.0000000000 0.000000000 0.000000000
   60    1      1      0    0      1       5       5     2  2.00000000 0.0000000 0.0000000 0.00000000 0.00000000 0.00000000 0.00000000 0.00000000 0.00000000 0.00000000 0.000000000 0.000000000 0.0000000000 0.000000000 0.000000000
   60    1      1      0    0      1       8       8     2  2.00000000 0.0000000 0.0000000 0.00000000 0.00000000 0.00000000 0.00000000 0.00000000 0.00000000 0.00000000 0.000000000 0.000000000 0.0000000000 0.000000000 0.000000000
   60    1      1      0    0      1       9       9     1  1.00000000 0.0000000 0.0000000 0.00000000 0.00000000 0.00000000 0.00000000 0.00000000 0.00000000 0.00000000 0.000000000 0.000000000 0.0000000000 0.000000000 0.000000000
   60    1      1      0    0      1      10      10    10 10.00000000 0.0000000 0.0000000 0.00000000 0.00000000 0.00000000 0.00000000 0.00000000 0.00000000 0.00000000 0.000000000 0.000000000 0.0000000000 0.000000000 0.000000000
   60    1      1      0    0      1      11      11    10 10.00000000 0.0000000 0.0000000 0.00000000 0.00000000 0.00000000 0.00000000 0.00000000 0.00000000 0.00000000 0.000000000 0.000000000 0.0000000000 0.000000000 0.000000000
   60    1      1      0    0      1      12      12     4  4.00000000 0.0000000 0.0000000 0.00000000 0.00000000 0.00000000 0.00000000 0.00000000 0.00000000 0.00000000 0.000000000 0.000000000 0.0000000000 0.000000000 0.000000000
   60    1      1      0    0      1      13      13     4  4.00000000 0.0000000 0.0000000 0.00000000 0.00000000 0.00000000 0.00000000 0.00000000 0.00000000 0.00000000 0.000000000 0.000000000 0.0000000000 0.000000000 0.000000000
   60    1      1      0    0      1      14      14     1  1.00000000 0.0000000 0.0000000 0.00000000 0.00000000 0.00000000 0.00000000 0.00000000 0.00000000 0.00000000 0.000000000 0.000000000 0.0000000000 0.000000000 0.000000000
   60    1      1      0    0      1      15      15     2  2.00000000 0.0000000 0.0000000 0.00000000 0.00000000 0.00000000 0.00000000 0.00000000 0.00000000 0.00000000 0.000000000 0.000000000 0.0000000000 0.000000000 0.000000000
   60    1      1      0    0      1      16      16     3  3.00000000 0.0000000 0.0000000 0.00000000 0.00000000 0.00000000 0.00000000 0.00000000 0.00000000 0.00000000 0.000000000 0.000000000 0.0000000000 0.000000000 0.000000000
   60    1      1      0    0      1      17      17    10 10.00000000 0.0000000 0.0000000 0.00000000 0.00000000 0.00000000 0.00000000 0.00000000 0.00000000 0.00000000 0.000000000 0.000000000 0.0000000000 0.000000000 0.000000000
   60    1      1      0    0      1      18      18     1  1.00000000 0.0000000 0.0000000 0.00000000 0.00000000 0.00000000 0.00000000 0.00000000 0.00000000 0.00000000 0.000000000 0.000000000 0.0000000000 0.000000000 0.000000000
   60    1      1      0    0      1      19      19     7  7.00000000 0.0000000 0.0000000 0.00000000 0.00000000 0.00000000 0.00000000 0.00000000 0.00000000 0.00000000 0.000000000 0.000000000 0.0000000000 0.000000000 0.000000000
   60    1      1      0    0      1      20      20     6  6.00000000 0.0000000 0.0000000 0.00000000 0.00000000 0.00000000 0.00000000 0.00000000 0.00000000 0.00000000 0.000000000 0.000000000 0.0000000000 0.000000000 0.000000000
   60    1      1      0    0      1      21      21     4  4.00000000 0.0000000 0.0000000 0.00000000 0.00000000 0.00000000 0.00000000 0.00000000 0.00000000 0.00000000 0.000000000 0.000000000 0.0000000000 0.000000000 0.000000000
   60    1      1      0    0      1      23      23     4  4.00000000 0.0000000 0.0000000 0.00000000 0.00000000 0.00000000 0.00000000 0.00000000 0.00000000 0.00000000 0.000000000 0.000000000 0.0000000000 0.000000000 0.000000000
   60    1      1      0    0      1      24      24     1  1.00000000 0.0000000 0.0000000 0.00000000 0.00000000 0.00000000 0.00000000 0.00000000 0.00000000 0.00000000 0.000000000 0.000000000 0.0000000000 0.000000000 0.000000000
   60    1      1      0    0      1      25      25     1  1.00000000 0.0000000 0.0000000 0.00000000 0.00000000 0.00000000 0.00000000 0.00000000 0.00000000 0.00000000 0.000000000 0.000000000 0.0000000000 0.000000000 0.000000000
   60    1      1      0    0      1      26      26     1  1.00000000 0.0000000 0.0000000 0.00000000 0.00000000 0.00000000 0.00000000 0.00000000 0.00000000 0.00000000 0.000000000 0.000000000 0.0000000000 0.000000000 0.000000000
   60    1      1      0    0      1      27      27     2  2.00000000 0.0000000 0.0000000 0.00000000 0.00000000 0.00000000 0.00000000 0.00000000 0.00000000 0.00000000 0.000000000 0.000000000 0.0000000000 0.000000000 0.000000000
   60    1      1      0    0      1      30      30     3  1.00000000 2.0000000 0.0000000 0.00000000 0.00000000 0.00000000 0.00000000 0.00000000 0.00000000 0.00000000 0.000000000 0.000000000 0.0000000000 0.000000000 0.000000000
   60    1      1      0    0      1      31      31     6  1.00000000 5.0000000 0.0000000 0.00000000 0.00000000 0.00000000 0.00000000 0.00000000 0.00000000 0.00000000 0.000000000 0.000000000 0.0000000000 0.000000000 0.000000000
   60    1      1      0    0      1      32      32     3  0.00000000 3.0000000 0.0000000 0.00000000 0.00000000 0.00000000 0.00000000 0.00000000 0.00000000 0.00000000 0.000000000 0.000000000 0.0000000000 0.000000000 0.000000000
   60    1      1      0    0      1      33      33     2  0.00000000 2.0000000 0.0000000 0.00000000 0.00000000 0.00000000 0.00000000 0.00000000 0.00000000 0.00000000 0.000000000 0.000000000 0.0000000000 0.000000000 0.000000000
   60    1      1      0    0      1      35      35     1  0.00000000 1.0000000 0.0000000 0.00000000 0.00000000 0.00000000 0.00000000 0.00000000 0.00000000 0.00000000 0.000000000 0.000000000 0.0000000000 0.000000000 0.000000000
   60    1      1      0    0      1      36      36     2  0.00000000 2.0000000 0.0000000 0.00000000 0.00000000 0.00000000 0.00000000 0.00000000 0.00000000 0.00000000 0.000000000 0.000000000 0.0000000000 0.000000000 0.000000000
   60    1      1      0    0      1      37      37     1  0.00000000 1.0000000 0.0000000 0.00000000 0.00000000 0.00000000 0.00000000 0.00000000 0.00000000 0.00000000 0.000000000 0.000000000 0.0000000000 0.000000000 0.000000000
   60    1      1      0    0      1      40      40     2  0.00000000 2.0000000 0.0000000 0.00000000 0.00000000 0.00000000 0.00000000 0.00000000 0.00000000 0.00000000 0.000000000 0.000000000 0.0000000000 0.000000000 0.000000000
  100    1      1      0    0      1       2       2     1  1.00000000 0.0000000 0.0000000 0.00000000 0.00000000 0.00000000 0.00000000 0.00000000 0.00000000 0.00000000 0.000000000 0.000000000 0.0000000000 0.000000000 0.000000000
  100    1      1      0    0      1       4       4     1  1.00000000 0.0000000 0.0000000 0.00000000 0.00000000 0.00000000 0.00000000 0.00000000 0.00000000 0.00000000 0.000000000 0.000000000 0.0000000000 0.000000000 0.000000000
  100    1      1      0    0      1       8       8     5  5.00000000 0.0000000 0.0000000 0.00000000 0.00000000 0.00000000 0.00000000 0.00000000 0.00000000 0.00000000 0.000000000 0.000000000 0.0000000000 0.000000000 0.000000000
  100    1      1      0    0      1       9       9     4  4.00000000 0.0000000 0.0000000 0.00000000 0.00000000 0.00000000 0.00000000 0.00000000 0.00000000 0.00000000 0.000000000 0.000000000 0.0000000000 0.000000000 0.000000000
  100    1      1      0    0      1      10      10     3  3.00000000 0.0000000 0.0000000 0.00000000 0.00000000 0.00000000 0.00000000 0.00000000 0.00000000 0.00000000 0.000000000 0.000000000 0.0000000000 0.000000000 0.000000000
  100    1      1      0    0      1      11      11     3  3.00000000 0.0000000 0.0000000 0.00000000 0.00000000 0.00000000 0.00000000 0.00000000 0.00000000 0.00000000 0.000000000 0.000000000 0.0000000000 0.000000000 0.000000000
  100    1      1      0    0      1      12      12     2  2.00000000 0.0000000 0.0000000 0.00000000 0.00000000 0.00000000 0.00000000 0.00000000 0.00000000 0.00000000 0.000000000 0.000000000 0.0000000000 0.000000000 0.000000000
  100    1      1      0    0      1      13      13     5  5.00000000 0.0000000 0.0000000 0.00000000 0.00000000 0.00000000 0.00000000 0.00000000 0.00000000 0.00000000 0.000000000 0.000000000 0.0000000000 0.000000000 0.000000000
  100    1      1      0    0      1      14      14     2  2.00000000 0.0000000 0.0000000 0.00000000 0.00000000 0.00000000 0.00000000 0.00000000 0.00000000 0.00000000 0.000000000 0.000000000 0.0000000000 0.000000000 0.000000000
  100    1      1      0    0      1      15      15     7  7.00000000 0.0000000 0.0000000 0.00000000 0.00000000 0.00000000 0.00000000 0.00000000 0.00000000 0.00000000 0.000000000 0.000000000 0.0000000000 0.000000000 0.000000000
  100    1      1      0    0      1      16      16     3  3.00000000 0.0000000 0.0000000 0.00000000 0.00000000 0.00000000 0.00000000 0.00000000 0.00000000 0.00000000 0.000000000 0.000000000 0.0000000000 0.000000000 0.000000000
  100    1      1      0    0      1      17      17     1  1.00000000 0.0000000 0.0000000 0.00000000 0.00000000 0.00000000 0.00000000 0.00000000 0.00000000 0.00000000 0.000000000 0.000000000 0.0000000000 0.000000000 0.000000000
  100    1      1      0    0      1      18      18     4  4.00000000 0.0000000 0.0000000 0.00000000 0.00000000 0.00000000 0.00000000 0.00000000 0.00000000 0.00000000 0.000000000 0.000000000 0.0000000000 0.000000000 0.000000000
  100    1      1      0    0      1      19      19     2  2.00000000 0.0000000 0.0000000 0.00000000 0.00000000 0.00000000 0.00000000 0.00000000 0.00000000 0.00000000 0.000000000 0.000000000 0.0000000000 0.000000000 0.000000000
  100    1      1      0    0      1      20      20     4  4.00000000 0.0000000 0.0000000 0.00000000 0.00000000 0.00000000 0.00000000 0.00000000 0.00000000 0.00000000 0.000000000 0.000000000 0.0000000000 0.000000000 0.000000000
  100    1      1      0    0      1      21      21     4  4.00000000 0.0000000 0.0000000 0.00000000 0.00000000 0.00000000 0.00000000 0.00000000 0.00000000 0.00000000 0.000000000 0.000000000 0.0000000000 0.000000000 0.000000000
  100    1      1      0    0      1      22      22     7  7.00000000 0.0000000 0.0000000 0.00000000 0.00000000 0.00000000 0.00000000 0.00000000 0.00000000 0.00000000 0.000000000 0.000000000 0.0000000000 0.000000000 0.000000000
  100    1      1      0    0      1      23      23     4  4.00000000 0.0000000 0.0000000 0.00000000 0.00000000 0.00000000 0.00000000 0.00000000 0.00000000 0.00000000 0.000000000 0.000000000 0.0000000000 0.000000000 0.000000000
  100    1      1      0    0      1      24      24     2  2.00000000 0.0000000 0.0000000 0.00000000 0.00000000 0.00000000 0.00000000 0.00000000 0.00000000 0.00000000 0.000000000 0.000000000 0.0000000000 0.000000000 0.000000000
  100    1      1      0    0      1      25      25     3  3.00000000 0.0000000 0.0000000 0.00000000 0.00000000 0.00000000 0.00000000 0.00000000 0.00000000 0.00000000 0.000000000 0.000000000 0.0000000000 0.000000000 0.000000000
  100    1      1      0    0      1      26      26     4  4.00000000 0.0000000 0.0000000 0.00000000 0.00000000 0.00000000 0.00000000 0.00000000 0.00000000 0.00000000 0.000000000 0.000000000 0.0000000000 0.000000000 0.000000000
  100    1      1      0    0      1      27      27     2  2.00000000 0.0000000 0.0000000 0.00000000 0.00000000 0.00000000 0.00000000 0.00000000 0.00000000 0.00000000 0.000000000 0.000000000 0.0000000000 0.000000000 0.000000000
  100    1      1      0    0      1      28      28     1  1.00000000 0.0000000 0.0000000 0.00000000 0.00000000 0.00000000 0.00000000 0.00000000 0.00000000 0.00000000 0.000000000 0.000000000 0.0000000000 0.000000000 0.000000000
  100    1      1      0    0      1      29      29     4  2.00000000 2.0000000 0.0000000 0.00000000 0.00000000 0.00000000 0.00000000 0.00000000 0.00000000 0.00000000 0.000000000 0.000000000 0.0000000000 0.000000000 0.000000000
  100    1      1      0    0      1      30      30     7  2.00000000 5.0000000 0.0000000 0.00000000 0.00000000 0.00000000 0.00000000 0.00000000 0.00000000 0.00000000 0.000000000 0.000000000 0.0000000000 0.000000000 0.000000000
  100    1      1      0    0      1      31      31     2  0.00000000 2.0000000 0.0000000 0.00000000 0.00000000 0.00000000 0.00000000 0.00000000 0.00000000 0.00000000 0.000000000 0.000000000 0.0000000000 0.000000000 0.000000000
  100    1      1      0    0      1      32      32     7  0.00000000 7.0000000 0.0000000 0.00000000 0.00000000 0.00000000 0.00000000 0.00000000 0.00000000 0.00000000 0.000000000 0.000000000 0.0000000000 0.000000000 0.000000000
  100    1      1      0    0      1      35      35     2  0.00000000 2.0000000 0.0000000 0.00000000 0.00000000 0.00000000 0.00000000 0.00000000 0.00000000 0.00000000 0.000000000 0.000000000 0.0000000000 0.000000000 0.000000000
  100    1      1      0    0      1      36      36     2  0.00000000 2.0000000 0.0000000 0.00000000 0.00000000 0.00000000 0.00000000 0.00000000 0.00000000 0.00000000 0.000000000 0.000000000 0.0000000000 0.000000000 0.000000000
  100    1      1      0    0      1      41      41     2  0.00000000 2.0000000 0.0000000 0.00000000 0.00000000 0.00000000 0.00000000 0.00000000 0.00000000 0.00000000 0.000000000 0.000000000 0.0000000000 0.000000000 0.000000000
0 #_N_MeanSize_at_Age_obs
0 #_N_environ_variables
0 #_N_environ_obs
0 #_N_sizefreq_methods
0 #_do_tags
0 #_morphcomp_data
#
999
