#C data file created using the SS_writedat function in the R package r4ss
#C should work with SS version: 
#C file write time: 2015-02-11 18:04:12
#
1 #_styr
100 #_endyr
1 #_nseas
12 #_months_per_seas
1 #_spawn_seas
1 #_Nfleet
2 #_Nsurveys
1 #_N_areas
Fishery%Survey%CPUE #_fleetnames
0.5 0.5 0.5 #_surveytiming_in_season
1 1 1 #_area_assignments_for_each_fishery_and_survey
1 #_units of catch:  1=bio; 2=num
0.01 #_se of log(catch) only used for init_eq_catch and for Fmethod 2 and 3
1 #_Ngenders
25 #_Nages
0 #_init_equil_catch_for_each_fishery
100 #_N_lines_of_catch_to_read
 #_Fishery year seas
         0    1    1
         0    2    1
         0    3    1
         0    4    1
         0    5    1
         0    6    1
         0    7    1
         0    8    1
         0    9    1
         0   10    1
         0   11    1
         0   12    1
         0   13    1
         0   14    1
         0   15    1
         0   16    1
         0   17    1
         0   18    1
         0   19    1
         0   20    1
         0   21    1
         0   22    1
         0   23    1
         0   24    1
         0   25    1
 444646000   26    1
 397608000   27    1
 357583000   28    1
 324161000   29    1
 296656000   30    1
 274240000   31    1
 256057000   32    1
 241314000   33    1
 229322000   34    1
 219511000   35    1
 211426000   36    1
 204710000   37    1
 199088000   38    1
 194347000   39    1
 190324000   40    1
 186891000   41    1
 183948000   42    1
 181416000   43    1
 179230000   44    1
 177337000   45    1
 175694000   46    1
 174266000   47    1
 173022000   48    1
 171937000   49    1
 170990000   50    1
 170161000   51    1
 169436000   52    1
 168801000   53    1
 168243000   54    1
 167755000   55    1
 167325000   56    1
 166948000   57    1
 166617000   58    1
 166326000   59    1
 166070000   60    1
 165844000   61    1
 165646000   62    1
 165471000   63    1
 165317000   64    1
 165182000   65    1
 165063000   66    1
 164958000   67    1
 164865000   68    1
 164784000   69    1
 164712000   70    1
 164649000   71    1
 164593000   72    1
 164544000   73    1
 164500000   74    1
 164462000   75    1
 164429000   76    1
 164399000   77    1
 164373000   78    1
 164350000   79    1
 164329000   80    1
 164311000   81    1
 164296000   82    1
 164282000   83    1
 164269000   84    1
 164258000   85    1
 164249000   86    1
 164240000   87    1
 164233000   88    1
 164227000   89    1
 164221000   90    1
 164216000   91    1
 164211000   92    1
 164207000   93    1
 164204000   94    1
 164201000   95    1
 164198000   96    1
 164195000   97    1
 164193000   98    1
 164192000   99    1
 164190000  100    1
13 #_N_cpue
 #_Fleet Units Errtype
       1     1       0
       2     1       0
       3     1       0
 #_year seas index        obs se_log
     76    1     2 1368837357    0.2
     78    1     2 1875890856    0.2
     80    1     2 1618162871    0.2
     82    1     2 1285470922    0.2
     84    1     2 1422641563    0.2
     86    1     2 1409629441    0.2
     88    1     2 1166720788    0.2
     90    1     2 1472788875    0.2
     92    1     2 1977752793    0.2
     94    1     2 1505750916    0.2
     96    1     2 1375479354    0.2
     98    1     2 1549664299    0.2
    100    1     2 1588964383    0.2
0 #_N_discard_fleets
#_discard_units (1=same_as_catchunits(bio/num); 2=fraction; 3=numbers)
#_discard_errtype:  >0 for DF of T-dist(read CV below); 0 for normal with CV; -1 for normal with se; -2 for lognormal
0 #_N_discard
0 #_N_meanbodywt
1 #_DF_for_meanbodywt_T-distribution_like
2 # length bin method: 1=use databins; 2=generate from binwidth,min,max below; 3=read vector
1 # binwidth for population size comp
10 # minimum size in the population (lower edge of first bin and size at age 0.00)
200 # maximum size in the population (lower edge of last bin)
-0.001 #_comp_tail_compression
1e-05 #_add_to_comp
0 #_combine males into females at or below this bin number
45 #_N_lbins
#_lbin_vector
20 23 26 29 32 35 38 41 44 47 50 53 56 59 62 65 68 71 74 77 80 83 86 89 92 95 98 101 104 107 110 113 116 119 122 125 128 131 134 137 140 143 146 149 152
28 #_N_Length_comp_observations
 #_Yr Seas FltSvy Gender Part Nsamp           l20          l23          l26          l29         l32          l35          l38         l41        l44        l47        l50        l53         l56         l59        l62        l65        l68        l71        l74        l77         l80        l83         l86         l89         l92        l95         l98       l101        l104        l107        l110        l113        l116        l119         l122        l125         l128         l131         l134         l137         l140         l143         l146         l149         l152
   26    1      1      0    0   125  1.723071e-20 7.061019e-06 3.704862e-04 0.0071438251 0.006108296 9.276704e-04 0.0014734913 0.010523488 0.02838831 0.02630191 0.04192385 0.02275722 0.010412485 0.035164886 0.02816425 0.03272233 0.03572052 0.03426755 0.02777608 0.06197381 0.025433504 0.04320623 0.051640763 0.019899972 0.022566384 0.04862052 0.021777066 0.07126921 0.026212247 0.029180531 0.009214788 0.040632298 0.024245471 0.024119314 0.0282268056 0.016685964 0.0414962396 6.678113e-03 1.437348e-03 1.755581e-02 1.207356e-02 3.937293e-04 2.771173e-03 1.834752e-03 7.006909e-04
   36    1      1      0    0   125  0.000000e+00 8.132575e-07 2.101647e-04 0.0119601790 0.001829099 3.673019e-03 0.0011299281 0.019832481 0.04443058 0.02302096 0.06194987 0.02776962 0.048042821 0.046880315 0.04112110 0.05580370 0.03673473 0.01366155 0.02649099 0.06495524 0.025566192 0.02956550 0.014979459 0.059809319 0.026679691 0.06202393 0.014780985 0.04831071 0.023271516 0.028402301 0.020326629 0.007501509 0.039341930 0.014989914 0.0123821408 0.020172900 0.0007991956 5.879435e-03 6.568676e-04 1.416180e-02 1.226666e-04 6.959556e-04 7.704396e-05 2.265175e-06 2.992177e-06
   46    1      1      0    0   125 5.175732e-208 4.688639e-59 1.069835e-04 0.0006792507 0.011347782 2.411293e-03 0.0251276041 0.020766204 0.04235621 0.10414101 0.02945067 0.01874290 0.031672667 0.059115090 0.08794076 0.05205102 0.03764104 0.06270132 0.02453535 0.02634926 0.027655152 0.01551411 0.005183789 0.007013534 0.049026132 0.02039868 0.050992885 0.02410955 0.006614214 0.010292774 0.036020856 0.011846654 0.005978438 0.034109309 0.0150994033 0.013688204 0.0073433608 3.162508e-03 6.210372e-04 1.286361e-02 6.835193e-05 5.255129e-03 8.016009e-08 1.966149e-07 5.632512e-06
   56    1      1      0    0   125  1.333265e-19 1.943462e-06 3.411570e-06 0.0235293373 0.017695896 4.643438e-03 0.0012719714 0.034347023 0.07469952 0.04188284 0.04232002 0.02567772 0.050066063 0.027366903 0.05289738 0.04411766 0.05195493 0.02859353 0.02294053 0.02937951 0.006780423 0.04611345 0.022701210 0.054623552 0.004941154 0.04453656 0.047051805 0.05267959 0.035538136 0.006767421 0.011781732 0.027653126 0.019922248 0.009516311 0.0100188169 0.007446587 0.0006532369 5.442339e-03 2.473812e-04 1.317095e-03 3.939014e-06 4.372330e-03 5.755281e-03 1.012589e-04 6.453877e-04
   60    1      1      0    0   125  3.361607e-37 2.557458e-03 6.653689e-04 0.0030695992 0.037153906 1.415795e-02 0.0022667101 0.039717175 0.02281614 0.02527628 0.03833400 0.04197132 0.050453418 0.043105423 0.03890004 0.06709295 0.04280260 0.04318462 0.04363797 0.02414953 0.038097773 0.01861852 0.039673280 0.060140986 0.028974426 0.02127048 0.030436172 0.01554090 0.032150464 0.036068012 0.005230568 0.009409520 0.028476274 0.004014457 0.0181987566 0.011180662 0.0009966537 9.416266e-03 4.342698e-03 9.609083e-05 1.414688e-03 4.510661e-03 1.525339e-11 2.131219e-04 2.161104e-04
   64    1      1      0    0   125 3.095962e-212 1.673120e-04 5.118850e-04 0.0370756644 0.004826762 2.039437e-03 0.0031212209 0.033800304 0.05237238 0.05285701 0.06403696 0.05710067 0.053603582 0.023991039 0.04116384 0.07030684 0.02810270 0.01711585 0.01831315 0.03758558 0.025932912 0.01984952 0.026630652 0.019489410 0.028522942 0.06894393 0.008514877 0.02645734 0.031435152 0.028106269 0.042320979 0.003520995 0.007063299 0.015025763 0.0008285041 0.001206446 0.0021887734 7.257828e-03 6.017916e-05 2.973602e-06 7.895668e-03 1.943825e-02 7.829380e-05 1.735344e-05 1.111950e-02
   68    1      1      0    0   125  3.186559e-18 3.835002e-05 1.783452e-03 0.0142795562 0.033611840 2.334518e-03 0.0025147881 0.011379422 0.03600862 0.05714980 0.05846097 0.02815507 0.026019558 0.045724377 0.07951294 0.04460529 0.06469286 0.06217598 0.03331439 0.03973444 0.021071174 0.03676924 0.013723275 0.022749504 0.016400298 0.03856811 0.038242586 0.02003827 0.008746667 0.033541113 0.017015647 0.005559960 0.023628961 0.020300831 0.0034449385 0.022201702 0.0035350586 2.703570e-03 5.905094e-04 2.368008e-04 2.601879e-04 5.719615e-03 3.455766e-03 1.504439e-13 1.445447e-13
   72    1      1      0    0   125  2.921816e-10 5.270463e-05 8.829439e-03 0.0230651434 0.002390544 1.002218e-03 0.0111777593 0.014945297 0.04963403 0.03807538 0.04912933 0.04922226 0.045132458 0.025117133 0.03637722 0.05656917 0.02955335 0.07915779 0.07553033 0.02643107 0.029764491 0.03073481 0.043677972 0.026091220 0.028568601 0.03240752 0.016542651 0.04254658 0.021487657 0.011364587 0.001150154 0.002161185 0.010720473 0.004911277 0.0161433730 0.002037927 0.0157723804 5.292985e-03 1.147701e-02 2.451698e-02 2.954680e-04 5.353058e-05 8.800394e-04 5.469363e-06 3.030541e-06
   76    1      1      0    0   125  4.564540e-20 2.316758e-36 7.189958e-07 0.0057102078 0.008117999 6.545367e-04 0.0020726397 0.028833447 0.01744314 0.06958183 0.08304011 0.03362493 0.021962259 0.044694429 0.06147763 0.04969187 0.07382723 0.03093256 0.03217437 0.03270214 0.066412422 0.02276956 0.015782228 0.018441614 0.018806912 0.04254588 0.017799781 0.00303762 0.071574237 0.001776617 0.020038718 0.033725220 0.016266744 0.017447484 0.0011851234 0.006108383 0.0112021142 1.204830e-02 1.805124e-03 1.738840e-03 1.221938e-03 1.707712e-03 1.697896e-08 1.535520e-05 5.548337e-09
   80    1      1      0    0   125 3.402612e-262 1.322444e-08 3.263255e-03 0.0020955336 0.026303774 2.812804e-03 0.0014858466 0.009362161 0.05040353 0.01944178 0.04221053 0.02967561 0.053472970 0.017148718 0.04464016 0.06426147 0.04851002 0.02500529 0.05645120 0.03621698 0.029546370 0.04118184 0.009024337 0.039513245 0.031839377 0.01785644 0.022966896 0.02721689 0.023217569 0.024165096 0.039860387 0.023993738 0.034396392 0.031187947 0.0272763252 0.002184083 0.0141183867 1.290354e-02 1.124633e-03 4.262253e-03 9.253320e-03 1.492949e-04 6.297749e-15 6.329773e-13 6.460567e-19
   84    1      1      0    0   125  1.094310e-12 1.647635e-03 6.643017e-04 0.0159500269 0.016967678 2.054661e-03 0.0013328816 0.033539927 0.02637503 0.05054921 0.04845482 0.09524241 0.008027373 0.009836942 0.04025845 0.06913965 0.03721119 0.03895917 0.03142626 0.05682015 0.023777868 0.03498165 0.049539009 0.013250702 0.018713942 0.02596901 0.058144711 0.04945756 0.029502192 0.010939585 0.020649031 0.014813275 0.015430466 0.010205320 0.0132047786 0.005157856 0.0110525751 4.196610e-03 4.691973e-03 4.643061e-04 1.371176e-04 2.758221e-05 1.118950e-03 1.153254e-04 8.312787e-07
   88    1      1      0    0   125  2.578540e-05 1.048946e-29 2.888429e-05 0.0040937689 0.003797826 1.277587e-02 0.0037485956 0.022726247 0.05516162 0.07497950 0.06791911 0.05611597 0.049156571 0.020706629 0.06614159 0.03842686 0.05058724 0.03571700 0.02631183 0.03386572 0.032356047 0.02939149 0.024596262 0.028984850 0.026378300 0.01973332 0.020880533 0.02405576 0.028620328 0.015679874 0.016915876 0.026137232 0.017597843 0.029755221 0.0123266360 0.002085507 0.0052962457 8.361065e-06 3.914297e-03 1.928944e-04 5.286185e-05 9.674129e-06 9.056505e-03 3.961329e-05 3.647861e-03
   92    1      1      0    0   125 3.129593e-159 3.541122e-05 2.659382e-03 0.0064907106 0.003402823 1.854320e-03 0.0002952702 0.037513522 0.03274200 0.04082935 0.05911295 0.03426714 0.025276100 0.023742311 0.04603429 0.04516547 0.04239185 0.04556304 0.06340088 0.04841424 0.015146486 0.05023043 0.051678087 0.014297978 0.023282251 0.01703284 0.032885224 0.04370555 0.034636526 0.050394744 0.007501998 0.011840445 0.027193984 0.014372330 0.0038921063 0.011094836 0.0012031032 1.418527e-02 9.253990e-03 6.799286e-03 1.065866e-05 3.159424e-05 3.797693e-11 1.388067e-04 3.999382e-07
   96    1      1      0    0   125 9.529250e-237 4.586525e-06 1.008629e-03 0.0035858585 0.001584018 3.436412e-04 0.0019951333 0.044415473 0.04880796 0.01879724 0.08138898 0.05507025 0.046923255 0.045701110 0.01501989 0.03082267 0.01396738 0.05316530 0.04209512 0.08653590 0.028553637 0.05363858 0.027204211 0.030612874 0.033890535 0.01975634 0.049430884 0.04420564 0.013496234 0.014711942 0.020615548 0.005464757 0.005974106 0.028687067 0.0022617036 0.007153054 0.0049034995 1.250878e-02 1.888939e-03 9.376830e-04 7.962943e-06 2.749779e-10 2.851859e-03 1.133900e-05 4.286928e-07
  100    1      1      0    0   125 1.671278e-159 5.036505e-14 4.288107e-06 0.0178413572 0.005789996 3.179578e-05 0.0019454137 0.024629496 0.05774413 0.07083109 0.08753346 0.02511836 0.050068308 0.044348546 0.02658237 0.06803402 0.02061906 0.04792705 0.06074815 0.02370298 0.030985441 0.03411084 0.032179877 0.032445515 0.029797506 0.02725026 0.015078459 0.01653559 0.007948170 0.012603330 0.018979794 0.027515321 0.009212016 0.028623976 0.0128151175 0.005714418 0.0005994046 5.797081e-03 5.057625e-03 9.873052e-03 3.227793e-04 3.044422e-03 9.089275e-06 1.062948e-06 5.130092e-10
   76    1      2      0    0   500  2.306056e-05 3.608760e-03 3.147371e-02 0.0566569810 0.044061118 2.368375e-02 0.0157064176 0.029042599 0.05645485 0.03821283 0.04191340 0.03296008 0.025062931 0.037727080 0.04146313 0.04366154 0.03225573 0.03568674 0.02263979 0.02027838 0.027253494 0.03482106 0.031048526 0.025970873 0.033163313 0.02721311 0.020280798 0.01650488 0.024204100 0.024998078 0.016287537 0.015286878 0.016986130 0.015880001 0.0051998295 0.005220866 0.0112065380 5.280572e-03 6.342143e-03 2.364233e-03 9.505397e-04 1.649938e-04 2.575810e-04 9.417570e-10 5.410298e-04
   78    1      2      0    0   500  1.349544e-19 3.005419e-04 1.134319e-02 0.0648396588 0.064622983 2.045433e-02 0.0050837675 0.022857923 0.04011119 0.07042017 0.03355548 0.04363964 0.020164017 0.038044133 0.03939023 0.04069005 0.05037156 0.02753292 0.03623756 0.02920332 0.032279218 0.03222706 0.020846405 0.021692597 0.026484637 0.02291906 0.019300024 0.01936133 0.020501753 0.021000557 0.023013933 0.012321598 0.016195507 0.004856079 0.0151953989 0.010817452 0.0054309219 5.721256e-03 6.000103e-03 1.848757e-03 2.506512e-03 5.965395e-05 5.539162e-04 2.868855e-06 7.566052e-07
   80    1      2      0    0   500  3.203502e-40 3.110667e-03 2.924463e-02 0.0396275942 0.059366744 1.264378e-02 0.0114328246 0.022569932 0.04304857 0.05654890 0.03157480 0.05365421 0.023037644 0.019751864 0.02766886 0.05480162 0.04081183 0.03286837 0.03234725 0.01876200 0.030291090 0.03452906 0.029325493 0.045423201 0.010727640 0.01536910 0.020590767 0.02611739 0.028451800 0.025729891 0.016850528 0.018221060 0.014891541 0.012393860 0.0182036306 0.008462919 0.0059803475 7.537379e-03 1.287187e-03 2.693691e-03 8.117642e-03 6.071145e-04 1.155956e-09 5.268350e-03 5.724840e-05
   82    1      2      0    0   500  1.071451e-11 2.786409e-03 1.855032e-02 0.0625100976 0.045546404 2.084483e-02 0.0177604031 0.021663792 0.03678697 0.04370232 0.04882145 0.04030189 0.025823885 0.030115070 0.02882225 0.02894800 0.03312707 0.02746781 0.05081535 0.02591019 0.030322796 0.02405117 0.047820824 0.034348987 0.022361805 0.02506191 0.013272549 0.03109443 0.018411881 0.008942447 0.012885898 0.028896031 0.025149814 0.017342947 0.0099568262 0.002289031 0.0027947388 1.717219e-02 7.932417e-03 2.460520e-03 2.825160e-04 8.490683e-04 1.722886e-03 2.201347e-05 4.249808e-03
   84    1      2      0    0   500  1.033749e-09 3.126294e-04 1.427577e-02 0.0318175849 0.046646278 2.161542e-02 0.0128361783 0.013481890 0.04193133 0.05800256 0.05344122 0.04910536 0.023762338 0.048955103 0.04494693 0.03315430 0.05025965 0.05418106 0.02962284 0.03326921 0.031878615 0.02025759 0.018159689 0.032996057 0.025683486 0.01379711 0.023494308 0.02103801 0.024091082 0.019244321 0.015468047 0.014200489 0.021323507 0.011661939 0.0080569831 0.006104597 0.0055452141 3.186797e-03 6.844219e-03 2.118523e-03 3.127888e-03 5.067395e-03 2.740606e-04 3.945431e-03 8.170118e-04
   86    1      2      0    0   500  6.473769e-10 6.926566e-03 1.121356e-02 0.0271085313 0.039778487 1.735131e-02 0.0076223518 0.028244909 0.03909854 0.08230744 0.05678172 0.04153529 0.046494351 0.029207238 0.03789984 0.04257014 0.04953506 0.02744618 0.02660240 0.02770462 0.041537971 0.03950757 0.023029870 0.025332857 0.018100322 0.02359911 0.032232017 0.01876031 0.013992329 0.014626346 0.020315015 0.018511957 0.019397124 0.012160142 0.0066758704 0.004011456 0.0088011275 1.141864e-03 9.354975e-03 2.271405e-04 1.223580e-03 1.583839e-03 3.034192e-04 7.411244e-06 1.378400e-04
   88    1      2      0    0   500  1.337015e-18 6.457195e-04 1.365477e-02 0.0565904607 0.063486978 1.497952e-02 0.0178566532 0.023154098 0.02770676 0.07905899 0.04941137 0.03731756 0.050457045 0.032179374 0.04523979 0.02455801 0.03699723 0.04109530 0.02727708 0.02348645 0.028928539 0.03881248 0.039005251 0.024490343 0.026471008 0.02230556 0.022857758 0.01892882 0.018305660 0.012930401 0.018339766 0.008231559 0.011492362 0.011075362 0.0084584774 0.008780332 0.0034376863 6.293314e-03 1.549218e-03 1.867233e-03 1.216104e-03 7.927701e-04 4.627712e-05 1.525426e-04 7.801135e-05
   90    1      2      0    0   500  3.727923e-13 2.007398e-03 1.289433e-02 0.0609769185 0.043776534 2.780011e-02 0.0116345271 0.030543976 0.05060670 0.04444798 0.05688629 0.04306856 0.029291976 0.030273510 0.04995387 0.04003231 0.03393943 0.02871164 0.02037513 0.03461250 0.036795419 0.03711571 0.023225611 0.034390651 0.031269084 0.02512441 0.020233900 0.02371435 0.017594616 0.019459856 0.018734255 0.016549860 0.008793780 0.009325196 0.0066798777 0.006694303 0.0021054562 8.035990e-04 2.028201e-03 1.690873e-03 2.680759e-03 2.713927e-03 3.398862e-04 8.628021e-05 1.644263e-05
   92    1      2      0    0   500  2.505952e-04 3.169966e-03 1.453356e-02 0.0410389814 0.040611918 2.197451e-02 0.0069416501 0.022791551 0.04163425 0.06630899 0.05388547 0.03417341 0.035930405 0.034606370 0.03940009 0.04600747 0.02652831 0.03975727 0.03859084 0.04210970 0.034493322 0.02600849 0.027065191 0.041063660 0.018381761 0.02971314 0.017746042 0.02446832 0.016123876 0.023538579 0.009321003 0.010905148 0.009685264 0.013183933 0.0079355093 0.007331487 0.0101190138 1.070281e-02 3.783737e-03 1.532753e-03 2.941259e-03 2.601339e-03 1.087164e-03 1.702360e-05 4.861229e-06
   94    1      2      0    0   500  4.852542e-06 8.062921e-04 1.791233e-02 0.0474565587 0.052152122 1.794275e-02 0.0061643603 0.029193970 0.04538130 0.05874572 0.04591906 0.03398923 0.030873314 0.038529638 0.03385811 0.03553152 0.03405865 0.03225571 0.03918891 0.04013579 0.019267277 0.04124450 0.030927255 0.037085045 0.017314190 0.01925651 0.027649639 0.02137378 0.028887671 0.010682403 0.038177365 0.015651633 0.012269622 0.005943494 0.0134180518 0.010793139 0.0014644061 2.871621e-03 2.353357e-03 6.531422e-04 1.799859e-03 6.329657e-04 1.845503e-05 3.843588e-05 1.260053e-04
   96    1      2      0    0   500  4.061985e-18 5.066553e-03 1.728562e-02 0.0607128981 0.048091555 1.713920e-02 0.0118803181 0.014684880 0.04571328 0.07531256 0.04478834 0.03604334 0.039190591 0.030888046 0.05076359 0.03791702 0.03207277 0.05259044 0.02574962 0.03166364 0.027133413 0.03838394 0.036584050 0.020243535 0.011089044 0.01642995 0.029243877 0.02339815 0.025716787 0.021235351 0.020259026 0.004892612 0.010898880 0.010757948 0.0056639745 0.008129176 0.0044587408 2.949411e-03 1.787042e-03 1.895100e-03 3.134732e-04 7.019608e-05 8.312419e-04 3.979147e-05 4.102313e-05
   98    1      2      0    0   500  1.837290e-16 7.934149e-04 1.401710e-02 0.0350073345 0.043452230 2.019093e-02 0.0147547207 0.014697325 0.03707851 0.07240920 0.05189920 0.04438954 0.055092094 0.033192847 0.04889877 0.02226807 0.01984973 0.05663590 0.03520137 0.04256330 0.025119831 0.02523389 0.019036247 0.030078230 0.031024338 0.02269844 0.026202026 0.02671416 0.015103098 0.014642297 0.019327137 0.012878840 0.018438095 0.005577144 0.0171724697 0.009333569 0.0030331758 2.487763e-03 7.333537e-03 5.776115e-04 3.123281e-04 2.168983e-03 7.693793e-04 2.344203e-03 1.611280e-06
  100    1      2      0    0   500  3.933486e-06 7.925591e-04 1.586834e-02 0.0540587041 0.045843994 1.736841e-02 0.0071443967 0.027826448 0.03537194 0.07307158 0.03777130 0.03504594 0.033602064 0.036188175 0.02995604 0.03537294 0.02679105 0.05113069 0.02444886 0.02450478 0.029480234 0.04069151 0.028540284 0.029416283 0.036990199 0.02412652 0.027438111 0.01852181 0.019071079 0.016555796 0.026403047 0.024191424 0.012763859 0.008427765 0.0140984306 0.005637460 0.0128923726 3.538735e-03 7.162587e-04 7.084628e-03 2.075729e-04 9.630042e-04 4.360509e-06 6.276723e-05 1.433940e-05
15 #_N_agebins
#_agebin_vector
1 2 3 4 5 6 7 8 9 10 11 12 13 14 15
1 #_N_ageerror_definitions
 #_age0   age1   age2   age3   age4   age5   age6   age7   age8   age9  age10  age11  age12  age13  age14  age15  age16  age17  age18  age19  age20  age21  age22  age23  age24  age25
 -1.000 -1.000 -1.000 -1.000 -1.000 -1.000 -1.000 -1.000 -1.000 -1.000 -1.000 -1.000 -1.000 -1.000 -1.000 -1.000 -1.000 -1.000 -1.000 -1.000 -1.000 -1.000 -1.000 -1.000 -1.000 -1.000
  0.001  0.001  0.001  0.001  0.001  0.001  0.001  0.001  0.001  0.001  0.001  0.001  0.001  0.001  0.001  0.001  0.001  0.001  0.001  0.001  0.001  0.001  0.001  0.001  0.001  0.001
90 #_N_agecomp
1 #_Lbin_method: 1=poplenbins; 2=datalenbins; 3=lengths
-1 #_combine males into females at or below this bin number
 #_Yr Seas FltSvy Gender Part Ageerr Lbin_lo Lbin_hi Nsamp          a1        a2        a3         a4         a5         a6         a7         a8         a9         a10         a11         a12          a13          a14         a15
   26    1      1      0    0      1      -1      -1   125 0.076098419 0.1484946 0.1567525 0.13752132 0.07503328 0.05721936 0.04898401 0.05210599 0.01600262 0.014412291 0.042846637 0.018369732 0.0677266057 0.0103214222 0.078111234
   36    1      1      0    0      1      -1      -1   125 0.023014973 0.2313814 0.1613365 0.12687169 0.11079875 0.13728699 0.04644748 0.04215020 0.01073549 0.004069490 0.027933606 0.009982757 0.0092406531 0.0211225580 0.037627500
   46    1      1      0    0      1      -1      -1   125 0.031199162 0.2651724 0.1625878 0.14368687 0.13972821 0.06863601 0.05079644 0.02310968 0.05029592 0.012750872 0.034596004 0.004084571 0.0025737271 0.0015114606 0.009270889
   56    1      1      0    0      1      -1      -1   125 0.024710596 0.2402565 0.2118663 0.12571346 0.11118955 0.14693118 0.03048535 0.02538674 0.01262947 0.027376572 0.008656853 0.002208148 0.0035640480 0.0013418742 0.027683438
   60    1      1      0    0      1      -1      -1   125 0.039724294 0.1786574 0.1924802 0.14739039 0.14210802 0.09142406 0.04257346 0.04045192 0.02461866 0.006223204 0.051883440 0.010209527 0.0005369724 0.0058604427 0.025858013
   64    1      1      0    0      1      -1      -1   125 0.044821182 0.2714793 0.1489573 0.16717635 0.10699116 0.07974157 0.05546596 0.03375937 0.02506856 0.009656810 0.002469673 0.004172741 0.0117044858 0.0157581875 0.022777393
   68    1      1      0    0      1      -1      -1   125 0.046179000 0.2212344 0.2671712 0.13006081 0.10208017 0.07163171 0.03346356 0.03342644 0.05190624 0.012097181 0.010516701 0.007204142 0.0002063417 0.0003842110 0.012437867
   72    1      1      0    0      1      -1      -1   125 0.007601982 0.2720168 0.1801437 0.13978846 0.11673364 0.05495219 0.04338890 0.05512124 0.01453971 0.017308878 0.012747264 0.023222234 0.0233243785 0.0212045343 0.017906175
   76    1      1      0    0      1      -1      -1   125 0.027628635 0.2110218 0.1835350 0.16061283 0.11421392 0.11130705 0.03644985 0.05514200 0.02652292 0.035733627 0.004561425 0.012959035 0.0059676462 0.0037982044 0.010546009
   80    1      1      0    0      1      -1      -1   125 0.021809087 0.2496017 0.2210765 0.17574103 0.08441379 0.04817339 0.04453738 0.07887942 0.02128164 0.019841482 0.011989952 0.007152026 0.0046482161 0.0015394946 0.009314901
   84    1      1      0    0      1      -1      -1   125 0.065396520 0.1998131 0.1587521 0.13765590 0.08496893 0.10157928 0.03629586 0.02283113 0.05495441 0.043185852 0.025901642 0.039646732 0.0160639706 0.0007843902 0.012170156
   88    1      1      0    0      1      -1      -1   125 0.045952035 0.2132901 0.1898004 0.10721499 0.12003733 0.06114514 0.10112882 0.03303427 0.04717070 0.024447479 0.016884682 0.002214656 0.0156101723 0.0027090595 0.019360238
   92    1      1      0    0      1      -1      -1   125 0.029825138 0.1998341 0.2346307 0.17650159 0.09595873 0.08992475 0.06663092 0.03762717 0.01223828 0.009239718 0.023148239 0.002859764 0.0088347257 0.0085009528 0.004245294
   96    1      1      0    0      1      -1      -1   125 0.039844808 0.2758170 0.2041952 0.13549032 0.07443450 0.06035284 0.06159937 0.05454530 0.02136435 0.026603257 0.012883699 0.003560762 0.0133351996 0.0054455553 0.010527824
  100    1      1      0    0      1      -1      -1   125 0.043115882 0.2208241 0.1982244 0.13944443 0.13083726 0.08505279 0.04075158 0.04109115 0.02941941 0.014618520 0.006196099 0.030108564 0.0019213703 0.0056490412 0.012745431
   76    1      2      0    0      1      -1      -1   500 0.122738037 0.2156237 0.1666397 0.13647400 0.08546146 0.07053757 0.06784125 0.03395933 0.02073628 0.024334314 0.009061029 0.011244852 0.0201856143 0.0008819550 0.014280892
   78    1      2      0    0      1      -1      -1   500 0.146318643 0.2237078 0.1717829 0.11400918 0.08825664 0.06988283 0.03580859 0.05422545 0.03137523 0.015172542 0.018862222 0.011284507 0.0027203528 0.0050042533 0.011588871
   80    1      2      0    0      1      -1      -1   500 0.142561523 0.2373891 0.1519708 0.12225531 0.11272851 0.06609623 0.04308173 0.04147820 0.02709584 0.025646807 0.010351382 0.003319707 0.0054401072 0.0028220336 0.007762780
   82    1      2      0    0      1      -1      -1   500 0.129387512 0.2488782 0.1859953 0.13816810 0.10275995 0.04026362 0.04984545 0.02340309 0.02472758 0.023031374 0.007593033 0.006883287 0.0048515364 0.0012516142 0.012960409
   84    1      2      0    0      1      -1      -1   500 0.163621091 0.2346298 0.1616129 0.12686570 0.09382704 0.04603545 0.04608161 0.05267547 0.02471585 0.014038185 0.009626047 0.007126382 0.0059552235 0.0014570776 0.011732197
   86    1      2      0    0      1      -1      -1   500 0.143617562 0.2547152 0.1833174 0.11569312 0.06752920 0.06201822 0.04280510 0.02387597 0.03140005 0.013073527 0.019657486 0.008944658 0.0022436330 0.0081783859 0.022930465
   88    1      2      0    0      1      -1      -1   500 0.130077471 0.2551399 0.1315479 0.15529146 0.08408857 0.05764495 0.03950825 0.03512678 0.02624880 0.018484734 0.026951327 0.008990339 0.0091896655 0.0042354910 0.017474336
   90    1      2      0    0      1      -1      -1   500 0.156829679 0.2266311 0.1853502 0.09329798 0.10099203 0.05356979 0.04730541 0.04020907 0.02707807 0.024882611 0.009796532 0.004100631 0.0019131750 0.0021998666 0.025843867
   92    1      2      0    0      1      -1      -1   500 0.177852844 0.2176232 0.1546220 0.13367647 0.11100681 0.04544955 0.05606260 0.02651568 0.01836413 0.020434644 0.011744831 0.006136766 0.0057705964 0.0086875304 0.006052325
   94    1      2      0    0      1      -1      -1   500 0.125265098 0.2635059 0.1389117 0.17473013 0.08723344 0.05170824 0.03353088 0.02386081 0.03624604 0.012276577 0.009321293 0.008316625 0.0104980805 0.0093095575 0.015285633
   96    1      2      0    0      1      -1      -1   500 0.154130177 0.2135648 0.1457987 0.15252125 0.08720927 0.05739780 0.03912556 0.05477120 0.03010992 0.008387119 0.011507969 0.010890848 0.0062738578 0.0114944097 0.016817141
   98    1      2      0    0      1      -1      -1   500 0.119549869 0.2420274 0.1590493 0.12180149 0.11917311 0.05351146 0.04917526 0.03835164 0.02231896 0.029783975 0.017622238 0.013893621 0.0033521290 0.0025311906 0.007858343
  100    1      2      0    0      1      -1      -1   500 0.140335462 0.2230722 0.1487061 0.12511529 0.10358651 0.07909998 0.04253226 0.02648121 0.02922722 0.028184289 0.006487217 0.010171488 0.0045686177 0.0044089969 0.028023207
   60    1      1      0    0      1       2       2     1 1.000000000 0.0000000 0.0000000 0.00000000 0.00000000 0.00000000 0.00000000 0.00000000 0.00000000 0.000000000 0.000000000 0.000000000 0.0000000000 0.0000000000 0.000000000
   60    1      1      0    0      1       5       5     5 5.000000000 0.0000000 0.0000000 0.00000000 0.00000000 0.00000000 0.00000000 0.00000000 0.00000000 0.000000000 0.000000000 0.000000000 0.0000000000 0.0000000000 0.000000000
   60    1      1      0    0      1       6       6     1 1.000000000 0.0000000 0.0000000 0.00000000 0.00000000 0.00000000 0.00000000 0.00000000 0.00000000 0.000000000 0.000000000 0.000000000 0.0000000000 0.0000000000 0.000000000
   60    1      1      0    0      1       7       7     2 2.000000000 0.0000000 0.0000000 0.00000000 0.00000000 0.00000000 0.00000000 0.00000000 0.00000000 0.000000000 0.000000000 0.000000000 0.0000000000 0.0000000000 0.000000000
   60    1      1      0    0      1       8       8     2 2.000000000 0.0000000 0.0000000 0.00000000 0.00000000 0.00000000 0.00000000 0.00000000 0.00000000 0.000000000 0.000000000 0.000000000 0.0000000000 0.0000000000 0.000000000
   60    1      1      0    0      1       9       9     5 5.000000000 0.0000000 0.0000000 0.00000000 0.00000000 0.00000000 0.00000000 0.00000000 0.00000000 0.000000000 0.000000000 0.000000000 0.0000000000 0.0000000000 0.000000000
   60    1      1      0    0      1      10      10     1 1.000000000 0.0000000 0.0000000 0.00000000 0.00000000 0.00000000 0.00000000 0.00000000 0.00000000 0.000000000 0.000000000 0.000000000 0.0000000000 0.0000000000 0.000000000
   60    1      1      0    0      1      11      11     2 2.000000000 0.0000000 0.0000000 0.00000000 0.00000000 0.00000000 0.00000000 0.00000000 0.00000000 0.000000000 0.000000000 0.000000000 0.0000000000 0.0000000000 0.000000000
   60    1      1      0    0      1      12      12     5 5.000000000 0.0000000 0.0000000 0.00000000 0.00000000 0.00000000 0.00000000 0.00000000 0.00000000 0.000000000 0.000000000 0.000000000 0.0000000000 0.0000000000 0.000000000
   60    1      1      0    0      1      13      13     4 4.000000000 0.0000000 0.0000000 0.00000000 0.00000000 0.00000000 0.00000000 0.00000000 0.00000000 0.000000000 0.000000000 0.000000000 0.0000000000 0.0000000000 0.000000000
   60    1      1      0    0      1      14      14     2 2.000000000 0.0000000 0.0000000 0.00000000 0.00000000 0.00000000 0.00000000 0.00000000 0.00000000 0.000000000 0.000000000 0.000000000 0.0000000000 0.0000000000 0.000000000
   60    1      1      0    0      1      15      15     3 3.000000000 0.0000000 0.0000000 0.00000000 0.00000000 0.00000000 0.00000000 0.00000000 0.00000000 0.000000000 0.000000000 0.000000000 0.0000000000 0.0000000000 0.000000000
   60    1      1      0    0      1      16      16     8 8.000000000 0.0000000 0.0000000 0.00000000 0.00000000 0.00000000 0.00000000 0.00000000 0.00000000 0.000000000 0.000000000 0.000000000 0.0000000000 0.0000000000 0.000000000
   60    1      1      0    0      1      17      17     3 3.000000000 0.0000000 0.0000000 0.00000000 0.00000000 0.00000000 0.00000000 0.00000000 0.00000000 0.000000000 0.000000000 0.000000000 0.0000000000 0.0000000000 0.000000000
   60    1      1      0    0      1      18      18     2 2.000000000 0.0000000 0.0000000 0.00000000 0.00000000 0.00000000 0.00000000 0.00000000 0.00000000 0.000000000 0.000000000 0.000000000 0.0000000000 0.0000000000 0.000000000
   60    1      1      0    0      1      19      19     7 7.000000000 0.0000000 0.0000000 0.00000000 0.00000000 0.00000000 0.00000000 0.00000000 0.00000000 0.000000000 0.000000000 0.000000000 0.0000000000 0.0000000000 0.000000000
   60    1      1      0    0      1      20      20     4 4.000000000 0.0000000 0.0000000 0.00000000 0.00000000 0.00000000 0.00000000 0.00000000 0.00000000 0.000000000 0.000000000 0.000000000 0.0000000000 0.0000000000 0.000000000
   60    1      1      0    0      1      21      21     7 7.000000000 0.0000000 0.0000000 0.00000000 0.00000000 0.00000000 0.00000000 0.00000000 0.00000000 0.000000000 0.000000000 0.000000000 0.0000000000 0.0000000000 0.000000000
   60    1      1      0    0      1      22      22     3 3.000000000 0.0000000 0.0000000 0.00000000 0.00000000 0.00000000 0.00000000 0.00000000 0.00000000 0.000000000 0.000000000 0.000000000 0.0000000000 0.0000000000 0.000000000
   60    1      1      0    0      1      23      23     2 2.000000000 0.0000000 0.0000000 0.00000000 0.00000000 0.00000000 0.00000000 0.00000000 0.00000000 0.000000000 0.000000000 0.000000000 0.0000000000 0.0000000000 0.000000000
   60    1      1      0    0      1      24      24     3 3.000000000 0.0000000 0.0000000 0.00000000 0.00000000 0.00000000 0.00000000 0.00000000 0.00000000 0.000000000 0.000000000 0.000000000 0.0000000000 0.0000000000 0.000000000
   60    1      1      0    0      1      25      25     5 5.000000000 0.0000000 0.0000000 0.00000000 0.00000000 0.00000000 0.00000000 0.00000000 0.00000000 0.000000000 0.000000000 0.000000000 0.0000000000 0.0000000000 0.000000000
   60    1      1      0    0      1      26      26     3 3.000000000 0.0000000 0.0000000 0.00000000 0.00000000 0.00000000 0.00000000 0.00000000 0.00000000 0.000000000 0.000000000 0.000000000 0.0000000000 0.0000000000 0.000000000
   60    1      1      0    0      1      27      27     3 3.000000000 0.0000000 0.0000000 0.00000000 0.00000000 0.00000000 0.00000000 0.00000000 0.00000000 0.000000000 0.000000000 0.000000000 0.0000000000 0.0000000000 0.000000000
   60    1      1      0    0      1      28      28     3 2.000000000 1.0000000 0.0000000 0.00000000 0.00000000 0.00000000 0.00000000 0.00000000 0.00000000 0.000000000 0.000000000 0.000000000 0.0000000000 0.0000000000 0.000000000
   60    1      1      0    0      1      29      29     3 0.000000000 3.0000000 0.0000000 0.00000000 0.00000000 0.00000000 0.00000000 0.00000000 0.00000000 0.000000000 0.000000000 0.000000000 0.0000000000 0.0000000000 0.000000000
   60    1      1      0    0      1      30      30     2 1.000000000 1.0000000 0.0000000 0.00000000 0.00000000 0.00000000 0.00000000 0.00000000 0.00000000 0.000000000 0.000000000 0.000000000 0.0000000000 0.0000000000 0.000000000
   60    1      1      0    0      1      31      31     1 0.000000000 1.0000000 0.0000000 0.00000000 0.00000000 0.00000000 0.00000000 0.00000000 0.00000000 0.000000000 0.000000000 0.000000000 0.0000000000 0.0000000000 0.000000000
   60    1      1      0    0      1      32      32     2 0.000000000 2.0000000 0.0000000 0.00000000 0.00000000 0.00000000 0.00000000 0.00000000 0.00000000 0.000000000 0.000000000 0.000000000 0.0000000000 0.0000000000 0.000000000
   60    1      1      0    0      1      33      33     2 0.000000000 2.0000000 0.0000000 0.00000000 0.00000000 0.00000000 0.00000000 0.00000000 0.00000000 0.000000000 0.000000000 0.000000000 0.0000000000 0.0000000000 0.000000000
   60    1      1      0    0      1      34      34     2 0.000000000 2.0000000 0.0000000 0.00000000 0.00000000 0.00000000 0.00000000 0.00000000 0.00000000 0.000000000 0.000000000 0.000000000 0.0000000000 0.0000000000 0.000000000
   60    1      1      0    0      1      35      35     1 0.000000000 1.0000000 0.0000000 0.00000000 0.00000000 0.00000000 0.00000000 0.00000000 0.00000000 0.000000000 0.000000000 0.000000000 0.0000000000 0.0000000000 0.000000000
   60    1      1      0    0      1      42      42     1 0.000000000 1.0000000 0.0000000 0.00000000 0.00000000 0.00000000 0.00000000 0.00000000 0.00000000 0.000000000 0.000000000 0.000000000 0.0000000000 0.0000000000 0.000000000
  100    1      1      0    0      1       4       4     1 1.000000000 0.0000000 0.0000000 0.00000000 0.00000000 0.00000000 0.00000000 0.00000000 0.00000000 0.000000000 0.000000000 0.000000000 0.0000000000 0.0000000000 0.000000000
  100    1      1      0    0      1       9       9     6 6.000000000 0.0000000 0.0000000 0.00000000 0.00000000 0.00000000 0.00000000 0.00000000 0.00000000 0.000000000 0.000000000 0.000000000 0.0000000000 0.0000000000 0.000000000
  100    1      1      0    0      1      10      10     8 8.000000000 0.0000000 0.0000000 0.00000000 0.00000000 0.00000000 0.00000000 0.00000000 0.00000000 0.000000000 0.000000000 0.000000000 0.0000000000 0.0000000000 0.000000000
  100    1      1      0    0      1      11      11     8 8.000000000 0.0000000 0.0000000 0.00000000 0.00000000 0.00000000 0.00000000 0.00000000 0.00000000 0.000000000 0.000000000 0.000000000 0.0000000000 0.0000000000 0.000000000
  100    1      1      0    0      1      12      12     2 2.000000000 0.0000000 0.0000000 0.00000000 0.00000000 0.00000000 0.00000000 0.00000000 0.00000000 0.000000000 0.000000000 0.000000000 0.0000000000 0.0000000000 0.000000000
  100    1      1      0    0      1      13      13     5 5.000000000 0.0000000 0.0000000 0.00000000 0.00000000 0.00000000 0.00000000 0.00000000 0.00000000 0.000000000 0.000000000 0.000000000 0.0000000000 0.0000000000 0.000000000
  100    1      1      0    0      1      14      14     2 2.000000000 0.0000000 0.0000000 0.00000000 0.00000000 0.00000000 0.00000000 0.00000000 0.00000000 0.000000000 0.000000000 0.000000000 0.0000000000 0.0000000000 0.000000000
  100    1      1      0    0      1      15      15     3 3.000000000 0.0000000 0.0000000 0.00000000 0.00000000 0.00000000 0.00000000 0.00000000 0.00000000 0.000000000 0.000000000 0.000000000 0.0000000000 0.0000000000 0.000000000
  100    1      1      0    0      1      16      16     3 3.000000000 0.0000000 0.0000000 0.00000000 0.00000000 0.00000000 0.00000000 0.00000000 0.00000000 0.000000000 0.000000000 0.000000000 0.0000000000 0.0000000000 0.000000000
  100    1      1      0    0      1      17      17     4 4.000000000 0.0000000 0.0000000 0.00000000 0.00000000 0.00000000 0.00000000 0.00000000 0.00000000 0.000000000 0.000000000 0.000000000 0.0000000000 0.0000000000 0.000000000
  100    1      1      0    0      1      19      19     8 8.000000000 0.0000000 0.0000000 0.00000000 0.00000000 0.00000000 0.00000000 0.00000000 0.00000000 0.000000000 0.000000000 0.000000000 0.0000000000 0.0000000000 0.000000000
  100    1      1      0    0      1      20      20     3 3.000000000 0.0000000 0.0000000 0.00000000 0.00000000 0.00000000 0.00000000 0.00000000 0.00000000 0.000000000 0.000000000 0.000000000 0.0000000000 0.0000000000 0.000000000
  100    1      1      0    0      1      21      21     7 7.000000000 0.0000000 0.0000000 0.00000000 0.00000000 0.00000000 0.00000000 0.00000000 0.00000000 0.000000000 0.000000000 0.000000000 0.0000000000 0.0000000000 0.000000000
  100    1      1      0    0      1      22      22     3 2.000000000 1.0000000 0.0000000 0.00000000 0.00000000 0.00000000 0.00000000 0.00000000 0.00000000 0.000000000 0.000000000 0.000000000 0.0000000000 0.0000000000 0.000000000
  100    1      1      0    0      1      23      23     1 1.000000000 0.0000000 0.0000000 0.00000000 0.00000000 0.00000000 0.00000000 0.00000000 0.00000000 0.000000000 0.000000000 0.000000000 0.0000000000 0.0000000000 0.000000000
  100    1      1      0    0      1      24      24     5 5.000000000 0.0000000 0.0000000 0.00000000 0.00000000 0.00000000 0.00000000 0.00000000 0.00000000 0.000000000 0.000000000 0.000000000 0.0000000000 0.0000000000 0.000000000
  100    1      1      0    0      1      25      25     2 2.000000000 0.0000000 0.0000000 0.00000000 0.00000000 0.00000000 0.00000000 0.00000000 0.00000000 0.000000000 0.000000000 0.000000000 0.0000000000 0.0000000000 0.000000000
  100    1      1      0    0      1      26      26     3 3.000000000 0.0000000 0.0000000 0.00000000 0.00000000 0.00000000 0.00000000 0.00000000 0.00000000 0.000000000 0.000000000 0.000000000 0.0000000000 0.0000000000 0.000000000
  100    1      1      0    0      1      27      27     3 2.000000000 1.0000000 0.0000000 0.00000000 0.00000000 0.00000000 0.00000000 0.00000000 0.00000000 0.000000000 0.000000000 0.000000000 0.0000000000 0.0000000000 0.000000000
  100    1      1      0    0      1      28      28     2 0.000000000 2.0000000 0.0000000 0.00000000 0.00000000 0.00000000 0.00000000 0.00000000 0.00000000 0.000000000 0.000000000 0.000000000 0.0000000000 0.0000000000 0.000000000
  100    1      1      0    0      1      30      30     1 0.000000000 1.0000000 0.0000000 0.00000000 0.00000000 0.00000000 0.00000000 0.00000000 0.00000000 0.000000000 0.000000000 0.000000000 0.0000000000 0.0000000000 0.000000000
  100    1      1      0    0      1      31      31     4 0.000000000 4.0000000 0.0000000 0.00000000 0.00000000 0.00000000 0.00000000 0.00000000 0.00000000 0.000000000 0.000000000 0.000000000 0.0000000000 0.0000000000 0.000000000
  100    1      1      0    0      1      32      32     5 0.000000000 5.0000000 0.0000000 0.00000000 0.00000000 0.00000000 0.00000000 0.00000000 0.00000000 0.000000000 0.000000000 0.000000000 0.0000000000 0.0000000000 0.000000000
  100    1      1      0    0      1      33      33     2 0.000000000 2.0000000 0.0000000 0.00000000 0.00000000 0.00000000 0.00000000 0.00000000 0.00000000 0.000000000 0.000000000 0.000000000 0.0000000000 0.0000000000 0.000000000
  100    1      1      0    0      1      34      34     4 0.000000000 4.0000000 0.0000000 0.00000000 0.00000000 0.00000000 0.00000000 0.00000000 0.00000000 0.000000000 0.000000000 0.000000000 0.0000000000 0.0000000000 0.000000000
  100    1      1      0    0      1      35      35     1 0.000000000 1.0000000 0.0000000 0.00000000 0.00000000 0.00000000 0.00000000 0.00000000 0.00000000 0.000000000 0.000000000 0.000000000 0.0000000000 0.0000000000 0.000000000
  100    1      1      0    0      1      39      39     1 0.000000000 1.0000000 0.0000000 0.00000000 0.00000000 0.00000000 0.00000000 0.00000000 0.00000000 0.000000000 0.000000000 0.000000000 0.0000000000 0.0000000000 0.000000000
  100    1      1      0    0      1      40      40     2 0.000000000 2.0000000 0.0000000 0.00000000 0.00000000 0.00000000 0.00000000 0.00000000 0.00000000 0.000000000 0.000000000 0.000000000 0.0000000000 0.0000000000 0.000000000
  100    1      1      0    0      1      42      42     1 0.000000000 1.0000000 0.0000000 0.00000000 0.00000000 0.00000000 0.00000000 0.00000000 0.00000000 0.000000000 0.000000000 0.000000000 0.0000000000 0.0000000000 0.000000000
0 #_N_MeanSize_at_Age_obs
0 #_N_environ_variables
0 #_N_environ_obs
0 #_N_sizefreq_methods
0 #_do_tags
0 #_morphcomp_data
#
999
