#C data file created using the SS_writedat function in the R package r4ss
#C should work with SS version: 
#C file write time: 2015-02-11 18:27:20
#
1 #_styr
100 #_endyr
1 #_nseas
12 #_months_per_seas
1 #_spawn_seas
1 #_Nfleet
2 #_Nsurveys
1 #_N_areas
Fishery%Survey%CPUE #_fleetnames
0.5 0.5 0.5 #_surveytiming_in_season
1 1 1 #_area_assignments_for_each_fishery_and_survey
1 #_units of catch:  1=bio; 2=num
0.01 #_se of log(catch) only used for init_eq_catch and for Fmethod 2 and 3
1 #_Ngenders
25 #_Nages
0 #_init_equil_catch_for_each_fishery
100 #_N_lines_of_catch_to_read
 #_Fishery year seas
         0    1    1
         0    2    1
         0    3    1
         0    4    1
         0    5    1
         0    6    1
         0    7    1
         0    8    1
         0    9    1
         0   10    1
         0   11    1
         0   12    1
         0   13    1
         0   14    1
         0   15    1
         0   16    1
         0   17    1
         0   18    1
         0   19    1
         0   20    1
         0   21    1
         0   22    1
         0   23    1
         0   24    1
         0   25    1
 444646000   26    1
 397608000   27    1
 357583000   28    1
 324161000   29    1
 296656000   30    1
 274240000   31    1
 256057000   32    1
 241314000   33    1
 229322000   34    1
 219511000   35    1
 211426000   36    1
 204710000   37    1
 199088000   38    1
 194347000   39    1
 190324000   40    1
 186891000   41    1
 183948000   42    1
 181416000   43    1
 179230000   44    1
 177337000   45    1
 175694000   46    1
 174266000   47    1
 173022000   48    1
 171937000   49    1
 170990000   50    1
 170161000   51    1
 169436000   52    1
 168801000   53    1
 168243000   54    1
 167755000   55    1
 167325000   56    1
 166948000   57    1
 166617000   58    1
 166326000   59    1
 166070000   60    1
 165844000   61    1
 165646000   62    1
 165471000   63    1
 165317000   64    1
 165182000   65    1
 165063000   66    1
 164958000   67    1
 164865000   68    1
 164784000   69    1
 164712000   70    1
 164649000   71    1
 164593000   72    1
 164544000   73    1
 164500000   74    1
 164462000   75    1
 164429000   76    1
 164399000   77    1
 164373000   78    1
 164350000   79    1
 164329000   80    1
 164311000   81    1
 164296000   82    1
 164282000   83    1
 164269000   84    1
 164258000   85    1
 164249000   86    1
 164240000   87    1
 164233000   88    1
 164227000   89    1
 164221000   90    1
 164216000   91    1
 164211000   92    1
 164207000   93    1
 164204000   94    1
 164201000   95    1
 164198000   96    1
 164195000   97    1
 164193000   98    1
 164192000   99    1
 164190000  100    1
13 #_N_cpue
 #_Fleet Units Errtype
       1     1       0
       2     1       0
       3     1       0
 #_year seas index        obs se_log
     76    1     2 1473326984    0.2
     78    1     2 1579763011    0.2
     80    1     2 1460396202    0.2
     82    1     2 1625725620    0.2
     84    1     2 1338675755    0.2
     86    1     2 1498817619    0.2
     88    1     2 1447561702    0.2
     90    1     2 1808749850    0.2
     92    1     2 1653388741    0.2
     94    1     2 1506003560    0.2
     96    1     2 1821182095    0.2
     98    1     2 1532126425    0.2
    100    1     2 1580888314    0.2
0 #_N_discard_fleets
#_discard_units (1=same_as_catchunits(bio/num); 2=fraction; 3=numbers)
#_discard_errtype:  >0 for DF of T-dist(read CV below); 0 for normal with CV; -1 for normal with se; -2 for lognormal
0 #_N_discard
0 #_N_meanbodywt
1 #_DF_for_meanbodywt_T-distribution_like
2 # length bin method: 1=use databins; 2=generate from binwidth,min,max below; 3=read vector
1 # binwidth for population size comp
10 # minimum size in the population (lower edge of first bin and size at age 0.00)
200 # maximum size in the population (lower edge of last bin)
-0.001 #_comp_tail_compression
1e-05 #_add_to_comp
0 #_combine males into females at or below this bin number
45 #_N_lbins
#_lbin_vector
20 23 26 29 32 35 38 41 44 47 50 53 56 59 62 65 68 71 74 77 80 83 86 89 92 95 98 101 104 107 110 113 116 119 122 125 128 131 134 137 140 143 146 149 152
28 #_N_Length_comp_observations
 #_Yr Seas FltSvy Gender Part Nsamp           l20          l23          l26         l29         l32          l35          l38         l41        l44        l47        l50        l53        l56        l59        l62        l65        l68        l71        l74         l77        l80         l83         l86        l89         l92        l95         l98        l101       l104        l107        l110        l113        l116        l119        l122         l125         l128         l131         l134         l137         l140         l143         l146         l149         l152
   26    1      1      0    0   125  1.149289e-44 4.086443e-25 2.766085e-03 0.000127385 0.002200115 4.405131e-05 9.916723e-04 0.004675409 0.03222553 0.06881543 0.04612693 0.06775141 0.01278637 0.02152184 0.02156302 0.02176345 0.03187834 0.04849769 0.02647334 0.035098947 0.02692057 0.004569882 0.039630144 0.03821497 0.058324261 0.02177602 0.032029901 0.053052982 0.05546294 0.065875188 0.015932504 0.040836122 0.012872757 0.032531980 0.006764797 0.0183631977 0.0033391826 0.0151049449 1.064020e-02 1.468102e-05 1.044990e-04 7.412142e-05 8.002837e-04 1.046099e-05 1.446401e-03
   36    1      1      0    0   125 1.940022e-162 6.817263e-64 8.499678e-05 0.003714007 0.008946677 8.293462e-04 1.432539e-05 0.004864230 0.02985503 0.05047036 0.04451679 0.00908276 0.02721704 0.01802671 0.05482448 0.03343993 0.04293700 0.04913927 0.07839662 0.049819314 0.06538513 0.020783314 0.015671683 0.04047361 0.016390662 0.06101228 0.049157241 0.041555652 0.04218569 0.028599943 0.036732344 0.022304970 0.008133827 0.002855062 0.004823023 0.0099354216 0.0007144653 0.0114146548 4.604508e-03 9.916974e-03 1.634882e-04 1.753569e-08 5.755637e-06 9.965329e-04 4.851508e-06
   46    1      1      0    0   125  4.221140e-69 3.425788e-15 1.012350e-04 0.005344849 0.006572910 2.375612e-03 6.342858e-03 0.025138890 0.02944242 0.06790977 0.04284340 0.01726264 0.03200333 0.01881501 0.07088693 0.03762550 0.07688321 0.02279736 0.06043998 0.009462645 0.03340071 0.032239978 0.046127186 0.05440008 0.028861479 0.03051481 0.012119405 0.007564833 0.03045978 0.037619420 0.012631765 0.042153667 0.018785828 0.021953088 0.016237949 0.0151568490 0.0176017854 0.0000176357 2.263853e-05 9.857412e-03 1.402098e-06 1.674083e-05 5.101643e-07 7.037605e-10 6.494623e-06
   56    1      1      0    0   125  1.780682e-04 1.119368e-07 3.066222e-05 0.022623999 0.023617520 1.571626e-02 2.242584e-03 0.025476884 0.02387559 0.04471993 0.04354586 0.05277244 0.02685414 0.02516483 0.06023923 0.02631210 0.03540034 0.02822311 0.02371593 0.049763184 0.03949392 0.034777695 0.059196297 0.03798842 0.020400032 0.05929110 0.017358766 0.052468369 0.03050066 0.007122672 0.028304216 0.006453403 0.012717818 0.012821710 0.002956868 0.0250473322 0.0107263727 0.0103197361 7.597024e-04 6.633496e-05 7.535356e-04 2.285992e-06 1.103185e-10 4.162562e-17 3.062884e-12
   60    1      1      0    0   125 2.673999e-246 1.619186e-06 1.216510e-03 0.006523027 0.040579157 3.322461e-03 2.564191e-03 0.023804211 0.04082845 0.08172779 0.05116895 0.05838786 0.04259501 0.03927917 0.07939101 0.02566972 0.03455479 0.02974111 0.03765219 0.036286399 0.05740529 0.050974286 0.021477842 0.02777174 0.022472966 0.05067659 0.009282169 0.010715019 0.01426005 0.036153564 0.008501351 0.002640650 0.006637106 0.011246977 0.001997132 0.0092083799 0.0013465867 0.0002344880 2.048275e-02 1.022216e-05 1.197289e-03 1.324205e-06 1.108771e-05 5.524891e-10 1.522935e-06
   64    1      1      0    0   125  5.070825e-39 1.568770e-06 1.595562e-04 0.019184074 0.008910496 5.033096e-03 5.565806e-03 0.045539994 0.01673571 0.05565643 0.03971609 0.04300111 0.04660730 0.04242415 0.03146705 0.04330981 0.02873052 0.03367037 0.05573899 0.054260229 0.02876959 0.018310791 0.034193694 0.03353475 0.032442384 0.04954783 0.028958793 0.040696088 0.02914402 0.013025758 0.011692290 0.017630957 0.005536385 0.019328134 0.002382483 0.0122632658 0.0009191783 0.0130052183 1.865086e-03 2.399723e-02 4.790933e-04 1.203254e-07 1.420718e-10 6.192267e-03 3.722203e-04
   68    1      1      0    0   125 2.686909e-264 7.830390e-11 1.923734e-02 0.005042972 0.013322499 2.392894e-03 1.468049e-03 0.026288890 0.04661216 0.02232870 0.03477475 0.05702770 0.03717128 0.03440575 0.03457237 0.04532625 0.05942064 0.01662081 0.03566981 0.028956410 0.03711786 0.054491927 0.040473434 0.03931331 0.013557974 0.01189906 0.026517687 0.038430531 0.06526155 0.045538008 0.008241257 0.021486660 0.019652885 0.007078626 0.007328579 0.0013138830 0.0098115113 0.0099968623 7.437747e-03 3.858309e-03 1.928841e-05 8.683068e-03 4.768835e-08 1.850016e-03 6.672996e-07
   72    1      1      0    0   125  6.190683e-09 2.142572e-14 7.335749e-05 0.005568922 0.005760248 1.717353e-02 3.566377e-04 0.016911075 0.02370640 0.04160429 0.07824922 0.07053148 0.06006955 0.02169278 0.03965833 0.08630273 0.02719130 0.04457518 0.04258140 0.049694552 0.01186689 0.027826222 0.033522083 0.05076294 0.029988535 0.01879130 0.038236734 0.017344327 0.02174083 0.023682918 0.013732544 0.002780870 0.023897434 0.011983238 0.011559213 0.0148296975 0.0030304130 0.0011127701 4.690993e-03 5.503339e-03 3.965524e-05 3.435220e-07 1.299549e-03 6.407449e-21 7.617722e-05
   76    1      1      0    0   125  9.034545e-73 2.889682e-05 1.750132e-03 0.005117910 0.006713864 7.887575e-03 7.722865e-04 0.017963549 0.04353168 0.06722966 0.08141021 0.03682962 0.04397943 0.04153000 0.05246980 0.05365210 0.03547633 0.04612755 0.02719854 0.023766496 0.06556309 0.018709402 0.031912902 0.01581406 0.032819176 0.01665521 0.035182851 0.016061345 0.03389466 0.035386352 0.015636908 0.024563163 0.017079496 0.003549119 0.021172014 0.0008688001 0.0099967128 0.0084336663 3.097654e-06 4.111677e-04 1.518385e-03 6.520932e-04 2.329361e-07 1.934734e-08 6.804512e-04
   80    1      1      0    0   125  5.627223e-64 7.935196e-21 5.569997e-03 0.002021778 0.008591299 6.321238e-03 1.624860e-02 0.059343107 0.05232350 0.08797275 0.07606210 0.05593639 0.02800674 0.02568194 0.01414211 0.04125224 0.04776226 0.04100368 0.03648408 0.037038218 0.02715241 0.050145105 0.026560451 0.03158128 0.023568867 0.03162188 0.014092833 0.006408982 0.01644892 0.010150622 0.052122153 0.013717090 0.023024478 0.009698445 0.003455851 0.0004332072 0.0008512218 0.0022765213 1.394560e-02 1.817511e-04 3.450788e-04 7.044172e-05 3.007930e-04 8.384071e-05 1.505227e-07
   84    1      1      0    0   125  3.277832e-34 5.648391e-03 2.648875e-04 0.005360231 0.013219197 1.308938e-03 2.057475e-03 0.032869671 0.01709085 0.07033422 0.06692839 0.03295476 0.04213229 0.06653858 0.02004959 0.02576928 0.08972273 0.02652766 0.03144541 0.067170033 0.03456190 0.011720671 0.050920959 0.02248388 0.019942519 0.02147343 0.035438364 0.017067982 0.01880564 0.005597144 0.020147672 0.054642972 0.015702255 0.017655453 0.012565341 0.0014809920 0.0119604695 0.0059710494 2.313367e-03 1.174782e-04 7.867007e-04 3.067320e-04 6.861577e-07 1.671668e-05 9.270653e-04
   88    1      1      0    0   125  3.895535e-15 1.223497e-09 2.312041e-03 0.001655081 0.003010000 2.425968e-03 1.038346e-03 0.014879150 0.04917603 0.04220708 0.07870889 0.05087224 0.03738593 0.03825983 0.02637597 0.05334705 0.04259354 0.05030747 0.05000320 0.036452771 0.03491817 0.062612464 0.040366534 0.01038898 0.027251972 0.05459646 0.040600215 0.020647050 0.03185053 0.010978046 0.017965895 0.017517361 0.001972517 0.003612031 0.021679445 0.0006845978 0.0036183771 0.0096801224 5.722571e-03 4.596105e-05 2.952187e-06 1.951043e-04 2.016843e-03 1.585528e-08 6.518983e-05
   92    1      1      0    0   125 4.325813e-104 2.295288e-09 7.567244e-05 0.014221988 0.011236861 7.099358e-03 8.897974e-04 0.020637421 0.02376173 0.04206528 0.04494715 0.02466210 0.01654679 0.05277799 0.04843675 0.04575108 0.03627654 0.04707381 0.04029203 0.029530323 0.02869647 0.055072617 0.038091178 0.02826318 0.040674452 0.01364657 0.053365421 0.060926439 0.02037886 0.023677073 0.030637825 0.044079848 0.004157621 0.023625299 0.006581438 0.0032477660 0.0077465195 0.0030918241 6.849836e-03 6.694979e-04 6.352657e-05 1.024756e-04 5.028696e-05 2.002679e-11 2.129083e-05
   96    1      1      0    0   125  3.880098e-20 4.053342e-12 1.525724e-04 0.002185748 0.003560834 3.755450e-03 2.671420e-03 0.013559570 0.03134065 0.04937816 0.07235536 0.04379313 0.01135857 0.04628309 0.03677703 0.06804559 0.05775367 0.04646046 0.04087690 0.028476516 0.06453767 0.088772912 0.018537944 0.02522145 0.005962341 0.04586548 0.034438639 0.006766970 0.01377981 0.021644096 0.010866312 0.021225737 0.009398873 0.017043300 0.005424073 0.0134241214 0.0047823843 0.0090565034 5.700645e-03 2.428831e-05 1.072886e-03 1.256590e-02 4.183904e-06 5.098672e-03 9.728705e-08
  100    1      1      0    0   125  2.591758e-62 2.619644e-12 4.683230e-04 0.006435167 0.005623962 4.265873e-04 5.336129e-03 0.020665479 0.03142523 0.04597176 0.08018519 0.03568655 0.02976964 0.03128871 0.05606794 0.09178183 0.02143262 0.03611517 0.07539504 0.013571239 0.02676681 0.024010479 0.001523191 0.02455029 0.030034834 0.04418263 0.042886928 0.071512708 0.02194459 0.037823383 0.019899189 0.019355630 0.011288125 0.001443002 0.008477022 0.0070698471 0.0018366280 0.0143239145 2.014028e-03 4.424348e-04 3.199829e-04 3.525911e-04 3.308490e-09 2.948371e-04 3.566352e-07
   76    1      2      0    0   500  5.163478e-24 1.336514e-03 2.278052e-02 0.059596497 0.043043350 2.953188e-02 1.536727e-02 0.029930984 0.04445204 0.05276202 0.06036845 0.03931344 0.03988955 0.04581867 0.03099830 0.03226760 0.03626243 0.02527594 0.03138401 0.039078061 0.01702510 0.029203194 0.022741189 0.01584097 0.026260777 0.02805663 0.028111726 0.021081153 0.01789820 0.023789597 0.012311306 0.018517810 0.007787509 0.009853917 0.015743907 0.0031600663 0.0090499720 0.0040324204 5.721407e-03 1.020010e-03 1.167023e-03 1.551245e-03 5.950744e-06 6.113894e-04 6.981904e-09
   78    1      2      0    0   500  1.622726e-17 2.299112e-04 1.285070e-02 0.054281376 0.067235141 1.335191e-02 1.380836e-02 0.024982814 0.04580934 0.07214079 0.04080194 0.04973188 0.02906607 0.03810523 0.02562410 0.03850704 0.03301435 0.04041817 0.03106026 0.030637508 0.03660794 0.033326290 0.024259576 0.03034044 0.021358321 0.01238245 0.022063931 0.017791407 0.02362174 0.011743995 0.019046773 0.019105637 0.011741431 0.011377425 0.009678818 0.0104434573 0.0051928978 0.0052570975 6.394854e-03 2.915200e-03 1.392499e-03 1.463371e-03 8.212418e-04 1.286685e-05 3.462409e-06
   80    1      2      0    0   500  6.783285e-09 4.068102e-03 1.939265e-02 0.063104583 0.033855576 1.989360e-02 1.828942e-02 0.017730092 0.03721538 0.06597333 0.04497627 0.04485962 0.03060444 0.02767030 0.06413240 0.03027784 0.03203217 0.03021284 0.02757529 0.027213381 0.03149202 0.033379628 0.019486570 0.02898447 0.016644302 0.01893350 0.027241347 0.031311195 0.02284444 0.016101524 0.012867418 0.023940990 0.012888253 0.017037755 0.004859089 0.0116808664 0.0050103374 0.0054416952 1.385341e-02 3.635491e-03 1.303087e-03 6.782688e-04 6.182736e-06 1.241870e-03 5.900794e-05
   82    1      2      0    0   500  5.460279e-15 8.382789e-04 1.140428e-02 0.051916429 0.047452660 2.023967e-02 1.638609e-02 0.041671632 0.03678999 0.04386458 0.06867838 0.03279728 0.03560752 0.03485201 0.05765301 0.04978766 0.03417069 0.03116444 0.03056168 0.032286009 0.02625143 0.042659937 0.022378135 0.02543446 0.019058069 0.02352352 0.020167575 0.028111667 0.01350138 0.011367638 0.012922390 0.017771798 0.011725928 0.008180577 0.006411449 0.0097068204 0.0045303132 0.0021694204 9.530161e-04 1.953257e-03 8.659214e-04 1.422254e-04 3.123251e-06 3.089256e-05 1.205679e-02
   84    1      2      0    0   500  1.750163e-11 4.346195e-03 2.115278e-02 0.055602528 0.082271548 2.375307e-02 7.565200e-03 0.027591745 0.03196633 0.05712024 0.05033214 0.03056988 0.03161530 0.04247083 0.03054772 0.02716899 0.02571445 0.02994901 0.04008747 0.025074715 0.02590736 0.035412076 0.031936921 0.02670429 0.025887226 0.01301035 0.028558438 0.012824683 0.02043041 0.019308832 0.022692057 0.017301697 0.026830109 0.008042947 0.010271729 0.0117636777 0.0054427203 0.0028493885 5.731216e-03 1.328630e-03 7.822991e-05 8.929003e-04 7.202278e-04 8.862988e-06 1.164902e-03
   86    1      2      0    0   500  1.939291e-22 1.439419e-04 1.329524e-02 0.039022117 0.042133070 2.240608e-02 9.772500e-03 0.015424745 0.04201109 0.07907026 0.06971178 0.05243058 0.04640763 0.02795236 0.03946804 0.04989439 0.04754257 0.03400909 0.02979894 0.027604305 0.01916465 0.031923627 0.028673431 0.02902821 0.031413788 0.01999111 0.016068270 0.021681389 0.02001990 0.022946986 0.010659426 0.016251443 0.006652411 0.013964853 0.008786175 0.0036630145 0.0074674881 0.0006481243 5.540232e-04 4.248501e-04 8.209605e-04 5.988522e-05 1.961775e-04 4.418733e-04 3.992019e-04
   88    1      2      0    0   500  1.020379e-25 2.811995e-03 2.671145e-02 0.055607098 0.043468685 2.678277e-02 5.562440e-03 0.019288996 0.04642401 0.05130011 0.06616437 0.03520285 0.02413337 0.03456989 0.02270118 0.04306835 0.02861436 0.03884027 0.03718120 0.040974089 0.02889562 0.034956215 0.032186210 0.02174477 0.031509161 0.03116602 0.011592001 0.014049381 0.02680154 0.012143095 0.023347012 0.021094545 0.015177343 0.009728445 0.008276413 0.0043097607 0.0077464244 0.0017988377 7.430473e-03 5.105878e-03 9.915120e-04 1.510907e-05 1.487665e-04 1.085687e-05 3.671363e-04
   90    1      2      0    0   500  1.920568e-08 8.142359e-03 1.565522e-02 0.045119245 0.050662176 1.378396e-02 1.683564e-02 0.028441697 0.04253970 0.04952624 0.06202335 0.03954490 0.03235000 0.01973663 0.05487856 0.03045229 0.03822417 0.03668699 0.03792871 0.028553251 0.02285838 0.036583029 0.018114570 0.03713355 0.026803293 0.02219618 0.020306834 0.023054243 0.01542512 0.008490916 0.025467520 0.019211278 0.011603752 0.012629281 0.008023682 0.0096475944 0.0038169985 0.0063646596 1.745428e-02 1.931685e-03 1.177763e-03 9.882014e-05 3.996075e-04 7.958450e-09 1.218529e-04
   92    1      2      0    0   500  2.487551e-09 1.081277e-03 1.817295e-02 0.048241827 0.041558581 2.665387e-02 2.000357e-02 0.021860129 0.03149102 0.04370228 0.02885985 0.03972912 0.03732284 0.03175643 0.04646504 0.05348885 0.03393247 0.03833810 0.03313024 0.031407879 0.03227252 0.031016087 0.024605800 0.03825903 0.031077646 0.01413718 0.012286729 0.025653334 0.02626136 0.021752492 0.016064332 0.019487576 0.026151843 0.009840646 0.013296758 0.0135181867 0.0072944105 0.0016524081 2.213061e-03 2.776766e-05 1.897794e-03 8.397262e-05 3.799012e-03 2.057951e-06 1.516498e-04
   94    1      2      0    0   500  1.535752e-13 1.686841e-03 2.194983e-02 0.064698794 0.049641665 2.529933e-02 4.801619e-03 0.016249662 0.02704304 0.05774221 0.05457811 0.05638016 0.02135565 0.02511728 0.04487765 0.06188888 0.03210420 0.04666111 0.02496800 0.038192893 0.02976937 0.031635735 0.018155409 0.02522812 0.032511690 0.02092994 0.026688144 0.026514864 0.01939812 0.013468345 0.012796007 0.017117018 0.011377962 0.005946675 0.008226280 0.0044294158 0.0017204644 0.0029139428 4.572065e-03 2.162281e-03 2.173596e-04 3.430077e-03 5.543094e-03 2.058258e-07 1.049812e-05
   96    1      2      0    0   500  6.995862e-05 2.943823e-03 1.516450e-02 0.063546785 0.029891126 1.287336e-02 1.483834e-02 0.020520258 0.05198459 0.05411181 0.04527511 0.04414726 0.02758438 0.03214913 0.03070500 0.03999438 0.05619161 0.03180362 0.02013193 0.041171792 0.03947154 0.021565535 0.029356100 0.02563420 0.018933746 0.02851115 0.024191104 0.029555980 0.01886041 0.021557267 0.019743161 0.014895919 0.013345468 0.010376650 0.009873135 0.0056626152 0.0076723538 0.0032835850 8.052344e-03 8.459690e-04 5.537788e-03 3.745046e-03 7.264566e-07 4.228571e-03 8.887455e-07
   98    1      2      0    0   500  3.328289e-06 2.957597e-03 1.837951e-02 0.051325972 0.045036635 1.460771e-02 1.311087e-02 0.025622505 0.04467655 0.07498963 0.04107120 0.03984952 0.02524133 0.03123126 0.05695157 0.05175353 0.04293663 0.02577239 0.02619875 0.030187923 0.02978998 0.019090937 0.030744546 0.01774085 0.027381512 0.02328715 0.022739277 0.020637045 0.01924624 0.020108437 0.008192391 0.020580618 0.017057666 0.009884080 0.015251673 0.0086963805 0.0052921514 0.0044134844 8.665535e-04 4.394278e-03 1.283631e-03 9.773718e-03 9.326489e-05 4.142963e-06 1.545575e-03
  100    1      2      0    0   500  1.975858e-12 2.227171e-03 1.697856e-02 0.063820684 0.044311999 1.291461e-02 2.386761e-02 0.015298675 0.03230523 0.07460029 0.04229050 0.05559414 0.02415784 0.02314647 0.04733758 0.03571567 0.05164609 0.03715896 0.02441298 0.023140282 0.04246994 0.031632889 0.019760075 0.03237325 0.029357176 0.02407510 0.020935036 0.016069370 0.02198854 0.022010479 0.019897740 0.010210827 0.007814385 0.004922834 0.010280229 0.0123875871 0.0040622902 0.0100060700 4.233876e-03 2.543832e-03 3.355723e-04 4.177331e-05 3.619038e-04 2.848867e-04 1.018985e-03
15 #_N_agebins
#_agebin_vector
1 2 3 4 5 6 7 8 9 10 11 12 13 14 15
1 #_N_ageerror_definitions
 #_age0   age1   age2   age3   age4   age5   age6   age7   age8   age9  age10  age11  age12  age13  age14  age15  age16  age17  age18  age19  age20  age21  age22  age23  age24  age25
 -1.000 -1.000 -1.000 -1.000 -1.000 -1.000 -1.000 -1.000 -1.000 -1.000 -1.000 -1.000 -1.000 -1.000 -1.000 -1.000 -1.000 -1.000 -1.000 -1.000 -1.000 -1.000 -1.000 -1.000 -1.000 -1.000
  0.001  0.001  0.001  0.001  0.001  0.001  0.001  0.001  0.001  0.001  0.001  0.001  0.001  0.001  0.001  0.001  0.001  0.001  0.001  0.001  0.001  0.001  0.001  0.001  0.001  0.001
87 #_N_agecomp
1 #_Lbin_method: 1=poplenbins; 2=datalenbins; 3=lengths
-1 #_combine males into females at or below this bin number
 #_Yr Seas FltSvy Gender Part Ageerr Lbin_lo Lbin_hi Nsamp           a1        a2        a3        a4         a5         a6         a7         a8          a9         a10         a11         a12          a13          a14         a15
   26    1      1      0    0      1      -1      -1   125  0.005994485 0.1421089 0.1106646 0.1032200 0.17510798 0.08309571 0.08556130 0.06071782 0.069268141 0.019741295 0.007090615 0.021750323 0.0338184842 2.653217e-02 0.055328236
   36    1      1      0    0      1      -1      -1   125  0.023284128 0.1701027 0.2138208 0.1824763 0.09738534 0.09324402 0.04824875 0.05020309 0.021887417 0.017862465 0.019735611 0.018693910 0.0010585447 3.466304e-03 0.038530602
   46    1      1      0    0      1      -1      -1   125  0.046005251 0.2038360 0.2183247 0.1232025 0.06754697 0.14993797 0.05782507 0.03869678 0.009874522 0.048693438 0.008044476 0.003516364 0.0049852790 2.922806e-04 0.019218375
   56    1      1      0    0      1      -1      -1   125  0.032029654 0.1826604 0.2337391 0.1671135 0.11344061 0.06611482 0.05842734 0.04838590 0.025709145 0.014758931 0.007735926 0.008560634 0.0088102112 1.276932e-02 0.019744392
   60    1      1      0    0      1      -1      -1   125  0.038859560 0.2482300 0.2383065 0.1862576 0.06768214 0.07735680 0.02689268 0.03654940 0.022914232 0.022220876 0.006244143 0.007759026 0.0160471661 8.442705e-04 0.003835615
   64    1      1      0    0      1      -1      -1   125  0.052881659 0.2329476 0.1276104 0.2136732 0.14966542 0.08058853 0.03445375 0.03219334 0.024917774 0.008776711 0.009930694 0.009175057 0.0002879254 4.896238e-06 0.022893060
   68    1      1      0    0      1      -1      -1   125  0.033708333 0.2379489 0.2054317 0.1306325 0.11223028 0.09088352 0.05447488 0.03643553 0.020476126 0.011146921 0.006697198 0.035011694 0.0156570142 2.762713e-04 0.008989213
   72    1      1      0    0      1      -1      -1   125  0.049878581 0.1181818 0.1298830 0.1767294 0.13882280 0.14864649 0.03870476 0.04169552 0.046676150 0.045565909 0.023371461 0.014702310 0.0072728853 4.170768e-03 0.015698110
   76    1      1      0    0      1      -1      -1   125  0.071795198 0.3146396 0.1548568 0.1297774 0.10357259 0.07439861 0.02535732 0.02535631 0.026369771 0.025577639 0.012172591 0.014699705 0.0064178186 2.403123e-03 0.012605539
   80    1      1      0    0      1      -1      -1   125  0.076402595 0.2728208 0.2147488 0.1010034 0.07906897 0.08612459 0.04438572 0.04934487 0.035451579 0.004289341 0.011184996 0.001470622 0.0037208629 8.226750e-03 0.011756017
   84    1      1      0    0      1      -1      -1   125  0.033593823 0.1986913 0.1371224 0.2147083 0.10932104 0.10940191 0.05387762 0.04481137 0.049304184 0.011968125 0.009572318 0.009626278 0.0047536740 2.974986e-04 0.012950155
   88    1      1      0    0      1      -1      -1   125  0.036161858 0.2161157 0.1906514 0.1389003 0.09363807 0.09600198 0.13890683 0.01203609 0.013615508 0.003604168 0.008658060 0.028332023 0.0007059036 7.423746e-03 0.015248368
   92    1      1      0    0      1      -1      -1   125  0.025867631 0.2635674 0.1855513 0.1946418 0.12096822 0.03421338 0.03043074 0.03632296 0.028186230 0.027714921 0.010260759 0.004175073 0.0048421394 8.996827e-05 0.033167494
   96    1      1      0    0      1      -1      -1   125  0.011950802 0.2703252 0.2116077 0.1499872 0.12797355 0.04691650 0.04408001 0.02641710 0.019712980 0.010196686 0.021280513 0.028917174 0.0024808530 1.122259e-02 0.016931129
  100    1      1      0    0      1      -1      -1   125  0.062739910 0.1729416 0.1779314 0.2210150 0.08514526 0.08259846 0.09436755 0.02248070 0.011636059 0.009663397 0.015857204 0.001765082 0.0058303536 8.815249e-03 0.027212745
   76    1      2      0    0      1      -1      -1   500  0.143624755 0.2180933 0.1932199 0.1104487 0.08668051 0.05766796 0.06648857 0.02650769 0.027303147 0.022361292 0.018641706 0.007782916 0.0037986748 2.052652e-03 0.015328146
   78    1      2      0    0      1      -1      -1   500  0.117125290 0.2431457 0.1818456 0.1487716 0.08908093 0.05148376 0.05017422 0.02629753 0.028610665 0.015211946 0.004571527 0.011258902 0.0125334782 4.723072e-03 0.015165718
   80    1      2      0    0      1      -1      -1   500  0.150840638 0.2364985 0.1817515 0.0979304 0.09889193 0.08516355 0.04118752 0.02653036 0.017251739 0.014537608 0.009753269 0.012021216 0.0072048223 5.832684e-03 0.014604254
   82    1      2      0    0      1      -1      -1   500  0.151399909 0.2438584 0.1692942 0.1230438 0.06977471 0.07474816 0.04109043 0.03225147 0.018466593 0.018052254 0.016506612 0.014068477 0.0158128336 2.726105e-03 0.008905946
   84    1      2      0    0      1      -1      -1   500  0.147922813 0.2220206 0.1492617 0.1247637 0.07970896 0.06446321 0.04757844 0.04503696 0.035273151 0.016431345 0.028622380 0.009809370 0.0058984052 4.827341e-03 0.018381578
   86    1      2      0    0      1      -1      -1   500  0.099004345 0.2451866 0.2055170 0.1092289 0.08755125 0.07656977 0.03080932 0.05051555 0.031493486 0.011137636 0.017878570 0.011125456 0.0093245055 5.383278e-03 0.009274303
   88    1      2      0    0      1      -1      -1   500  0.135519926 0.2386925 0.1970377 0.1072276 0.09374548 0.05520288 0.04420500 0.02753798 0.037636437 0.018019274 0.014813955 0.008147989 0.0060073931 7.732451e-04 0.015432693
   90    1      2      0    0      1      -1      -1   500  0.146581566 0.2392015 0.1685868 0.1548030 0.07395571 0.06854345 0.04642367 0.03254827 0.019374780 0.013743048 0.013174471 0.004202778 0.0036533237 2.301800e-03 0.012905840
   92    1      2      0    0      1      -1      -1   500  0.168613236 0.2379958 0.1547406 0.1199400 0.08979658 0.05699656 0.04384470 0.04075021 0.031640950 0.013171549 0.007379177 0.013378935 0.0036488200 1.264681e-03 0.016838227
   94    1      2      0    0      1      -1      -1   500  0.129559285 0.2310482 0.1809676 0.1358333 0.10288337 0.05881787 0.04015034 0.02253322 0.022516850 0.022898188 0.013056567 0.011982453 0.0032564765 7.199156e-03 0.017297211
   96    1      2      0    0      1      -1      -1   500  0.119127457 0.2418599 0.2072068 0.1327802 0.07229318 0.06945486 0.03443270 0.03921792 0.017472889 0.013811007 0.015842872 0.006440543 0.0132408325 4.701802e-03 0.012117010
   98    1      2      0    0      1      -1      -1   500  0.140026073 0.2074319 0.1650725 0.1534138 0.09304381 0.06158637 0.03405458 0.04709384 0.021424908 0.026029036 0.019318730 0.005867863 0.0059639136 3.630046e-03 0.016042622
  100    1      2      0    0      1      -1      -1   500  0.148109368 0.2419559 0.1770766 0.1304096 0.10401257 0.04602774 0.03842375 0.04185503 0.012523667 0.014004444 0.011729268 0.006540707 0.0066790545 9.609711e-03 0.011042581
   60    1      1      0    0      1       4       4     1  1.000000000 0.0000000 0.0000000 0.0000000 0.00000000 0.00000000 0.00000000 0.00000000 0.000000000 0.000000000 0.000000000 0.000000000 0.0000000000 0.000000e+00 0.000000000
   60    1      1      0    0      1       5       5     5  5.000000000 0.0000000 0.0000000 0.0000000 0.00000000 0.00000000 0.00000000 0.00000000 0.000000000 0.000000000 0.000000000 0.000000000 0.0000000000 0.000000e+00 0.000000000
   60    1      1      0    0      1       8       8     6  6.000000000 0.0000000 0.0000000 0.0000000 0.00000000 0.00000000 0.00000000 0.00000000 0.000000000 0.000000000 0.000000000 0.000000000 0.0000000000 0.000000e+00 0.000000000
   60    1      1      0    0      1       9       9     2  2.000000000 0.0000000 0.0000000 0.0000000 0.00000000 0.00000000 0.00000000 0.00000000 0.000000000 0.000000000 0.000000000 0.000000000 0.0000000000 0.000000e+00 0.000000000
   60    1      1      0    0      1      10      10     9  9.000000000 0.0000000 0.0000000 0.0000000 0.00000000 0.00000000 0.00000000 0.00000000 0.000000000 0.000000000 0.000000000 0.000000000 0.0000000000 0.000000e+00 0.000000000
   60    1      1      0    0      1      11      11     3  3.000000000 0.0000000 0.0000000 0.0000000 0.00000000 0.00000000 0.00000000 0.00000000 0.000000000 0.000000000 0.000000000 0.000000000 0.0000000000 0.000000e+00 0.000000000
   60    1      1      0    0      1      12      12     8  8.000000000 0.0000000 0.0000000 0.0000000 0.00000000 0.00000000 0.00000000 0.00000000 0.000000000 0.000000000 0.000000000 0.000000000 0.0000000000 0.000000e+00 0.000000000
   60    1      1      0    0      1      13      13     1  1.000000000 0.0000000 0.0000000 0.0000000 0.00000000 0.00000000 0.00000000 0.00000000 0.000000000 0.000000000 0.000000000 0.000000000 0.0000000000 0.000000e+00 0.000000000
   60    1      1      0    0      1      14      14     3  3.000000000 0.0000000 0.0000000 0.0000000 0.00000000 0.00000000 0.00000000 0.00000000 0.000000000 0.000000000 0.000000000 0.000000000 0.0000000000 0.000000e+00 0.000000000
   60    1      1      0    0      1      15      15     6  6.000000000 0.0000000 0.0000000 0.0000000 0.00000000 0.00000000 0.00000000 0.00000000 0.000000000 0.000000000 0.000000000 0.000000000 0.0000000000 0.000000e+00 0.000000000
   60    1      1      0    0      1      16      16     3  3.000000000 0.0000000 0.0000000 0.0000000 0.00000000 0.00000000 0.00000000 0.00000000 0.000000000 0.000000000 0.000000000 0.000000000 0.0000000000 0.000000e+00 0.000000000
   60    1      1      0    0      1      17      17     3  3.000000000 0.0000000 0.0000000 0.0000000 0.00000000 0.00000000 0.00000000 0.00000000 0.000000000 0.000000000 0.000000000 0.000000000 0.0000000000 0.000000e+00 0.000000000
   60    1      1      0    0      1      19      19     4  4.000000000 0.0000000 0.0000000 0.0000000 0.00000000 0.00000000 0.00000000 0.00000000 0.000000000 0.000000000 0.000000000 0.000000000 0.0000000000 0.000000e+00 0.000000000
   60    1      1      0    0      1      20      20     2  2.000000000 0.0000000 0.0000000 0.0000000 0.00000000 0.00000000 0.00000000 0.00000000 0.000000000 0.000000000 0.000000000 0.000000000 0.0000000000 0.000000e+00 0.000000000
   60    1      1      0    0      1      21      21     6  6.000000000 0.0000000 0.0000000 0.0000000 0.00000000 0.00000000 0.00000000 0.00000000 0.000000000 0.000000000 0.000000000 0.000000000 0.0000000000 0.000000e+00 0.000000000
   60    1      1      0    0      1      22      22     8  8.000000000 0.0000000 0.0000000 0.0000000 0.00000000 0.00000000 0.00000000 0.00000000 0.000000000 0.000000000 0.000000000 0.000000000 0.0000000000 0.000000e+00 0.000000000
   60    1      1      0    0      1      23      23     2  2.000000000 0.0000000 0.0000000 0.0000000 0.00000000 0.00000000 0.00000000 0.00000000 0.000000000 0.000000000 0.000000000 0.000000000 0.0000000000 0.000000e+00 0.000000000
   60    1      1      0    0      1      24      24     2  2.000000000 0.0000000 0.0000000 0.0000000 0.00000000 0.00000000 0.00000000 0.00000000 0.000000000 0.000000000 0.000000000 0.000000000 0.0000000000 0.000000e+00 0.000000000
   60    1      1      0    0      1      25      25     2  2.000000000 0.0000000 0.0000000 0.0000000 0.00000000 0.00000000 0.00000000 0.00000000 0.000000000 0.000000000 0.000000000 0.000000000 0.0000000000 0.000000e+00 0.000000000
   60    1      1      0    0      1      26      26     4  4.000000000 0.0000000 0.0000000 0.0000000 0.00000000 0.00000000 0.00000000 0.00000000 0.000000000 0.000000000 0.000000000 0.000000000 0.0000000000 0.000000e+00 0.000000000
   60    1      1      0    0      1      28      28     1  1.000000000 0.0000000 0.0000000 0.0000000 0.00000000 0.00000000 0.00000000 0.00000000 0.000000000 0.000000000 0.000000000 0.000000000 0.0000000000 0.000000e+00 0.000000000
   60    1      1      0    0      1      29      29     2  1.000000000 1.0000000 0.0000000 0.0000000 0.00000000 0.00000000 0.00000000 0.00000000 0.000000000 0.000000000 0.000000000 0.000000000 0.0000000000 0.000000e+00 0.000000000
   60    1      1      0    0      1      30      30     5  2.000000000 3.0000000 0.0000000 0.0000000 0.00000000 0.00000000 0.00000000 0.00000000 0.000000000 0.000000000 0.000000000 0.000000000 0.0000000000 0.000000e+00 0.000000000
   60    1      1      0    0      1      31      31     2  1.000000000 1.0000000 0.0000000 0.0000000 0.00000000 0.00000000 0.00000000 0.00000000 0.000000000 0.000000000 0.000000000 0.000000000 0.0000000000 0.000000e+00 0.000000000
   60    1      1      0    0      1      32      32     1  0.000000000 1.0000000 0.0000000 0.0000000 0.00000000 0.00000000 0.00000000 0.00000000 0.000000000 0.000000000 0.000000000 0.000000000 0.0000000000 0.000000e+00 0.000000000
   60    1      1      0    0      1      33      33     2  0.000000000 2.0000000 0.0000000 0.0000000 0.00000000 0.00000000 0.00000000 0.00000000 0.000000000 0.000000000 0.000000000 0.000000000 0.0000000000 0.000000e+00 0.000000000
   60    1      1      0    0      1      34      34     4  0.000000000 4.0000000 0.0000000 0.0000000 0.00000000 0.00000000 0.00000000 0.00000000 0.000000000 0.000000000 0.000000000 0.000000000 0.0000000000 0.000000e+00 0.000000000
   60    1      1      0    0      1      36      36     1  0.000000000 1.0000000 0.0000000 0.0000000 0.00000000 0.00000000 0.00000000 0.00000000 0.000000000 0.000000000 0.000000000 0.000000000 0.0000000000 0.000000e+00 0.000000000
   60    1      1      0    0      1      39      39     2  0.000000000 2.0000000 0.0000000 0.0000000 0.00000000 0.00000000 0.00000000 0.00000000 0.000000000 0.000000000 0.000000000 0.000000000 0.0000000000 0.000000e+00 0.000000000
  100    1      1      0    0      1       4       4     1  1.000000000 0.0000000 0.0000000 0.0000000 0.00000000 0.00000000 0.00000000 0.00000000 0.000000000 0.000000000 0.000000000 0.000000000 0.0000000000 0.000000e+00 0.000000000
  100    1      1      0    0      1       6       6     1  1.000000000 0.0000000 0.0000000 0.0000000 0.00000000 0.00000000 0.00000000 0.00000000 0.000000000 0.000000000 0.000000000 0.000000000 0.0000000000 0.000000e+00 0.000000000
  100    1      1      0    0      1       8       8     2  2.000000000 0.0000000 0.0000000 0.0000000 0.00000000 0.00000000 0.00000000 0.00000000 0.000000000 0.000000000 0.000000000 0.000000000 0.0000000000 0.000000e+00 0.000000000
  100    1      1      0    0      1       9       9     1  1.000000000 0.0000000 0.0000000 0.0000000 0.00000000 0.00000000 0.00000000 0.00000000 0.000000000 0.000000000 0.000000000 0.000000000 0.0000000000 0.000000e+00 0.000000000
  100    1      1      0    0      1      10      10     4  4.000000000 0.0000000 0.0000000 0.0000000 0.00000000 0.00000000 0.00000000 0.00000000 0.000000000 0.000000000 0.000000000 0.000000000 0.0000000000 0.000000e+00 0.000000000
  100    1      1      0    0      1      11      11     4  4.000000000 0.0000000 0.0000000 0.0000000 0.00000000 0.00000000 0.00000000 0.00000000 0.000000000 0.000000000 0.000000000 0.000000000 0.0000000000 0.000000e+00 0.000000000
  100    1      1      0    0      1      12      12     2  2.000000000 0.0000000 0.0000000 0.0000000 0.00000000 0.00000000 0.00000000 0.00000000 0.000000000 0.000000000 0.000000000 0.000000000 0.0000000000 0.000000e+00 0.000000000
  100    1      1      0    0      1      13      13     1  1.000000000 0.0000000 0.0000000 0.0000000 0.00000000 0.00000000 0.00000000 0.00000000 0.000000000 0.000000000 0.000000000 0.000000000 0.0000000000 0.000000e+00 0.000000000
  100    1      1      0    0      1      14      14     1  1.000000000 0.0000000 0.0000000 0.0000000 0.00000000 0.00000000 0.00000000 0.00000000 0.000000000 0.000000000 0.000000000 0.000000000 0.0000000000 0.000000e+00 0.000000000
  100    1      1      0    0      1      15      15     9  9.000000000 0.0000000 0.0000000 0.0000000 0.00000000 0.00000000 0.00000000 0.00000000 0.000000000 0.000000000 0.000000000 0.000000000 0.0000000000 0.000000e+00 0.000000000
  100    1      1      0    0      1      16      16    12 12.000000000 0.0000000 0.0000000 0.0000000 0.00000000 0.00000000 0.00000000 0.00000000 0.000000000 0.000000000 0.000000000 0.000000000 0.0000000000 0.000000e+00 0.000000000
  100    1      1      0    0      1      17      17     1  1.000000000 0.0000000 0.0000000 0.0000000 0.00000000 0.00000000 0.00000000 0.00000000 0.000000000 0.000000000 0.000000000 0.000000000 0.0000000000 0.000000e+00 0.000000000
  100    1      1      0    0      1      18      18     3  3.000000000 0.0000000 0.0000000 0.0000000 0.00000000 0.00000000 0.00000000 0.00000000 0.000000000 0.000000000 0.000000000 0.000000000 0.0000000000 0.000000e+00 0.000000000
  100    1      1      0    0      1      19      19     9  9.000000000 0.0000000 0.0000000 0.0000000 0.00000000 0.00000000 0.00000000 0.00000000 0.000000000 0.000000000 0.000000000 0.000000000 0.0000000000 0.000000e+00 0.000000000
  100    1      1      0    0      1      20      20     1  1.000000000 0.0000000 0.0000000 0.0000000 0.00000000 0.00000000 0.00000000 0.00000000 0.000000000 0.000000000 0.000000000 0.000000000 0.0000000000 0.000000e+00 0.000000000
  100    1      1      0    0      1      21      21     3  3.000000000 0.0000000 0.0000000 0.0000000 0.00000000 0.00000000 0.00000000 0.00000000 0.000000000 0.000000000 0.000000000 0.000000000 0.0000000000 0.000000e+00 0.000000000
  100    1      1      0    0      1      22      22     2  2.000000000 0.0000000 0.0000000 0.0000000 0.00000000 0.00000000 0.00000000 0.00000000 0.000000000 0.000000000 0.000000000 0.000000000 0.0000000000 0.000000e+00 0.000000000
  100    1      1      0    0      1      24      24     4  4.000000000 0.0000000 0.0000000 0.0000000 0.00000000 0.00000000 0.00000000 0.00000000 0.000000000 0.000000000 0.000000000 0.000000000 0.0000000000 0.000000e+00 0.000000000
  100    1      1      0    0      1      25      25     4  4.000000000 0.0000000 0.0000000 0.0000000 0.00000000 0.00000000 0.00000000 0.00000000 0.000000000 0.000000000 0.000000000 0.000000000 0.0000000000 0.000000e+00 0.000000000
  100    1      1      0    0      1      26      26     2  2.000000000 0.0000000 0.0000000 0.0000000 0.00000000 0.00000000 0.00000000 0.00000000 0.000000000 0.000000000 0.000000000 0.000000000 0.0000000000 0.000000e+00 0.000000000
  100    1      1      0    0      1      27      27     5  4.000000000 1.0000000 0.0000000 0.0000000 0.00000000 0.00000000 0.00000000 0.00000000 0.000000000 0.000000000 0.000000000 0.000000000 0.0000000000 0.000000e+00 0.000000000
  100    1      1      0    0      1      28      28    10  8.000000000 2.0000000 0.0000000 0.0000000 0.00000000 0.00000000 0.00000000 0.00000000 0.000000000 0.000000000 0.000000000 0.000000000 0.0000000000 0.000000e+00 0.000000000
  100    1      1      0    0      1      29      29     4  2.000000000 2.0000000 0.0000000 0.0000000 0.00000000 0.00000000 0.00000000 0.00000000 0.000000000 0.000000000 0.000000000 0.000000000 0.0000000000 0.000000e+00 0.000000000
  100    1      1      0    0      1      30      30     5  3.000000000 2.0000000 0.0000000 0.0000000 0.00000000 0.00000000 0.00000000 0.00000000 0.000000000 0.000000000 0.000000000 0.000000000 0.0000000000 0.000000e+00 0.000000000
  100    1      1      0    0      1      31      31     1  0.000000000 1.0000000 0.0000000 0.0000000 0.00000000 0.00000000 0.00000000 0.00000000 0.000000000 0.000000000 0.000000000 0.000000000 0.0000000000 0.000000e+00 0.000000000
  100    1      1      0    0      1      32      32     1  0.000000000 1.0000000 0.0000000 0.0000000 0.00000000 0.00000000 0.00000000 0.00000000 0.000000000 0.000000000 0.000000000 0.000000000 0.0000000000 0.000000e+00 0.000000000
  100    1      1      0    0      1      33      33     2  0.000000000 2.0000000 0.0000000 0.0000000 0.00000000 0.00000000 0.00000000 0.00000000 0.000000000 0.000000000 0.000000000 0.000000000 0.0000000000 0.000000e+00 0.000000000
  100    1      1      0    0      1      34      34     1  0.000000000 1.0000000 0.0000000 0.0000000 0.00000000 0.00000000 0.00000000 0.00000000 0.000000000 0.000000000 0.000000000 0.000000000 0.0000000000 0.000000e+00 0.000000000
  100    1      1      0    0      1      35      35     3  0.000000000 3.0000000 0.0000000 0.0000000 0.00000000 0.00000000 0.00000000 0.00000000 0.000000000 0.000000000 0.000000000 0.000000000 0.0000000000 0.000000e+00 0.000000000
  100    1      1      0    0      1      38      38     1  0.000000000 1.0000000 0.0000000 0.0000000 0.00000000 0.00000000 0.00000000 0.00000000 0.000000000 0.000000000 0.000000000 0.000000000 0.0000000000 0.000000e+00 0.000000000
0 #_N_MeanSize_at_Age_obs
0 #_N_environ_variables
0 #_N_environ_obs
0 #_N_sizefreq_methods
0 #_do_tags
0 #_morphcomp_data
#
999
