#C data file created using the SS_writedat function in the R package r4ss
#C should work with SS version: 
#C file write time: 2015-02-11 18:21:24
#
1 #_styr
100 #_endyr
1 #_nseas
12 #_months_per_seas
1 #_spawn_seas
1 #_Nfleet
2 #_Nsurveys
1 #_N_areas
Fishery%Survey%CPUE #_fleetnames
0.5 0.5 0.5 #_surveytiming_in_season
1 1 1 #_area_assignments_for_each_fishery_and_survey
1 #_units of catch:  1=bio; 2=num
0.01 #_se of log(catch) only used for init_eq_catch and for Fmethod 2 and 3
1 #_Ngenders
25 #_Nages
0 #_init_equil_catch_for_each_fishery
100 #_N_lines_of_catch_to_read
 #_Fishery year seas
         0    1    1
         0    2    1
         0    3    1
         0    4    1
         0    5    1
         0    6    1
         0    7    1
         0    8    1
         0    9    1
         0   10    1
         0   11    1
         0   12    1
         0   13    1
         0   14    1
         0   15    1
         0   16    1
         0   17    1
         0   18    1
         0   19    1
         0   20    1
         0   21    1
         0   22    1
         0   23    1
         0   24    1
         0   25    1
 444646000   26    1
 397608000   27    1
 357583000   28    1
 324161000   29    1
 296656000   30    1
 274240000   31    1
 256057000   32    1
 241314000   33    1
 229322000   34    1
 219511000   35    1
 211426000   36    1
 204710000   37    1
 199088000   38    1
 194347000   39    1
 190324000   40    1
 186891000   41    1
 183948000   42    1
 181416000   43    1
 179230000   44    1
 177337000   45    1
 175694000   46    1
 174266000   47    1
 173022000   48    1
 171937000   49    1
 170990000   50    1
 170161000   51    1
 169436000   52    1
 168801000   53    1
 168243000   54    1
 167755000   55    1
 167325000   56    1
 166948000   57    1
 166617000   58    1
 166326000   59    1
 166070000   60    1
 165844000   61    1
 165646000   62    1
 165471000   63    1
 165317000   64    1
 165182000   65    1
 165063000   66    1
 164958000   67    1
 164865000   68    1
 164784000   69    1
 164712000   70    1
 164649000   71    1
 164593000   72    1
 164544000   73    1
 164500000   74    1
 164462000   75    1
 164429000   76    1
 164399000   77    1
 164373000   78    1
 164350000   79    1
 164329000   80    1
 164311000   81    1
 164296000   82    1
 164282000   83    1
 164269000   84    1
 164258000   85    1
 164249000   86    1
 164240000   87    1
 164233000   88    1
 164227000   89    1
 164221000   90    1
 164216000   91    1
 164211000   92    1
 164207000   93    1
 164204000   94    1
 164201000   95    1
 164198000   96    1
 164195000   97    1
 164193000   98    1
 164192000   99    1
 164190000  100    1
13 #_N_cpue
 #_Fleet Units Errtype
       1     1       0
       2     1       0
       3     1       0
 #_year seas index        obs se_log
     76    1     2 1186538582    0.2
     78    1     2 1604844885    0.2
     80    1     2 1352418293    0.2
     82    1     2 1451651506    0.2
     84    1     2 1761143412    0.2
     86    1     2 1602455305    0.2
     88    1     2 1233656044    0.2
     90    1     2 1030456595    0.2
     92    1     2 1141836398    0.2
     94    1     2 1350596386    0.2
     96    1     2 1775757797    0.2
     98    1     2 1274617374    0.2
    100    1     2 1160149144    0.2
0 #_N_discard_fleets
#_discard_units (1=same_as_catchunits(bio/num); 2=fraction; 3=numbers)
#_discard_errtype:  >0 for DF of T-dist(read CV below); 0 for normal with CV; -1 for normal with se; -2 for lognormal
0 #_N_discard
0 #_N_meanbodywt
1 #_DF_for_meanbodywt_T-distribution_like
2 # length bin method: 1=use databins; 2=generate from binwidth,min,max below; 3=read vector
1 # binwidth for population size comp
10 # minimum size in the population (lower edge of first bin and size at age 0.00)
200 # maximum size in the population (lower edge of last bin)
-0.001 #_comp_tail_compression
1e-05 #_add_to_comp
0 #_combine males into females at or below this bin number
45 #_N_lbins
#_lbin_vector
20 23 26 29 32 35 38 41 44 47 50 53 56 59 62 65 68 71 74 77 80 83 86 89 92 95 98 101 104 107 110 113 116 119 122 125 128 131 134 137 140 143 146 149 152
28 #_N_Length_comp_observations
 #_Yr Seas FltSvy Gender Part Nsamp           l20          l23          l26          l29         l32          l35          l38         l41        l44        l47        l50        l53         l56         l59        l62        l65        l68         l71        l74        l77        l80        l83        l86        l89        l92        l95         l98        l101        l104        l107        l110        l113        l116         l119        l122        l125         l128        l131         l134         l137         l140         l143         l146         l149         l152
   26    1      1      0    0   125  1.007646e-24 1.666317e-17 1.599746e-02 0.0009250476 0.016658986 0.0029090657 0.0084031869 0.014647624 0.05403004 0.04611709 0.03335715 0.02049447 0.013607743 0.044595477 0.02522987 0.06828079 0.00944166 0.033342054 0.01007106 0.04313779 0.02737585 0.04399933 0.02791001 0.02346604 0.03307617 0.02325046 0.065575214 0.026149513 0.012269305 0.027230884 0.032903787 0.012219930 0.035232047 0.0181107465 0.029760993 0.018494032 0.0226347565 0.005596119 0.0237298642 1.786434e-02 2.404755e-03 2.590632e-03 6.887015e-03 1.042369e-07 2.153249e-05
   36    1      1      0    0   125 3.723650e-254 1.669681e-07 1.908807e-02 0.0038259073 0.010300651 0.0017191916 0.0046374316 0.008550736 0.03315626 0.05698164 0.03417410 0.02755454 0.007269823 0.046457592 0.05725182 0.03649120 0.05180992 0.029767162 0.06442108 0.05181245 0.05095077 0.03822811 0.01489542 0.04639604 0.04291482 0.02013833 0.020517595 0.039327974 0.033215523 0.018866097 0.011241747 0.006973158 0.023122475 0.0078249621 0.034101606 0.016510129 0.0073627712 0.007238652 0.0029525499 2.308877e-03 1.511628e-04 7.138536e-10 4.907239e-03 4.582652e-03 1.598897e-06
   46    1      1      0    0   125  0.000000e+00 1.807229e-07 2.012137e-03 0.0237154689 0.023109299 0.0038689091 0.0055864212 0.002811709 0.03236593 0.06987863 0.12548454 0.02045566 0.058574248 0.025099676 0.05101648 0.02675040 0.07678175 0.051831954 0.03855600 0.03746428 0.03910749 0.01436516 0.02800275 0.01034460 0.01199861 0.03333868 0.040658910 0.024510045 0.003752594 0.009370347 0.030114832 0.036286649 0.020413340 0.0009005903 0.005010579 0.002147101 0.0054488530 0.005831993 0.0021069644 1.193991e-05 4.140901e-05 1.610762e-05 2.294773e-10 8.567493e-04 1.711425e-08
   56    1      1      0    0   125  0.000000e+00 1.061970e-17 6.937904e-04 0.0150140947 0.018691493 0.0008061727 0.0023359853 0.012286951 0.03253298 0.05610318 0.04444201 0.06795591 0.032005871 0.032453732 0.02446273 0.04530758 0.05968264 0.030398810 0.03781069 0.05779552 0.04923704 0.05267072 0.02184770 0.02067983 0.01985773 0.03065778 0.015495393 0.030738588 0.042007973 0.033804530 0.017904021 0.018576318 0.008390478 0.0099008216 0.005449130 0.005682048 0.0037298203 0.002484319 0.0011590916 2.469645e-04 2.307921e-02 1.562034e-02 1.641976e-24 1.098570e-12 2.979938e-14
   60    1      1      0    0   125  8.804864e-14 7.983003e-36 7.757308e-04 0.0020700198 0.035057816 0.0072680243 0.0027742911 0.025452369 0.08767713 0.07935702 0.05762321 0.04110490 0.035210390 0.033271311 0.03326115 0.04389810 0.01806667 0.036596113 0.01699609 0.03067072 0.04538090 0.03091649 0.02092915 0.02571390 0.05017657 0.04163427 0.049462385 0.003187443 0.016083925 0.018001477 0.002287345 0.011897195 0.017824730 0.0125335872 0.008902160 0.002753134 0.0159359444 0.008952426 0.0007530786 8.233857e-09 4.446072e-03 2.207441e-02 3.021220e-03 4.349189e-13 1.136192e-06
   64    1      1      0    0   125  3.628896e-46 1.411456e-20 1.675029e-04 0.0062016404 0.016234300 0.0076084802 0.0409202129 0.025258498 0.04221317 0.03527328 0.05873138 0.06721225 0.017906083 0.039318559 0.03161130 0.04621229 0.03624473 0.008586106 0.05175638 0.05889383 0.06091595 0.02405042 0.04881764 0.03589738 0.01791449 0.03839284 0.005585031 0.017930162 0.007168328 0.017031540 0.028147958 0.023198802 0.027540586 0.0070374634 0.002317015 0.003011954 0.0081826337 0.013567600 0.0070741365 1.110771e-02 7.950225e-06 1.142492e-09 4.672197e-03 6.191018e-16 8.022831e-05
   68    1      1      0    0   125 3.002745e-176 2.885584e-05 3.597392e-04 0.0052160601 0.002147921 0.0009858933 0.0099174153 0.031655729 0.08579274 0.04305855 0.09037255 0.08403222 0.023272705 0.031293015 0.01921186 0.04873164 0.05039310 0.018773678 0.03844229 0.02796001 0.02549103 0.01941915 0.03379655 0.02827440 0.01900554 0.05760436 0.007646929 0.019410428 0.025150439 0.021076627 0.042017957 0.025472040 0.027770161 0.0116275277 0.006894963 0.003331401 0.0004324341 0.003457078 0.0070552047 5.055788e-04 1.509603e-04 1.383960e-03 1.513447e-09 3.263120e-04 1.052987e-03
   72    1      1      0    0   125  4.392705e-54 4.025500e-12 7.599263e-05 0.0156517321 0.012147077 0.0013067358 0.0034683491 0.009385189 0.01463524 0.03609477 0.06219771 0.06945557 0.037164616 0.034400087 0.05055694 0.05058830 0.03090867 0.025441007 0.06400920 0.02953827 0.01613676 0.05133739 0.04241423 0.04673365 0.04930712 0.02594348 0.019044744 0.009084897 0.023990406 0.019285250 0.017906398 0.005457680 0.029269918 0.0077420192 0.022502328 0.027951224 0.0149483045 0.001359105 0.0053131747 2.366253e-05 1.653712e-02 6.855695e-04 3.742989e-18 1.192048e-07 9.304706e-11
   76    1      1      0    0   125  2.529544e-88 1.027667e-12 3.743479e-03 0.0189489676 0.016389281 0.0034762139 0.0009057057 0.020208994 0.03537928 0.03029042 0.08961434 0.01370696 0.016520963 0.009561379 0.04258879 0.05284454 0.04651580 0.069356389 0.02334137 0.01014269 0.01903031 0.05212237 0.03348883 0.02052193 0.03856269 0.07601007 0.008610165 0.025086051 0.033135476 0.037729896 0.032616220 0.005259389 0.010971547 0.0297836852 0.001746934 0.034687406 0.0094369013 0.003359655 0.0123733544 4.553681e-03 3.503018e-03 3.023447e-03 3.452714e-11 4.989435e-04 3.524540e-04
   80    1      1      0    0   125 5.433645e-203 6.263063e-08 2.721296e-04 0.0166345585 0.004743209 0.0035129183 0.0026129788 0.037401410 0.02914630 0.04516738 0.04340469 0.04637491 0.045570723 0.052963708 0.06070395 0.05462598 0.05441911 0.023505864 0.06264302 0.01883736 0.03138283 0.03771307 0.04116986 0.03648448 0.03936793 0.03001941 0.014531710 0.025614093 0.049646231 0.017385536 0.004276579 0.012022762 0.019687334 0.0010259352 0.014673814 0.003156521 0.0016004188 0.009936231 0.0008986779 1.118022e-05 1.871844e-04 1.677633e-03 1.618149e-06 2.303998e-13 4.988693e-03
   84    1      1      0    0   125 9.272271e-195 1.911305e-07 9.654795e-05 0.0240252652 0.004770430 0.0137480127 0.0310424224 0.018034793 0.04383189 0.06622712 0.03391074 0.05932011 0.025478460 0.055883033 0.03657759 0.03700050 0.02291912 0.018722231 0.03981082 0.01577805 0.03833635 0.03253634 0.03629418 0.03605872 0.02674838 0.05442220 0.022251488 0.041612996 0.032568993 0.010523155 0.013458732 0.011938494 0.018260341 0.0146487213 0.012960667 0.012908260 0.0007997454 0.002686883 0.0232806499 3.426340e-03 2.101553e-03 3.645255e-03 1.591464e-05 7.974731e-04 5.408354e-04
   88    1      1      0    0   125  1.719740e-61 9.903684e-12 7.179606e-06 0.0009924683 0.011403725 0.0070739612 0.0061974282 0.021118787 0.02760110 0.05047421 0.10537194 0.03963118 0.033238384 0.047078639 0.02672953 0.06683941 0.04280563 0.049788462 0.01499848 0.03257054 0.01343030 0.03635797 0.05273914 0.03913362 0.03190833 0.02756457 0.025616440 0.010470537 0.027014516 0.039332820 0.023743742 0.006648755 0.019092310 0.0169451726 0.016562314 0.004979928 0.0081551685 0.002194042 0.0012353972 9.690797e-03 2.054914e-04 1.802946e-09 3.008134e-03 4.945692e-05 1.694440e-10
   92    1      1      0    0   125 6.841076e-308 3.233069e-05 9.304799e-04 0.0075391559 0.022424417 0.0072407954 0.0100620824 0.026009142 0.06756377 0.06516134 0.02933730 0.04944236 0.010042841 0.041588488 0.02348657 0.07891279 0.01552839 0.043049593 0.02192864 0.03350463 0.05515639 0.04804940 0.02379709 0.02057094 0.08402173 0.03008422 0.022396415 0.011345466 0.022468506 0.028574216 0.019890010 0.007045625 0.020756634 0.0370301705 0.003926035 0.004222370 0.0001419645 0.004479737 0.0006252256 2.064962e-04 1.829337e-04 1.236257e-03 7.009324e-06 1.311530e-08 1.355411e-08
   96    1      1      0    0   125  9.274551e-13 7.870974e-14 3.562152e-03 0.0410147431 0.024244719 0.0027652597 0.0007280113 0.010668115 0.06176942 0.03108633 0.07785904 0.06952068 0.059226745 0.030443026 0.02379403 0.02922189 0.02183943 0.046595532 0.02760032 0.01470722 0.01729193 0.01941383 0.04034680 0.01815133 0.03056072 0.02398666 0.014286371 0.040175505 0.034387685 0.039994006 0.027219999 0.018999209 0.040321390 0.0126594419 0.012635321 0.006328675 0.0008094359 0.014663550 0.0042813377 3.013808e-03 1.745035e-03 3.910264e-04 1.689407e-03 1.038339e-10 8.858612e-07
  100    1      1      0    0   125  0.000000e+00 2.243852e-12 8.515299e-03 0.0279800108 0.003016515 0.0004268280 0.0090505807 0.005519128 0.04273358 0.06397388 0.08323599 0.05854590 0.027723269 0.038397560 0.03410072 0.02479039 0.04177883 0.032312662 0.03196532 0.03623850 0.03817513 0.03500882 0.01973750 0.06012695 0.01640971 0.01463489 0.034434553 0.027908848 0.012099330 0.032754849 0.017989648 0.004638574 0.006143108 0.0006222668 0.003535976 0.016718662 0.0141031676 0.031812736 0.0053175095 2.512485e-02 8.196090e-03 2.105518e-03 6.204878e-08 1.787663e-03 3.086465e-04
   76    1      2      0    0   500  2.516023e-20 1.006317e-03 1.683800e-02 0.0557374495 0.063947898 0.0186097322 0.0098447938 0.029112825 0.03122691 0.05165014 0.07156834 0.03683643 0.025516637 0.027496755 0.03886132 0.03733697 0.03738384 0.035889191 0.02181119 0.03576759 0.02849480 0.04080488 0.04484130 0.02468225 0.01562596 0.02491722 0.011525590 0.021729074 0.020369509 0.025243714 0.021584926 0.009182879 0.012046356 0.0145643998 0.016258770 0.003072519 0.0023675646 0.007720628 0.0021305074 1.618020e-03 1.652787e-03 2.376446e-03 5.563339e-06 3.024702e-04 4.395318e-04
   78    1      2      0    0   500  2.412954e-09 4.084264e-03 2.681069e-02 0.0570078376 0.036486672 0.0097139297 0.0140211464 0.031570086 0.03893103 0.05218646 0.04995857 0.03221721 0.045257710 0.021379840 0.03267888 0.05480835 0.02179495 0.019583466 0.02680478 0.03205206 0.03081227 0.03321072 0.02936034 0.02954732 0.03278026 0.04450924 0.016071868 0.032605604 0.015958415 0.022675551 0.017413728 0.013156965 0.012135182 0.0146955526 0.009184371 0.004750817 0.0101058100 0.004339118 0.0006935390 3.627888e-03 2.387262e-03 3.825748e-03 5.546207e-03 5.845404e-04 2.673733e-03
   80    1      2      0    0   500  9.158013e-09 6.574374e-04 1.644741e-02 0.0385624774 0.036938550 0.0189322005 0.0118024734 0.024995171 0.05943734 0.05183031 0.07354748 0.04762097 0.029724238 0.029549676 0.03800899 0.03526383 0.03815576 0.034115394 0.04294275 0.02465017 0.02457311 0.02888525 0.03938801 0.04770473 0.01587224 0.02349258 0.017817848 0.027594537 0.012238838 0.010245711 0.012135980 0.012038403 0.012768904 0.0076070428 0.008102003 0.015981584 0.0031197834 0.006311888 0.0075368447 3.124890e-03 9.326037e-03 4.449737e-04 4.047717e-04 2.932923e-05 7.208707e-05
   82    1      2      0    0   500  1.590918e-12 1.870941e-03 1.897648e-02 0.0652240919 0.054409870 0.0184963366 0.0095533600 0.024460424 0.03878114 0.04596878 0.05312252 0.04618045 0.033656793 0.024734846 0.03787439 0.04143131 0.02591651 0.027368212 0.03827168 0.03912425 0.04339851 0.04170070 0.02534393 0.01731279 0.02483525 0.02444682 0.012913650 0.028193676 0.010578112 0.021127050 0.010613987 0.021991409 0.019333555 0.0193322765 0.002872257 0.007819345 0.0065993175 0.001273193 0.0033783529 5.085293e-03 3.872907e-03 1.390253e-04 9.055062e-04 9.508133e-04 5.598814e-04
   84    1      2      0    0   500  7.243592e-21 1.314003e-03 1.886989e-02 0.0556645611 0.050108479 0.0204747854 0.0199222437 0.011800832 0.03389956 0.05542064 0.05595272 0.05461231 0.030237269 0.037383557 0.04571439 0.03555214 0.03190680 0.041587962 0.03000395 0.03857013 0.02733559 0.03010428 0.02752751 0.02371973 0.02474696 0.02867203 0.022670145 0.018928383 0.020594224 0.012685005 0.012867636 0.017517834 0.011977291 0.0147138843 0.009880869 0.005487054 0.0046787390 0.005144057 0.0024123238 6.562144e-03 2.517270e-04 1.485819e-03 4.647214e-04 3.497519e-07 5.754765e-04
   86    1      2      0    0   500  1.630450e-15 4.295600e-03 2.357780e-02 0.0520228773 0.062140355 0.0157370657 0.0112888135 0.034029107 0.03946360 0.03811596 0.04965268 0.02865166 0.043690280 0.023560502 0.03738255 0.03882866 0.06255256 0.030428814 0.02562388 0.03229651 0.01682807 0.03142103 0.01754216 0.03853921 0.03570153 0.02372129 0.018038739 0.013705510 0.021615124 0.021747896 0.019403089 0.020160625 0.016109880 0.0077134747 0.010886020 0.005330974 0.0079533353 0.009014036 0.0038223744 1.634448e-03 6.915049e-04 3.163970e-03 8.610978e-05 1.827323e-03 3.012143e-06
   88    1      2      0    0   500  2.084342e-20 2.848210e-03 1.329125e-02 0.0477805307 0.037631940 0.0336126881 0.0131128532 0.019512335 0.04575785 0.06352260 0.08092141 0.02550127 0.030761950 0.046980046 0.03278123 0.04167488 0.03451230 0.030222143 0.02478246 0.02265044 0.04047848 0.02840054 0.01935717 0.01821414 0.02791522 0.01797502 0.043064034 0.012220592 0.024780134 0.017195185 0.013037614 0.017023472 0.025581664 0.0114861414 0.007218437 0.004516156 0.0030784736 0.006143184 0.0013954755 3.311919e-03 8.195881e-04 4.361646e-03 1.883511e-04 8.295612e-07 4.378184e-03
   90    1      2      0    0   500  6.360700e-18 1.200871e-03 1.943271e-02 0.0540967976 0.066009268 0.0130279955 0.0234227914 0.023190130 0.04121483 0.06257509 0.03973107 0.03479285 0.026013139 0.046933134 0.04152333 0.03687667 0.02602096 0.025432176 0.03442536 0.03998796 0.03870310 0.02509618 0.02660379 0.02743959 0.01832403 0.03281127 0.024217056 0.022171354 0.021710934 0.011361556 0.017817496 0.016533950 0.015897055 0.0129792423 0.005295431 0.005093732 0.0072781309 0.001750853 0.0027792854 3.724592e-03 4.030303e-03 5.043543e-04 7.709806e-05 5.890854e-04 1.303399e-03
   92    1      2      0    0   500  5.669053e-19 3.448154e-03 2.058175e-02 0.0510870952 0.029583584 0.0290680620 0.0081356735 0.025369893 0.02648431 0.06449362 0.03697772 0.03196899 0.027391433 0.040711962 0.06193193 0.04091605 0.02647156 0.034759214 0.03555905 0.03864910 0.02906406 0.03224338 0.04288284 0.03514246 0.02761247 0.01674633 0.016649166 0.023107012 0.032015396 0.022942691 0.009437027 0.011477178 0.009665029 0.0123104331 0.008112149 0.008875697 0.0051500109 0.008410267 0.0012138462 5.442212e-03 3.979001e-03 5.974256e-04 2.167077e-03 1.133458e-03 3.424679e-05
   94    1      2      0    0   500  8.886555e-19 9.879335e-04 1.879480e-02 0.0595945279 0.050376603 0.0177947112 0.0130504120 0.038303906 0.04383312 0.06119125 0.05808714 0.04853415 0.025033437 0.020073778 0.03212683 0.02568789 0.04473955 0.027608446 0.03767727 0.03304727 0.02004256 0.02467247 0.02351135 0.02569299 0.03112199 0.02420221 0.031995595 0.023188754 0.015921674 0.026556218 0.017952436 0.014359608 0.013941454 0.0077678670 0.020250694 0.011280720 0.0027942434 0.003841479 0.0020925557 9.244985e-04 1.101518e-03 8.340411e-05 4.388755e-05 6.963484e-06 1.098336e-04
   96    1      2      0    0   500  6.902944e-06 2.481170e-03 1.321661e-02 0.0508777354 0.056121896 0.0182342270 0.0093349554 0.027301690 0.04046429 0.06740057 0.05036446 0.03394935 0.035616560 0.034208887 0.04276620 0.03917116 0.03300669 0.031803607 0.01474316 0.01798108 0.02952301 0.03329144 0.02881444 0.02282172 0.02468932 0.03635512 0.013501437 0.027622352 0.020347517 0.022761332 0.027148252 0.024593045 0.009669229 0.0129825777 0.014594974 0.004897719 0.0030773201 0.009400243 0.0062511008 3.913774e-03 1.911828e-03 1.066483e-03 1.676940e-03 9.634025e-07 3.663607e-05
   98    1      2      0    0   500  2.332611e-11 5.081669e-04 1.490276e-02 0.0471013007 0.063408593 0.0325567975 0.0063288702 0.015027264 0.04041659 0.04905676 0.05209426 0.05286190 0.040634941 0.029647811 0.03259343 0.03597810 0.03886303 0.035369148 0.03469101 0.02706311 0.03840768 0.02113958 0.02603212 0.02101045 0.02510305 0.02010281 0.026886703 0.022208134 0.008688908 0.016413325 0.023393682 0.008650521 0.034829199 0.0112410849 0.020049067 0.008383334 0.0043929996 0.003773877 0.0069078739 1.934666e-04 1.448344e-03 9.313705e-04 2.093468e-04 2.951375e-06 4.962757e-04
  100    1      2      0    0   500  1.779615e-15 8.092544e-03 1.725689e-02 0.0574913144 0.051485485 0.0183726475 0.0132373761 0.017713949 0.05938683 0.06222140 0.04335558 0.03869095 0.031173380 0.020807310 0.04579494 0.04664730 0.02601100 0.025337650 0.03484557 0.02180126 0.02437748 0.01823330 0.03126781 0.02976127 0.02972516 0.02798584 0.036213645 0.012610658 0.021536914 0.030854565 0.017865282 0.014053131 0.015497146 0.0151965913 0.007776017 0.004561925 0.0093970355 0.005369034 0.0002952983 1.739977e-03 3.194312e-03 2.387119e-04 1.516651e-03 9.333797e-04 7.548287e-05
15 #_N_agebins
#_agebin_vector
1 2 3 4 5 6 7 8 9 10 11 12 13 14 15
1 #_N_ageerror_definitions
 #_age0   age1   age2   age3   age4   age5   age6   age7   age8   age9  age10  age11  age12  age13  age14  age15  age16  age17  age18  age19  age20  age21  age22  age23  age24  age25
 -1.000 -1.000 -1.000 -1.000 -1.000 -1.000 -1.000 -1.000 -1.000 -1.000 -1.000 -1.000 -1.000 -1.000 -1.000 -1.000 -1.000 -1.000 -1.000 -1.000 -1.000 -1.000 -1.000 -1.000 -1.000 -1.000
  0.001  0.001  0.001  0.001  0.001  0.001  0.001  0.001  0.001  0.001  0.001  0.001  0.001  0.001  0.001  0.001  0.001  0.001  0.001  0.001  0.001  0.001  0.001  0.001  0.001  0.001
89 #_N_agecomp
1 #_Lbin_method: 1=poplenbins; 2=datalenbins; 3=lengths
-1 #_combine males into females at or below this bin number
 #_Yr Seas FltSvy Gender Part Ageerr Lbin_lo Lbin_hi Nsamp          a1        a2        a3         a4         a5         a6         a7          a8         a9         a10         a11          a12          a13         a14         a15
   26    1      1      0    0      1      -1      -1   125  0.03888502 0.1546501 0.1465558 0.09650304 0.15211066 0.11335236 0.04958304 0.023087825 0.02878016 0.032487630 0.008150521 0.0164252555 0.0275869136 0.041795516 0.070046075
   36    1      1      0    0      1      -1      -1   125  0.04397301 0.2546187 0.1920928 0.16963645 0.07860596 0.05154348 0.03814494 0.040046900 0.02240991 0.013740248 0.037222479 0.0020366259 0.0091310365 0.002021243 0.044776259
   46    1      1      0    0      1      -1      -1   125  0.02635089 0.1828329 0.2255208 0.10916392 0.08777217 0.08789498 0.08248823 0.043757658 0.04032758 0.035220163 0.014308590 0.0263089016 0.0049315467 0.002554496 0.030567222
   56    1      1      0    0      1      -1      -1   125  0.05542649 0.2305821 0.2087741 0.17445400 0.09294563 0.06121137 0.04028518 0.020981080 0.03851313 0.025596623 0.003947067 0.0155478641 0.0043079230 0.004503246 0.022924212
   60    1      1      0    0      1      -1      -1   125  0.03516821 0.2311290 0.2082905 0.12830886 0.08989358 0.04959609 0.03412091 0.089930597 0.06842538 0.003529020 0.021277040 0.0129736767 0.0026028493 0.002996320 0.021757966
   64    1      1      0    0      1      -1      -1   125  0.03396167 0.2624389 0.2077230 0.12751288 0.10666083 0.06716426 0.10201457 0.035151669 0.02026154 0.019780737 0.001388224 0.0016608882 0.0048677280 0.001247925 0.008165150
   68    1      1      0    0      1      -1      -1   125  0.03237711 0.2653235 0.2020969 0.13941556 0.08555033 0.06633901 0.09938600 0.033163848 0.02140321 0.011168893 0.011126175 0.0009996917 0.0120322266 0.005363725 0.014253721
   72    1      1      0    0      1      -1      -1   125  0.02064911 0.2320810 0.1710123 0.16825520 0.11698242 0.08966761 0.06917053 0.021028591 0.03849549 0.019449364 0.028855534 0.0040129108 0.0028293969 0.006332263 0.011178322
   76    1      1      0    0      1      -1      -1   125  0.05005726 0.2093004 0.2080043 0.13328533 0.13424284 0.04687975 0.03845847 0.024879108 0.03944294 0.026386309 0.031764839 0.0297185834 0.0143623091 0.003197693 0.010019965
   80    1      1      0    0      1      -1      -1   125  0.01221477 0.2769709 0.2135019 0.11855982 0.11703227 0.11035092 0.04871019 0.007958683 0.02672110 0.014788300 0.009645092 0.0085921421 0.0004801689 0.006353045 0.028120660
   84    1      1      0    0      1      -1      -1   125  0.05036451 0.2052381 0.2053131 0.15165239 0.11395019 0.07656304 0.05537369 0.026348602 0.03121325 0.022860410 0.009425168 0.0139705407 0.0101586586 0.018755943 0.008812459
   88    1      1      0    0      1      -1      -1   125  0.04561484 0.2268171 0.1686799 0.13785125 0.11490915 0.08088003 0.07780135 0.013457616 0.03898922 0.022096954 0.005534073 0.0381094732 0.0025155378 0.000135666 0.026607880
   92    1      1      0    0      1      -1      -1   125  0.01940846 0.1923031 0.1549679 0.18344377 0.16037049 0.07716795 0.03921195 0.044074487 0.05241876 0.027013150 0.013946782 0.0101740503 0.0098175061 0.001815127 0.013866542
   96    1      1      0    0      1      -1      -1   125  0.05485134 0.2515685 0.1791836 0.12557389 0.12624701 0.06360034 0.06552820 0.055617992 0.03125584 0.010996255 0.022253643 0.0021620848 0.0011014015 0.002540921 0.007519044
  100    1      1      0    0      1      -1      -1   125  0.02221418 0.2150126 0.2260840 0.20334883 0.07391779 0.05059006 0.06044134 0.064441158 0.04400993 0.008124882 0.005353581 0.0063780181 0.0105635020 0.002995735 0.006524394
   76    1      2      0    0      1      -1      -1   500  0.13083976 0.2216404 0.1832354 0.12828927 0.09819242 0.05892106 0.03580951 0.044224754 0.02782447 0.014848097 0.014764483 0.0130571299 0.0067418378 0.002796690 0.018814680
   78    1      2      0    0      1      -1      -1   500  0.13651789 0.2622787 0.1513200 0.10905745 0.10334334 0.07522329 0.04784284 0.020943730 0.03146762 0.024221457 0.014125516 0.0080210544 0.0056552496 0.003572225 0.006409582
   80    1      2      0    0      1      -1      -1   500  0.13343370 0.2126496 0.1785874 0.12374114 0.08890136 0.06265668 0.04413102 0.049474764 0.03290932 0.023081654 0.007673970 0.0239674698 0.0076264652 0.003926599 0.007238805
   82    1      2      0    0      1      -1      -1   500  0.15194208 0.2439826 0.1706390 0.11644869 0.07717366 0.06960558 0.04993796 0.036914018 0.02059644 0.022194672 0.014537679 0.0100336015 0.0027174237 0.002241357 0.011035195
   84    1      2      0    0      1      -1      -1   500  0.14776104 0.2205940 0.1984520 0.12361015 0.07829500 0.04988485 0.02593953 0.037200870 0.04424260 0.024548277 0.009957611 0.0098551402 0.0036069491 0.005228661 0.020823355
   86    1      2      0    0      1      -1      -1   500  0.14298773 0.2376041 0.1798186 0.11626788 0.09395031 0.06793260 0.03856958 0.025731062 0.03191173 0.017039694 0.014698255 0.0065918808 0.0072871941 0.007866197 0.011743228
   88    1      2      0    0      1      -1      -1   500  0.14927047 0.2235609 0.1486636 0.14566852 0.09877739 0.05738306 0.04329681 0.041393776 0.03629342 0.009432645 0.005635071 0.0122892077 0.0084808136 0.008975693 0.010878538
   90    1      2      0    0      1      -1      -1   500  0.12037341 0.2568741 0.1805225 0.12224228 0.09290661 0.06699591 0.03725786 0.034454524 0.02724086 0.022908026 0.013410727 0.0052496672 0.0073870774 0.005934638 0.006241797
   92    1      2      0    0      1      -1      -1   500  0.18460399 0.2041489 0.1608438 0.11909556 0.11921813 0.06257763 0.04497336 0.031757901 0.01732964 0.014688337 0.011604237 0.0041980636 0.0112263249 0.005002124 0.008732084
   94    1      2      0    0      1      -1      -1   500  0.14115164 0.2006802 0.2027095 0.10233478 0.08771103 0.07472327 0.04640486 0.043979508 0.01834460 0.025719686 0.022075079 0.0064574371 0.0056102150 0.005865977 0.016232257
   96    1      2      0    0      1      -1      -1   500  0.13883695 0.2219014 0.1784089 0.15201697 0.06709968 0.05286863 0.05305067 0.046862986 0.01813700 0.020341824 0.009574658 0.0039081916 0.0108574202 0.012838368 0.013296361
   98    1      2      0    0      1      -1      -1   500  0.15394773 0.2260575 0.1732726 0.13650265 0.10928237 0.06186217 0.05081057 0.022639796 0.01600003 0.014532610 0.014260371 0.0058064490 0.0041127611 0.003282094 0.007630289
  100    1      2      0    0      1      -1      -1   500  0.12344480 0.2447209 0.1816323 0.10954631 0.10539140 0.06542711 0.04580794 0.033295936 0.02642300 0.008690651 0.014259644 0.0104807926 0.0078096638 0.001689684 0.021379896
   60    1      1      0    0      1       5       5     3  3.00000000 0.0000000 0.0000000 0.00000000 0.00000000 0.00000000 0.00000000 0.000000000 0.00000000 0.000000000 0.000000000 0.0000000000 0.0000000000 0.000000000 0.000000000
   60    1      1      0    0      1       6       6     1  1.00000000 0.0000000 0.0000000 0.00000000 0.00000000 0.00000000 0.00000000 0.000000000 0.00000000 0.000000000 0.000000000 0.0000000000 0.0000000000 0.000000000 0.000000000
   60    1      1      0    0      1       8       8     5  5.00000000 0.0000000 0.0000000 0.00000000 0.00000000 0.00000000 0.00000000 0.000000000 0.00000000 0.000000000 0.000000000 0.0000000000 0.0000000000 0.000000000 0.000000000
   60    1      1      0    0      1       9       9     8  8.00000000 0.0000000 0.0000000 0.00000000 0.00000000 0.00000000 0.00000000 0.000000000 0.00000000 0.000000000 0.000000000 0.0000000000 0.0000000000 0.000000000 0.000000000
   60    1      1      0    0      1      10      10    13 13.00000000 0.0000000 0.0000000 0.00000000 0.00000000 0.00000000 0.00000000 0.000000000 0.00000000 0.000000000 0.000000000 0.0000000000 0.0000000000 0.000000000 0.000000000
   60    1      1      0    0      1      11      11     4  4.00000000 0.0000000 0.0000000 0.00000000 0.00000000 0.00000000 0.00000000 0.000000000 0.00000000 0.000000000 0.000000000 0.0000000000 0.0000000000 0.000000000 0.000000000
   60    1      1      0    0      1      12      12     5  5.00000000 0.0000000 0.0000000 0.00000000 0.00000000 0.00000000 0.00000000 0.000000000 0.00000000 0.000000000 0.000000000 0.0000000000 0.0000000000 0.000000000 0.000000000
   60    1      1      0    0      1      14      14     5  5.00000000 0.0000000 0.0000000 0.00000000 0.00000000 0.00000000 0.00000000 0.000000000 0.00000000 0.000000000 0.000000000 0.0000000000 0.0000000000 0.000000000 0.000000000
   60    1      1      0    0      1      15      15     4  4.00000000 0.0000000 0.0000000 0.00000000 0.00000000 0.00000000 0.00000000 0.000000000 0.00000000 0.000000000 0.000000000 0.0000000000 0.0000000000 0.000000000 0.000000000
   60    1      1      0    0      1      16      16     3  3.00000000 0.0000000 0.0000000 0.00000000 0.00000000 0.00000000 0.00000000 0.000000000 0.00000000 0.000000000 0.000000000 0.0000000000 0.0000000000 0.000000000 0.000000000
   60    1      1      0    0      1      17      17     1  1.00000000 0.0000000 0.0000000 0.00000000 0.00000000 0.00000000 0.00000000 0.000000000 0.00000000 0.000000000 0.000000000 0.0000000000 0.0000000000 0.000000000 0.000000000
   60    1      1      0    0      1      18      18     2  2.00000000 0.0000000 0.0000000 0.00000000 0.00000000 0.00000000 0.00000000 0.000000000 0.00000000 0.000000000 0.000000000 0.0000000000 0.0000000000 0.000000000 0.000000000
   60    1      1      0    0      1      19      19     1  1.00000000 0.0000000 0.0000000 0.00000000 0.00000000 0.00000000 0.00000000 0.000000000 0.00000000 0.000000000 0.000000000 0.0000000000 0.0000000000 0.000000000 0.000000000
   60    1      1      0    0      1      20      20     3  3.00000000 0.0000000 0.0000000 0.00000000 0.00000000 0.00000000 0.00000000 0.000000000 0.00000000 0.000000000 0.000000000 0.0000000000 0.0000000000 0.000000000 0.000000000
   60    1      1      0    0      1      21      21     5  5.00000000 0.0000000 0.0000000 0.00000000 0.00000000 0.00000000 0.00000000 0.000000000 0.00000000 0.000000000 0.000000000 0.0000000000 0.0000000000 0.000000000 0.000000000
   60    1      1      0    0      1      22      22     4  4.00000000 0.0000000 0.0000000 0.00000000 0.00000000 0.00000000 0.00000000 0.000000000 0.00000000 0.000000000 0.000000000 0.0000000000 0.0000000000 0.000000000 0.000000000
   60    1      1      0    0      1      23      23     3  3.00000000 0.0000000 0.0000000 0.00000000 0.00000000 0.00000000 0.00000000 0.000000000 0.00000000 0.000000000 0.000000000 0.0000000000 0.0000000000 0.000000000 0.000000000
   60    1      1      0    0      1      24      24     3  3.00000000 0.0000000 0.0000000 0.00000000 0.00000000 0.00000000 0.00000000 0.000000000 0.00000000 0.000000000 0.000000000 0.0000000000 0.0000000000 0.000000000 0.000000000
   60    1      1      0    0      1      25      25     7  7.00000000 0.0000000 0.0000000 0.00000000 0.00000000 0.00000000 0.00000000 0.000000000 0.00000000 0.000000000 0.000000000 0.0000000000 0.0000000000 0.000000000 0.000000000
   60    1      1      0    0      1      26      26     6  6.00000000 0.0000000 0.0000000 0.00000000 0.00000000 0.00000000 0.00000000 0.000000000 0.00000000 0.000000000 0.000000000 0.0000000000 0.0000000000 0.000000000 0.000000000
   60    1      1      0    0      1      27      27     1  1.00000000 0.0000000 0.0000000 0.00000000 0.00000000 0.00000000 0.00000000 0.000000000 0.00000000 0.000000000 0.000000000 0.0000000000 0.0000000000 0.000000000 0.000000000
   60    1      1      0    0      1      29      29     1  1.00000000 0.0000000 0.0000000 0.00000000 0.00000000 0.00000000 0.00000000 0.000000000 0.00000000 0.000000000 0.000000000 0.0000000000 0.0000000000 0.000000000 0.000000000
   60    1      1      0    0      1      30      30     2  0.00000000 2.0000000 0.0000000 0.00000000 0.00000000 0.00000000 0.00000000 0.000000000 0.00000000 0.000000000 0.000000000 0.0000000000 0.0000000000 0.000000000 0.000000000
   60    1      1      0    0      1      32      32     4  0.00000000 4.0000000 0.0000000 0.00000000 0.00000000 0.00000000 0.00000000 0.000000000 0.00000000 0.000000000 0.000000000 0.0000000000 0.0000000000 0.000000000 0.000000000
   60    1      1      0    0      1      33      33     1  0.00000000 1.0000000 0.0000000 0.00000000 0.00000000 0.00000000 0.00000000 0.000000000 0.00000000 0.000000000 0.000000000 0.0000000000 0.0000000000 0.000000000 0.000000000
   60    1      1      0    0      1      34      34     2  0.00000000 2.0000000 0.0000000 0.00000000 0.00000000 0.00000000 0.00000000 0.000000000 0.00000000 0.000000000 0.000000000 0.0000000000 0.0000000000 0.000000000 0.000000000
   60    1      1      0    0      1      35      35     1  0.00000000 1.0000000 0.0000000 0.00000000 0.00000000 0.00000000 0.00000000 0.000000000 0.00000000 0.000000000 0.000000000 0.0000000000 0.0000000000 0.000000000 0.000000000
   60    1      1      0    0      1      38      38     1  0.00000000 1.0000000 0.0000000 0.00000000 0.00000000 0.00000000 0.00000000 0.000000000 0.00000000 0.000000000 0.000000000 0.0000000000 0.0000000000 0.000000000 0.000000000
   60    1      1      0    0      1      42      42     1  0.00000000 1.0000000 0.0000000 0.00000000 0.00000000 0.00000000 0.00000000 0.000000000 0.00000000 0.000000000 0.000000000 0.0000000000 0.0000000000 0.000000000 0.000000000
  100    1      1      0    0      1       4       4     3  3.00000000 0.0000000 0.0000000 0.00000000 0.00000000 0.00000000 0.00000000 0.000000000 0.00000000 0.000000000 0.000000000 0.0000000000 0.0000000000 0.000000000 0.000000000
  100    1      1      0    0      1       5       5     1  1.00000000 0.0000000 0.0000000 0.00000000 0.00000000 0.00000000 0.00000000 0.000000000 0.00000000 0.000000000 0.000000000 0.0000000000 0.0000000000 0.000000000 0.000000000
  100    1      1      0    0      1       7       7     2  2.00000000 0.0000000 0.0000000 0.00000000 0.00000000 0.00000000 0.00000000 0.000000000 0.00000000 0.000000000 0.000000000 0.0000000000 0.0000000000 0.000000000 0.000000000
  100    1      1      0    0      1       9       9     4  4.00000000 0.0000000 0.0000000 0.00000000 0.00000000 0.00000000 0.00000000 0.000000000 0.00000000 0.000000000 0.000000000 0.0000000000 0.0000000000 0.000000000 0.000000000
  100    1      1      0    0      1      10      10     7  7.00000000 0.0000000 0.0000000 0.00000000 0.00000000 0.00000000 0.00000000 0.000000000 0.00000000 0.000000000 0.000000000 0.0000000000 0.0000000000 0.000000000 0.000000000
  100    1      1      0    0      1      11      11     9  9.00000000 0.0000000 0.0000000 0.00000000 0.00000000 0.00000000 0.00000000 0.000000000 0.00000000 0.000000000 0.000000000 0.0000000000 0.0000000000 0.000000000 0.000000000
  100    1      1      0    0      1      12      12     6  6.00000000 0.0000000 0.0000000 0.00000000 0.00000000 0.00000000 0.00000000 0.000000000 0.00000000 0.000000000 0.000000000 0.0000000000 0.0000000000 0.000000000 0.000000000
  100    1      1      0    0      1      13      13     2  2.00000000 0.0000000 0.0000000 0.00000000 0.00000000 0.00000000 0.00000000 0.000000000 0.00000000 0.000000000 0.000000000 0.0000000000 0.0000000000 0.000000000 0.000000000
  100    1      1      0    0      1      14      14     2  2.00000000 0.0000000 0.0000000 0.00000000 0.00000000 0.00000000 0.00000000 0.000000000 0.00000000 0.000000000 0.000000000 0.0000000000 0.0000000000 0.000000000 0.000000000
  100    1      1      0    0      1      15      15     3  3.00000000 0.0000000 0.0000000 0.00000000 0.00000000 0.00000000 0.00000000 0.000000000 0.00000000 0.000000000 0.000000000 0.0000000000 0.0000000000 0.000000000 0.000000000
  100    1      1      0    0      1      16      16     1  1.00000000 0.0000000 0.0000000 0.00000000 0.00000000 0.00000000 0.00000000 0.000000000 0.00000000 0.000000000 0.000000000 0.0000000000 0.0000000000 0.000000000 0.000000000
  100    1      1      0    0      1      17      17     8  8.00000000 0.0000000 0.0000000 0.00000000 0.00000000 0.00000000 0.00000000 0.000000000 0.00000000 0.000000000 0.000000000 0.0000000000 0.0000000000 0.000000000 0.000000000
  100    1      1      0    0      1      18      18     4  4.00000000 0.0000000 0.0000000 0.00000000 0.00000000 0.00000000 0.00000000 0.000000000 0.00000000 0.000000000 0.000000000 0.0000000000 0.0000000000 0.000000000 0.000000000
  100    1      1      0    0      1      19      19     1  1.00000000 0.0000000 0.0000000 0.00000000 0.00000000 0.00000000 0.00000000 0.000000000 0.00000000 0.000000000 0.000000000 0.0000000000 0.0000000000 0.000000000 0.000000000
  100    1      1      0    0      1      20      20     5  5.00000000 0.0000000 0.0000000 0.00000000 0.00000000 0.00000000 0.00000000 0.000000000 0.00000000 0.000000000 0.000000000 0.0000000000 0.0000000000 0.000000000 0.000000000
  100    1      1      0    0      1      21      21     2  2.00000000 0.0000000 0.0000000 0.00000000 0.00000000 0.00000000 0.00000000 0.000000000 0.00000000 0.000000000 0.000000000 0.0000000000 0.0000000000 0.000000000 0.000000000
  100    1      1      0    0      1      22      22     3  3.00000000 0.0000000 0.0000000 0.00000000 0.00000000 0.00000000 0.00000000 0.000000000 0.00000000 0.000000000 0.000000000 0.0000000000 0.0000000000 0.000000000 0.000000000
  100    1      1      0    0      1      24      24     5  5.00000000 0.0000000 0.0000000 0.00000000 0.00000000 0.00000000 0.00000000 0.000000000 0.00000000 0.000000000 0.000000000 0.0000000000 0.0000000000 0.000000000 0.000000000
  100    1      1      0    0      1      25      25     3  3.00000000 0.0000000 0.0000000 0.00000000 0.00000000 0.00000000 0.00000000 0.000000000 0.00000000 0.000000000 0.000000000 0.0000000000 0.0000000000 0.000000000 0.000000000
  100    1      1      0    0      1      26      26     2  2.00000000 0.0000000 0.0000000 0.00000000 0.00000000 0.00000000 0.00000000 0.000000000 0.00000000 0.000000000 0.000000000 0.0000000000 0.0000000000 0.000000000 0.000000000
  100    1      1      0    0      1      27      27     3  3.00000000 0.0000000 0.0000000 0.00000000 0.00000000 0.00000000 0.00000000 0.000000000 0.00000000 0.000000000 0.000000000 0.0000000000 0.0000000000 0.000000000 0.000000000
  100    1      1      0    0      1      28      28     2  2.00000000 0.0000000 0.0000000 0.00000000 0.00000000 0.00000000 0.00000000 0.000000000 0.00000000 0.000000000 0.000000000 0.0000000000 0.0000000000 0.000000000 0.000000000
  100    1      1      0    0      1      29      29     1  1.00000000 0.0000000 0.0000000 0.00000000 0.00000000 0.00000000 0.00000000 0.000000000 0.00000000 0.000000000 0.000000000 0.0000000000 0.0000000000 0.000000000 0.000000000
  100    1      1      0    0      1      30      30     6  1.00000000 5.0000000 0.0000000 0.00000000 0.00000000 0.00000000 0.00000000 0.000000000 0.00000000 0.000000000 0.000000000 0.0000000000 0.0000000000 0.000000000 0.000000000
  100    1      1      0    0      1      33      33     1  0.00000000 1.0000000 0.0000000 0.00000000 0.00000000 0.00000000 0.00000000 0.000000000 0.00000000 0.000000000 0.000000000 0.0000000000 0.0000000000 0.000000000 0.000000000
  100    1      1      0    0      1      34      34     1  0.00000000 1.0000000 0.0000000 0.00000000 0.00000000 0.00000000 0.00000000 0.000000000 0.00000000 0.000000000 0.000000000 0.0000000000 0.0000000000 0.000000000 0.000000000
  100    1      1      0    0      1      36      36     3  0.00000000 3.0000000 0.0000000 0.00000000 0.00000000 0.00000000 0.00000000 0.000000000 0.00000000 0.000000000 0.000000000 0.0000000000 0.0000000000 0.000000000 0.000000000
  100    1      1      0    0      1      37      37     3  0.00000000 3.0000000 0.0000000 0.00000000 0.00000000 0.00000000 0.00000000 0.000000000 0.00000000 0.000000000 0.000000000 0.0000000000 0.0000000000 0.000000000 0.000000000
  100    1      1      0    0      1      38      38     1  0.00000000 1.0000000 0.0000000 0.00000000 0.00000000 0.00000000 0.00000000 0.000000000 0.00000000 0.000000000 0.000000000 0.0000000000 0.0000000000 0.000000000 0.000000000
  100    1      1      0    0      1      39      39     2  0.00000000 2.0000000 0.0000000 0.00000000 0.00000000 0.00000000 0.00000000 0.000000000 0.00000000 0.000000000 0.000000000 0.0000000000 0.0000000000 0.000000000 0.000000000
  100    1      1      0    0      1      40      40     3  0.00000000 3.0000000 0.0000000 0.00000000 0.00000000 0.00000000 0.00000000 0.000000000 0.00000000 0.000000000 0.000000000 0.0000000000 0.0000000000 0.000000000 0.000000000
  100    1      1      0    0      1      41      41     1  0.00000000 1.0000000 0.0000000 0.00000000 0.00000000 0.00000000 0.00000000 0.000000000 0.00000000 0.000000000 0.000000000 0.0000000000 0.0000000000 0.000000000 0.000000000
0 #_N_MeanSize_at_Age_obs
0 #_N_environ_variables
0 #_N_environ_obs
0 #_N_sizefreq_methods
0 #_do_tags
0 #_morphcomp_data
#
999
