#C data file created using the SS_writedat function in the R package r4ss
#C should work with SS version: 
#C file write time: 2015-02-11 18:13:43
#
1 #_styr
100 #_endyr
1 #_nseas
12 #_months_per_seas
1 #_spawn_seas
1 #_Nfleet
2 #_Nsurveys
1 #_N_areas
Fishery%Survey%CPUE #_fleetnames
0.5 0.5 0.5 #_surveytiming_in_season
1 1 1 #_area_assignments_for_each_fishery_and_survey
1 #_units of catch:  1=bio; 2=num
0.01 #_se of log(catch) only used for init_eq_catch and for Fmethod 2 and 3
1 #_Ngenders
25 #_Nages
0 #_init_equil_catch_for_each_fishery
100 #_N_lines_of_catch_to_read
 #_Fishery year seas
         0    1    1
         0    2    1
         0    3    1
         0    4    1
         0    5    1
         0    6    1
         0    7    1
         0    8    1
         0    9    1
         0   10    1
         0   11    1
         0   12    1
         0   13    1
         0   14    1
         0   15    1
         0   16    1
         0   17    1
         0   18    1
         0   19    1
         0   20    1
         0   21    1
         0   22    1
         0   23    1
         0   24    1
         0   25    1
 444646000   26    1
 397608000   27    1
 357583000   28    1
 324161000   29    1
 296656000   30    1
 274240000   31    1
 256057000   32    1
 241314000   33    1
 229322000   34    1
 219511000   35    1
 211426000   36    1
 204710000   37    1
 199088000   38    1
 194347000   39    1
 190324000   40    1
 186891000   41    1
 183948000   42    1
 181416000   43    1
 179230000   44    1
 177337000   45    1
 175694000   46    1
 174266000   47    1
 173022000   48    1
 171937000   49    1
 170990000   50    1
 170161000   51    1
 169436000   52    1
 168801000   53    1
 168243000   54    1
 167755000   55    1
 167325000   56    1
 166948000   57    1
 166617000   58    1
 166326000   59    1
 166070000   60    1
 165844000   61    1
 165646000   62    1
 165471000   63    1
 165317000   64    1
 165182000   65    1
 165063000   66    1
 164958000   67    1
 164865000   68    1
 164784000   69    1
 164712000   70    1
 164649000   71    1
 164593000   72    1
 164544000   73    1
 164500000   74    1
 164462000   75    1
 164429000   76    1
 164399000   77    1
 164373000   78    1
 164350000   79    1
 164329000   80    1
 164311000   81    1
 164296000   82    1
 164282000   83    1
 164269000   84    1
 164258000   85    1
 164249000   86    1
 164240000   87    1
 164233000   88    1
 164227000   89    1
 164221000   90    1
 164216000   91    1
 164211000   92    1
 164207000   93    1
 164204000   94    1
 164201000   95    1
 164198000   96    1
 164195000   97    1
 164193000   98    1
 164192000   99    1
 164190000  100    1
13 #_N_cpue
 #_Fleet Units Errtype
       1     1       0
       2     1       0
       3     1       0
 #_year seas index        obs se_log
     76    1     2 1378907635    0.2
     78    1     2 1659907587    0.2
     80    1     2 1010159645    0.2
     82    1     2  881522157    0.2
     84    1     2 1661543123    0.2
     86    1     2 1626539583    0.2
     88    1     2 1148727280    0.2
     90    1     2 1016641552    0.2
     92    1     2 1274135965    0.2
     94    1     2 1687191704    0.2
     96    1     2 1938187137    0.2
     98    1     2 1354297592    0.2
    100    1     2 1249325516    0.2
0 #_N_discard_fleets
#_discard_units (1=same_as_catchunits(bio/num); 2=fraction; 3=numbers)
#_discard_errtype:  >0 for DF of T-dist(read CV below); 0 for normal with CV; -1 for normal with se; -2 for lognormal
0 #_N_discard
0 #_N_meanbodywt
1 #_DF_for_meanbodywt_T-distribution_like
2 # length bin method: 1=use databins; 2=generate from binwidth,min,max below; 3=read vector
1 # binwidth for population size comp
10 # minimum size in the population (lower edge of first bin and size at age 0.00)
200 # maximum size in the population (lower edge of last bin)
-0.001 #_comp_tail_compression
1e-05 #_add_to_comp
0 #_combine males into females at or below this bin number
45 #_N_lbins
#_lbin_vector
20 23 26 29 32 35 38 41 44 47 50 53 56 59 62 65 68 71 74 77 80 83 86 89 92 95 98 101 104 107 110 113 116 119 122 125 128 131 134 137 140 143 146 149 152
28 #_N_Length_comp_observations
 #_Yr Seas FltSvy Gender Part Nsamp           l20          l23          l26         l29          l32         l35          l38         l41        l44        l47        l50        l53        l56        l59        l62        l65         l68        l71        l74        l77        l80        l83        l86        l89        l92        l95        l98       l101        l104        l107        l110        l113        l116        l119        l122        l125         l128         l131         l134         l137         l140         l143         l146         l149         l152
   26    1      1      0    0   125  2.540433e-33 7.832434e-05 8.623436e-04 0.021591276 0.0022242774 0.005492226 0.0090692124 0.027551223 0.04103187 0.04398012 0.04641531 0.06024045 0.02917070 0.01358609 0.03087521 0.01980248 0.025619787 0.03047620 0.01334286 0.01714570 0.03218074 0.01845967 0.01761672 0.02283373 0.03662768 0.01546058 0.03856768 0.02854379 0.022311962 0.026806796 0.039454123 0.018350861 0.052035280 0.032405162 0.024842045 0.032005436 0.0457477680 0.0247549840 1.248285e-02 3.763558e-03 2.123075e-03 3.745621e-03 1.052316e-03 6.434899e-04 8.628395e-03
   36    1      1      0    0   125 2.667237e-250 7.286398e-06 9.529800e-04 0.007108372 0.0120908789 0.012709000 0.0006993648 0.012833682 0.05258507 0.03707397 0.06534704 0.05754766 0.03704559 0.04723189 0.03381481 0.05753495 0.015348558 0.00861161 0.03136320 0.01356672 0.03713520 0.03265761 0.04659118 0.02260998 0.01081191 0.04651841 0.08924479 0.02713801 0.031216599 0.031257817 0.032669748 0.017774030 0.010031490 0.003152107 0.002866113 0.014082334 0.0021167578 0.0031549516 2.067012e-02 6.058661e-03 5.259201e-04 5.455109e-03 1.648309e-03 1.154923e-14 1.140218e-03
   46    1      1      0    0   125 3.859891e-166 8.407235e-07 5.719013e-03 0.002312382 0.0216743320 0.007811552 0.0034212772 0.005987636 0.03152176 0.08070514 0.05200665 0.02882217 0.04413518 0.02882980 0.06966378 0.06825269 0.020055639 0.04166222 0.07252731 0.02501481 0.03596732 0.04001894 0.01792462 0.02342365 0.04521682 0.04771896 0.02939464 0.01464230 0.026061448 0.015333123 0.023795214 0.012081145 0.011577630 0.002755213 0.021010761 0.008562880 0.0096611491 0.0014212135 1.841341e-03 3.515277e-04 1.111128e-03 1.680947e-06 3.128716e-06 3.373452e-11 2.646673e-11
   56    1      1      0    0   125 3.488874e-104 2.897605e-16 7.461319e-03 0.007660494 0.0116817358 0.007297326 0.0041380494 0.012975420 0.02789470 0.04331521 0.04302883 0.08107600 0.05438602 0.06394877 0.03188540 0.06402683 0.048866713 0.01829887 0.03653315 0.04396696 0.02788138 0.05092033 0.03848718 0.02284137 0.03947872 0.04240465 0.02731223 0.01148338 0.010696202 0.026815928 0.015883855 0.007397639 0.006656556 0.025946239 0.002582144 0.015741368 0.0112972109 0.0029296336 1.879157e-03 1.385470e-03 1.008664e-03 1.391470e-06 7.747092e-05 1.129160e-04 3.371215e-04
   60    1      1      0    0   125  1.492122e-04 4.859324e-09 2.185158e-03 0.003530119 0.0188607638 0.001513608 0.0020146720 0.008142874 0.03115268 0.02704158 0.07370970 0.06384148 0.05263320 0.02023515 0.05674938 0.01922763 0.081362794 0.05321191 0.02240627 0.05850634 0.04999043 0.01566914 0.03123450 0.02488532 0.02654331 0.02605694 0.01704482 0.03107164 0.016213026 0.015544059 0.010392332 0.007631343 0.040425744 0.016957035 0.023354116 0.016982420 0.0152765184 0.0019850144 1.384559e-02 5.813068e-04 9.738147e-04 7.808858e-05 1.121890e-06 2.253480e-05 7.653204e-04
   64    1      1      0    0   125  5.910886e-72 1.722905e-03 4.365793e-03 0.013565473 0.0238808935 0.008831796 0.0170406657 0.008254277 0.02279192 0.04918552 0.06860979 0.05818573 0.04811071 0.03028380 0.10091107 0.04681033 0.006116869 0.03064113 0.02459172 0.01038875 0.04003963 0.02941734 0.02054971 0.03098624 0.03382584 0.03314532 0.01940791 0.02374668 0.018026149 0.012514500 0.054041376 0.016706098 0.043323410 0.001389671 0.025897878 0.004507760 0.0002870452 0.0002799766 2.360868e-03 8.563455e-03 1.577683e-03 3.142854e-06 5.546878e-08 1.858151e-06 5.111265e-03
   68    1      1      0    0   125  1.137307e-09 1.105141e-17 1.869448e-05 0.019923150 0.0121147989 0.006650692 0.0004314766 0.009972404 0.02585247 0.04831199 0.06491274 0.04016830 0.03673670 0.06464613 0.01886315 0.07731456 0.014195641 0.04645265 0.06873142 0.01954878 0.03099991 0.02411371 0.04338627 0.07689084 0.02355609 0.03447681 0.02762200 0.01319613 0.016375544 0.037391066 0.029822263 0.011137638 0.010112372 0.028922899 0.003567353 0.003799072 0.0025222990 0.0017798463 9.115856e-05 5.373325e-03 1.737953e-05 1.441236e-21 2.021394e-14 2.719210e-07 3.665375e-09
   72    1      1      0    0   125 2.698794e-191 8.511874e-07 1.372233e-03 0.050764610 0.0003079622 0.009108481 0.0012076764 0.006057385 0.03282089 0.03447787 0.04092814 0.03524176 0.03605671 0.01985074 0.04346733 0.03385595 0.053098007 0.07803316 0.05868242 0.04205755 0.02236258 0.05397663 0.04305723 0.03605395 0.01476668 0.06125995 0.03876871 0.02186575 0.016887992 0.008000996 0.037390233 0.007604258 0.004819301 0.019318302 0.005121139 0.010648319 0.0016794838 0.0009526952 1.524338e-03 4.676221e-03 5.150772e-05 4.171903e-03 6.301317e-05 7.589101e-03 3.140037e-13
   76    1      1      0    0   125 1.149812e-138 1.529626e-02 3.258180e-04 0.016920153 0.0063501911 0.002390409 0.0005213657 0.004311121 0.03462274 0.08655461 0.04804539 0.02767249 0.07604784 0.04515816 0.07825826 0.03535016 0.041625630 0.01921957 0.01026290 0.02948454 0.02789118 0.02406294 0.05903487 0.03155399 0.02051765 0.04463904 0.01156265 0.03740097 0.027904724 0.020622402 0.012033997 0.012554535 0.014822851 0.021112032 0.033586009 0.002795612 0.0027631806 0.0016316386 2.786569e-03 7.162191e-05 9.233282e-04 6.118024e-04 9.483363e-03 6.519476e-10 1.215411e-03
   80    1      1      0    0   125  1.975936e-10 2.645862e-19 1.301701e-03 0.011927001 0.0078144716 0.002508556 0.0035548905 0.005533955 0.04667318 0.07441776 0.05438310 0.07361939 0.02749082 0.02831426 0.02990329 0.05425183 0.079107738 0.02498965 0.05048183 0.02134854 0.03586682 0.03468957 0.01279131 0.04726676 0.04625066 0.01498966 0.02269908 0.01361032 0.015790537 0.020356891 0.016159110 0.018497754 0.012123005 0.017762998 0.001214684 0.014037794 0.0120493965 0.0034114463 7.018424e-03 2.432972e-03 1.035139e-03 2.376047e-05 3.306205e-05 9.506322e-08 3.226677e-02
   84    1      1      0    0   125  6.136518e-40 5.648777e-08 1.932296e-03 0.010175686 0.0031740117 0.001533349 0.0006325852 0.033071295 0.06126792 0.05900655 0.06264479 0.10717844 0.01500708 0.01619940 0.02027485 0.02198547 0.020530525 0.03334361 0.02979274 0.02374999 0.02051595 0.03778545 0.03625302 0.06665449 0.04686547 0.04544078 0.01914739 0.05204447 0.036145274 0.005882178 0.014127131 0.027187532 0.008777541 0.014267529 0.010378564 0.002709384 0.0054955096 0.0013481318 1.964045e-03 2.275344e-02 8.930368e-04 1.810219e-03 2.206289e-12 4.119254e-17 5.282834e-05
   88    1      1      0    0   125 1.030439e-149 1.955995e-20 5.382722e-03 0.020115649 0.0111497173 0.004439679 0.0007119003 0.041185020 0.04181165 0.07295235 0.07664643 0.03002360 0.01189583 0.06149612 0.04090425 0.03336728 0.028645749 0.05284468 0.02801943 0.02841371 0.04654773 0.03438260 0.03378346 0.01517780 0.02593229 0.05175302 0.03411358 0.02920568 0.030859694 0.033898026 0.024578647 0.016598036 0.001901978 0.011939449 0.004494248 0.000631772 0.0034237579 0.0032707656 3.410748e-03 1.008795e-03 5.802309e-06 1.646596e-05 1.209272e-07 4.601610e-37 3.059761e-03
   92    1      1      0    0   125  1.781047e-14 3.613340e-15 8.474610e-03 0.003525966 0.0019447191 0.001031187 0.0034742534 0.007736423 0.02827797 0.06233736 0.07755840 0.04820810 0.07747723 0.03540321 0.05159892 0.08279379 0.029426108 0.05285511 0.01996586 0.01966903 0.02922935 0.03160530 0.01287985 0.02721689 0.03115590 0.03274096 0.03294240 0.03075286 0.043695088 0.021931192 0.009265340 0.015456652 0.013850828 0.003928299 0.029130146 0.002845696 0.0076905802 0.0026639645 7.615233e-04 7.917087e-03 1.389590e-05 1.079490e-08 9.094228e-07 5.658093e-04 1.223925e-06
   96    1      1      0    0   125 3.068390e-162 8.218973e-04 3.277817e-03 0.009031653 0.0236184867 0.006507167 0.0061420699 0.026541529 0.04943759 0.08477111 0.06750564 0.05735597 0.01962512 0.01612972 0.05879226 0.02822401 0.045925952 0.03149194 0.02100281 0.05305222 0.02135826 0.05230249 0.03503470 0.01718765 0.03597900 0.01514879 0.01780895 0.03507931 0.044290737 0.023661145 0.010089570 0.016235846 0.010025002 0.005957799 0.024616477 0.001084385 0.0163235426 0.0021632958 9.670467e-04 9.297671e-04 8.807132e-16 4.282728e-03 1.190712e-10 2.014740e-11 2.185608e-04
  100    1      1      0    0   125 1.035751e-218 2.356114e-06 2.038549e-03 0.004276165 0.0074556610 0.002587878 0.0027395828 0.023218531 0.05877979 0.08350979 0.10239390 0.03261080 0.04828106 0.04882259 0.07279943 0.04408821 0.041920934 0.01887355 0.03157029 0.01960909 0.05319937 0.03458743 0.01561844 0.03782571 0.02334072 0.01675069 0.02805218 0.01691251 0.006015947 0.024190646 0.013567478 0.030727378 0.008718935 0.003131250 0.010953694 0.003133170 0.0077313517 0.0001784800 1.810732e-02 1.667297e-03 8.748810e-10 1.425225e-08 1.183934e-05 3.648527e-10 1.593665e-11
   76    1      2      0    0   500  2.118944e-24 8.161493e-03 8.065375e-03 0.038219000 0.0693854099 0.014829017 0.0094067279 0.018214364 0.06053596 0.03234985 0.05801274 0.04193772 0.03033447 0.02486581 0.04649774 0.03742259 0.040864840 0.02736121 0.04153933 0.03988258 0.02013497 0.03249129 0.02705753 0.02846427 0.03073667 0.02230029 0.02522346 0.02250983 0.016282766 0.006789061 0.025197076 0.016281051 0.025604905 0.006536916 0.014276742 0.014307721 0.0051164342 0.0033362855 1.442518e-03 2.089131e-03 6.416233e-04 6.923994e-04 2.055155e-03 2.351154e-03 1.945362e-04
   78    1      2      0    0   500  1.210435e-30 3.787961e-03 1.213079e-02 0.040965383 0.0548330304 0.020344143 0.0186121498 0.025633713 0.04360868 0.06461772 0.07441525 0.03507945 0.02240308 0.02650564 0.04092780 0.02968751 0.036536550 0.03887827 0.03775967 0.03285712 0.04219998 0.03361029 0.03277194 0.01562914 0.02289677 0.03283878 0.01796797 0.01999993 0.015965267 0.030078979 0.016627113 0.013699099 0.009973468 0.006731981 0.007501805 0.012397175 0.0026351861 0.0002433803 4.192669e-03 6.006698e-04 1.742447e-03 9.863362e-05 1.201845e-05 5.225195e-08 1.340753e-06
   80    1      2      0    0   500  7.284812e-06 1.082321e-03 1.555736e-02 0.043362916 0.0519473450 0.022726516 0.0147915046 0.020777634 0.03248772 0.06674252 0.05142445 0.04935771 0.02793678 0.03692652 0.03650830 0.04914960 0.034018104 0.02842208 0.03576311 0.03510899 0.03027998 0.02415464 0.03136801 0.02772161 0.01112565 0.01613940 0.03113921 0.02128290 0.022004782 0.033667304 0.007417085 0.029367229 0.015233681 0.007846881 0.006171806 0.011329596 0.0066891588 0.0032163731 2.042549e-03 4.438947e-03 7.667086e-04 1.048166e-03 1.018636e-04 1.320853e-03 2.686554e-05
   82    1      2      0    0   500  1.133436e-51 1.001917e-03 1.501979e-02 0.062647876 0.0612245292 0.022670426 0.0072273431 0.026723994 0.04983863 0.06153056 0.04068149 0.04685030 0.01993030 0.02611819 0.02893334 0.01824949 0.030751486 0.04282608 0.02981711 0.04028859 0.03480497 0.02979307 0.01996297 0.04116571 0.03355957 0.03332041 0.03196317 0.01996171 0.016642608 0.021119708 0.018252151 0.017452904 0.011027076 0.007464191 0.007441221 0.005082835 0.0026168268 0.0058135741 4.656582e-03 2.280616e-03 3.225709e-04 2.190079e-03 4.100588e-04 5.813991e-05 3.058213e-04
   84    1      2      0    0   500  8.367961e-04 9.299622e-03 2.928072e-02 0.066860500 0.0358884757 0.017031663 0.0094162445 0.013688136 0.03305799 0.06467924 0.05215711 0.04229146 0.02654986 0.05160939 0.03308184 0.03104462 0.040450869 0.04203911 0.01601426 0.03319854 0.03708468 0.02699237 0.03549710 0.02620853 0.03338105 0.02478694 0.01724219 0.01829832 0.020351837 0.013845808 0.016559593 0.007661521 0.009543212 0.014940802 0.024597478 0.002943313 0.0049957113 0.0039386511 4.483826e-03 2.018818e-03 1.037653e-03 1.015235e-03 3.881456e-03 6.154939e-05 1.559104e-04
   86    1      2      0    0   500  4.449001e-10 8.953974e-04 1.179060e-02 0.045132791 0.0617545367 0.010987023 0.0097717360 0.020389952 0.04572523 0.05239765 0.04305979 0.03800230 0.02319182 0.03166169 0.04228392 0.03874283 0.044092562 0.03027895 0.03097866 0.03251101 0.03753579 0.03257224 0.02958419 0.02992170 0.03508123 0.02374584 0.01451264 0.01554691 0.018627098 0.024647493 0.018278943 0.019089382 0.020009430 0.022094155 0.015878089 0.007872634 0.0036654699 0.0057039308 6.033441e-03 2.197785e-03 5.346071e-04 2.304586e-05 2.630707e-03 5.452543e-04 1.954301e-05
   88    1      2      0    0   500  1.564925e-07 2.494468e-03 2.215567e-02 0.053186545 0.0452106884 0.012106959 0.0103704281 0.019201781 0.03820313 0.04424826 0.05004402 0.04419073 0.03705421 0.04333981 0.03451354 0.04575767 0.035998707 0.04586355 0.04639230 0.02645555 0.03340939 0.02361085 0.02262726 0.04292730 0.02544837 0.01654462 0.01968358 0.02599878 0.024647799 0.017113016 0.010072010 0.010332227 0.013116915 0.011928952 0.019135275 0.003618707 0.0048212630 0.0016554038 1.219550e-02 1.423137e-04 2.007113e-04 3.606367e-03 2.949590e-06 2.094862e-04 1.628011e-04
   90    1      2      0    0   500  1.507506e-05 5.409328e-04 1.307972e-02 0.047166198 0.0440667734 0.014651111 0.0036672897 0.029998875 0.03500289 0.03608560 0.07148361 0.03368295 0.02591999 0.04225163 0.03341159 0.03062111 0.046266840 0.04405394 0.04677486 0.02800845 0.03390345 0.03682881 0.03681306 0.02319503 0.02506221 0.01865245 0.01666196 0.03008483 0.016711305 0.016090828 0.021536114 0.014464498 0.030457994 0.006120477 0.012005683 0.006915508 0.0092045139 0.0018629840 5.681570e-03 2.169576e-03 6.089668e-03 2.232847e-03 2.486302e-04 2.554401e-04 1.129304e-06
   92    1      2      0    0   500  4.392919e-21 2.032325e-03 2.094982e-02 0.038578321 0.0597929593 0.014669835 0.0134782066 0.029577955 0.04103724 0.05312848 0.06031233 0.03081397 0.02809065 0.04203266 0.04691081 0.03703042 0.044108887 0.03229158 0.05024247 0.03150478 0.02111602 0.02190327 0.02934617 0.02365330 0.02235635 0.02092479 0.02729711 0.02553932 0.013132624 0.029681419 0.008560620 0.011538332 0.018684059 0.005978074 0.013897683 0.005705148 0.0028841442 0.0089910787 1.127026e-03 2.323286e-03 9.214396e-04 7.850756e-03 2.170747e-08 6.316684e-08 4.201707e-06
   94    1      2      0    0   500  9.389431e-05 7.752269e-04 2.286474e-02 0.072669311 0.0367034318 0.017173566 0.0031816444 0.011572586 0.05008593 0.04173295 0.06894941 0.04703977 0.02660539 0.03817151 0.03582942 0.02797537 0.025238886 0.04641343 0.03036083 0.02150367 0.03399143 0.03171470 0.01514709 0.03997414 0.03385069 0.01757856 0.02440590 0.02251520 0.025134364 0.023293410 0.019199360 0.017377619 0.008323839 0.016466593 0.007620459 0.013207356 0.0081164173 0.0051518560 3.262760e-03 3.092274e-03 3.829867e-03 4.010141e-06 1.292495e-03 2.680808e-08 5.086146e-04
   96    1      2      0    0   500  1.877864e-13 1.976452e-03 1.707242e-02 0.031472663 0.0509915702 0.021836617 0.0203544044 0.015023843 0.04513156 0.04601476 0.06163724 0.04382059 0.03844330 0.02947908 0.02752959 0.04428373 0.034558333 0.03540630 0.04399800 0.01939922 0.02670874 0.03370966 0.03908535 0.02689060 0.02019531 0.02433570 0.01400589 0.02586652 0.016033590 0.023854851 0.014005240 0.024884073 0.019491067 0.012864036 0.009029781 0.012306880 0.0071811827 0.0089601981 4.152362e-03 9.637150e-04 5.823771e-03 1.551365e-04 1.046468e-03 1.454913e-05 5.660193e-06
   98    1      2      0    0   500  3.994228e-10 1.652374e-04 2.468854e-02 0.062919269 0.0511739820 0.015772247 0.0126279903 0.022308983 0.06896118 0.04479820 0.04497484 0.04382650 0.02852005 0.03563435 0.04132720 0.04829872 0.038256089 0.02684354 0.03078659 0.02284657 0.02720220 0.02174096 0.02883182 0.01707053 0.03848087 0.01551395 0.03229261 0.02386036 0.028011805 0.011430973 0.012807032 0.020630561 0.008246328 0.009779769 0.006556515 0.003531764 0.0064115085 0.0018549635 4.242032e-03 2.661463e-03 8.662886e-03 4.185710e-03 1.179016e-03 1.754868e-06 8.253971e-05
  100    1      2      0    0   500  3.070062e-15 2.797797e-03 1.974082e-02 0.056017883 0.0369869175 0.018564574 0.0083343967 0.030548311 0.03494594 0.05914493 0.05004207 0.02654218 0.02411362 0.03542918 0.04750487 0.03038002 0.047118720 0.03834589 0.04161300 0.03535724 0.04178079 0.02982858 0.02139470 0.03584420 0.02712591 0.01993161 0.03081994 0.02531735 0.020058472 0.014157031 0.015139479 0.024310991 0.008114846 0.005194284 0.007992589 0.008951028 0.0065941813 0.0047533302 3.437076e-03 2.098298e-03 1.108065e-03 9.286357e-04 1.534971e-03 1.475979e-07 5.514473e-05
15 #_N_agebins
#_agebin_vector
1 2 3 4 5 6 7 8 9 10 11 12 13 14 15
1 #_N_ageerror_definitions
 #_age0   age1   age2   age3   age4   age5   age6   age7   age8   age9  age10  age11  age12  age13  age14  age15  age16  age17  age18  age19  age20  age21  age22  age23  age24  age25
 -1.000 -1.000 -1.000 -1.000 -1.000 -1.000 -1.000 -1.000 -1.000 -1.000 -1.000 -1.000 -1.000 -1.000 -1.000 -1.000 -1.000 -1.000 -1.000 -1.000 -1.000 -1.000 -1.000 -1.000 -1.000 -1.000
  0.001  0.001  0.001  0.001  0.001  0.001  0.001  0.001  0.001  0.001  0.001  0.001  0.001  0.001  0.001  0.001  0.001  0.001  0.001  0.001  0.001  0.001  0.001  0.001  0.001  0.001
83 #_N_agecomp
1 #_Lbin_method: 1=poplenbins; 2=datalenbins; 3=lengths
-1 #_combine males into females at or below this bin number
 #_Yr Seas FltSvy Gender Part Ageerr Lbin_lo Lbin_hi Nsamp          a1        a2        a3         a4         a5         a6         a7         a8         a9         a10         a11         a12          a13          a14         a15
   26    1      1      0    0      1      -1      -1   125  0.03894718 0.1654346 0.1400399 0.09548899 0.14073546 0.06225992 0.05715109 0.07455262 0.06300433 0.060632196 0.012868296 0.012058597 1.937874e-02 1.138179e-02 0.046066270
   36    1      1      0    0      1      -1      -1   125  0.05521103 0.2404647 0.2251629 0.10882356 0.09133046 0.11724149 0.05324888 0.02227803 0.02334487 0.003382324 0.010382391 0.001516190 2.220899e-02 6.842660e-03 0.018561501
   46    1      1      0    0      1      -1      -1   125  0.02625121 0.2235911 0.2006851 0.10806526 0.07053115 0.06253346 0.10838733 0.09406169 0.03836206 0.014686266 0.017446170 0.005973435 8.599509e-03 3.107746e-03 0.017718525
   56    1      1      0    0      1      -1      -1   125  0.06528701 0.2275101 0.1757445 0.11884517 0.09914904 0.13451786 0.06613830 0.01491989 0.01988293 0.012685258 0.029331373 0.001850316 3.343577e-04 4.748258e-03 0.029055711
   60    1      1      0    0      1      -1      -1   125  0.02742671 0.2100376 0.2011115 0.15188034 0.10283326 0.08009754 0.08305314 0.04524574 0.02099010 0.035400839 0.013001944 0.001518126 5.095912e-05 1.899874e-04 0.027162166
   64    1      1      0    0      1      -1      -1   125  0.03745081 0.2148561 0.1692402 0.16123943 0.09955956 0.05863264 0.06530334 0.04357831 0.03316117 0.039340054 0.009659211 0.032199323 5.446704e-03 4.417862e-03 0.025915279
   68    1      1      0    0      1      -1      -1   125  0.01780631 0.2328300 0.2233782 0.11768691 0.10646399 0.03280035 0.08707205 0.05295899 0.03211173 0.040431019 0.026976254 0.013114766 4.529105e-04 1.658659e-03 0.014257822
   72    1      1      0    0      1      -1      -1   125  0.04087727 0.2302917 0.2161076 0.18962752 0.10452613 0.07799266 0.03949532 0.02693323 0.02943495 0.006565191 0.010831631 0.010581625 1.357836e-02 4.818315e-05 0.003108633
   76    1      1      0    0      1      -1      -1   125  0.03749828 0.2174959 0.2388171 0.09161522 0.12321063 0.08896387 0.08066543 0.02479961 0.03929823 0.012179539 0.005431630 0.016974489 9.230285e-03 5.101371e-03 0.008718435
   80    1      1      0    0      1      -1      -1   125  0.01931037 0.2659928 0.2537495 0.13227215 0.09358755 0.04877428 0.04459926 0.02566872 0.02472313 0.019549010 0.010550074 0.018959993 4.316098e-04 1.591164e-02 0.025919849
   84    1      1      0    0      1      -1      -1   125  0.04037185 0.1876382 0.1885685 0.14527983 0.14566419 0.07204693 0.05342535 0.02606792 0.03197584 0.014559010 0.048800841 0.025712465 5.130285e-05 5.021109e-03 0.014816615
   88    1      1      0    0      1      -1      -1   125  0.07729578 0.2582197 0.1523261 0.12270739 0.15160273 0.06191246 0.03437849 0.02254722 0.04724059 0.009922127 0.021685088 0.029139468 1.305858e-03 6.050372e-03 0.003666574
   92    1      1      0    0      1      -1      -1   125  0.04728172 0.2341832 0.1990148 0.14046003 0.08689211 0.06805785 0.06129155 0.04932777 0.04502301 0.030952576 0.006766617 0.007736075 1.504679e-02 1.253768e-03 0.006712161
   96    1      1      0    0      1      -1      -1   125  0.05605990 0.2274789 0.2530083 0.14786215 0.07951158 0.04252960 0.02295958 0.05819630 0.01292953 0.008968976 0.009457595 0.025895443 3.407173e-02 1.501785e-02 0.006052561
  100    1      1      0    0      1      -1      -1   125  0.02484267 0.2514287 0.1832051 0.14609124 0.09215314 0.08269028 0.04532413 0.03411286 0.03866032 0.013511445 0.033092430 0.028213833 5.659741e-03 5.644973e-04 0.020449572
   76    1      2      0    0      1      -1      -1   500  0.12116269 0.2529300 0.1887943 0.12358285 0.09356458 0.07530311 0.03647393 0.02861011 0.02801984 0.011558553 0.010034377 0.009771564 5.203937e-03 5.891806e-03 0.009098391
   78    1      2      0    0      1      -1      -1   500  0.14717259 0.2219664 0.1787444 0.10714893 0.10465407 0.09414622 0.03790986 0.02407133 0.02902520 0.010522366 0.015362977 0.008041526 4.683250e-03 3.248151e-03 0.013302699
   80    1      2      0    0      1      -1      -1   500  0.13682925 0.2108980 0.2022863 0.12499749 0.07777914 0.06601061 0.05402833 0.03964850 0.02589026 0.020230817 0.011223724 0.009311036 4.086333e-03 3.449966e-03 0.013330261
   82    1      2      0    0      1      -1      -1   500  0.14582411 0.2134083 0.1745973 0.12430893 0.07668867 0.07067848 0.06380183 0.02379482 0.02390924 0.018678601 0.019204122 0.008260486 1.705174e-02 3.432981e-03 0.016360430
   84    1      2      0    0      1      -1      -1   500  0.15393425 0.2326963 0.1862927 0.13009009 0.06792922 0.06648524 0.03717220 0.03532736 0.03292888 0.019064291 0.010088852 0.009883178 7.381176e-03 2.631935e-03 0.008094349
   86    1      2      0    0      1      -1      -1   500  0.12735292 0.2397414 0.1592095 0.14288833 0.10386839 0.07228959 0.03266505 0.03293756 0.02850810 0.015214135 0.015778050 0.009309786 5.957332e-03 3.753815e-03 0.010526109
   88    1      2      0    0      1      -1      -1   500  0.14769832 0.2273440 0.1693624 0.12250211 0.06446479 0.05879941 0.06102481 0.03304119 0.02572419 0.012060337 0.025423801 0.008471649 1.036752e-02 1.006948e-02 0.023646015
   90    1      2      0    0      1      -1      -1   500  0.12352144 0.2063597 0.1887718 0.13477723 0.08502004 0.07259105 0.03827113 0.04608762 0.03226296 0.016822448 0.015743852 0.010785299 6.167107e-03 9.555693e-03 0.013262665
   92    1      2      0    0      1      -1      -1   500  0.11886900 0.2309261 0.1529613 0.16387165 0.09403334 0.06762070 0.04746074 0.02176117 0.02835071 0.019007709 0.011715422 0.012238366 1.346465e-02 1.129554e-02 0.006423527
   94    1      2      0    0      1      -1      -1   500  0.11529379 0.2670758 0.1817159 0.11554505 0.08735974 0.05610926 0.04718968 0.04676235 0.02102052 0.016083057 0.010338218 0.007918742 8.580989e-03 4.224951e-03 0.014781967
   96    1      2      0    0      1      -1      -1   500  0.15414175 0.2350633 0.1701818 0.12861004 0.08527404 0.06814658 0.04119063 0.04135353 0.01498262 0.013011990 0.005626485 0.010314209 5.982441e-03 8.492361e-03 0.017628264
   98    1      2      0    0      1      -1      -1   500  0.14224024 0.2490354 0.1984576 0.11907862 0.07792031 0.04826682 0.04287549 0.03410193 0.02918549 0.010733929 0.007991518 0.016787071 7.187395e-03 9.583020e-03 0.006555241
  100    1      2      0    0      1      -1      -1   500  0.11086822 0.2453199 0.1849932 0.11913709 0.08358106 0.06502387 0.03236382 0.05371386 0.02910743 0.014955012 0.015054836 0.007085891 8.942312e-03 1.040877e-02 0.019444668
   60    1      1      0    0      1       5       5     3  3.00000000 0.0000000 0.0000000 0.00000000 0.00000000 0.00000000 0.00000000 0.00000000 0.00000000 0.000000000 0.000000000 0.000000000 0.000000e+00 0.000000e+00 0.000000000
   60    1      1      0    0      1       8       8     1  1.00000000 0.0000000 0.0000000 0.00000000 0.00000000 0.00000000 0.00000000 0.00000000 0.00000000 0.000000000 0.000000000 0.000000000 0.000000e+00 0.000000e+00 0.000000000
   60    1      1      0    0      1       9       9     3  3.00000000 0.0000000 0.0000000 0.00000000 0.00000000 0.00000000 0.00000000 0.00000000 0.00000000 0.000000000 0.000000000 0.000000000 0.000000e+00 0.000000e+00 0.000000000
   60    1      1      0    0      1      10      10     3  3.00000000 0.0000000 0.0000000 0.00000000 0.00000000 0.00000000 0.00000000 0.00000000 0.00000000 0.000000000 0.000000000 0.000000000 0.000000e+00 0.000000e+00 0.000000000
   60    1      1      0    0      1      11      11    11 11.00000000 0.0000000 0.0000000 0.00000000 0.00000000 0.00000000 0.00000000 0.00000000 0.00000000 0.000000000 0.000000000 0.000000000 0.000000e+00 0.000000e+00 0.000000000
   60    1      1      0    0      1      12      12     7  7.00000000 0.0000000 0.0000000 0.00000000 0.00000000 0.00000000 0.00000000 0.00000000 0.00000000 0.000000000 0.000000000 0.000000000 0.000000e+00 0.000000e+00 0.000000000
   60    1      1      0    0      1      13      13     5  5.00000000 0.0000000 0.0000000 0.00000000 0.00000000 0.00000000 0.00000000 0.00000000 0.00000000 0.000000000 0.000000000 0.000000000 0.000000e+00 0.000000e+00 0.000000000
   60    1      1      0    0      1      14      14     2  2.00000000 0.0000000 0.0000000 0.00000000 0.00000000 0.00000000 0.00000000 0.00000000 0.00000000 0.000000000 0.000000000 0.000000000 0.000000e+00 0.000000e+00 0.000000000
   60    1      1      0    0      1      15      15     5  5.00000000 0.0000000 0.0000000 0.00000000 0.00000000 0.00000000 0.00000000 0.00000000 0.00000000 0.000000000 0.000000000 0.000000000 0.000000e+00 0.000000e+00 0.000000000
   60    1      1      0    0      1      16      16     3  3.00000000 0.0000000 0.0000000 0.00000000 0.00000000 0.00000000 0.00000000 0.00000000 0.00000000 0.000000000 0.000000000 0.000000000 0.000000e+00 0.000000e+00 0.000000000
   60    1      1      0    0      1      17      17     5  5.00000000 0.0000000 0.0000000 0.00000000 0.00000000 0.00000000 0.00000000 0.00000000 0.00000000 0.000000000 0.000000000 0.000000000 0.000000e+00 0.000000e+00 0.000000000
   60    1      1      0    0      1      18      18     8  8.00000000 0.0000000 0.0000000 0.00000000 0.00000000 0.00000000 0.00000000 0.00000000 0.00000000 0.000000000 0.000000000 0.000000000 0.000000e+00 0.000000e+00 0.000000000
   60    1      1      0    0      1      19      19     1  1.00000000 0.0000000 0.0000000 0.00000000 0.00000000 0.00000000 0.00000000 0.00000000 0.00000000 0.000000000 0.000000000 0.000000000 0.000000e+00 0.000000e+00 0.000000000
   60    1      1      0    0      1      20      20     2  2.00000000 0.0000000 0.0000000 0.00000000 0.00000000 0.00000000 0.00000000 0.00000000 0.00000000 0.000000000 0.000000000 0.000000000 0.000000e+00 0.000000e+00 0.000000000
   60    1      1      0    0      1      21      21     9  9.00000000 0.0000000 0.0000000 0.00000000 0.00000000 0.00000000 0.00000000 0.00000000 0.00000000 0.000000000 0.000000000 0.000000000 0.000000e+00 0.000000e+00 0.000000000
   60    1      1      0    0      1      22      22     4  4.00000000 0.0000000 0.0000000 0.00000000 0.00000000 0.00000000 0.00000000 0.00000000 0.00000000 0.000000000 0.000000000 0.000000000 0.000000e+00 0.000000e+00 0.000000000
   60    1      1      0    0      1      23      23     1  1.00000000 0.0000000 0.0000000 0.00000000 0.00000000 0.00000000 0.00000000 0.00000000 0.00000000 0.000000000 0.000000000 0.000000000 0.000000e+00 0.000000e+00 0.000000000
   60    1      1      0    0      1      24      24     1  1.00000000 0.0000000 0.0000000 0.00000000 0.00000000 0.00000000 0.00000000 0.00000000 0.00000000 0.000000000 0.000000000 0.000000000 0.000000e+00 0.000000e+00 0.000000000
   60    1      1      0    0      1      26      26     1  1.00000000 0.0000000 0.0000000 0.00000000 0.00000000 0.00000000 0.00000000 0.00000000 0.00000000 0.000000000 0.000000000 0.000000000 0.000000e+00 0.000000e+00 0.000000000
   60    1      1      0    0      1      27      27     1  1.00000000 0.0000000 0.0000000 0.00000000 0.00000000 0.00000000 0.00000000 0.00000000 0.00000000 0.000000000 0.000000000 0.000000000 0.000000e+00 0.000000e+00 0.000000000
   60    1      1      0    0      1      28      28     6  6.00000000 0.0000000 0.0000000 0.00000000 0.00000000 0.00000000 0.00000000 0.00000000 0.00000000 0.000000000 0.000000000 0.000000000 0.000000e+00 0.000000e+00 0.000000000
   60    1      1      0    0      1      30      30     4  0.00000000 4.0000000 0.0000000 0.00000000 0.00000000 0.00000000 0.00000000 0.00000000 0.00000000 0.000000000 0.000000000 0.000000000 0.000000e+00 0.000000e+00 0.000000000
   60    1      1      0    0      1      31      31     2  0.00000000 2.0000000 0.0000000 0.00000000 0.00000000 0.00000000 0.00000000 0.00000000 0.00000000 0.000000000 0.000000000 0.000000000 0.000000e+00 0.000000e+00 0.000000000
   60    1      1      0    0      1      33      33     5  0.00000000 5.0000000 0.0000000 0.00000000 0.00000000 0.00000000 0.00000000 0.00000000 0.00000000 0.000000000 0.000000000 0.000000000 0.000000e+00 0.000000e+00 0.000000000
   60    1      1      0    0      1      35      35     2  0.00000000 2.0000000 0.0000000 0.00000000 0.00000000 0.00000000 0.00000000 0.00000000 0.00000000 0.000000000 0.000000000 0.000000000 0.000000e+00 0.000000e+00 0.000000000
   60    1      1      0    0      1      37      37     1  0.00000000 1.0000000 0.0000000 0.00000000 0.00000000 0.00000000 0.00000000 0.00000000 0.00000000 0.000000000 0.000000000 0.000000000 0.000000e+00 0.000000e+00 0.000000000
   60    1      1      0    0      1      38      38     1  0.00000000 1.0000000 0.0000000 0.00000000 0.00000000 0.00000000 0.00000000 0.00000000 0.00000000 0.000000000 0.000000000 0.000000000 0.000000e+00 0.000000e+00 0.000000000
   60    1      1      0    0      1      39      39     3  0.00000000 3.0000000 0.0000000 0.00000000 0.00000000 0.00000000 0.00000000 0.00000000 0.00000000 0.000000000 0.000000000 0.000000000 0.000000e+00 0.000000e+00 0.000000000
  100    1      1      0    0      1       4       4     1  1.00000000 0.0000000 0.0000000 0.00000000 0.00000000 0.00000000 0.00000000 0.00000000 0.00000000 0.000000000 0.000000000 0.000000000 0.000000e+00 0.000000e+00 0.000000000
  100    1      1      0    0      1       5       5     2  2.00000000 0.0000000 0.0000000 0.00000000 0.00000000 0.00000000 0.00000000 0.00000000 0.00000000 0.000000000 0.000000000 0.000000000 0.000000e+00 0.000000e+00 0.000000000
  100    1      1      0    0      1       8       8     2  2.00000000 0.0000000 0.0000000 0.00000000 0.00000000 0.00000000 0.00000000 0.00000000 0.00000000 0.000000000 0.000000000 0.000000000 0.000000e+00 0.000000e+00 0.000000000
  100    1      1      0    0      1       9       9     3  3.00000000 0.0000000 0.0000000 0.00000000 0.00000000 0.00000000 0.00000000 0.00000000 0.00000000 0.000000000 0.000000000 0.000000000 0.000000e+00 0.000000e+00 0.000000000
  100    1      1      0    0      1      10      10     6  6.00000000 0.0000000 0.0000000 0.00000000 0.00000000 0.00000000 0.00000000 0.00000000 0.00000000 0.000000000 0.000000000 0.000000000 0.000000e+00 0.000000e+00 0.000000000
  100    1      1      0    0      1      11      11     9  9.00000000 0.0000000 0.0000000 0.00000000 0.00000000 0.00000000 0.00000000 0.00000000 0.00000000 0.000000000 0.000000000 0.000000000 0.000000e+00 0.000000e+00 0.000000000
  100    1      1      0    0      1      12      12     1  1.00000000 0.0000000 0.0000000 0.00000000 0.00000000 0.00000000 0.00000000 0.00000000 0.00000000 0.000000000 0.000000000 0.000000000 0.000000e+00 0.000000e+00 0.000000000
  100    1      1      0    0      1      13      13     6  6.00000000 0.0000000 0.0000000 0.00000000 0.00000000 0.00000000 0.00000000 0.00000000 0.00000000 0.000000000 0.000000000 0.000000000 0.000000e+00 0.000000e+00 0.000000000
  100    1      1      0    0      1      14      14     4  4.00000000 0.0000000 0.0000000 0.00000000 0.00000000 0.00000000 0.00000000 0.00000000 0.00000000 0.000000000 0.000000000 0.000000000 0.000000e+00 0.000000e+00 0.000000000
  100    1      1      0    0      1      15      15     4  4.00000000 0.0000000 0.0000000 0.00000000 0.00000000 0.00000000 0.00000000 0.00000000 0.00000000 0.000000000 0.000000000 0.000000000 0.000000e+00 0.000000e+00 0.000000000
  100    1      1      0    0      1      16      16     4  4.00000000 0.0000000 0.0000000 0.00000000 0.00000000 0.00000000 0.00000000 0.00000000 0.00000000 0.000000000 0.000000000 0.000000000 0.000000e+00 0.000000e+00 0.000000000
  100    1      1      0    0      1      17      17     9  9.00000000 0.0000000 0.0000000 0.00000000 0.00000000 0.00000000 0.00000000 0.00000000 0.00000000 0.000000000 0.000000000 0.000000000 0.000000e+00 0.000000e+00 0.000000000
  100    1      1      0    0      1      18      18     3  3.00000000 0.0000000 0.0000000 0.00000000 0.00000000 0.00000000 0.00000000 0.00000000 0.00000000 0.000000000 0.000000000 0.000000000 0.000000e+00 0.000000e+00 0.000000000
  100    1      1      0    0      1      19      19     2  2.00000000 0.0000000 0.0000000 0.00000000 0.00000000 0.00000000 0.00000000 0.00000000 0.00000000 0.000000000 0.000000000 0.000000000 0.000000e+00 0.000000e+00 0.000000000
  100    1      1      0    0      1      20      20     2  2.00000000 0.0000000 0.0000000 0.00000000 0.00000000 0.00000000 0.00000000 0.00000000 0.00000000 0.000000000 0.000000000 0.000000000 0.000000e+00 0.000000e+00 0.000000000
  100    1      1      0    0      1      21      21     4  4.00000000 0.0000000 0.0000000 0.00000000 0.00000000 0.00000000 0.00000000 0.00000000 0.00000000 0.000000000 0.000000000 0.000000000 0.000000e+00 0.000000e+00 0.000000000
  100    1      1      0    0      1      22      22     2  2.00000000 0.0000000 0.0000000 0.00000000 0.00000000 0.00000000 0.00000000 0.00000000 0.00000000 0.000000000 0.000000000 0.000000000 0.000000e+00 0.000000e+00 0.000000000
  100    1      1      0    0      1      24      24     6  6.00000000 0.0000000 0.0000000 0.00000000 0.00000000 0.00000000 0.00000000 0.00000000 0.00000000 0.000000000 0.000000000 0.000000000 0.000000e+00 0.000000e+00 0.000000000
  100    1      1      0    0      1      25      25     4  4.00000000 0.0000000 0.0000000 0.00000000 0.00000000 0.00000000 0.00000000 0.00000000 0.00000000 0.000000000 0.000000000 0.000000000 0.000000e+00 0.000000e+00 0.000000000
  100    1      1      0    0      1      26      26     3  3.00000000 0.0000000 0.0000000 0.00000000 0.00000000 0.00000000 0.00000000 0.00000000 0.00000000 0.000000000 0.000000000 0.000000000 0.000000e+00 0.000000e+00 0.000000000
  100    1      1      0    0      1      27      27     6  6.00000000 0.0000000 0.0000000 0.00000000 0.00000000 0.00000000 0.00000000 0.00000000 0.00000000 0.000000000 0.000000000 0.000000000 0.000000e+00 0.000000e+00 0.000000000
  100    1      1      0    0      1      30      30     2  1.00000000 1.0000000 0.0000000 0.00000000 0.00000000 0.00000000 0.00000000 0.00000000 0.00000000 0.000000000 0.000000000 0.000000000 0.000000e+00 0.000000e+00 0.000000000
  100    1      1      0    0      1      31      31     2  0.00000000 2.0000000 0.0000000 0.00000000 0.00000000 0.00000000 0.00000000 0.00000000 0.00000000 0.000000000 0.000000000 0.000000000 0.000000e+00 0.000000e+00 0.000000000
  100    1      1      0    0      1      32      32     5  0.00000000 5.0000000 0.0000000 0.00000000 0.00000000 0.00000000 0.00000000 0.00000000 0.00000000 0.000000000 0.000000000 0.000000000 0.000000e+00 0.000000e+00 0.000000000
  100    1      1      0    0      1      35      35     3  0.00000000 3.0000000 0.0000000 0.00000000 0.00000000 0.00000000 0.00000000 0.00000000 0.00000000 0.000000000 0.000000000 0.000000000 0.000000e+00 0.000000e+00 0.000000000
  100    1      1      0    0      1      37      37     1  0.00000000 1.0000000 0.0000000 0.00000000 0.00000000 0.00000000 0.00000000 0.00000000 0.00000000 0.000000000 0.000000000 0.000000000 0.000000e+00 0.000000e+00 0.000000000
  100    1      1      0    0      1      39      39     4  0.00000000 4.0000000 0.0000000 0.00000000 0.00000000 0.00000000 0.00000000 0.00000000 0.00000000 0.000000000 0.000000000 0.000000000 0.000000e+00 0.000000e+00 0.000000000
0 #_N_MeanSize_at_Age_obs
0 #_N_environ_variables
0 #_N_environ_obs
0 #_N_sizefreq_methods
0 #_do_tags
0 #_morphcomp_data
#
999
