#C data file created using the SS_writedat function in the R package r4ss
#C should work with SS version: 
#C file write time: 2015-02-11 18:02:50
#
1 #_styr
100 #_endyr
1 #_nseas
12 #_months_per_seas
1 #_spawn_seas
1 #_Nfleet
2 #_Nsurveys
1 #_N_areas
Fishery%Survey%CPUE #_fleetnames
0.5 0.5 0.5 #_surveytiming_in_season
1 1 1 #_area_assignments_for_each_fishery_and_survey
1 #_units of catch:  1=bio; 2=num
0.01 #_se of log(catch) only used for init_eq_catch and for Fmethod 2 and 3
1 #_Ngenders
25 #_Nages
0 #_init_equil_catch_for_each_fishery
100 #_N_lines_of_catch_to_read
 #_Fishery year seas
         0    1    1
         0    2    1
         0    3    1
         0    4    1
         0    5    1
         0    6    1
         0    7    1
         0    8    1
         0    9    1
         0   10    1
         0   11    1
         0   12    1
         0   13    1
         0   14    1
         0   15    1
         0   16    1
         0   17    1
         0   18    1
         0   19    1
         0   20    1
         0   21    1
         0   22    1
         0   23    1
         0   24    1
         0   25    1
 444646000   26    1
 397608000   27    1
 357583000   28    1
 324161000   29    1
 296656000   30    1
 274240000   31    1
 256057000   32    1
 241314000   33    1
 229322000   34    1
 219511000   35    1
 211426000   36    1
 204710000   37    1
 199088000   38    1
 194347000   39    1
 190324000   40    1
 186891000   41    1
 183948000   42    1
 181416000   43    1
 179230000   44    1
 177337000   45    1
 175694000   46    1
 174266000   47    1
 173022000   48    1
 171937000   49    1
 170990000   50    1
 170161000   51    1
 169436000   52    1
 168801000   53    1
 168243000   54    1
 167755000   55    1
 167325000   56    1
 166948000   57    1
 166617000   58    1
 166326000   59    1
 166070000   60    1
 165844000   61    1
 165646000   62    1
 165471000   63    1
 165317000   64    1
 165182000   65    1
 165063000   66    1
 164958000   67    1
 164865000   68    1
 164784000   69    1
 164712000   70    1
 164649000   71    1
 164593000   72    1
 164544000   73    1
 164500000   74    1
 164462000   75    1
 164429000   76    1
 164399000   77    1
 164373000   78    1
 164350000   79    1
 164329000   80    1
 164311000   81    1
 164296000   82    1
 164282000   83    1
 164269000   84    1
 164258000   85    1
 164249000   86    1
 164240000   87    1
 164233000   88    1
 164227000   89    1
 164221000   90    1
 164216000   91    1
 164211000   92    1
 164207000   93    1
 164204000   94    1
 164201000   95    1
 164198000   96    1
 164195000   97    1
 164193000   98    1
 164192000   99    1
 164190000  100    1
13 #_N_cpue
 #_Fleet Units Errtype
       1     1       0
       2     1       0
       3     1       0
 #_year seas index        obs se_log
     76    1     2 1373634357    0.2
     78    1     2 1700548578    0.2
     80    1     2 1110503292    0.2
     82    1     2 1649246374    0.2
     84    1     2 1305707713    0.2
     86    1     2 1486759100    0.2
     88    1     2 1361216100    0.2
     90    1     2 1095944959    0.2
     92    1     2 1427283792    0.2
     94    1     2 1562985966    0.2
     96    1     2 1220032181    0.2
     98    1     2 1353894468    0.2
    100    1     2 1225818183    0.2
0 #_N_discard_fleets
#_discard_units (1=same_as_catchunits(bio/num); 2=fraction; 3=numbers)
#_discard_errtype:  >0 for DF of T-dist(read CV below); 0 for normal with CV; -1 for normal with se; -2 for lognormal
0 #_N_discard
0 #_N_meanbodywt
1 #_DF_for_meanbodywt_T-distribution_like
2 # length bin method: 1=use databins; 2=generate from binwidth,min,max below; 3=read vector
1 # binwidth for population size comp
10 # minimum size in the population (lower edge of first bin and size at age 0.00)
200 # maximum size in the population (lower edge of last bin)
-0.001 #_comp_tail_compression
1e-05 #_add_to_comp
0 #_combine males into females at or below this bin number
45 #_N_lbins
#_lbin_vector
20 23 26 29 32 35 38 41 44 47 50 53 56 59 62 65 68 71 74 77 80 83 86 89 92 95 98 101 104 107 110 113 116 119 122 125 128 131 134 137 140 143 146 149 152
28 #_N_Length_comp_observations
 #_Yr Seas FltSvy Gender Part Nsamp           l20          l23          l26         l29          l32          l35          l38         l41        l44        l47        l50        l53        l56         l59         l62        l65        l68        l71        l74        l77        l80        l83        l86         l89        l92        l95         l98        l101        l104        l107        l110        l113        l116        l119        l122         l125         l128         l131         l134         l137         l140         l143         l146         l149         l152
   26    1      1      0    0   125  0.000000e+00 1.404588e-07 4.534117e-03 0.001675620 0.0116920364 0.0141133464 2.456956e-04 0.025044072 0.01791002 0.04222120 0.05838980 0.01340341 0.02095007 0.035751069 0.027890583 0.05208089 0.01873162 0.01867987 0.04004833 0.01930742 0.02745514 0.02869244 0.02851448 0.044929916 0.02442457 0.02930088 0.046125403 0.027320804 0.032785279 0.038576994 0.018091329 0.012624005 0.009788573 0.007495415 0.020440849 0.0870250378 0.0235095381 0.0219104327 4.195821e-02 1.037546e-03 1.961025e-03 6.184410e-04 2.202852e-03 1.587655e-04 3.827782e-04
   36    1      1      0    0   125  2.925410e-09 2.679104e-11 4.045015e-03 0.002822125 0.0060985071 0.0005811457 1.374797e-02 0.033770749 0.04203226 0.08035162 0.06384814 0.07049569 0.02631590 0.051091131 0.028695897 0.04009448 0.04321677 0.02363803 0.05556790 0.01620645 0.03035317 0.01491352 0.01763843 0.028871985 0.00708441 0.02363455 0.048522237 0.053108921 0.013549196 0.012221608 0.035801652 0.018135079 0.006686792 0.010387957 0.029166900 0.0102534375 0.0041778421 0.0076005556 5.557060e-03 1.090850e-02 3.800762e-03 2.304147e-03 2.697684e-03 8.143554e-08 3.767060e-06
   46    1      1      0    0   125 5.810759e-121 7.141453e-04 7.774591e-04 0.008599572 0.0047295035 0.0010944838 8.434487e-04 0.029228735 0.05635434 0.06539052 0.05670208 0.10451058 0.00841267 0.065180010 0.048770163 0.07235297 0.03570943 0.05094316 0.02211075 0.01583440 0.02195650 0.05978356 0.02471499 0.013945815 0.01654971 0.03328011 0.012426424 0.057766162 0.018447046 0.022783059 0.010404083 0.016545271 0.007595716 0.006466536 0.004179448 0.0005706510 0.0063003522 0.0141083007 6.141433e-04 1.526660e-03 1.356996e-03 4.072545e-04 8.823637e-06 1.385685e-06 2.581754e-06
   56    1      1      0    0   125  6.646249e-20 4.405988e-12 5.016966e-03 0.011116975 0.0162009327 0.0052679609 1.555198e-02 0.022484982 0.05489699 0.05598967 0.07557282 0.03352633 0.03835449 0.049115566 0.032421973 0.06182513 0.03558385 0.04660733 0.05311696 0.01311103 0.03638662 0.05894997 0.03095989 0.019146771 0.00816129 0.05659985 0.008263429 0.031081125 0.011666094 0.003933865 0.020158159 0.014353149 0.026609046 0.006849008 0.018443005 0.0053749870 0.0024264068 0.0038781887 9.757968e-04 2.059570e-03 4.058377e-04 6.817383e-05 7.487840e-03 1.025111e-13 4.986193e-20
   60    1      1      0    0   125  1.071290e-24 4.461408e-06 3.932150e-07 0.002980244 0.0135992160 0.0006974219 1.052265e-03 0.021173131 0.07302564 0.06288913 0.04719624 0.05037706 0.04559656 0.049502841 0.028124391 0.01929585 0.02851377 0.03902098 0.06273773 0.01624727 0.05765337 0.01458491 0.02848591 0.010737953 0.04189114 0.02038177 0.050792666 0.026823329 0.019353388 0.009201782 0.038106982 0.030500856 0.012714142 0.011111666 0.013470264 0.0220457771 0.0075084926 0.0055486447 1.068030e-03 2.753479e-04 1.093462e-02 3.381829e-03 1.162898e-03 2.284787e-04 1.156591e-06
   64    1      1      0    0   125 2.887295e-103 1.722991e-05 2.716206e-04 0.006250500 0.0070026090 0.0067738806 2.593727e-03 0.011851463 0.08355474 0.10344699 0.05596285 0.04979512 0.03330097 0.062389660 0.043653235 0.02138837 0.05818902 0.02078002 0.01643051 0.02414041 0.03475570 0.02236706 0.05663316 0.019190143 0.03229510 0.03282809 0.028185471 0.009234450 0.020817410 0.015266163 0.001746620 0.028750541 0.009770088 0.026946760 0.005097376 0.0350991794 0.0030232399 0.0045147561 1.730568e-04 5.708599e-04 4.941829e-03 2.325027e-08 8.697199e-20 5.048379e-12 5.570295e-13
   68    1      1      0    0   125 1.834996e-191 3.570490e-11 2.872174e-03 0.002738513 0.0053883269 0.0088745966 1.886786e-03 0.019832785 0.04376520 0.06163889 0.05315273 0.08346294 0.01936999 0.017382512 0.028571222 0.11946658 0.04578495 0.04165315 0.04768153 0.05640338 0.02033681 0.04696202 0.02590978 0.013325710 0.01521098 0.01715399 0.043332323 0.037154723 0.031130749 0.015124755 0.007595447 0.009790979 0.004363582 0.004711272 0.007056996 0.0003307924 0.0127504739 0.0067244660 1.054770e-02 5.024105e-03 1.030334e-03 1.320300e-03 7.659603e-05 3.416847e-07 3.108523e-03
   72    1      1      0    0   125  9.390242e-37 1.248735e-05 1.726703e-06 0.006510291 0.0061454957 0.0118747992 6.935299e-05 0.004955720 0.02686147 0.04903915 0.08942015 0.05940990 0.02560571 0.040206172 0.054431562 0.06231937 0.04747783 0.01856422 0.01998497 0.04672456 0.06494380 0.04955340 0.02967156 0.038805429 0.02448068 0.03121212 0.017068302 0.017933835 0.021908849 0.017695786 0.022346902 0.021297489 0.028727394 0.001287616 0.002572833 0.0013544531 0.0051939471 0.0290324104 2.523961e-07 3.450393e-04 3.937629e-03 3.748923e-04 6.403776e-04 1.149310e-14 6.113074e-08
   76    1      1      0    0   125 3.927243e-207 1.562515e-10 2.092465e-04 0.026491911 0.0148010750 0.0040752611 7.674958e-04 0.046159255 0.05650195 0.04421795 0.03456484 0.03843322 0.03081889 0.036419454 0.065005867 0.03801499 0.05516724 0.01457860 0.01433132 0.03654743 0.06616370 0.03821273 0.03953903 0.009981654 0.01886572 0.01432716 0.044490531 0.026830872 0.037519178 0.047681748 0.018589664 0.012937600 0.001082113 0.006565984 0.011080556 0.0022949586 0.0215575374 0.0015897716 2.245616e-02 2.398868e-04 3.990751e-04 2.667959e-05 4.064169e-07 4.612869e-04 1.382351e-08
   80    1      1      0    0   125  1.692048e-40 1.687430e-11 3.046114e-04 0.006538877 0.0027069520 0.0035970171 9.515780e-03 0.018001268 0.03425091 0.05491116 0.08087227 0.01598359 0.06123100 0.009911311 0.091127250 0.04874055 0.03269076 0.04341773 0.04026514 0.01467699 0.04725361 0.04580515 0.01668224 0.017301208 0.05259506 0.04205767 0.020507354 0.015142419 0.028074434 0.015666176 0.014416991 0.013769022 0.030437615 0.016836465 0.007027980 0.0186831904 0.0174720042 0.0041041652 5.838605e-03 1.363988e-03 1.485866e-04 6.796956e-05 1.954785e-06 4.565324e-10 2.953648e-06
   84    1      1      0    0   125 2.006668e-163 3.544058e-03 2.429971e-03 0.003092738 0.0002837938 0.0006337114 1.480214e-03 0.029458107 0.01375068 0.05037669 0.07019062 0.04849287 0.04579166 0.048769100 0.057763307 0.04171565 0.09206140 0.10331840 0.05701172 0.03758306 0.02135124 0.01400503 0.01845838 0.021408623 0.01933611 0.02616823 0.016981178 0.005913183 0.007466347 0.011795152 0.037154403 0.004508328 0.012301413 0.007598181 0.005948353 0.0224274487 0.0325399072 0.0029860718 1.563613e-04 3.739949e-03 8.048746e-08 1.002134e-06 6.710158e-08 3.217515e-19 7.210251e-06
   88    1      1      0    0   125 5.337095e-319 7.132165e-06 5.218325e-03 0.007540427 0.0022864216 0.0020826691 1.540242e-02 0.003499943 0.03228793 0.06030593 0.06662415 0.07518006 0.02427055 0.033628766 0.029709682 0.04065593 0.04372964 0.04869983 0.03486488 0.01716099 0.06274957 0.04706692 0.03124174 0.072346199 0.03598537 0.04670710 0.036149582 0.027754751 0.007071756 0.009048437 0.029216110 0.003835327 0.022532845 0.001082698 0.001116896 0.0045423937 0.0089982049 0.0021289968 2.320291e-03 5.611965e-05 1.639995e-04 3.058681e-04 4.586733e-16 1.415217e-06 4.421726e-03
   92    1      1      0    0   125  2.027513e-25 6.922404e-10 2.786170e-03 0.017682940 0.0385036018 0.0018476677 6.798954e-05 0.004666179 0.04902398 0.05805840 0.08805971 0.04076799 0.02895436 0.053971550 0.019544691 0.02887670 0.04058253 0.04464839 0.06494056 0.01305111 0.01665660 0.02789779 0.02389688 0.020568065 0.02021508 0.02114342 0.031258889 0.011848577 0.016028916 0.038812040 0.031441993 0.052538051 0.006085201 0.009796388 0.023763077 0.0313985552 0.0099472888 0.0016237941 7.560463e-06 3.305909e-03 5.462689e-03 7.506860e-06 2.180556e-13 1.752135e-11 2.612053e-04
   96    1      1      0    0   125 6.789351e-106 4.888746e-03 2.428797e-03 0.003574943 0.0077465416 0.0018213013 5.218882e-03 0.047977567 0.02207049 0.06046089 0.05459227 0.06132851 0.02956252 0.084591980 0.008477888 0.06317866 0.04097711 0.03338524 0.01890150 0.04549169 0.06939100 0.01440514 0.02870317 0.016387018 0.03135225 0.01923680 0.041371881 0.076915161 0.004586966 0.016246578 0.019232028 0.011479173 0.022490253 0.001138612 0.005819323 0.0074313758 0.0007629956 0.0083532701 5.393518e-04 6.771698e-04 2.768946e-05 2.073410e-04 3.966853e-04 6.043388e-03 1.298483e-04
  100    1      1      0    0   125 1.086801e-193 1.896464e-79 8.840568e-03 0.002700346 0.0047172868 0.0034390917 2.865430e-03 0.025558823 0.01981494 0.06615315 0.03976759 0.02886916 0.04838333 0.047387111 0.064577817 0.04643275 0.06736905 0.03500577 0.03901893 0.02130367 0.04152505 0.02400598 0.03766093 0.016877141 0.05429380 0.02332140 0.004870310 0.030297588 0.039752893 0.009065593 0.011419760 0.016827695 0.023379040 0.011780725 0.039449858 0.0123024997 0.0059657315 0.0060527258 6.971693e-03 3.028266e-03 1.350128e-03 8.612867e-04 3.823629e-08 6.735052e-03 6.586219e-17
   76    1      2      0    0   500  2.716937e-12 6.944859e-04 1.700602e-02 0.056493130 0.0588228592 0.0197844263 8.798675e-03 0.011135334 0.03856163 0.04014121 0.05799777 0.03802082 0.04898264 0.025730283 0.040935393 0.02897626 0.03934396 0.02979806 0.02304651 0.02601316 0.02718948 0.03693944 0.02707922 0.029601224 0.03712644 0.01483296 0.026099428 0.018065271 0.029891866 0.017141328 0.026278511 0.012693543 0.025375496 0.010111817 0.011288113 0.0066915983 0.0053539812 0.0126570301 3.150469e-03 6.867540e-04 3.491550e-03 4.497842e-03 9.994318e-04 5.105649e-04 1.964002e-03
   78    1      2      0    0   500  5.595672e-10 3.673419e-03 2.057417e-02 0.043497282 0.0367726162 0.0199430139 1.005240e-02 0.020804660 0.05482299 0.06945979 0.05763042 0.04038425 0.05734359 0.021921037 0.040000453 0.03511157 0.03382908 0.03833018 0.02702169 0.02362209 0.03088022 0.01858855 0.02762124 0.050164961 0.01429425 0.02519802 0.019134456 0.020817520 0.019149333 0.024085930 0.016037008 0.011384292 0.017036966 0.008880141 0.011968536 0.0036267932 0.0029975902 0.0028756724 4.198689e-03 8.825878e-03 5.896591e-03 3.088697e-04 1.628597e-05 3.255616e-04 8.919433e-04
   80    1      2      0    0   500  1.750422e-04 5.931126e-04 2.072203e-02 0.050936090 0.0434091116 0.0210381212 5.598421e-03 0.017435870 0.05254254 0.05341213 0.05522006 0.04678848 0.03133283 0.023142141 0.047046629 0.03641149 0.04662141 0.03830594 0.03406639 0.03391206 0.02714730 0.03317575 0.03073017 0.020409989 0.02284525 0.01708088 0.028087599 0.031333534 0.016267382 0.016390947 0.018240261 0.010225247 0.021211496 0.010007055 0.004326870 0.0073599833 0.0073305750 0.0007837923 8.520126e-03 3.768094e-04 3.738527e-03 5.315276e-03 3.401927e-05 5.839718e-05 2.928703e-04
   82    1      2      0    0   500  4.058825e-03 1.057716e-03 9.628609e-03 0.043433835 0.0490774807 0.0170464124 1.039807e-02 0.024266801 0.04706884 0.05477098 0.04779590 0.03915034 0.04052667 0.032493023 0.039416852 0.03382812 0.04593631 0.03944725 0.02741595 0.03721876 0.02718736 0.01827536 0.03132305 0.024706154 0.02644717 0.03051225 0.029631875 0.026459936 0.014442651 0.016658725 0.020010166 0.020360479 0.008202040 0.011760974 0.012261591 0.0080094589 0.0118212403 0.0054503802 1.978571e-03 3.548631e-03 8.053962e-04 8.556269e-06 2.287722e-06 5.011956e-03 1.086990e-03
   84    1      2      0    0   500  1.715574e-15 1.682219e-04 1.743182e-02 0.059492842 0.0566595809 0.0183929419 1.328888e-02 0.022070868 0.04136127 0.06262969 0.04513423 0.04462402 0.03058110 0.033664526 0.035429930 0.05140294 0.03645199 0.02950352 0.03829010 0.04068670 0.02444498 0.03373063 0.03537896 0.022524934 0.01173939 0.01814331 0.022795275 0.024375265 0.022661358 0.016045756 0.011874367 0.018035742 0.006707543 0.016055721 0.015232986 0.0011538075 0.0047796101 0.0017204649 3.101975e-03 3.668268e-03 5.465595e-04 2.044569e-03 5.120108e-03 8.328082e-04 2.045522e-05
   86    1      2      0    0   500  2.361867e-35 4.433140e-04 1.804981e-02 0.050474644 0.0546247179 0.0318972289 1.267001e-02 0.015707022 0.04281426 0.06506638 0.05560477 0.03283462 0.02319657 0.046141241 0.037363609 0.04154172 0.03776181 0.03849257 0.03102368 0.03979677 0.01866591 0.03156013 0.03320468 0.028220607 0.02504550 0.02949076 0.022198533 0.020084372 0.017857452 0.020847997 0.010752477 0.009998320 0.009094899 0.007738863 0.004829824 0.0130854958 0.0122259107 0.0044324224 4.828320e-04 2.042603e-03 4.515812e-04 5.194214e-04 9.023979e-04 7.612915e-04 9.765538e-07
   88    1      2      0    0   500  1.993624e-04 2.522520e-03 1.253633e-02 0.063702031 0.0444153044 0.0180944415 1.172693e-02 0.016376291 0.05994945 0.06634799 0.05097734 0.03061799 0.03924508 0.031319239 0.055340849 0.04219419 0.04017192 0.04361955 0.03222632 0.02183447 0.03476192 0.02607875 0.02384675 0.022719543 0.02029461 0.02768674 0.028198218 0.013828897 0.012618409 0.021624924 0.014034926 0.023988509 0.007846021 0.017180500 0.006721476 0.0032066955 0.0028707873 0.0012684534 3.703177e-03 1.567276e-03 1.202170e-04 1.427378e-03 1.129408e-05 9.468670e-04 3.007725e-05
   90    1      2      0    0   500  2.406120e-03 4.534668e-03 1.566248e-02 0.033851834 0.0456125081 0.0177101919 6.556396e-03 0.025303837 0.04534714 0.08053021 0.05809628 0.05869525 0.03270818 0.022311724 0.039271471 0.03636443 0.02705222 0.02531785 0.03803342 0.03870735 0.03790545 0.02459948 0.02093700 0.029713287 0.03937059 0.01980010 0.020654083 0.019749515 0.020918938 0.011437290 0.017222448 0.016415374 0.014352493 0.010766703 0.012526963 0.0068127896 0.0005192175 0.0090426049 4.560810e-03 2.222919e-03 1.461867e-03 2.525904e-03 1.213581e-03 9.515415e-05 1.101873e-03
   92    1      2      0    0   500  1.761048e-17 8.554810e-03 2.317201e-02 0.037804538 0.0515804233 0.0144362729 1.071493e-02 0.031606495 0.04712273 0.05374129 0.07232112 0.04838548 0.02789066 0.026429824 0.038339690 0.03954049 0.03632918 0.03442183 0.03195418 0.02282725 0.03624057 0.03026206 0.03003267 0.024343838 0.02370165 0.02922822 0.019591912 0.012625893 0.017251819 0.016776303 0.017987347 0.007978763 0.012865361 0.006158455 0.021446304 0.0101088803 0.0094983592 0.0072523448 2.530409e-03 2.936486e-04 2.012125e-06 5.457300e-04 1.056563e-03 1.801949e-03 3.245754e-03
   94    1      2      0    0   500  1.867395e-04 7.466201e-04 2.847105e-02 0.040528590 0.0562746421 0.0266040081 6.779164e-03 0.023875323 0.04002153 0.04952116 0.05052812 0.07654554 0.02417918 0.036104616 0.045446004 0.03411687 0.02945559 0.03094341 0.03558312 0.02532324 0.02693391 0.01960346 0.02346613 0.028505907 0.02958366 0.02378878 0.031991871 0.027944097 0.019214729 0.017925396 0.014078105 0.017079914 0.011432651 0.013919551 0.005049128 0.0057694901 0.0012471337 0.0040557572 5.165802e-03 7.126389e-03 3.359150e-03 3.776310e-04 6.961526e-04 4.502267e-04 4.546081e-07
   96    1      2      0    0   500  7.605804e-11 6.773522e-04 2.725328e-02 0.043209310 0.0416662667 0.0286317643 6.819752e-03 0.024819739 0.02685881 0.06230219 0.03421821 0.02979573 0.05551470 0.023340838 0.051052892 0.04672797 0.04938075 0.03082901 0.03023639 0.03013201 0.03620131 0.02532949 0.04263943 0.014836678 0.02978118 0.04149082 0.032466563 0.024501937 0.018282430 0.011120669 0.017798340 0.013769730 0.007899620 0.008493687 0.004850218 0.0143157937 0.0013182576 0.0036084575 1.896526e-03 1.345224e-04 4.754611e-03 3.166458e-04 1.284443e-04 1.282047e-15 5.976835e-04
   98    1      2      0    0   500  2.851940e-11 1.109588e-03 2.418774e-02 0.048945885 0.0323755627 0.0297876348 9.455623e-03 0.026389143 0.01982455 0.05423701 0.06593559 0.03946092 0.01823247 0.027836754 0.027566345 0.03189096 0.03347805 0.04107098 0.03471997 0.04863425 0.02808925 0.03084766 0.03991801 0.050979078 0.01899471 0.01924032 0.035440016 0.033680845 0.010225363 0.022967311 0.005280900 0.013305409 0.011210002 0.014084784 0.005873843 0.0224515247 0.0103944688 0.0031560208 1.536101e-03 2.809960e-03 2.894091e-03 1.359766e-05 1.119549e-07 2.458465e-09 1.467602e-03
  100    1      2      0    0   500  1.637065e-03 1.541359e-03 3.252339e-02 0.048814252 0.0553870930 0.0206773531 1.401480e-02 0.024217744 0.04779986 0.04712243 0.05698680 0.03789304 0.02714936 0.021787235 0.046808822 0.04808276 0.03385978 0.02488462 0.03817093 0.04135855 0.03547130 0.02739862 0.02722381 0.023396670 0.02728352 0.03156387 0.022803372 0.016762705 0.017989160 0.020264460 0.015511555 0.007305139 0.014482230 0.011428486 0.010120073 0.0038680692 0.0021966782 0.0019376196 1.761278e-03 6.358996e-03 1.541576e-03 2.004087e-03 1.452644e-05 2.265907e-04 3.683834e-04
15 #_N_agebins
#_agebin_vector
1 2 3 4 5 6 7 8 9 10 11 12 13 14 15
1 #_N_ageerror_definitions
 #_age0   age1   age2   age3   age4   age5   age6   age7   age8   age9  age10  age11  age12  age13  age14  age15  age16  age17  age18  age19  age20  age21  age22  age23  age24  age25
 -1.000 -1.000 -1.000 -1.000 -1.000 -1.000 -1.000 -1.000 -1.000 -1.000 -1.000 -1.000 -1.000 -1.000 -1.000 -1.000 -1.000 -1.000 -1.000 -1.000 -1.000 -1.000 -1.000 -1.000 -1.000 -1.000
  0.001  0.001  0.001  0.001  0.001  0.001  0.001  0.001  0.001  0.001  0.001  0.001  0.001  0.001  0.001  0.001  0.001  0.001  0.001  0.001  0.001  0.001  0.001  0.001  0.001  0.001
88 #_N_agecomp
1 #_Lbin_method: 1=poplenbins; 2=datalenbins; 3=lengths
-1 #_combine males into females at or below this bin number
 #_Yr Seas FltSvy Gender Part Ageerr Lbin_lo Lbin_hi Nsamp         a1        a2        a3         a4         a5         a6         a7         a8          a9         a10         a11         a12          a13          a14         a15
   26    1      1      0    0      1      -1      -1   125 0.04601776 0.1540193 0.1311739 0.09762328 0.10267886 0.05861180 0.04730873 0.05246031 0.027146788 0.060823630 0.062989312 0.037017749 0.0265001230 0.0134684917 0.082159885
   36    1      1      0    0      1      -1      -1   125 0.03174777 0.2615265 0.1471277 0.11363722 0.12553633 0.09008662 0.04939001 0.03075522 0.067805252 0.016362046 0.023551798 0.023796889 0.0031309602 0.0072183012 0.008327316
   46    1      1      0    0      1      -1      -1   125 0.02604127 0.3063318 0.1805495 0.12843478 0.09798463 0.09813812 0.02008305 0.01778240 0.013755416 0.047901704 0.013043051 0.013880740 0.0135882804 0.0002329628 0.022252298
   56    1      1      0    0      1      -1      -1   125 0.04294383 0.2269781 0.1714929 0.17661338 0.12374218 0.04746608 0.06260754 0.04019471 0.015320053 0.026171406 0.013751558 0.010983672 0.0044636315 0.0079125675 0.029358438
   60    1      1      0    0      1      -1      -1   125 0.03026944 0.2458659 0.2223396 0.12549754 0.06849817 0.06158362 0.05127019 0.02028915 0.038897022 0.056484641 0.033373914 0.015143319 0.0074361992 0.0080215880 0.015029733
   64    1      1      0    0      1      -1      -1   125 0.03604170 0.2115015 0.2264241 0.18852814 0.10796449 0.04301992 0.05891250 0.04735045 0.022354875 0.014997234 0.015208894 0.013803013 0.0013503832 0.0026028145 0.009939986
   68    1      1      0    0      1      -1      -1   125 0.05794801 0.2565263 0.1268880 0.18317001 0.07355922 0.08974099 0.08404305 0.03802633 0.021131187 0.016468682 0.006527206 0.014067259 0.0160500718 0.0001979931 0.015655705
   72    1      1      0    0      1      -1      -1   125 0.03368538 0.2194512 0.1906049 0.17359485 0.09115561 0.06618055 0.05145709 0.05335291 0.045829641 0.012891140 0.009306712 0.009692041 0.0164230728 0.0048834613 0.021491451
   76    1      1      0    0      1      -1      -1   125 0.03493306 0.1753643 0.2228409 0.22269105 0.09005166 0.06547160 0.05559782 0.03237127 0.018382366 0.028643761 0.012266853 0.024967613 0.0097712595 0.0007659824 0.005880458
   80    1      1      0    0      1      -1      -1   125 0.03737757 0.1781492 0.2068093 0.20640818 0.12220590 0.03896528 0.05739159 0.05721951 0.016943667 0.041395046 0.003233120 0.008522968 0.0010018044 0.0091150387 0.015261822
   84    1      1      0    0      1      -1      -1   125 0.05082758 0.2635718 0.1553412 0.14788989 0.10032460 0.08730219 0.04958022 0.07372288 0.015572276 0.023669620 0.014802281 0.005273698 0.0016811047 0.0042121010 0.006228516
   88    1      1      0    0      1      -1      -1   125 0.04615556 0.2568039 0.1866357 0.13462223 0.09563785 0.05768003 0.03645214 0.07172007 0.003993524 0.020408364 0.020584963 0.017310636 0.0149911411 0.0001688018 0.036835080
   92    1      1      0    0      1      -1      -1   125 0.02993155 0.2900446 0.1966421 0.11288442 0.14546732 0.10670024 0.03939898 0.02676645 0.023018356 0.004330028 0.003303666 0.002082888 0.0004070393 0.0006834244 0.018338960
   96    1      1      0    0      1      -1      -1   125 0.03021224 0.2003895 0.1949294 0.14737634 0.07969390 0.15944800 0.05125347 0.02678243 0.015926714 0.022697623 0.022955725 0.025278071 0.0144575917 0.0002110078 0.008387987
  100    1      1      0    0      1      -1      -1   125 0.04709719 0.2419163 0.1683593 0.12728670 0.10484504 0.07752133 0.04066957 0.04144754 0.048619924 0.019290029 0.017965279 0.007718020 0.0029698181 0.0065076188 0.047786371
   76    1      2      0    0      1      -1      -1   500 0.13722653 0.2240214 0.1688173 0.12414340 0.08710187 0.07283110 0.05059825 0.03896057 0.010545766 0.016361758 0.013962580 0.020210921 0.0046887135 0.0042275738 0.026302286
   78    1      2      0    0      1      -1      -1   500 0.14424103 0.2341238 0.1545724 0.13438347 0.07481689 0.07594417 0.05878924 0.02881459 0.024814202 0.017338161 0.013596897 0.008858703 0.0124070992 0.0046839672 0.012615289
   80    1      2      0    0      1      -1      -1   500 0.11885434 0.2331508 0.1798328 0.13636093 0.07913068 0.06428138 0.05680664 0.02972461 0.025697428 0.007203474 0.015340901 0.021023199 0.0104241321 0.0088402639 0.013328382
   82    1      2      0    0      1      -1      -1   500 0.14078320 0.2532584 0.1890587 0.13069665 0.08190368 0.06924866 0.03790649 0.02653207 0.016553512 0.017886453 0.015680151 0.004062324 0.0051277743 0.0022229811 0.009078954
   84    1      2      0    0      1      -1      -1   500 0.14121343 0.2186781 0.1803354 0.11785901 0.08007693 0.07533277 0.07264591 0.03584768 0.022099801 0.015064102 0.013795022 0.009492671 0.0035140621 0.0044193346 0.009625779
   86    1      2      0    0      1      -1      -1   500 0.12601368 0.2149327 0.1946904 0.13080240 0.10835254 0.07174193 0.03439500 0.03105186 0.026611678 0.010729201 0.025065011 0.005558588 0.0115952357 0.0021858649 0.006273860
   88    1      2      0    0      1      -1      -1   500 0.13709267 0.2232274 0.1754259 0.11915056 0.08477524 0.06534008 0.04686247 0.03246990 0.024447553 0.026472893 0.013825260 0.012330102 0.0055951069 0.0193786932 0.013606231
   90    1      2      0    0      1      -1      -1   500 0.11435236 0.2372709 0.1864290 0.13495494 0.08712678 0.06999010 0.03549406 0.04714702 0.029966729 0.010501219 0.009733046 0.011991979 0.0046605764 0.0085453597 0.011835923
   92    1      2      0    0      1      -1      -1   500 0.16767625 0.2353831 0.1444351 0.13108310 0.08062184 0.06017165 0.04232935 0.03733088 0.025619981 0.014869329 0.020687122 0.006975673 0.0079150947 0.0086431967 0.016258329
   94    1      2      0    0      1      -1      -1   500 0.13475956 0.2188456 0.1820169 0.12095152 0.08587939 0.09673743 0.03439891 0.01994773 0.038292604 0.011809219 0.014431397 0.011837949 0.0069987960 0.0055772662 0.017515751
   96    1      2      0    0      1      -1      -1   500 0.16448131 0.2056058 0.1490324 0.11325651 0.10865827 0.06145058 0.06092132 0.04066190 0.023756650 0.024767726 0.010440779 0.006435345 0.0124011988 0.0034756586 0.014654481
   98    1      2      0    0      1      -1      -1   500 0.15682082 0.2513536 0.1551389 0.11400460 0.08976684 0.06996793 0.05210729 0.02732009 0.009143321 0.030141974 0.009094993 0.012510428 0.0046423247 0.0057973263 0.012189477
  100    1      2      0    0      1      -1      -1   500 0.15685692 0.2050416 0.1338496 0.14520845 0.09634966 0.07064667 0.05971379 0.04794268 0.024142807 0.012866947 0.010601267 0.003038687 0.0069188755 0.0027444845 0.024077518
   60    1      1      0    0      1       5       5     2 2.00000000 0.0000000 0.0000000 0.00000000 0.00000000 0.00000000 0.00000000 0.00000000 0.000000000 0.000000000 0.000000000 0.000000000 0.0000000000 0.0000000000 0.000000000
   60    1      1      0    0      1       8       8     4 4.00000000 0.0000000 0.0000000 0.00000000 0.00000000 0.00000000 0.00000000 0.00000000 0.000000000 0.000000000 0.000000000 0.000000000 0.0000000000 0.0000000000 0.000000000
   60    1      1      0    0      1       9       9     6 6.00000000 0.0000000 0.0000000 0.00000000 0.00000000 0.00000000 0.00000000 0.00000000 0.000000000 0.000000000 0.000000000 0.000000000 0.0000000000 0.0000000000 0.000000000
   60    1      1      0    0      1      10      10     5 5.00000000 0.0000000 0.0000000 0.00000000 0.00000000 0.00000000 0.00000000 0.00000000 0.000000000 0.000000000 0.000000000 0.000000000 0.0000000000 0.0000000000 0.000000000
   60    1      1      0    0      1      11      11     4 4.00000000 0.0000000 0.0000000 0.00000000 0.00000000 0.00000000 0.00000000 0.00000000 0.000000000 0.000000000 0.000000000 0.000000000 0.0000000000 0.0000000000 0.000000000
   60    1      1      0    0      1      12      12     8 8.00000000 0.0000000 0.0000000 0.00000000 0.00000000 0.00000000 0.00000000 0.00000000 0.000000000 0.000000000 0.000000000 0.000000000 0.0000000000 0.0000000000 0.000000000
   60    1      1      0    0      1      13      13     2 2.00000000 0.0000000 0.0000000 0.00000000 0.00000000 0.00000000 0.00000000 0.00000000 0.000000000 0.000000000 0.000000000 0.000000000 0.0000000000 0.0000000000 0.000000000
   60    1      1      0    0      1      14      14     5 5.00000000 0.0000000 0.0000000 0.00000000 0.00000000 0.00000000 0.00000000 0.00000000 0.000000000 0.000000000 0.000000000 0.000000000 0.0000000000 0.0000000000 0.000000000
   60    1      1      0    0      1      15      15     4 4.00000000 0.0000000 0.0000000 0.00000000 0.00000000 0.00000000 0.00000000 0.00000000 0.000000000 0.000000000 0.000000000 0.000000000 0.0000000000 0.0000000000 0.000000000
   60    1      1      0    0      1      17      17     2 2.00000000 0.0000000 0.0000000 0.00000000 0.00000000 0.00000000 0.00000000 0.00000000 0.000000000 0.000000000 0.000000000 0.000000000 0.0000000000 0.0000000000 0.000000000
   60    1      1      0    0      1      18      18     4 4.00000000 0.0000000 0.0000000 0.00000000 0.00000000 0.00000000 0.00000000 0.00000000 0.000000000 0.000000000 0.000000000 0.000000000 0.0000000000 0.0000000000 0.000000000
   60    1      1      0    0      1      19      19     8 8.00000000 0.0000000 0.0000000 0.00000000 0.00000000 0.00000000 0.00000000 0.00000000 0.000000000 0.000000000 0.000000000 0.000000000 0.0000000000 0.0000000000 0.000000000
   60    1      1      0    0      1      21      21     3 3.00000000 0.0000000 0.0000000 0.00000000 0.00000000 0.00000000 0.00000000 0.00000000 0.000000000 0.000000000 0.000000000 0.000000000 0.0000000000 0.0000000000 0.000000000
   60    1      1      0    0      1      22      22     1 1.00000000 0.0000000 0.0000000 0.00000000 0.00000000 0.00000000 0.00000000 0.00000000 0.000000000 0.000000000 0.000000000 0.000000000 0.0000000000 0.0000000000 0.000000000
   60    1      1      0    0      1      23      23     2 2.00000000 0.0000000 0.0000000 0.00000000 0.00000000 0.00000000 0.00000000 0.00000000 0.000000000 0.000000000 0.000000000 0.000000000 0.0000000000 0.0000000000 0.000000000
   60    1      1      0    0      1      24      24     3 3.00000000 0.0000000 0.0000000 0.00000000 0.00000000 0.00000000 0.00000000 0.00000000 0.000000000 0.000000000 0.000000000 0.000000000 0.0000000000 0.0000000000 0.000000000
   60    1      1      0    0      1      25      25     5 5.00000000 0.0000000 0.0000000 0.00000000 0.00000000 0.00000000 0.00000000 0.00000000 0.000000000 0.000000000 0.000000000 0.000000000 0.0000000000 0.0000000000 0.000000000
   60    1      1      0    0      1      27      27     8 6.00000000 2.0000000 0.0000000 0.00000000 0.00000000 0.00000000 0.00000000 0.00000000 0.000000000 0.000000000 0.000000000 0.000000000 0.0000000000 0.0000000000 0.000000000
   60    1      1      0    0      1      28      28     4 3.00000000 1.0000000 0.0000000 0.00000000 0.00000000 0.00000000 0.00000000 0.00000000 0.000000000 0.000000000 0.000000000 0.000000000 0.0000000000 0.0000000000 0.000000000
   60    1      1      0    0      1      29      29     2 0.00000000 2.0000000 0.0000000 0.00000000 0.00000000 0.00000000 0.00000000 0.00000000 0.000000000 0.000000000 0.000000000 0.000000000 0.0000000000 0.0000000000 0.000000000
   60    1      1      0    0      1      31      31     4 1.00000000 3.0000000 0.0000000 0.00000000 0.00000000 0.00000000 0.00000000 0.00000000 0.000000000 0.000000000 0.000000000 0.000000000 0.0000000000 0.0000000000 0.000000000
   60    1      1      0    0      1      32      32     3 0.00000000 3.0000000 0.0000000 0.00000000 0.00000000 0.00000000 0.00000000 0.00000000 0.000000000 0.000000000 0.000000000 0.000000000 0.0000000000 0.0000000000 0.000000000
   60    1      1      0    0      1      33      33     3 0.00000000 3.0000000 0.0000000 0.00000000 0.00000000 0.00000000 0.00000000 0.00000000 0.000000000 0.000000000 0.000000000 0.000000000 0.0000000000 0.0000000000 0.000000000
   60    1      1      0    0      1      35      35     1 0.00000000 1.0000000 0.0000000 0.00000000 0.00000000 0.00000000 0.00000000 0.00000000 0.000000000 0.000000000 0.000000000 0.000000000 0.0000000000 0.0000000000 0.000000000
   60    1      1      0    0      1      36      36     2 0.00000000 2.0000000 0.0000000 0.00000000 0.00000000 0.00000000 0.00000000 0.00000000 0.000000000 0.000000000 0.000000000 0.000000000 0.0000000000 0.0000000000 0.000000000
   60    1      1      0    0      1      37      37     1 0.00000000 1.0000000 0.0000000 0.00000000 0.00000000 0.00000000 0.00000000 0.00000000 0.000000000 0.000000000 0.000000000 0.000000000 0.0000000000 0.0000000000 0.000000000
   60    1      1      0    0      1      38      38     1 0.00000000 1.0000000 0.0000000 0.00000000 0.00000000 0.00000000 0.00000000 0.00000000 0.000000000 0.000000000 0.000000000 0.000000000 0.0000000000 0.0000000000 0.000000000
   60    1      1      0    0      1      41      41     2 0.00000000 2.0000000 0.0000000 0.00000000 0.00000000 0.00000000 0.00000000 0.00000000 0.000000000 0.000000000 0.000000000 0.000000000 0.0000000000 0.0000000000 0.000000000
   60    1      1      0    0      1      42      42     1 0.00000000 1.0000000 0.0000000 0.00000000 0.00000000 0.00000000 0.00000000 0.00000000 0.000000000 0.000000000 0.000000000 0.000000000 0.0000000000 0.0000000000 0.000000000
  100    1      1      0    0      1       3       3     1 1.00000000 0.0000000 0.0000000 0.00000000 0.00000000 0.00000000 0.00000000 0.00000000 0.000000000 0.000000000 0.000000000 0.000000000 0.0000000000 0.0000000000 0.000000000
  100    1      1      0    0      1       4       4     2 2.00000000 0.0000000 0.0000000 0.00000000 0.00000000 0.00000000 0.00000000 0.00000000 0.000000000 0.000000000 0.000000000 0.000000000 0.0000000000 0.0000000000 0.000000000
  100    1      1      0    0      1       8       8     3 3.00000000 0.0000000 0.0000000 0.00000000 0.00000000 0.00000000 0.00000000 0.00000000 0.000000000 0.000000000 0.000000000 0.000000000 0.0000000000 0.0000000000 0.000000000
  100    1      1      0    0      1      10      10     6 6.00000000 0.0000000 0.0000000 0.00000000 0.00000000 0.00000000 0.00000000 0.00000000 0.000000000 0.000000000 0.000000000 0.000000000 0.0000000000 0.0000000000 0.000000000
  100    1      1      0    0      1      11      11     4 4.00000000 0.0000000 0.0000000 0.00000000 0.00000000 0.00000000 0.00000000 0.00000000 0.000000000 0.000000000 0.000000000 0.000000000 0.0000000000 0.0000000000 0.000000000
  100    1      1      0    0      1      12      12     3 3.00000000 0.0000000 0.0000000 0.00000000 0.00000000 0.00000000 0.00000000 0.00000000 0.000000000 0.000000000 0.000000000 0.000000000 0.0000000000 0.0000000000 0.000000000
  100    1      1      0    0      1      13      13     4 4.00000000 0.0000000 0.0000000 0.00000000 0.00000000 0.00000000 0.00000000 0.00000000 0.000000000 0.000000000 0.000000000 0.000000000 0.0000000000 0.0000000000 0.000000000
  100    1      1      0    0      1      14      14     3 3.00000000 0.0000000 0.0000000 0.00000000 0.00000000 0.00000000 0.00000000 0.00000000 0.000000000 0.000000000 0.000000000 0.000000000 0.0000000000 0.0000000000 0.000000000
  100    1      1      0    0      1      15      15     6 6.00000000 0.0000000 0.0000000 0.00000000 0.00000000 0.00000000 0.00000000 0.00000000 0.000000000 0.000000000 0.000000000 0.000000000 0.0000000000 0.0000000000 0.000000000
  100    1      1      0    0      1      16      16     4 4.00000000 0.0000000 0.0000000 0.00000000 0.00000000 0.00000000 0.00000000 0.00000000 0.000000000 0.000000000 0.000000000 0.000000000 0.0000000000 0.0000000000 0.000000000
  100    1      1      0    0      1      17      17     4 4.00000000 0.0000000 0.0000000 0.00000000 0.00000000 0.00000000 0.00000000 0.00000000 0.000000000 0.000000000 0.000000000 0.000000000 0.0000000000 0.0000000000 0.000000000
  100    1      1      0    0      1      18      18     5 5.00000000 0.0000000 0.0000000 0.00000000 0.00000000 0.00000000 0.00000000 0.00000000 0.000000000 0.000000000 0.000000000 0.000000000 0.0000000000 0.0000000000 0.000000000
  100    1      1      0    0      1      19      19     4 4.00000000 0.0000000 0.0000000 0.00000000 0.00000000 0.00000000 0.00000000 0.00000000 0.000000000 0.000000000 0.000000000 0.000000000 0.0000000000 0.0000000000 0.000000000
  100    1      1      0    0      1      20      20     1 1.00000000 0.0000000 0.0000000 0.00000000 0.00000000 0.00000000 0.00000000 0.00000000 0.000000000 0.000000000 0.000000000 0.000000000 0.0000000000 0.0000000000 0.000000000
  100    1      1      0    0      1      21      21     6 6.00000000 0.0000000 0.0000000 0.00000000 0.00000000 0.00000000 0.00000000 0.00000000 0.000000000 0.000000000 0.000000000 0.000000000 0.0000000000 0.0000000000 0.000000000
  100    1      1      0    0      1      22      22     4 4.00000000 0.0000000 0.0000000 0.00000000 0.00000000 0.00000000 0.00000000 0.00000000 0.000000000 0.000000000 0.000000000 0.000000000 0.0000000000 0.0000000000 0.000000000
  100    1      1      0    0      1      23      23     1 1.00000000 0.0000000 0.0000000 0.00000000 0.00000000 0.00000000 0.00000000 0.00000000 0.000000000 0.000000000 0.000000000 0.000000000 0.0000000000 0.0000000000 0.000000000
  100    1      1      0    0      1      24      24     1 1.00000000 0.0000000 0.0000000 0.00000000 0.00000000 0.00000000 0.00000000 0.00000000 0.000000000 0.000000000 0.000000000 0.000000000 0.0000000000 0.0000000000 0.000000000
  100    1      1      0    0      1      25      25     2 2.00000000 0.0000000 0.0000000 0.00000000 0.00000000 0.00000000 0.00000000 0.00000000 0.000000000 0.000000000 0.000000000 0.000000000 0.0000000000 0.0000000000 0.000000000
  100    1      1      0    0      1      26      26     1 1.00000000 0.0000000 0.0000000 0.00000000 0.00000000 0.00000000 0.00000000 0.00000000 0.000000000 0.000000000 0.000000000 0.000000000 0.0000000000 0.0000000000 0.000000000
  100    1      1      0    0      1      28      28     4 4.00000000 0.0000000 0.0000000 0.00000000 0.00000000 0.00000000 0.00000000 0.00000000 0.000000000 0.000000000 0.000000000 0.000000000 0.0000000000 0.0000000000 0.000000000
  100    1      1      0    0      1      29      29     5 3.00000000 2.0000000 0.0000000 0.00000000 0.00000000 0.00000000 0.00000000 0.00000000 0.000000000 0.000000000 0.000000000 0.000000000 0.0000000000 0.0000000000 0.000000000
  100    1      1      0    0      1      30      30     2 0.00000000 2.0000000 0.0000000 0.00000000 0.00000000 0.00000000 0.00000000 0.00000000 0.000000000 0.000000000 0.000000000 0.000000000 0.0000000000 0.0000000000 0.000000000
  100    1      1      0    0      1      31      31     2 0.00000000 2.0000000 0.0000000 0.00000000 0.00000000 0.00000000 0.00000000 0.00000000 0.000000000 0.000000000 0.000000000 0.000000000 0.0000000000 0.0000000000 0.000000000
  100    1      1      0    0      1      32      32     2 0.00000000 2.0000000 0.0000000 0.00000000 0.00000000 0.00000000 0.00000000 0.00000000 0.000000000 0.000000000 0.000000000 0.000000000 0.0000000000 0.0000000000 0.000000000
  100    1      1      0    0      1      33      33     6 0.00000000 6.0000000 0.0000000 0.00000000 0.00000000 0.00000000 0.00000000 0.00000000 0.000000000 0.000000000 0.000000000 0.000000000 0.0000000000 0.0000000000 0.000000000
  100    1      1      0    0      1      34      34     2 0.00000000 2.0000000 0.0000000 0.00000000 0.00000000 0.00000000 0.00000000 0.00000000 0.000000000 0.000000000 0.000000000 0.000000000 0.0000000000 0.0000000000 0.000000000
  100    1      1      0    0      1      35      35     6 0.00000000 6.0000000 0.0000000 0.00000000 0.00000000 0.00000000 0.00000000 0.00000000 0.000000000 0.000000000 0.000000000 0.000000000 0.0000000000 0.0000000000 0.000000000
  100    1      1      0    0      1      36      36     3 0.00000000 3.0000000 0.0000000 0.00000000 0.00000000 0.00000000 0.00000000 0.00000000 0.000000000 0.000000000 0.000000000 0.000000000 0.0000000000 0.0000000000 0.000000000
  100    1      1      0    0      1      39      39     2 0.00000000 2.0000000 0.0000000 0.00000000 0.00000000 0.00000000 0.00000000 0.00000000 0.000000000 0.000000000 0.000000000 0.000000000 0.0000000000 0.0000000000 0.000000000
  100    1      1      0    0      1      44      44     1 0.00000000 1.0000000 0.0000000 0.00000000 0.00000000 0.00000000 0.00000000 0.00000000 0.000000000 0.000000000 0.000000000 0.000000000 0.0000000000 0.0000000000 0.000000000
0 #_N_MeanSize_at_Age_obs
0 #_N_environ_variables
0 #_N_environ_obs
0 #_N_sizefreq_methods
0 #_do_tags
0 #_morphcomp_data
#
999
