#C data file created using the SS_writedat function in the R package r4ss
#C should work with SS version: 
#C file write time: 2015-02-11 18:37:42
#
1 #_styr
100 #_endyr
1 #_nseas
12 #_months_per_seas
1 #_spawn_seas
1 #_Nfleet
2 #_Nsurveys
1 #_N_areas
Fishery%Survey%CPUE #_fleetnames
0.5 0.5 0.5 #_surveytiming_in_season
1 1 1 #_area_assignments_for_each_fishery_and_survey
1 #_units of catch:  1=bio; 2=num
0.01 #_se of log(catch) only used for init_eq_catch and for Fmethod 2 and 3
1 #_Ngenders
25 #_Nages
0 #_init_equil_catch_for_each_fishery
100 #_N_lines_of_catch_to_read
 #_Fishery year seas
         0    1    1
         0    2    1
         0    3    1
         0    4    1
         0    5    1
         0    6    1
         0    7    1
         0    8    1
         0    9    1
         0   10    1
         0   11    1
         0   12    1
         0   13    1
         0   14    1
         0   15    1
         0   16    1
         0   17    1
         0   18    1
         0   19    1
         0   20    1
         0   21    1
         0   22    1
         0   23    1
         0   24    1
         0   25    1
 444646000   26    1
 397608000   27    1
 357583000   28    1
 324161000   29    1
 296656000   30    1
 274240000   31    1
 256057000   32    1
 241314000   33    1
 229322000   34    1
 219511000   35    1
 211426000   36    1
 204710000   37    1
 199088000   38    1
 194347000   39    1
 190324000   40    1
 186891000   41    1
 183948000   42    1
 181416000   43    1
 179230000   44    1
 177337000   45    1
 175694000   46    1
 174266000   47    1
 173022000   48    1
 171937000   49    1
 170990000   50    1
 170161000   51    1
 169436000   52    1
 168801000   53    1
 168243000   54    1
 167755000   55    1
 167325000   56    1
 166948000   57    1
 166617000   58    1
 166326000   59    1
 166070000   60    1
 165844000   61    1
 165646000   62    1
 165471000   63    1
 165317000   64    1
 165182000   65    1
 165063000   66    1
 164958000   67    1
 164865000   68    1
 164784000   69    1
 164712000   70    1
 164649000   71    1
 164593000   72    1
 164544000   73    1
 164500000   74    1
 164462000   75    1
 164429000   76    1
 164399000   77    1
 164373000   78    1
 164350000   79    1
 164329000   80    1
 164311000   81    1
 164296000   82    1
 164282000   83    1
 164269000   84    1
 164258000   85    1
 164249000   86    1
 164240000   87    1
 164233000   88    1
 164227000   89    1
 164221000   90    1
 164216000   91    1
 164211000   92    1
 164207000   93    1
 164204000   94    1
 164201000   95    1
 164198000   96    1
 164195000   97    1
 164193000   98    1
 164192000   99    1
 164190000  100    1
13 #_N_cpue
 #_Fleet Units Errtype
       1     1       0
       2     1       0
       3     1       0
 #_year seas index        obs se_log
     76    1     2 1172218567    0.2
     78    1     2 1193980687    0.2
     80    1     2 1015248193    0.2
     82    1     2 1252741901    0.2
     84    1     2 1231033360    0.2
     86    1     2 1628791662    0.2
     88    1     2 1440020768    0.2
     90    1     2 1518327598    0.2
     92    1     2 1505418587    0.2
     94    1     2 1929467135    0.2
     96    1     2 1557376877    0.2
     98    1     2 1357583442    0.2
    100    1     2 1484466463    0.2
0 #_N_discard_fleets
#_discard_units (1=same_as_catchunits(bio/num); 2=fraction; 3=numbers)
#_discard_errtype:  >0 for DF of T-dist(read CV below); 0 for normal with CV; -1 for normal with se; -2 for lognormal
0 #_N_discard
0 #_N_meanbodywt
1 #_DF_for_meanbodywt_T-distribution_like
2 # length bin method: 1=use databins; 2=generate from binwidth,min,max below; 3=read vector
1 # binwidth for population size comp
10 # minimum size in the population (lower edge of first bin and size at age 0.00)
200 # maximum size in the population (lower edge of last bin)
-0.001 #_comp_tail_compression
1e-05 #_add_to_comp
0 #_combine males into females at or below this bin number
45 #_N_lbins
#_lbin_vector
20 23 26 29 32 35 38 41 44 47 50 53 56 59 62 65 68 71 74 77 80 83 86 89 92 95 98 101 104 107 110 113 116 119 122 125 128 131 134 137 140 143 146 149 152
28 #_N_Length_comp_observations
 #_Yr Seas FltSvy Gender Part Nsamp           l20          l23          l26          l29         l32          l35          l38         l41        l44        l47        l50        l53         l56        l59        l62        l65         l68        l71        l74        l77        l80        l83        l86         l89        l92         l95         l98        l101        l104        l107        l110        l113        l116        l119        l122        l125         l128         l131         l134         l137         l140         l143         l146         l149         l152
   26    1      1      0    0   125 1.759572e-149 2.695897e-13 8.762933e-03 0.0022088723 0.004938554 0.0123636414 0.0100980624 0.008348548 0.03985846 0.01911770 0.02242657 0.02686295 0.032643299 0.01737102 0.03586451 0.02888813 0.019509286 0.04687698 0.05141809 0.02422866 0.01776134 0.02754430 0.04431728 0.020189165 0.04988924 0.040504100 0.047181114 0.047140708 0.025318363 0.043622238 0.023039482 0.008491416 0.008580010 0.034481362 0.016570911 0.007645676 0.0119700438 8.292499e-03 3.337835e-02 0.0254470451 1.811999e-02 2.135548e-02 6.119187e-04 6.728537e-03 3.316752e-05
   36    1      1      0    0   125  0.000000e+00 9.442112e-19 1.277276e-02 0.0106723588 0.020399556 0.0089585034 0.0007789383 0.018426586 0.03861681 0.05445756 0.09108917 0.02401431 0.038145574 0.03970814 0.02833873 0.02043157 0.084021354 0.01896753 0.01698254 0.02415973 0.03259355 0.04763595 0.01391123 0.049203876 0.01434738 0.021185561 0.053998724 0.026073674 0.019664144 0.049108497 0.010710922 0.027839760 0.036824325 0.008552639 0.011291157 0.001694696 0.0065736391 9.568237e-04 7.786420e-03 0.0051225973 6.692328e-04 1.085763e-03 1.757477e-03 1.061425e-04 3.641031e-04
   46    1      1      0    0   125 3.006985e-298 1.092602e-09 1.327310e-05 0.0131311433 0.005943426 0.0005708334 0.0062973738 0.029897902 0.03219024 0.05940755 0.05643945 0.04564712 0.053604812 0.10134286 0.04587206 0.03210435 0.021163660 0.03889489 0.03405381 0.05094139 0.02187944 0.02620315 0.02979849 0.015046334 0.03336023 0.037202801 0.013607061 0.030759311 0.012203839 0.033944051 0.033013053 0.006710968 0.021214344 0.017220726 0.018944396 0.001501708 0.0038883693 8.864923e-05 1.319834e-02 0.0001734579 1.694747e-03 1.114242e-04 7.159059e-04 1.747420e-08 3.058190e-06
   56    1      1      0    0   125  3.871987e-34 1.027371e-07 2.344388e-04 0.0105350230 0.026287519 0.0063887500 0.0044952907 0.052871637 0.06508958 0.06396513 0.14746908 0.01468156 0.031605997 0.04452932 0.03318973 0.04809503 0.035082295 0.05153628 0.05574858 0.02805710 0.01623057 0.01515511 0.01981094 0.009187174 0.01857531 0.026666097 0.028065048 0.007959613 0.036641608 0.013372991 0.020132930 0.001223126 0.022890725 0.006371326 0.018854144 0.013873028 0.0011270152 6.041480e-05 2.674208e-04 0.0017156897 1.288201e-03 1.077744e-05 4.931056e-04 2.968121e-17 1.651919e-04
   60    1      1      0    0   125  0.000000e+00 8.133732e-33 8.197567e-03 0.0071977613 0.035983987 0.0086236750 0.0028262786 0.025751166 0.06307449 0.08512359 0.07439997 0.05147403 0.038508278 0.02530687 0.04727445 0.05261010 0.025138203 0.03685883 0.01958351 0.01978764 0.01558600 0.05284096 0.03275476 0.042399018 0.02589422 0.022344739 0.025877141 0.032352412 0.008538180 0.013658252 0.016192173 0.004632379 0.005521168 0.020665699 0.016937463 0.009241163 0.0089447449 1.283020e-02 1.750664e-03 0.0006412815 6.797054e-05 2.976869e-05 2.557844e-03 2.100332e-12 2.140232e-05
   64    1      1      0    0   125 9.894538e-224 7.724814e-04 1.043533e-04 0.0227035559 0.021224884 0.0004761831 0.0009390715 0.022402257 0.04572446 0.09499976 0.05340685 0.06510569 0.013217506 0.02231650 0.04204552 0.03532007 0.047870385 0.04659708 0.02834784 0.04843313 0.04593407 0.04710440 0.02843974 0.015636564 0.05966362 0.010353929 0.056945334 0.010534251 0.006946639 0.021034412 0.012864296 0.030148333 0.006885923 0.006372075 0.003703518 0.002089814 0.0183815784 7.528235e-04 1.601453e-03 0.0007027583 1.154520e-04 1.619628e-04 1.619431e-03 4.679242e-08 5.671207e-12
   68    1      1      0    0   125 3.160678e-227 5.738923e-13 4.059537e-05 0.0076336258 0.008238516 0.0166232103 0.0154172558 0.030669443 0.03999397 0.04389020 0.03434212 0.03662914 0.033863571 0.03736471 0.03259952 0.03677065 0.031820346 0.01808936 0.08083481 0.04773888 0.01279888 0.01400342 0.02458836 0.013811450 0.01280419 0.044357966 0.050952246 0.016934446 0.029250271 0.062424541 0.018777581 0.020684566 0.004891839 0.030697233 0.014066090 0.021133063 0.0259233266 2.609196e-03 1.097743e-02 0.0067853147 5.999029e-03 2.840229e-03 1.641769e-05 1.122232e-04 7.628804e-07
   72    1      1      0    0   125  1.070825e-07 6.093945e-03 1.762396e-03 0.0080916139 0.019917981 0.0160179611 0.0053255559 0.023312777 0.02218090 0.08012446 0.06185741 0.05913707 0.029972298 0.02958845 0.02962193 0.06786931 0.026649847 0.03796506 0.03319586 0.04705892 0.07506230 0.02432672 0.03446953 0.034943489 0.01716714 0.024902140 0.007799280 0.021619268 0.030909619 0.018020690 0.018230707 0.034223220 0.003787014 0.007945843 0.005495439 0.022565156 0.0105677211 1.309867e-04 2.725574e-05 0.0004315801 5.563683e-05 8.239518e-04 7.143999e-04 3.986268e-06 3.306771e-05
   76    1      1      0    0   125  0.000000e+00 7.990368e-07 2.830252e-05 0.0004577342 0.042677199 0.0174282449 0.0052986621 0.009012076 0.02353971 0.03992233 0.09374401 0.04901662 0.026851817 0.02925305 0.03763279 0.03502055 0.060498879 0.02670486 0.04376440 0.02849963 0.02566938 0.02510633 0.02193325 0.020593065 0.06001153 0.005459649 0.034163394 0.011468764 0.020693096 0.003600608 0.049382573 0.016585806 0.018621315 0.036281697 0.048880683 0.002183522 0.0153705651 6.028304e-03 1.363708e-04 0.0001743304 8.270780e-03 1.489426e-05 1.225893e-05 7.458686e-10 6.176305e-06
   80    1      1      0    0   125 9.139162e-239 3.847397e-05 5.335657e-04 0.0012116406 0.008408501 0.0007964671 0.0002347257 0.014697381 0.01708994 0.06728380 0.06288355 0.07222993 0.023063572 0.04433110 0.07233122 0.06291933 0.023067364 0.04932432 0.04735021 0.02777371 0.02662901 0.03643049 0.06776001 0.018890836 0.03694548 0.045606585 0.049800384 0.010353401 0.013101496 0.008496552 0.022643953 0.018409773 0.003825475 0.002227223 0.010342595 0.006965640 0.0006858701 6.968404e-05 1.851674e-03 0.0013761543 2.787733e-08 1.422582e-02 7.793066e-03 6.154146e-10 5.024528e-09
   84    1      1      0    0   125 3.405470e-168 1.006181e-03 5.048010e-05 0.0097245758 0.017746451 0.0055808266 0.0103848868 0.020028057 0.02149830 0.03668957 0.05802033 0.08292794 0.039564472 0.05754171 0.05578396 0.02428259 0.051899299 0.02336494 0.03424563 0.02560609 0.04908600 0.04932961 0.02847157 0.055800254 0.02475032 0.015914249 0.028422981 0.032541881 0.021774396 0.014693956 0.026310313 0.012177789 0.003147452 0.007347590 0.021568719 0.008251886 0.0192915130 2.267333e-03 4.208578e-04 0.0002648255 1.762926e-03 6.887580e-05 9.949782e-05 2.889190e-04 2.321913e-16
   88    1      1      0    0   125  1.252178e-53 1.088417e-16 1.348870e-03 0.0020471442 0.010282306 0.0189207228 0.0011889211 0.012201104 0.05783819 0.04547965 0.03974394 0.06289095 0.023145004 0.03397098 0.04073470 0.04316274 0.039645115 0.04230493 0.01911938 0.03098693 0.02923602 0.07883687 0.03958668 0.006746303 0.07918824 0.040964691 0.032738760 0.047048797 0.006220793 0.006572392 0.012751809 0.015595852 0.008523423 0.016728531 0.002821965 0.014997497 0.0265042136 2.452820e-03 5.720169e-04 0.0009181874 8.588925e-04 1.324071e-04 2.024685e-06 4.954752e-03 3.447436e-05
   92    1      1      0    0   125  7.690636e-65 1.017760e-14 1.265412e-03 0.0040495566 0.014744156 0.0036944930 0.0331857073 0.020677443 0.01970569 0.06653251 0.10466850 0.08430085 0.047910278 0.05689718 0.05206662 0.01715014 0.042816369 0.02264676 0.03976862 0.02852000 0.02174963 0.04012128 0.01936637 0.030262815 0.03122984 0.024255670 0.013549322 0.022434495 0.016461652 0.047293242 0.006349563 0.015753526 0.001049283 0.003089461 0.003885292 0.004235296 0.0130784743 1.678735e-02 5.743320e-04 0.0076420725 3.356685e-06 7.627018e-07 2.111057e-05 4.822478e-08 2.054795e-04
   96    1      1      0    0   125  7.355574e-44 3.423490e-16 2.885335e-03 0.0081631733 0.011932394 0.0071672817 0.0114218437 0.046651228 0.05590817 0.06603983 0.05569331 0.03413081 0.006191972 0.02840960 0.01856419 0.06431161 0.008357635 0.03699790 0.06413885 0.03556070 0.03664025 0.05330682 0.02883560 0.011790728 0.04104494 0.011632127 0.035466103 0.045015953 0.045961209 0.012848569 0.011012016 0.019512741 0.026974533 0.021462411 0.002124330 0.001819828 0.0037990873 2.664311e-03 3.762421e-03 0.0008149709 6.907353e-03 1.407758e-02 1.508867e-07 1.271737e-08 1.287479e-07
  100    1      1      0    0   125  6.954444e-39 6.775643e-24 8.240606e-04 0.0072963442 0.016382621 0.0029394907 0.0046274253 0.008366968 0.03499891 0.04958479 0.06124095 0.02249354 0.046199104 0.05262380 0.03547669 0.04434189 0.081009636 0.02996700 0.04594852 0.02906850 0.04265364 0.05862824 0.04686511 0.023370466 0.04578709 0.018438477 0.005482543 0.022698298 0.008507990 0.030026409 0.042136236 0.015306344 0.004222144 0.022350258 0.010635075 0.005321939 0.0021322439 8.944443e-03 1.052025e-02 0.0022914767 2.742399e-05 7.623492e-06 1.143380e-12 9.923945e-07 2.550669e-04
   76    1      2      0    0   500  7.070395e-04 2.641849e-03 1.174332e-02 0.0548819445 0.050141924 0.0299640397 0.0082034852 0.028836242 0.06165586 0.04817921 0.03879933 0.04572969 0.023585868 0.02902456 0.03366430 0.04797954 0.032513909 0.03152751 0.04600907 0.04432648 0.03798420 0.02636215 0.01746684 0.016903977 0.01513281 0.020758294 0.020391020 0.025659594 0.019904081 0.019154808 0.018238729 0.016067283 0.029043390 0.007696916 0.004972868 0.004075035 0.0051031379 5.149974e-03 4.245654e-03 0.0070562795 3.725293e-03 8.642137e-04 1.417097e-03 2.509778e-03 1.408622e-06
   78    1      2      0    0   500  4.023854e-55 1.151646e-03 1.530348e-02 0.0436733833 0.079611238 0.0159262757 0.0129956667 0.030567415 0.04164873 0.06682423 0.05727894 0.03248301 0.030521250 0.03648435 0.02996394 0.04730878 0.031317994 0.04307716 0.02687941 0.04508838 0.02773390 0.02356424 0.02527699 0.018437455 0.02665552 0.021643743 0.022524438 0.022476663 0.015781396 0.015767254 0.014928089 0.014379114 0.010741422 0.015653263 0.003438621 0.012727241 0.0036222773 1.173700e-02 1.836308e-03 0.0003261864 1.382619e-03 4.966205e-05 7.191070e-05 5.845017e-04 5.549030e-04
   80    1      2      0    0   500  1.294689e-20 3.687556e-03 1.731174e-02 0.0587305706 0.063176218 0.0162005352 0.0082167880 0.020945215 0.02732469 0.06096913 0.05288497 0.04608337 0.028475522 0.03002653 0.04560253 0.04916751 0.033899894 0.02848927 0.04604266 0.03360689 0.03125755 0.03280079 0.02987212 0.016614662 0.03186272 0.024449017 0.023787711 0.015140783 0.020518588 0.009099980 0.018589950 0.013535574 0.006778308 0.005134009 0.014163337 0.007969411 0.0123508656 8.785649e-03 1.603783e-03 0.0014083273 2.291273e-03 2.128082e-04 2.819258e-04 6.103351e-07 6.486461e-04
   82    1      2      0    0   500  1.820743e-04 4.411172e-03 1.209947e-02 0.0392867771 0.041732763 0.0153680010 0.0099351027 0.017543924 0.04846404 0.05138893 0.07385140 0.04249099 0.023834595 0.03221331 0.03891355 0.03806720 0.040810673 0.05994721 0.03021149 0.03333391 0.03976474 0.03314915 0.02376044 0.023893359 0.01471169 0.028812768 0.039036690 0.017564562 0.016186284 0.028611163 0.016818091 0.008533517 0.009135989 0.004756600 0.011056658 0.004877801 0.0136836737 4.373291e-03 3.035475e-03 0.0010828584 6.005370e-04 4.565006e-04 7.388602e-05 1.935270e-03 2.422801e-06
   84    1      2      0    0   500  2.043305e-10 2.150961e-04 3.368359e-02 0.0423725936 0.033704899 0.0155412687 0.0109311323 0.019613247 0.04917301 0.06621427 0.05166973 0.05466918 0.023851542 0.03833051 0.05174284 0.04233945 0.037413936 0.03767715 0.04306840 0.01398162 0.03272763 0.02905106 0.02644635 0.026613428 0.02805785 0.026720632 0.020725213 0.020760685 0.020711792 0.013455450 0.006437223 0.019111902 0.010219975 0.014029878 0.009964777 0.006686171 0.0036422417 4.990886e-03 3.507934e-03 0.0007464221 6.595706e-03 5.048814e-04 1.739037e-03 2.832915e-08 3.593775e-04
   86    1      2      0    0   500  5.214714e-08 3.207250e-04 1.740185e-02 0.0637412116 0.038578981 0.0191960211 0.0087868575 0.026008572 0.03089242 0.07053500 0.07248994 0.04301461 0.037356863 0.04329181 0.03897084 0.03859151 0.038609789 0.03682096 0.03236921 0.02268105 0.01942463 0.02450835 0.02957403 0.020717374 0.02146256 0.019130450 0.023550824 0.031209237 0.027529421 0.011748348 0.021822997 0.017353365 0.016402096 0.010350987 0.007082790 0.003927257 0.0037715264 8.941350e-03 2.288682e-04 0.0002141708 6.976378e-04 1.064075e-04 6.879263e-05 3.911179e-04 1.271460e-04
   88    1      2      0    0   500  4.625163e-12 2.797467e-03 1.126116e-02 0.0571750568 0.059580098 0.0160445866 0.0192993357 0.019365516 0.04437167 0.05084602 0.05161314 0.03653349 0.044984873 0.05353058 0.03619680 0.02637950 0.029455139 0.04271696 0.03440725 0.02539571 0.02927841 0.01889393 0.02341028 0.031418248 0.01465018 0.038128278 0.021809592 0.030218277 0.023601753 0.032764653 0.011162180 0.012952052 0.010852918 0.009082373 0.012067692 0.003841937 0.0015901888 1.565854e-03 6.581602e-03 0.0028344969 7.793755e-04 5.310772e-04 1.699430e-05 2.534442e-08 1.326032e-05
   90    1      2      0    0   500  8.985339e-11 1.017281e-03 1.543661e-02 0.0470909224 0.053070496 0.0125675039 0.0098830678 0.029133230 0.05375942 0.06918280 0.05549772 0.03637628 0.025430882 0.04185161 0.04106470 0.02700423 0.030496355 0.03562583 0.01866186 0.02842802 0.03132612 0.02383346 0.03316769 0.040671705 0.02258142 0.019017762 0.025617328 0.032296441 0.019619138 0.018063359 0.020190120 0.007843513 0.017276016 0.009874439 0.001982740 0.016108041 0.0121212717 6.979092e-03 3.204348e-03 0.0052219538 1.045771e-03 4.282434e-06 8.442856e-05 2.907331e-04 4.538613e-10
   92    1      2      0    0   500  2.865809e-14 1.885987e-03 1.705185e-02 0.0571075979 0.044457554 0.0114205924 0.0159705011 0.014485747 0.03870036 0.08004164 0.05398747 0.04177792 0.025415108 0.05539275 0.03759844 0.03203743 0.039856931 0.04536755 0.03142113 0.03743858 0.02687868 0.03021167 0.02423303 0.024300384 0.02353436 0.029453409 0.025771702 0.011591026 0.024290617 0.015304608 0.013167757 0.006934419 0.018699380 0.006373700 0.011539489 0.007318658 0.0066353448 1.524498e-03 4.708718e-03 0.0047304944 2.755628e-04 2.545991e-04 6.483844e-04 1.636874e-05 1.880139e-04
   94    1      2      0    0   500  1.981973e-08 8.726063e-04 1.563935e-02 0.0468770086 0.057724214 0.0263656715 0.0042281641 0.019571125 0.05027953 0.08505807 0.08140039 0.03428338 0.041664025 0.03274974 0.02399274 0.03146506 0.035709254 0.03853974 0.03745113 0.01791644 0.02352703 0.02715321 0.01720736 0.031288539 0.03012549 0.031753545 0.024778410 0.013452686 0.023018331 0.009633461 0.014613957 0.012564228 0.009697891 0.011292573 0.009204737 0.008440030 0.0064678920 4.349455e-03 7.813473e-03 0.0013075001 2.604625e-05 3.377490e-05 4.439689e-05 6.270828e-05 3.556180e-04
   96    1      2      0    0   500  1.051855e-19 6.114964e-03 8.502466e-03 0.0335071299 0.048059782 0.0185858042 0.0035455240 0.037079637 0.08232482 0.06259315 0.04990907 0.02878072 0.035475995 0.03409180 0.04020916 0.05850735 0.053677135 0.03137734 0.03222063 0.02650493 0.03041069 0.03397928 0.02282468 0.026603509 0.01874432 0.031878934 0.020317848 0.013594142 0.015159902 0.013475352 0.013343294 0.010088888 0.010669232 0.006908593 0.011711090 0.004585057 0.0061427167 8.819379e-03 1.379262e-03 0.0027808570 6.059859e-04 2.135219e-03 2.458099e-03 6.010511e-05 2.561522e-04
   98    1      2      0    0   500  2.261202e-18 6.412591e-03 2.817465e-02 0.0351383980 0.050777130 0.0155253026 0.0059924966 0.019390347 0.03534866 0.05207783 0.06170368 0.04722555 0.038732266 0.05205961 0.03307250 0.03057823 0.026194153 0.03412968 0.03363237 0.02943679 0.03481948 0.03796089 0.03375909 0.021492345 0.02341347 0.026961206 0.034944920 0.015029685 0.016219226 0.014722378 0.017650180 0.016797096 0.018181783 0.013049683 0.007432644 0.004533337 0.0048143724 7.186865e-03 4.426817e-03 0.0026339882 8.332896e-04 5.870677e-03 2.356877e-10 1.618504e-03 4.582803e-05
  100    1      2      0    0   500  8.454843e-11 2.053390e-04 1.514935e-02 0.0504245330 0.043418318 0.0363130905 0.0106273959 0.019978534 0.03925340 0.05822645 0.04767584 0.05988385 0.029194765 0.02745727 0.04958977 0.03806696 0.028767363 0.02325522 0.04140829 0.04079387 0.02543357 0.02303069 0.01852730 0.027004203 0.02043990 0.027877746 0.038747848 0.010984008 0.031182564 0.020329086 0.013497555 0.022512922 0.012724172 0.013265505 0.006138416 0.004256175 0.0065086013 2.418748e-03 7.157377e-03 0.0011702582 3.260633e-03 3.576078e-03 9.092243e-05 9.264065e-07 1.751986e-04
15 #_N_agebins
#_agebin_vector
1 2 3 4 5 6 7 8 9 10 11 12 13 14 15
1 #_N_ageerror_definitions
 #_age0   age1   age2   age3   age4   age5   age6   age7   age8   age9  age10  age11  age12  age13  age14  age15  age16  age17  age18  age19  age20  age21  age22  age23  age24  age25
 -1.000 -1.000 -1.000 -1.000 -1.000 -1.000 -1.000 -1.000 -1.000 -1.000 -1.000 -1.000 -1.000 -1.000 -1.000 -1.000 -1.000 -1.000 -1.000 -1.000 -1.000 -1.000 -1.000 -1.000 -1.000 -1.000
  0.001  0.001  0.001  0.001  0.001  0.001  0.001  0.001  0.001  0.001  0.001  0.001  0.001  0.001  0.001  0.001  0.001  0.001  0.001  0.001  0.001  0.001  0.001  0.001  0.001  0.001
85 #_N_agecomp
1 #_Lbin_method: 1=poplenbins; 2=datalenbins; 3=lengths
-1 #_combine males into females at or below this bin number
 #_Yr Seas FltSvy Gender Part Ageerr Lbin_lo Lbin_hi Nsamp          a1        a2        a3         a4         a5         a6         a7         a8          a9         a10         a11         a12         a13          a14         a15
   26    1      1      0    0      1      -1      -1   125  0.02799752 0.1514245 0.1888535 0.09937653 0.12000667 0.11612509 0.03848868 0.04508630 0.038240685 0.040980556 0.042628336 0.011250249 0.017307622 0.0091130380 0.053120812
   36    1      1      0    0      1      -1      -1   125  0.03452710 0.2303109 0.1498407 0.13150286 0.13469867 0.06926658 0.05913342 0.03770547 0.063059656 0.021529789 0.011976959 0.004738182 0.004390366 0.0033617108 0.043957617
   46    1      1      0    0      1      -1      -1   125  0.04681048 0.2813717 0.1746999 0.08086472 0.08738150 0.09836324 0.08365619 0.04828647 0.024778557 0.020926100 0.011017710 0.012181388 0.001413305 0.0120518484 0.016196846
   56    1      1      0    0      1      -1      -1   125  0.04617248 0.2271463 0.2137284 0.10209151 0.12807988 0.04575339 0.05905920 0.03186624 0.051582009 0.050841197 0.005868113 0.004637236 0.014864050 0.0022889887 0.016020955
   60    1      1      0    0      1      -1      -1   125  0.01743458 0.2830382 0.1638800 0.18424057 0.12756177 0.07913415 0.02160964 0.05365479 0.011442851 0.003616223 0.011055195 0.004965683 0.004250198 0.0132166775 0.020899450
   64    1      1      0    0      1      -1      -1   125  0.03879904 0.2569032 0.1571469 0.15608405 0.13701934 0.06601643 0.05344595 0.02458166 0.018271979 0.034580079 0.016522982 0.014393433 0.016873594 0.0010706035 0.008290730
   68    1      1      0    0      1      -1      -1   125  0.03098779 0.2272561 0.2252251 0.11179312 0.13058801 0.08524663 0.05902281 0.04151443 0.010942065 0.024015987 0.017342694 0.008607067 0.008591872 0.0003528010 0.018513488
   72    1      1      0    0      1      -1      -1   125  0.04128450 0.2390988 0.1999562 0.13074319 0.10870052 0.04879003 0.10052697 0.06873518 0.009908462 0.010517064 0.022507784 0.007139546 0.001821711 0.0006306977 0.009639329
   76    1      1      0    0      1      -1      -1   125  0.01834121 0.2752896 0.1974086 0.14471143 0.13026584 0.04879206 0.03004763 0.03677622 0.038248255 0.011271702 0.030920076 0.021641592 0.001708154 0.0030238502 0.011553824
   80    1      1      0    0      1      -1      -1   125  0.03777133 0.2553396 0.1762996 0.20129011 0.06732638 0.04009087 0.03938444 0.06684473 0.034133897 0.020702036 0.004028924 0.003351614 0.031954286 0.0059454174 0.015536774
   84    1      1      0    0      1      -1      -1   125  0.01676136 0.3263910 0.1433920 0.15586494 0.08824186 0.05423119 0.04122655 0.04955819 0.042065354 0.046181705 0.004295772 0.001723701 0.003537073 0.0002513747 0.026277937
   88    1      1      0    0      1      -1      -1   125  0.06806837 0.2363281 0.1211815 0.17107010 0.12559419 0.06787851 0.07369897 0.05445079 0.023675610 0.019346261 0.014095611 0.013617790 0.007888666 0.0001338457 0.002971641
   92    1      1      0    0      1      -1      -1   125  0.04940623 0.2470611 0.1325998 0.12426505 0.12981732 0.07388810 0.04349094 0.04911484 0.035523123 0.008659916 0.021638767 0.014926519 0.019968781 0.0053208769 0.044318626
   96    1      1      0    0      1      -1      -1   125  0.03893357 0.2805832 0.1781934 0.08513765 0.11609538 0.06908957 0.10342982 0.03808311 0.039404094 0.016380873 0.005829098 0.008175280 0.007006638 0.0032537959 0.010404443
  100    1      1      0    0      1      -1      -1   125  0.04421076 0.2166351 0.1968404 0.18733011 0.09633310 0.09023910 0.03707292 0.05550298 0.006810403 0.021989957 0.012635216 0.013977525 0.004445916 0.0028225591 0.013153999
   76    1      2      0    0      1      -1      -1   500  0.09895785 0.2466737 0.1905131 0.11906831 0.08237846 0.06522746 0.05487988 0.02705147 0.028009707 0.022542647 0.022064279 0.012655865 0.006190558 0.0084695662 0.015317078
   78    1      2      0    0      1      -1      -1   500  0.15803055 0.2332016 0.1593262 0.12863873 0.09400863 0.06996357 0.03932739 0.02210741 0.028295751 0.017639127 0.012166334 0.008639481 0.008818580 0.0062036389 0.013633046
   80    1      2      0    0      1      -1      -1   500  0.14307367 0.2126059 0.1608788 0.11649575 0.09416311 0.04961130 0.04435729 0.02834985 0.035667416 0.024890282 0.026524999 0.006745187 0.024283711 0.0141969320 0.018155824
   82    1      2      0    0      1      -1      -1   500  0.13629225 0.2077193 0.1644908 0.12103842 0.08802799 0.08064896 0.06125515 0.03693762 0.020627244 0.018934868 0.030085612 0.005638942 0.010437992 0.0033799465 0.014484885
   84    1      2      0    0      1      -1      -1   500  0.15470583 0.1975970 0.1835422 0.14786006 0.07517669 0.06893821 0.03724009 0.03501641 0.028738614 0.022424902 0.009652886 0.010237093 0.008938403 0.0080475762 0.011884055
   86    1      2      0    0      1      -1      -1   500  0.12277363 0.2405221 0.1844710 0.09834972 0.09315722 0.08053017 0.06018013 0.04045344 0.019561546 0.020109976 0.016546660 0.005927140 0.007164551 0.0007507827 0.009502006
   88    1      2      0    0      1      -1      -1   500  0.16324052 0.1965845 0.1573333 0.12897279 0.05921129 0.06074610 0.07411193 0.03625148 0.038515002 0.031838543 0.006582292 0.013723539 0.005497931 0.0047595976 0.022631176
   90    1      2      0    0      1      -1      -1   500  0.17009305 0.2253387 0.1438003 0.11879296 0.10020877 0.04635920 0.05962474 0.03879010 0.012938826 0.022974734 0.017234188 0.011324734 0.012419398 0.0028248368 0.017275487
   92    1      2      0    0      1      -1      -1   500  0.13122362 0.2530367 0.1667816 0.13024680 0.10432039 0.05535330 0.02709097 0.02632793 0.031159561 0.036232006 0.016941513 0.003186163 0.005004036 0.0048347549 0.008260680
   94    1      2      0    0      1      -1      -1   500  0.15583109 0.2165496 0.1756491 0.10068076 0.09744776 0.07716089 0.04183676 0.04122366 0.023067838 0.013772102 0.015669595 0.009745865 0.005829848 0.0116422485 0.013892904
   96    1      2      0    0      1      -1      -1   500  0.15052667 0.2189585 0.1947674 0.12112508 0.08735653 0.06384300 0.04734295 0.02528238 0.013295436 0.017444424 0.010944441 0.010614809 0.010894069 0.0075140158 0.020090281
   98    1      2      0    0      1      -1      -1   500  0.12736523 0.2552908 0.1591803 0.13040041 0.07489850 0.06153703 0.05094581 0.02871523 0.033811586 0.027482389 0.014842569 0.015180681 0.008804336 0.0035052122 0.008039909
  100    1      2      0    0      1      -1      -1   500  0.12022436 0.2548842 0.1759299 0.10629957 0.10330622 0.05840466 0.04858537 0.02749136 0.014169782 0.027979552 0.011169437 0.008763286 0.012822946 0.0105147082 0.019454645
   60    1      1      0    0      1       3       3     1  1.00000000 0.0000000 0.0000000 0.00000000 0.00000000 0.00000000 0.00000000 0.00000000 0.000000000 0.000000000 0.000000000 0.000000000 0.000000000 0.0000000000 0.000000000
   60    1      1      0    0      1       5       5     2  2.00000000 0.0000000 0.0000000 0.00000000 0.00000000 0.00000000 0.00000000 0.00000000 0.000000000 0.000000000 0.000000000 0.000000000 0.000000000 0.0000000000 0.000000000
   60    1      1      0    0      1       8       8     2  2.00000000 0.0000000 0.0000000 0.00000000 0.00000000 0.00000000 0.00000000 0.00000000 0.000000000 0.000000000 0.000000000 0.000000000 0.000000000 0.0000000000 0.000000000
   60    1      1      0    0      1       9       9     3  3.00000000 0.0000000 0.0000000 0.00000000 0.00000000 0.00000000 0.00000000 0.00000000 0.000000000 0.000000000 0.000000000 0.000000000 0.000000000 0.0000000000 0.000000000
   60    1      1      0    0      1      10      10     7  7.00000000 0.0000000 0.0000000 0.00000000 0.00000000 0.00000000 0.00000000 0.00000000 0.000000000 0.000000000 0.000000000 0.000000000 0.000000000 0.0000000000 0.000000000
   60    1      1      0    0      1      11      11    11 11.00000000 0.0000000 0.0000000 0.00000000 0.00000000 0.00000000 0.00000000 0.00000000 0.000000000 0.000000000 0.000000000 0.000000000 0.000000000 0.0000000000 0.000000000
   60    1      1      0    0      1      12      12     5  5.00000000 0.0000000 0.0000000 0.00000000 0.00000000 0.00000000 0.00000000 0.00000000 0.000000000 0.000000000 0.000000000 0.000000000 0.000000000 0.0000000000 0.000000000
   60    1      1      0    0      1      13      13     2  2.00000000 0.0000000 0.0000000 0.00000000 0.00000000 0.00000000 0.00000000 0.00000000 0.000000000 0.000000000 0.000000000 0.000000000 0.000000000 0.0000000000 0.000000000
   60    1      1      0    0      1      14      14     4  4.00000000 0.0000000 0.0000000 0.00000000 0.00000000 0.00000000 0.00000000 0.00000000 0.000000000 0.000000000 0.000000000 0.000000000 0.000000000 0.0000000000 0.000000000
   60    1      1      0    0      1      15      15    10 10.00000000 0.0000000 0.0000000 0.00000000 0.00000000 0.00000000 0.00000000 0.00000000 0.000000000 0.000000000 0.000000000 0.000000000 0.000000000 0.0000000000 0.000000000
   60    1      1      0    0      1      16      16     4  4.00000000 0.0000000 0.0000000 0.00000000 0.00000000 0.00000000 0.00000000 0.00000000 0.000000000 0.000000000 0.000000000 0.000000000 0.000000000 0.0000000000 0.000000000
   60    1      1      0    0      1      17      17     2  2.00000000 0.0000000 0.0000000 0.00000000 0.00000000 0.00000000 0.00000000 0.00000000 0.000000000 0.000000000 0.000000000 0.000000000 0.000000000 0.0000000000 0.000000000
   60    1      1      0    0      1      18      18     2  2.00000000 0.0000000 0.0000000 0.00000000 0.00000000 0.00000000 0.00000000 0.00000000 0.000000000 0.000000000 0.000000000 0.000000000 0.000000000 0.0000000000 0.000000000
   60    1      1      0    0      1      19      19     1  1.00000000 0.0000000 0.0000000 0.00000000 0.00000000 0.00000000 0.00000000 0.00000000 0.000000000 0.000000000 0.000000000 0.000000000 0.000000000 0.0000000000 0.000000000
   60    1      1      0    0      1      20      20     1  1.00000000 0.0000000 0.0000000 0.00000000 0.00000000 0.00000000 0.00000000 0.00000000 0.000000000 0.000000000 0.000000000 0.000000000 0.000000000 0.0000000000 0.000000000
   60    1      1      0    0      1      21      21     3  3.00000000 0.0000000 0.0000000 0.00000000 0.00000000 0.00000000 0.00000000 0.00000000 0.000000000 0.000000000 0.000000000 0.000000000 0.000000000 0.0000000000 0.000000000
   60    1      1      0    0      1      22      22     9  9.00000000 0.0000000 0.0000000 0.00000000 0.00000000 0.00000000 0.00000000 0.00000000 0.000000000 0.000000000 0.000000000 0.000000000 0.000000000 0.0000000000 0.000000000
   60    1      1      0    0      1      23      23     2  2.00000000 0.0000000 0.0000000 0.00000000 0.00000000 0.00000000 0.00000000 0.00000000 0.000000000 0.000000000 0.000000000 0.000000000 0.000000000 0.0000000000 0.000000000
   60    1      1      0    0      1      24      24     5  5.00000000 0.0000000 0.0000000 0.00000000 0.00000000 0.00000000 0.00000000 0.00000000 0.000000000 0.000000000 0.000000000 0.000000000 0.000000000 0.0000000000 0.000000000
   60    1      1      0    0      1      25      25     2  2.00000000 0.0000000 0.0000000 0.00000000 0.00000000 0.00000000 0.00000000 0.00000000 0.000000000 0.000000000 0.000000000 0.000000000 0.000000000 0.0000000000 0.000000000
   60    1      1      0    0      1      26      26     2  2.00000000 0.0000000 0.0000000 0.00000000 0.00000000 0.00000000 0.00000000 0.00000000 0.000000000 0.000000000 0.000000000 0.000000000 0.000000000 0.0000000000 0.000000000
   60    1      1      0    0      1      27      27     6  5.00000000 1.0000000 0.0000000 0.00000000 0.00000000 0.00000000 0.00000000 0.00000000 0.000000000 0.000000000 0.000000000 0.000000000 0.000000000 0.0000000000 0.000000000
   60    1      1      0    0      1      28      28     2  2.00000000 0.0000000 0.0000000 0.00000000 0.00000000 0.00000000 0.00000000 0.00000000 0.000000000 0.000000000 0.000000000 0.000000000 0.000000000 0.0000000000 0.000000000
   60    1      1      0    0      1      29      29     1  1.00000000 0.0000000 0.0000000 0.00000000 0.00000000 0.00000000 0.00000000 0.00000000 0.000000000 0.000000000 0.000000000 0.000000000 0.000000000 0.0000000000 0.000000000
   60    1      1      0    0      1      30      30     3  1.00000000 2.0000000 0.0000000 0.00000000 0.00000000 0.00000000 0.00000000 0.00000000 0.000000000 0.000000000 0.000000000 0.000000000 0.000000000 0.0000000000 0.000000000
   60    1      1      0    0      1      34      34     4  0.00000000 4.0000000 0.0000000 0.00000000 0.00000000 0.00000000 0.00000000 0.00000000 0.000000000 0.000000000 0.000000000 0.000000000 0.000000000 0.0000000000 0.000000000
   60    1      1      0    0      1      35      35     3  0.00000000 3.0000000 0.0000000 0.00000000 0.00000000 0.00000000 0.00000000 0.00000000 0.000000000 0.000000000 0.000000000 0.000000000 0.000000000 0.0000000000 0.000000000
   60    1      1      0    0      1      39      39     1  0.00000000 1.0000000 0.0000000 0.00000000 0.00000000 0.00000000 0.00000000 0.00000000 0.000000000 0.000000000 0.000000000 0.000000000 0.000000000 0.0000000000 0.000000000
  100    1      1      0    0      1       5       5     1  1.00000000 0.0000000 0.0000000 0.00000000 0.00000000 0.00000000 0.00000000 0.00000000 0.000000000 0.000000000 0.000000000 0.000000000 0.000000000 0.0000000000 0.000000000
  100    1      1      0    0      1       7       7     1  1.00000000 0.0000000 0.0000000 0.00000000 0.00000000 0.00000000 0.00000000 0.00000000 0.000000000 0.000000000 0.000000000 0.000000000 0.000000000 0.0000000000 0.000000000
  100    1      1      0    0      1       9       9     4  4.00000000 0.0000000 0.0000000 0.00000000 0.00000000 0.00000000 0.00000000 0.00000000 0.000000000 0.000000000 0.000000000 0.000000000 0.000000000 0.0000000000 0.000000000
  100    1      1      0    0      1      10      10     5  5.00000000 0.0000000 0.0000000 0.00000000 0.00000000 0.00000000 0.00000000 0.00000000 0.000000000 0.000000000 0.000000000 0.000000000 0.000000000 0.0000000000 0.000000000
  100    1      1      0    0      1      11      11     6  6.00000000 0.0000000 0.0000000 0.00000000 0.00000000 0.00000000 0.00000000 0.00000000 0.000000000 0.000000000 0.000000000 0.000000000 0.000000000 0.0000000000 0.000000000
  100    1      1      0    0      1      12      12     1  1.00000000 0.0000000 0.0000000 0.00000000 0.00000000 0.00000000 0.00000000 0.00000000 0.000000000 0.000000000 0.000000000 0.000000000 0.000000000 0.0000000000 0.000000000
  100    1      1      0    0      1      13      13     3  3.00000000 0.0000000 0.0000000 0.00000000 0.00000000 0.00000000 0.00000000 0.00000000 0.000000000 0.000000000 0.000000000 0.000000000 0.000000000 0.0000000000 0.000000000
  100    1      1      0    0      1      14      14     7  7.00000000 0.0000000 0.0000000 0.00000000 0.00000000 0.00000000 0.00000000 0.00000000 0.000000000 0.000000000 0.000000000 0.000000000 0.000000000 0.0000000000 0.000000000
  100    1      1      0    0      1      15      15     4  4.00000000 0.0000000 0.0000000 0.00000000 0.00000000 0.00000000 0.00000000 0.00000000 0.000000000 0.000000000 0.000000000 0.000000000 0.000000000 0.0000000000 0.000000000
  100    1      1      0    0      1      16      16     4  4.00000000 0.0000000 0.0000000 0.00000000 0.00000000 0.00000000 0.00000000 0.00000000 0.000000000 0.000000000 0.000000000 0.000000000 0.000000000 0.0000000000 0.000000000
  100    1      1      0    0      1      17      17     6  6.00000000 0.0000000 0.0000000 0.00000000 0.00000000 0.00000000 0.00000000 0.00000000 0.000000000 0.000000000 0.000000000 0.000000000 0.000000000 0.0000000000 0.000000000
  100    1      1      0    0      1      18      18     3  3.00000000 0.0000000 0.0000000 0.00000000 0.00000000 0.00000000 0.00000000 0.00000000 0.000000000 0.000000000 0.000000000 0.000000000 0.000000000 0.0000000000 0.000000000
  100    1      1      0    0      1      19      19     7  7.00000000 0.0000000 0.0000000 0.00000000 0.00000000 0.00000000 0.00000000 0.00000000 0.000000000 0.000000000 0.000000000 0.000000000 0.000000000 0.0000000000 0.000000000
  100    1      1      0    0      1      20      20     2  2.00000000 0.0000000 0.0000000 0.00000000 0.00000000 0.00000000 0.00000000 0.00000000 0.000000000 0.000000000 0.000000000 0.000000000 0.000000000 0.0000000000 0.000000000
  100    1      1      0    0      1      21      21     3  3.00000000 0.0000000 0.0000000 0.00000000 0.00000000 0.00000000 0.00000000 0.00000000 0.000000000 0.000000000 0.000000000 0.000000000 0.000000000 0.0000000000 0.000000000
  100    1      1      0    0      1      22      22     9  9.00000000 0.0000000 0.0000000 0.00000000 0.00000000 0.00000000 0.00000000 0.00000000 0.000000000 0.000000000 0.000000000 0.000000000 0.000000000 0.0000000000 0.000000000
  100    1      1      0    0      1      23      23    10 10.00000000 0.0000000 0.0000000 0.00000000 0.00000000 0.00000000 0.00000000 0.00000000 0.000000000 0.000000000 0.000000000 0.000000000 0.000000000 0.0000000000 0.000000000
  100    1      1      0    0      1      25      25     2  2.00000000 0.0000000 0.0000000 0.00000000 0.00000000 0.00000000 0.00000000 0.00000000 0.000000000 0.000000000 0.000000000 0.000000000 0.000000000 0.0000000000 0.000000000
  100    1      1      0    0      1      26      26     3  3.00000000 0.0000000 0.0000000 0.00000000 0.00000000 0.00000000 0.00000000 0.00000000 0.000000000 0.000000000 0.000000000 0.000000000 0.000000000 0.0000000000 0.000000000
  100    1      1      0    0      1      27      27     1  1.00000000 0.0000000 0.0000000 0.00000000 0.00000000 0.00000000 0.00000000 0.00000000 0.000000000 0.000000000 0.000000000 0.000000000 0.000000000 0.0000000000 0.000000000
  100    1      1      0    0      1      29      29     1  1.00000000 0.0000000 0.0000000 0.00000000 0.00000000 0.00000000 0.00000000 0.00000000 0.000000000 0.000000000 0.000000000 0.000000000 0.000000000 0.0000000000 0.000000000
  100    1      1      0    0      1      30      30     2  1.00000000 1.0000000 0.0000000 0.00000000 0.00000000 0.00000000 0.00000000 0.00000000 0.000000000 0.000000000 0.000000000 0.000000000 0.000000000 0.0000000000 0.000000000
  100    1      1      0    0      1      31      31     4  1.00000000 3.0000000 0.0000000 0.00000000 0.00000000 0.00000000 0.00000000 0.00000000 0.000000000 0.000000000 0.000000000 0.000000000 0.000000000 0.0000000000 0.000000000
  100    1      1      0    0      1      32      32     2  0.00000000 2.0000000 0.0000000 0.00000000 0.00000000 0.00000000 0.00000000 0.00000000 0.000000000 0.000000000 0.000000000 0.000000000 0.000000000 0.0000000000 0.000000000
  100    1      1      0    0      1      33      33     2  0.00000000 2.0000000 0.0000000 0.00000000 0.00000000 0.00000000 0.00000000 0.00000000 0.000000000 0.000000000 0.000000000 0.000000000 0.000000000 0.0000000000 0.000000000
  100    1      1      0    0      1      34      34     4  1.00000000 3.0000000 0.0000000 0.00000000 0.00000000 0.00000000 0.00000000 0.00000000 0.000000000 0.000000000 0.000000000 0.000000000 0.000000000 0.0000000000 0.000000000
  100    1      1      0    0      1      35      35     1  0.00000000 1.0000000 0.0000000 0.00000000 0.00000000 0.00000000 0.00000000 0.00000000 0.000000000 0.000000000 0.000000000 0.000000000 0.000000000 0.0000000000 0.000000000
  100    1      1      0    0      1      38      38     1  0.00000000 1.0000000 0.0000000 0.00000000 0.00000000 0.00000000 0.00000000 0.00000000 0.000000000 0.000000000 0.000000000 0.000000000 0.000000000 0.0000000000 0.000000000
  100    1      1      0    0      1      39      39     1  0.00000000 1.0000000 0.0000000 0.00000000 0.00000000 0.00000000 0.00000000 0.00000000 0.000000000 0.000000000 0.000000000 0.000000000 0.000000000 0.0000000000 0.000000000
0 #_N_MeanSize_at_Age_obs
0 #_N_environ_variables
0 #_N_environ_obs
0 #_N_sizefreq_methods
0 #_do_tags
0 #_morphcomp_data
#
999
