#C data file created using the SS_writedat function in the R package r4ss
#C should work with SS version: 
#C file write time: 2015-02-11 18:19:09
#
1 #_styr
100 #_endyr
1 #_nseas
12 #_months_per_seas
1 #_spawn_seas
1 #_Nfleet
2 #_Nsurveys
1 #_N_areas
Fishery%Survey%CPUE #_fleetnames
0.5 0.5 0.5 #_surveytiming_in_season
1 1 1 #_area_assignments_for_each_fishery_and_survey
1 #_units of catch:  1=bio; 2=num
0.01 #_se of log(catch) only used for init_eq_catch and for Fmethod 2 and 3
1 #_Ngenders
25 #_Nages
0 #_init_equil_catch_for_each_fishery
100 #_N_lines_of_catch_to_read
 #_Fishery year seas
         0    1    1
         0    2    1
         0    3    1
         0    4    1
         0    5    1
         0    6    1
         0    7    1
         0    8    1
         0    9    1
         0   10    1
         0   11    1
         0   12    1
         0   13    1
         0   14    1
         0   15    1
         0   16    1
         0   17    1
         0   18    1
         0   19    1
         0   20    1
         0   21    1
         0   22    1
         0   23    1
         0   24    1
         0   25    1
 444646000   26    1
 397608000   27    1
 357583000   28    1
 324161000   29    1
 296656000   30    1
 274240000   31    1
 256057000   32    1
 241314000   33    1
 229322000   34    1
 219511000   35    1
 211426000   36    1
 204710000   37    1
 199088000   38    1
 194347000   39    1
 190324000   40    1
 186891000   41    1
 183948000   42    1
 181416000   43    1
 179230000   44    1
 177337000   45    1
 175694000   46    1
 174266000   47    1
 173022000   48    1
 171937000   49    1
 170990000   50    1
 170161000   51    1
 169436000   52    1
 168801000   53    1
 168243000   54    1
 167755000   55    1
 167325000   56    1
 166948000   57    1
 166617000   58    1
 166326000   59    1
 166070000   60    1
 165844000   61    1
 165646000   62    1
 165471000   63    1
 165317000   64    1
 165182000   65    1
 165063000   66    1
 164958000   67    1
 164865000   68    1
 164784000   69    1
 164712000   70    1
 164649000   71    1
 164593000   72    1
 164544000   73    1
 164500000   74    1
 164462000   75    1
 164429000   76    1
 164399000   77    1
 164373000   78    1
 164350000   79    1
 164329000   80    1
 164311000   81    1
 164296000   82    1
 164282000   83    1
 164269000   84    1
 164258000   85    1
 164249000   86    1
 164240000   87    1
 164233000   88    1
 164227000   89    1
 164221000   90    1
 164216000   91    1
 164211000   92    1
 164207000   93    1
 164204000   94    1
 164201000   95    1
 164198000   96    1
 164195000   97    1
 164193000   98    1
 164192000   99    1
 164190000  100    1
13 #_N_cpue
 #_Fleet Units Errtype
       1     1       0
       2     1       0
       3     1       0
 #_year seas index        obs se_log
     76    1     2 1011222807    0.2
     78    1     2 1588177153    0.2
     80    1     2 1000956672    0.2
     82    1     2 1420125763    0.2
     84    1     2 1019727903    0.2
     86    1     2 1815355593    0.2
     88    1     2 1315437231    0.2
     90    1     2 1350115252    0.2
     92    1     2 1529710562    0.2
     94    1     2 1319757939    0.2
     96    1     2 1413697746    0.2
     98    1     2 1191348105    0.2
    100    1     2 1507331099    0.2
0 #_N_discard_fleets
#_discard_units (1=same_as_catchunits(bio/num); 2=fraction; 3=numbers)
#_discard_errtype:  >0 for DF of T-dist(read CV below); 0 for normal with CV; -1 for normal with se; -2 for lognormal
0 #_N_discard
0 #_N_meanbodywt
1 #_DF_for_meanbodywt_T-distribution_like
2 # length bin method: 1=use databins; 2=generate from binwidth,min,max below; 3=read vector
1 # binwidth for population size comp
10 # minimum size in the population (lower edge of first bin and size at age 0.00)
200 # maximum size in the population (lower edge of last bin)
-0.001 #_comp_tail_compression
1e-05 #_add_to_comp
0 #_combine males into females at or below this bin number
45 #_N_lbins
#_lbin_vector
20 23 26 29 32 35 38 41 44 47 50 53 56 59 62 65 68 71 74 77 80 83 86 89 92 95 98 101 104 107 110 113 116 119 122 125 128 131 134 137 140 143 146 149 152
28 #_N_Length_comp_observations
 #_Yr Seas FltSvy Gender Part Nsamp           l20          l23          l26         l29         l32          l35          l38         l41        l44        l47        l50        l53        l56        l59        l62        l65        l68        l71        l74        l77         l80         l83        l86         l89        l92         l95         l98        l101        l104        l107        l110        l113         l116        l119        l122         l125        l128         l131         l134         l137         l140         l143         l146         l149         l152
   26    1      1      0    0   125  0.000000e+00 2.537536e-15 0.0002354258 0.028954248 0.006625173 1.569914e-02 1.096047e-03 0.005377550 0.05478884 0.03531903 0.06611417 0.02392557 0.03275351 0.03451651 0.03377327 0.03477519 0.03574408 0.02621996 0.03170679 0.04657360 0.022110411 0.020311276 0.03675303 0.032604070 0.04771514 0.041366399 0.038744345 0.015661677 0.023219415 0.028176229 0.026633593 0.010764291 0.0121349468 0.027626136 0.020760219 0.0128548556 0.023970394 0.0040898121 0.0087673249 4.676506e-03 1.523677e-03 1.468403e-02 2.755182e-03 1.814342e-03 6.084595e-03
   36    1      1      0    0   125 1.845880e-263 5.910359e-19 0.0002662848 0.018688192 0.004238291 1.313209e-02 1.713477e-03 0.005354434 0.06775977 0.04219936 0.03659640 0.02118162 0.02942507 0.03405497 0.05892856 0.03612713 0.07517518 0.05724887 0.06093201 0.06110300 0.042881111 0.044625155 0.01129720 0.018013253 0.02230806 0.020840084 0.022286481 0.021171515 0.018422435 0.035272045 0.010732320 0.015706701 0.0170954057 0.021380675 0.015559541 0.0129799415 0.008387185 0.0039584183 0.0006616694 3.527923e-03 2.353503e-03 2.712836e-03 4.626868e-04 3.204176e-05 3.207090e-03
   46    1      1      0    0   125 4.148325e-118 3.430720e-20 0.0029124396 0.014273177 0.003232423 3.272003e-03 1.587001e-03 0.004105202 0.05587130 0.06841415 0.11076017 0.03683820 0.01147283 0.01720322 0.01304948 0.09190345 0.04360626 0.04478658 0.06036482 0.02422989 0.018902740 0.025809269 0.02803796 0.038493281 0.03544924 0.042641796 0.036309683 0.020246349 0.037086980 0.013951469 0.013717760 0.017654135 0.0037385284 0.010902946 0.005490214 0.0303475059 0.004681686 0.0017949964 0.0052838538 1.230328e-03 9.383676e-05 2.254577e-04 7.902411e-06 1.127251e-09 1.947494e-05
   56    1      1      0    0   125  0.000000e+00 5.231637e-47 0.0058665501 0.034096247 0.003689311 6.863661e-04 4.202595e-03 0.019771892 0.01840830 0.05043190 0.03237225 0.02866457 0.01242227 0.03887286 0.07675427 0.02577078 0.02436456 0.04126356 0.04036177 0.05035725 0.030832530 0.028903192 0.04827402 0.062293652 0.01832495 0.069839372 0.036880856 0.020416461 0.022245601 0.035900252 0.003264117 0.025310899 0.0108895914 0.014700614 0.015077203 0.0052210708 0.024498448 0.0137588257 0.0023108414 3.212250e-06 9.274493e-07 6.842571e-04 3.106262e-04 7.143852e-30 1.701161e-03
   60    1      1      0    0   125  1.933318e-58 1.861067e-18 0.0023901875 0.006006495 0.007424466 2.988544e-02 7.599020e-03 0.003010267 0.02866394 0.08404999 0.04754595 0.10772094 0.04365620 0.03106456 0.02516618 0.03046530 0.05236045 0.02251340 0.04908450 0.03283182 0.014487625 0.017379853 0.07434573 0.035834550 0.02927905 0.066589442 0.016406305 0.008906558 0.008060973 0.011958970 0.029342025 0.012758976 0.0063570915 0.022556636 0.023160648 0.0008917612 0.001357482 0.0072158014 0.0015306890 1.175453e-04 6.577817e-06 1.526093e-09 1.270897e-14 6.981473e-08 1.653548e-05
   64    1      1      0    0   125 2.827412e-121 2.543275e-30 0.0004691468 0.017442473 0.003274987 6.023471e-03 6.918100e-03 0.012571873 0.04150210 0.06682809 0.05297684 0.05462698 0.01451980 0.02216695 0.06358044 0.02669542 0.06782489 0.05573816 0.06501527 0.05069993 0.035236117 0.008609209 0.02560557 0.014918808 0.03200366 0.023915881 0.009078823 0.032535199 0.014923447 0.027960586 0.012549895 0.018007183 0.0405053205 0.007206979 0.004460108 0.0213614856 0.009884738 0.0003216940 0.0297428506 1.237005e-03 7.778525e-04 3.528327e-05 1.969472e-10 2.019507e-04 4.545696e-05
   68    1      1      0    0   125 2.755318e-196 3.543735e-37 0.0002419922 0.016873491 0.013999199 1.213886e-02 6.842103e-05 0.005518729 0.03274310 0.08213512 0.05822857 0.06443204 0.05112145 0.02566455 0.02891074 0.03333134 0.04013576 0.09954915 0.02347853 0.03947534 0.029174678 0.015538865 0.02382785 0.021721479 0.02307026 0.027429648 0.039372145 0.023999990 0.028822686 0.018891031 0.024560269 0.008600753 0.0395354622 0.016883496 0.005799710 0.0135050346 0.002963149 0.0032706794 0.0032225244 1.505800e-03 2.571267e-04 8.959756e-10 9.610107e-07 4.319043e-15 2.324025e-13
   72    1      1      0    0   125  1.067949e-95 2.283175e-04 0.0012000553 0.022277443 0.001910218 2.418062e-05 1.667237e-02 0.019389128 0.05705683 0.05093603 0.03815130 0.08448088 0.03309664 0.02794331 0.05694661 0.02539049 0.03527051 0.11676028 0.03393867 0.01560556 0.022305306 0.014039362 0.04423939 0.017738971 0.01641128 0.026675575 0.024620504 0.054068878 0.022577617 0.022229640 0.019313554 0.010935881 0.0218317054 0.008351423 0.010967645 0.0036762756 0.007308824 0.0120244573 0.0003818400 3.622697e-04 1.277375e-04 1.735811e-03 1.942316e-05 2.767634e-05 7.501168e-04
   76    1      1      0    0   125  2.474158e-14 2.226331e-14 0.0005523790 0.008835204 0.031193285 2.964358e-03 2.585602e-03 0.021469349 0.01967182 0.04106069 0.05518707 0.05721846 0.03580998 0.02841861 0.08737143 0.05065073 0.04451784 0.02041674 0.03061256 0.06160401 0.040856651 0.020477607 0.02443962 0.034599007 0.04205552 0.041271358 0.009944068 0.038560196 0.006155798 0.010250515 0.011306713 0.025092809 0.0331423395 0.004262867 0.022617129 0.0181143563 0.004865396 0.0003696796 0.0081909985 2.109519e-03 4.031921e-05 1.133664e-03 6.737661e-07 1.241117e-06 1.834750e-06
   80    1      1      0    0   125  3.841395e-72 4.080620e-25 0.0034864672 0.001170513 0.002861903 1.657374e-02 3.422120e-03 0.005363549 0.10274639 0.04458171 0.08117245 0.06990763 0.02311408 0.02348704 0.03564576 0.03342875 0.04438089 0.05362895 0.03768366 0.02088824 0.015295380 0.025743604 0.01985091 0.031214488 0.02566301 0.038348543 0.016558205 0.017871347 0.028899435 0.015721480 0.016671663 0.050228157 0.0252006933 0.035329523 0.001840436 0.0165636988 0.003677424 0.0013182907 0.0013289544 3.587413e-03 2.236575e-06 5.444921e-03 1.409188e-07 1.451908e-10 9.621404e-05
   84    1      1      0    0   125 3.269261e-274 5.135712e-19 0.0038985855 0.007120610 0.013408312 4.383098e-03 3.113680e-03 0.015501516 0.05381824 0.07808530 0.04787065 0.05995158 0.08126315 0.01766889 0.06204798 0.06545871 0.03609250 0.01794545 0.02100367 0.03620728 0.031951962 0.012881175 0.03406129 0.035767718 0.03624348 0.045201382 0.008935901 0.037871089 0.005137619 0.016586496 0.007375135 0.011896826 0.0148031269 0.025062620 0.001454880 0.0123666237 0.018670076 0.0059219161 0.0001669787 1.616239e-05 1.054468e-02 2.200125e-03 4.350879e-05 1.583521e-08 2.817979e-08
   88    1      1      0    0   125 1.143845e-213 2.432883e-08 0.0042820564 0.017604500 0.006384260 5.036178e-03 1.163206e-02 0.008688776 0.05700746 0.06517814 0.07994845 0.07800460 0.04456528 0.05655202 0.05793202 0.03206078 0.02175634 0.04036930 0.03044541 0.03709137 0.008103329 0.042947045 0.01274331 0.032415204 0.04586489 0.003512246 0.025414435 0.034347329 0.047042201 0.012643166 0.026817946 0.011413883 0.0037448720 0.008295030 0.012204201 0.0099022590 0.001750803 0.0035901565 0.0026801817 1.290624e-05 1.202684e-08 1.157996e-05 1.000753e-10 8.855961e-07 3.103473e-06
   92    1      1      0    0   125 3.647449e-259 2.408274e-11 0.0011121756 0.007522106 0.015803397 3.192661e-03 8.318138e-04 0.003269180 0.01667888 0.09630430 0.04831393 0.03102546 0.03921359 0.03450212 0.04009264 0.07252643 0.04623451 0.05829866 0.02719286 0.02630927 0.037319219 0.066056854 0.05543811 0.036001755 0.04475177 0.026472777 0.004744062 0.027967349 0.031786185 0.005853585 0.006184134 0.029202244 0.0346974877 0.002187720 0.002312636 0.0052499606 0.002583463 0.0025687560 0.0011138766 1.054065e-03 5.974128e-07 8.928464e-10 6.272991e-03 7.441315e-04 1.012276e-03
   96    1      1      0    0   125  9.059446e-03 1.986403e-36 0.0077822417 0.013268082 0.014707941 3.158360e-03 3.760526e-04 0.010257360 0.04457530 0.05130560 0.07143123 0.02699723 0.02538091 0.05513561 0.03927076 0.04066514 0.08525920 0.01615642 0.02265566 0.08007080 0.045069401 0.027286712 0.02448838 0.013658063 0.04136003 0.022781860 0.034934602 0.046898443 0.014627858 0.018793971 0.026986082 0.003369184 0.0169757213 0.015255365 0.023719960 0.0010866166 0.001584933 0.0017115059 0.0002392918 4.025909e-04 1.083091e-03 1.708642e-04 2.106557e-06 4.787180e-19 1.588592e-08
  100    1      1      0    0   125  6.249518e-44 2.495734e-23 0.0022481510 0.010075834 0.006888519 1.117131e-02 3.384223e-04 0.013110900 0.03105468 0.04789154 0.04606864 0.01731046 0.04580479 0.06905744 0.05474413 0.04111752 0.07040253 0.03770657 0.02527807 0.04683054 0.057350322 0.080310759 0.03584491 0.009589097 0.01740084 0.069376842 0.015425394 0.018833060 0.014365908 0.021207693 0.013158067 0.011008196 0.0007932367 0.007859647 0.003627136 0.0012633092 0.009977574 0.0014925579 0.0218177706 3.064892e-04 1.631286e-03 2.181931e-03 5.882976e-08 1.035068e-05 8.067537e-03
   76    1      2      0    0   500  1.318923e-30 1.044989e-02 0.0149235360 0.043311442 0.055478665 2.040858e-02 4.808356e-03 0.021982397 0.05028755 0.06245976 0.06484838 0.05073528 0.02589782 0.02680058 0.04440180 0.02725633 0.03775840 0.03359839 0.03095468 0.01659469 0.021599504 0.034667108 0.02781274 0.014566825 0.02548467 0.025268812 0.021916365 0.038778422 0.017766616 0.038043324 0.014025719 0.006174209 0.0133712298 0.025000668 0.004943412 0.0060185988 0.007133306 0.0019607175 0.0018129122 5.644889e-03 2.019103e-03 8.301312e-05 1.514794e-04 1.346568e-04 2.665175e-03
   78    1      2      0    0   500  9.128984e-29 8.453074e-04 0.0150882268 0.048438728 0.040731709 3.337719e-02 1.135814e-02 0.022884393 0.05172462 0.04285452 0.04147170 0.03074194 0.04828620 0.03548802 0.02766976 0.03766964 0.03967136 0.03903418 0.02431478 0.04128352 0.033671857 0.029099458 0.02426464 0.028970029 0.02068385 0.046631544 0.033298981 0.015476311 0.017754604 0.029526023 0.029911942 0.008597587 0.0091727990 0.004248474 0.001848390 0.0100010015 0.006042427 0.0085394721 0.0033592222 1.458097e-03 1.928463e-04 1.477444e-04 1.187044e-03 6.659124e-07 2.981064e-03
   80    1      2      0    0   500  3.796230e-05 6.115459e-04 0.0122403533 0.036605894 0.049532421 1.888043e-02 6.717295e-03 0.024365036 0.04358856 0.05770456 0.07333062 0.03863921 0.02806035 0.03153868 0.03763443 0.03683020 0.03538148 0.01790126 0.04183775 0.03282950 0.034508933 0.032540717 0.02532577 0.026751363 0.02481162 0.038672567 0.022258539 0.018437721 0.022566733 0.024509705 0.018120577 0.008031447 0.0128411841 0.019084112 0.009627563 0.0079373624 0.003326583 0.0126564374 0.0099740336 1.102297e-03 2.520181e-05 1.692956e-03 8.862568e-04 3.358422e-06 3.944649e-05
   82    1      2      0    0   500  1.215190e-20 5.211345e-03 0.0161684567 0.054021651 0.049196630 1.892070e-02 8.136357e-03 0.018272833 0.05835050 0.04888715 0.05352399 0.04596715 0.02358551 0.02625380 0.04334581 0.03586548 0.03353552 0.03346682 0.03953526 0.01910657 0.036600861 0.019832424 0.01990131 0.030516280 0.03058922 0.032400985 0.034276083 0.020596663 0.023386710 0.022349195 0.017448121 0.008840546 0.0066351384 0.017813533 0.008974261 0.0077043561 0.014523378 0.0031326153 0.0076874418 6.871056e-04 1.247342e-04 4.379411e-04 5.868070e-06 4.181742e-03 1.951700e-06
   84    1      2      0    0   500  4.681007e-26 1.208645e-03 0.0210366168 0.046995392 0.047097692 2.828123e-02 1.922336e-02 0.028166204 0.03392841 0.05607273 0.05096353 0.04735607 0.01993635 0.01700959 0.02760281 0.04233355 0.06290539 0.03297001 0.05231334 0.03523014 0.022617694 0.023335956 0.02594117 0.025712150 0.02694744 0.029921493 0.026401878 0.023653734 0.019660503 0.014204225 0.011427377 0.009468626 0.0071855367 0.013582227 0.016137046 0.0095156155 0.006582494 0.0040754852 0.0036233917 6.212496e-03 2.599171e-03 2.438784e-05 5.999619e-05 3.851796e-04 9.365982e-05
   86    1      2      0    0   500  1.870208e-34 2.936478e-04 0.0142215278 0.062519663 0.032830437 2.082893e-02 1.435171e-02 0.023857019 0.04065257 0.06419860 0.05872755 0.05324112 0.01838833 0.02948886 0.05560753 0.03386097 0.04036570 0.04161259 0.03039723 0.02267648 0.032745210 0.020044464 0.01999438 0.017274436 0.02854376 0.024057538 0.027199170 0.025252112 0.029255179 0.013254449 0.021671716 0.022285935 0.0185697781 0.004587369 0.008493118 0.0068365781 0.004350052 0.0044169567 0.0063340575 2.429545e-03 5.565998e-04 4.530516e-04 1.276261e-04 6.613835e-06 3.139821e-03
   88    1      2      0    0   500  1.848985e-03 6.483236e-04 0.0107163536 0.046915375 0.055474774 2.214429e-02 1.089155e-02 0.013434269 0.03187442 0.06764520 0.05098584 0.05444544 0.03390744 0.03064735 0.02351040 0.05773980 0.04854260 0.03844155 0.02387244 0.03180119 0.027484406 0.024236013 0.02923445 0.021942648 0.03523854 0.030617948 0.027485584 0.019556129 0.015928016 0.023706987 0.012357920 0.021499295 0.0179589913 0.004641739 0.011050001 0.0079113556 0.002720851 0.0062711473 0.0010708692 7.848850e-05 2.914551e-03 3.295015e-05 5.566171e-05 5.174956e-04 3.698087e-07
   90    1      2      0    0   500  1.323839e-11 3.930367e-03 0.0191285633 0.044349559 0.054490018 2.063789e-02 7.816112e-03 0.028958216 0.04540364 0.04845624 0.06688480 0.02969399 0.02192435 0.03450700 0.03194423 0.03254406 0.03798402 0.03110714 0.03288292 0.02381057 0.019226416 0.038353180 0.02839009 0.023763077 0.03378196 0.023128255 0.021777583 0.027525956 0.031066942 0.013434805 0.030187360 0.014327980 0.0165864058 0.008023122 0.022981664 0.0080371560 0.001755839 0.0022589434 0.0038453016 7.080495e-03 1.520415e-03 4.304671e-03 3.099842e-04 7.317158e-04 1.146981e-03
   92    1      2      0    0   500  7.211154e-10 5.426756e-03 0.0141057801 0.053611333 0.073299632 2.039913e-02 1.147263e-02 0.017681759 0.05909800 0.05094915 0.03893798 0.03380424 0.03900350 0.02398616 0.05292856 0.03940062 0.03009375 0.05816276 0.02281527 0.02499372 0.041407143 0.022395108 0.02251758 0.041139056 0.01370757 0.024143779 0.022032524 0.019915512 0.020415534 0.018543557 0.016485019 0.014949213 0.0111374482 0.002284668 0.008217392 0.0095233431 0.004637706 0.0074170581 0.0004802727 3.889926e-03 1.369222e-03 2.039055e-03 5.292639e-04 7.650140e-05 5.758208e-04
   94    1      2      0    0   500  2.460171e-05 5.276531e-04 0.0215888580 0.048987924 0.055182462 1.125118e-02 8.209260e-03 0.032595210 0.02834319 0.05114857 0.06848585 0.03138507 0.02704551 0.02196929 0.04082999 0.04702193 0.03686391 0.03588023 0.03151653 0.03141117 0.026549155 0.023484200 0.02715226 0.017923270 0.02503098 0.019187354 0.030058154 0.019157639 0.017797021 0.024422999 0.021444417 0.039179207 0.0131946571 0.016330986 0.009392314 0.0044355619 0.007089501 0.0138146076 0.0060082595 1.600876e-04 3.396825e-03 1.019993e-03 3.412930e-04 9.745721e-05 3.063418e-03
   96    1      2      0    0   500  1.590829e-33 2.121684e-03 0.0175461252 0.064740194 0.044660529 1.089574e-02 1.446858e-02 0.027948143 0.04243013 0.06680392 0.05006340 0.05834572 0.02685673 0.03005838 0.02914040 0.03763025 0.04007937 0.03228320 0.02747340 0.03395767 0.035724724 0.017087629 0.03313492 0.021928994 0.02456233 0.027240322 0.018295158 0.014642439 0.024992677 0.016685429 0.018208232 0.010544946 0.0125821354 0.020406902 0.014164573 0.0084161154 0.004523843 0.0125377079 0.0003423310 8.580671e-04 2.257557e-04 3.738824e-03 5.405562e-04 2.969152e-05 1.082133e-03
   98    1      2      0    0   500  5.123849e-06 2.001298e-03 0.0210423480 0.035051180 0.071629893 1.132034e-02 2.488063e-02 0.025882134 0.06061256 0.06965164 0.03681994 0.04639095 0.02889575 0.03214821 0.03267480 0.05022977 0.03605248 0.03257765 0.02822398 0.02326114 0.027736620 0.025908319 0.03426057 0.033562440 0.03259796 0.012707700 0.019758135 0.024609389 0.013311229 0.021129954 0.014031252 0.008430346 0.0064176438 0.003304034 0.011623722 0.0225154481 0.002038640 0.0087248495 0.0024342038 1.155614e-03 2.205311e-03 7.884348e-04 8.034792e-04 5.484780e-04 4.440592e-05
  100    1      2      0    0   500  5.764068e-12 2.070748e-04 0.0199347725 0.051918119 0.057515941 2.868686e-02 1.220479e-02 0.015406366 0.03178213 0.06664572 0.08437405 0.04818270 0.02435574 0.04075671 0.03003965 0.02671836 0.03586099 0.03566133 0.03095179 0.03383895 0.027533419 0.023256411 0.04846577 0.019041756 0.02193285 0.020210745 0.021306114 0.023511718 0.010124475 0.029517245 0.010138491 0.012693406 0.0186149711 0.007922094 0.009994527 0.0024122337 0.005185838 0.0077905373 0.0008078729 2.030977e-03 4.089935e-04 1.225590e-03 7.394014e-04 4.646911e-05 4.604434e-05
15 #_N_agebins
#_agebin_vector
1 2 3 4 5 6 7 8 9 10 11 12 13 14 15
1 #_N_ageerror_definitions
 #_age0   age1   age2   age3   age4   age5   age6   age7   age8   age9  age10  age11  age12  age13  age14  age15  age16  age17  age18  age19  age20  age21  age22  age23  age24  age25
 -1.000 -1.000 -1.000 -1.000 -1.000 -1.000 -1.000 -1.000 -1.000 -1.000 -1.000 -1.000 -1.000 -1.000 -1.000 -1.000 -1.000 -1.000 -1.000 -1.000 -1.000 -1.000 -1.000 -1.000 -1.000 -1.000
  0.001  0.001  0.001  0.001  0.001  0.001  0.001  0.001  0.001  0.001  0.001  0.001  0.001  0.001  0.001  0.001  0.001  0.001  0.001  0.001  0.001  0.001  0.001  0.001  0.001  0.001
79 #_N_agecomp
1 #_Lbin_method: 1=poplenbins; 2=datalenbins; 3=lengths
-1 #_combine males into females at or below this bin number
 #_Yr Seas FltSvy Gender Part Ageerr Lbin_lo Lbin_hi Nsamp          a1        a2        a3         a4         a5         a6         a7         a8         a9         a10         a11         a12          a13          a14         a15
   26    1      1      0    0      1      -1      -1   125  0.02497602 0.1697388 0.1908281 0.13478750 0.09058856 0.09658810 0.06782810 0.01753731 0.03778534 0.027163046 0.018175099 0.016457842 2.594256e-02 0.0259443085 0.055659334
   36    1      1      0    0      1      -1      -1   125  0.02474965 0.2838522 0.1907262 0.09069216 0.07755444 0.07973263 0.05774806 0.03766338 0.03511460 0.042140062 0.030189612 0.003389041 3.857373e-03 0.0038927631 0.038697902
   46    1      1      0    0      1      -1      -1   125  0.02594865 0.2723770 0.2025498 0.11083764 0.12461353 0.07761687 0.03049817 0.01881394 0.02207601 0.041404330 0.024666326 0.011818724 3.792319e-04 0.0065487872 0.029850960
   56    1      1      0    0      1      -1      -1   125  0.04346672 0.2583796 0.2034674 0.11902074 0.10366448 0.09220032 0.05254355 0.04354101 0.02276874 0.016064409 0.004245969 0.010371861 3.351630e-03 0.0048432938 0.022070295
   60    1      1      0    0      1      -1      -1   125  0.03754344 0.2543426 0.1789566 0.13496235 0.12375084 0.12068058 0.04612529 0.02810808 0.02130174 0.016699691 0.001898081 0.005245653 1.187321e-02 0.0057427788 0.012769131
   64    1      1      0    0      1      -1      -1   125  0.02749714 0.2674481 0.1335697 0.13971334 0.11720746 0.10094015 0.04513142 0.05823084 0.02672917 0.041689276 0.017555826 0.002594639 1.882593e-03 0.0102287746 0.009581554
   68    1      1      0    0      1      -1      -1   125  0.02739736 0.2248151 0.1790254 0.18736242 0.12874062 0.12639734 0.03560170 0.02475765 0.02940096 0.007443472 0.002053322 0.003947294 1.279248e-03 0.0015330629 0.020245031
   72    1      1      0    0      1      -1      -1   125  0.04754173 0.2245414 0.2267249 0.12833882 0.09848104 0.12825857 0.04158630 0.03609450 0.02247888 0.010224009 0.004106155 0.003739896 4.337130e-03 0.0070008560 0.016545804
   76    1      1      0    0      1      -1      -1   125  0.04131150 0.2699537 0.1698546 0.14904403 0.10332573 0.03284111 0.08144334 0.03972832 0.03935841 0.034193340 0.006633632 0.012585023 1.038286e-02 0.0045662980 0.004778099
   80    1      1      0    0      1      -1      -1   125  0.02284311 0.2546818 0.1804899 0.15078000 0.12136767 0.08105796 0.05377069 0.03650742 0.01034978 0.034176208 0.025196569 0.014974922 1.903248e-04 0.0004402901 0.013173336
   84    1      1      0    0      1      -1      -1   125  0.04299682 0.2664672 0.1568577 0.20803529 0.08207067 0.08326979 0.02373653 0.03752622 0.02269371 0.014743866 0.026951607 0.018667361 7.373635e-03 0.0020969703 0.006512621
   88    1      1      0    0      1      -1      -1   125  0.07084309 0.2332557 0.1843732 0.13410899 0.08285841 0.04666908 0.05893837 0.05559417 0.05320095 0.013487367 0.012200310 0.014398663 8.211755e-03 0.0106890279 0.021170857
   92    1      1      0    0      1      -1      -1   125  0.02142554 0.2660661 0.2337274 0.15603215 0.07820029 0.09204457 0.05129764 0.01949650 0.01150323 0.022510367 0.005432632 0.013616208 7.714876e-03 0.0029313830 0.018001163
   96    1      1      0    0      1      -1      -1   125  0.04905496 0.2595080 0.1565250 0.13921767 0.12295850 0.04357514 0.05906456 0.07193113 0.01886549 0.035763133 0.016321318 0.004931758 8.723754e-05 0.0214062666 0.000789743
  100    1      1      0    0      1      -1      -1   125  0.02574864 0.3031954 0.1838261 0.19039811 0.07898161 0.05893177 0.02344306 0.03615170 0.02026753 0.014536527 0.021180439 0.005130816 7.185983e-04 0.0037352303 0.033754496
   76    1      2      0    0      1      -1      -1   500  0.13400607 0.2361990 0.1669422 0.14261424 0.08382767 0.04774319 0.03410345 0.05678790 0.02359272 0.020678142 0.015612146 0.015807946 8.736756e-03 0.0028742509 0.010474357
   78    1      2      0    0      1      -1      -1   500  0.15995243 0.2261458 0.1564969 0.09321088 0.10118507 0.09150292 0.03624273 0.04623047 0.01969899 0.012825631 0.019487002 0.005276455 1.340287e-02 0.0003437838 0.017997992
   80    1      2      0    0      1      -1      -1   500  0.15307952 0.2479992 0.1651794 0.11388638 0.09803219 0.05505357 0.04512836 0.03256220 0.01803819 0.017566779 0.017577385 0.013218177 3.665641e-03 0.0101316946 0.008881332
   82    1      2      0    0      1      -1      -1   500  0.15526784 0.2259478 0.1822780 0.11795722 0.07033867 0.06400129 0.05449004 0.02872685 0.03276707 0.016695994 0.007646488 0.010635475 1.024360e-02 0.0076452299 0.015358452
   84    1      2      0    0      1      -1      -1   500  0.13473615 0.2252639 0.1616571 0.09841863 0.09478113 0.08122846 0.04651392 0.03698636 0.02987141 0.020076060 0.008132560 0.012107074 3.015878e-02 0.0054838034 0.014584664
   86    1      2      0    0      1      -1      -1   500  0.13251301 0.2377343 0.1734511 0.12160592 0.08350085 0.06107456 0.04145992 0.02764043 0.03359925 0.009089366 0.024801203 0.007122771 1.092687e-02 0.0112924198 0.024188034
   88    1      2      0    0      1      -1      -1   500  0.12760850 0.2218188 0.1608864 0.13809997 0.09514710 0.06228179 0.06619315 0.03950760 0.02266784 0.013027933 0.012440273 0.004306455 8.226034e-03 0.0086452879 0.019142820
   90    1      2      0    0      1      -1      -1   500  0.14586973 0.2289271 0.1869267 0.12044643 0.09093019 0.07268099 0.04555956 0.04456666 0.02359244 0.011405578 0.007204176 0.005077366 3.092636e-03 0.0031406161 0.010579800
   92    1      2      0    0      1      -1      -1   500  0.11139322 0.2725087 0.1587590 0.13656660 0.06681126 0.09065731 0.06156537 0.03059513 0.01945436 0.011788500 0.007854285 0.006648482 7.529422e-03 0.0028900139 0.014978365
   94    1      2      0    0      1      -1      -1   500  0.12883597 0.2133439 0.2195314 0.12863042 0.06919322 0.06046776 0.04731616 0.04865621 0.01930617 0.015563455 0.007527325 0.014204797 8.780005e-03 0.0043607807 0.014282447
   96    1      2      0    0      1      -1      -1   500  0.13187585 0.2250731 0.1701168 0.13359360 0.09708715 0.08175179 0.03124733 0.03510545 0.02805162 0.027561943 0.010423245 0.003031541 5.554163e-03 0.0041218303 0.015404528
   98    1      2      0    0      1      -1      -1   500  0.15355459 0.2049126 0.1912453 0.15541260 0.09040055 0.06270650 0.02970872 0.03531784 0.02178553 0.014805778 0.009218455 0.009819925 6.820997e-03 0.0034858096 0.010804872
  100    1      2      0    0      1      -1      -1   500  0.12240252 0.2393707 0.1635275 0.12092809 0.12018495 0.03860453 0.05712195 0.02680533 0.03380789 0.018978046 0.008332860 0.014946891 2.030477e-02 0.0068295910 0.007854429
   60    1      1      0    0      1       4       4     2  2.00000000 0.0000000 0.0000000 0.00000000 0.00000000 0.00000000 0.00000000 0.00000000 0.00000000 0.000000000 0.000000000 0.000000000 0.000000e+00 0.0000000000 0.000000000
   60    1      1      0    0      1       6       6     3  3.00000000 0.0000000 0.0000000 0.00000000 0.00000000 0.00000000 0.00000000 0.00000000 0.00000000 0.000000000 0.000000000 0.000000000 0.000000e+00 0.0000000000 0.000000000
   60    1      1      0    0      1       8       8     2  2.00000000 0.0000000 0.0000000 0.00000000 0.00000000 0.00000000 0.00000000 0.00000000 0.00000000 0.000000000 0.000000000 0.000000000 0.000000e+00 0.0000000000 0.000000000
   60    1      1      0    0      1      10      10     9  9.00000000 0.0000000 0.0000000 0.00000000 0.00000000 0.00000000 0.00000000 0.00000000 0.00000000 0.000000000 0.000000000 0.000000000 0.000000e+00 0.0000000000 0.000000000
   60    1      1      0    0      1      11      11     4  4.00000000 0.0000000 0.0000000 0.00000000 0.00000000 0.00000000 0.00000000 0.00000000 0.00000000 0.000000000 0.000000000 0.000000000 0.000000e+00 0.0000000000 0.000000000
   60    1      1      0    0      1      12      12    15 15.00000000 0.0000000 0.0000000 0.00000000 0.00000000 0.00000000 0.00000000 0.00000000 0.00000000 0.000000000 0.000000000 0.000000000 0.000000e+00 0.0000000000 0.000000000
   60    1      1      0    0      1      13      13     5  5.00000000 0.0000000 0.0000000 0.00000000 0.00000000 0.00000000 0.00000000 0.00000000 0.00000000 0.000000000 0.000000000 0.000000000 0.000000e+00 0.0000000000 0.000000000
   60    1      1      0    0      1      14      14     5  5.00000000 0.0000000 0.0000000 0.00000000 0.00000000 0.00000000 0.00000000 0.00000000 0.00000000 0.000000000 0.000000000 0.000000000 0.000000e+00 0.0000000000 0.000000000
   60    1      1      0    0      1      15      15     2  2.00000000 0.0000000 0.0000000 0.00000000 0.00000000 0.00000000 0.00000000 0.00000000 0.00000000 0.000000000 0.000000000 0.000000000 0.000000e+00 0.0000000000 0.000000000
   60    1      1      0    0      1      16      16     2  2.00000000 0.0000000 0.0000000 0.00000000 0.00000000 0.00000000 0.00000000 0.00000000 0.00000000 0.000000000 0.000000000 0.000000000 0.000000e+00 0.0000000000 0.000000000
   60    1      1      0    0      1      17      17     7  7.00000000 0.0000000 0.0000000 0.00000000 0.00000000 0.00000000 0.00000000 0.00000000 0.00000000 0.000000000 0.000000000 0.000000000 0.000000e+00 0.0000000000 0.000000000
   60    1      1      0    0      1      18      18     2  2.00000000 0.0000000 0.0000000 0.00000000 0.00000000 0.00000000 0.00000000 0.00000000 0.00000000 0.000000000 0.000000000 0.000000000 0.000000e+00 0.0000000000 0.000000000
   60    1      1      0    0      1      19      19     2  2.00000000 0.0000000 0.0000000 0.00000000 0.00000000 0.00000000 0.00000000 0.00000000 0.00000000 0.000000000 0.000000000 0.000000000 0.000000e+00 0.0000000000 0.000000000
   60    1      1      0    0      1      20      20     2  2.00000000 0.0000000 0.0000000 0.00000000 0.00000000 0.00000000 0.00000000 0.00000000 0.00000000 0.000000000 0.000000000 0.000000000 0.000000e+00 0.0000000000 0.000000000
   60    1      1      0    0      1      21      21     3  3.00000000 0.0000000 0.0000000 0.00000000 0.00000000 0.00000000 0.00000000 0.00000000 0.00000000 0.000000000 0.000000000 0.000000000 0.000000e+00 0.0000000000 0.000000000
   60    1      1      0    0      1      22      22     1  1.00000000 0.0000000 0.0000000 0.00000000 0.00000000 0.00000000 0.00000000 0.00000000 0.00000000 0.000000000 0.000000000 0.000000000 0.000000e+00 0.0000000000 0.000000000
   60    1      1      0    0      1      23      23    14 13.00000000 1.0000000 0.0000000 0.00000000 0.00000000 0.00000000 0.00000000 0.00000000 0.00000000 0.000000000 0.000000000 0.000000000 0.000000e+00 0.0000000000 0.000000000
   60    1      1      0    0      1      24      24     6  6.00000000 0.0000000 0.0000000 0.00000000 0.00000000 0.00000000 0.00000000 0.00000000 0.00000000 0.000000000 0.000000000 0.000000000 0.000000e+00 0.0000000000 0.000000000
   60    1      1      0    0      1      25      25     2  2.00000000 0.0000000 0.0000000 0.00000000 0.00000000 0.00000000 0.00000000 0.00000000 0.00000000 0.000000000 0.000000000 0.000000000 0.000000e+00 0.0000000000 0.000000000
   60    1      1      0    0      1      26      26     4  4.00000000 0.0000000 0.0000000 0.00000000 0.00000000 0.00000000 0.00000000 0.00000000 0.00000000 0.000000000 0.000000000 0.000000000 0.000000e+00 0.0000000000 0.000000000
   60    1      1      0    0      1      29      29     2  0.00000000 2.0000000 0.0000000 0.00000000 0.00000000 0.00000000 0.00000000 0.00000000 0.00000000 0.000000000 0.000000000 0.000000000 0.000000e+00 0.0000000000 0.000000000
   60    1      1      0    0      1      31      31     1  0.00000000 1.0000000 0.0000000 0.00000000 0.00000000 0.00000000 0.00000000 0.00000000 0.00000000 0.000000000 0.000000000 0.000000000 0.000000e+00 0.0000000000 0.000000000
   60    1      1      0    0      1      33      33     1  0.00000000 1.0000000 0.0000000 0.00000000 0.00000000 0.00000000 0.00000000 0.00000000 0.00000000 0.000000000 0.000000000 0.000000000 0.000000e+00 0.0000000000 0.000000000
   60    1      1      0    0      1      34      34     3  0.00000000 3.0000000 0.0000000 0.00000000 0.00000000 0.00000000 0.00000000 0.00000000 0.00000000 0.000000000 0.000000000 0.000000000 0.000000e+00 0.0000000000 0.000000000
   60    1      1      0    0      1      35      35     1  0.00000000 1.0000000 0.0000000 0.00000000 0.00000000 0.00000000 0.00000000 0.00000000 0.00000000 0.000000000 0.000000000 0.000000000 0.000000e+00 0.0000000000 0.000000000
  100    1      1      0    0      1       4       4     1  1.00000000 0.0000000 0.0000000 0.00000000 0.00000000 0.00000000 0.00000000 0.00000000 0.00000000 0.000000000 0.000000000 0.000000000 0.000000e+00 0.0000000000 0.000000000
  100    1      1      0    0      1       9       9     3  3.00000000 0.0000000 0.0000000 0.00000000 0.00000000 0.00000000 0.00000000 0.00000000 0.00000000 0.000000000 0.000000000 0.000000000 0.000000e+00 0.0000000000 0.000000000
  100    1      1      0    0      1      10      10     4  4.00000000 0.0000000 0.0000000 0.00000000 0.00000000 0.00000000 0.00000000 0.00000000 0.00000000 0.000000000 0.000000000 0.000000000 0.000000e+00 0.0000000000 0.000000000
  100    1      1      0    0      1      11      11     6  6.00000000 0.0000000 0.0000000 0.00000000 0.00000000 0.00000000 0.00000000 0.00000000 0.00000000 0.000000000 0.000000000 0.000000000 0.000000e+00 0.0000000000 0.000000000
  100    1      1      0    0      1      12      12     2  2.00000000 0.0000000 0.0000000 0.00000000 0.00000000 0.00000000 0.00000000 0.00000000 0.00000000 0.000000000 0.000000000 0.000000000 0.000000e+00 0.0000000000 0.000000000
  100    1      1      0    0      1      13      13     3  3.00000000 0.0000000 0.0000000 0.00000000 0.00000000 0.00000000 0.00000000 0.00000000 0.00000000 0.000000000 0.000000000 0.000000000 0.000000e+00 0.0000000000 0.000000000
  100    1      1      0    0      1      14      14     8  8.00000000 0.0000000 0.0000000 0.00000000 0.00000000 0.00000000 0.00000000 0.00000000 0.00000000 0.000000000 0.000000000 0.000000000 0.000000e+00 0.0000000000 0.000000000
  100    1      1      0    0      1      15      15    12 12.00000000 0.0000000 0.0000000 0.00000000 0.00000000 0.00000000 0.00000000 0.00000000 0.00000000 0.000000000 0.000000000 0.000000000 0.000000e+00 0.0000000000 0.000000000
  100    1      1      0    0      1      16      16     5  5.00000000 0.0000000 0.0000000 0.00000000 0.00000000 0.00000000 0.00000000 0.00000000 0.00000000 0.000000000 0.000000000 0.000000000 0.000000e+00 0.0000000000 0.000000000
  100    1      1      0    0      1      17      17    10 10.00000000 0.0000000 0.0000000 0.00000000 0.00000000 0.00000000 0.00000000 0.00000000 0.00000000 0.000000000 0.000000000 0.000000000 0.000000e+00 0.0000000000 0.000000000
  100    1      1      0    0      1      18      18     4  4.00000000 0.0000000 0.0000000 0.00000000 0.00000000 0.00000000 0.00000000 0.00000000 0.00000000 0.000000000 0.000000000 0.000000000 0.000000e+00 0.0000000000 0.000000000
  100    1      1      0    0      1      19      19     4  4.00000000 0.0000000 0.0000000 0.00000000 0.00000000 0.00000000 0.00000000 0.00000000 0.00000000 0.000000000 0.000000000 0.000000000 0.000000e+00 0.0000000000 0.000000000
  100    1      1      0    0      1      20      20     4  4.00000000 0.0000000 0.0000000 0.00000000 0.00000000 0.00000000 0.00000000 0.00000000 0.00000000 0.000000000 0.000000000 0.000000000 0.000000e+00 0.0000000000 0.000000000
  100    1      1      0    0      1      21      21     4  4.00000000 0.0000000 0.0000000 0.00000000 0.00000000 0.00000000 0.00000000 0.00000000 0.00000000 0.000000000 0.000000000 0.000000000 0.000000e+00 0.0000000000 0.000000000
  100    1      1      0    0      1      22      22     4  4.00000000 0.0000000 0.0000000 0.00000000 0.00000000 0.00000000 0.00000000 0.00000000 0.00000000 0.000000000 0.000000000 0.000000000 0.000000e+00 0.0000000000 0.000000000
  100    1      1      0    0      1      23      23     6  6.00000000 0.0000000 0.0000000 0.00000000 0.00000000 0.00000000 0.00000000 0.00000000 0.00000000 0.000000000 0.000000000 0.000000000 0.000000e+00 0.0000000000 0.000000000
  100    1      1      0    0      1      26      26     6  6.00000000 0.0000000 0.0000000 0.00000000 0.00000000 0.00000000 0.00000000 0.00000000 0.00000000 0.000000000 0.000000000 0.000000000 0.000000e+00 0.0000000000 0.000000000
  100    1      1      0    0      1      28      28     1  1.00000000 0.0000000 0.0000000 0.00000000 0.00000000 0.00000000 0.00000000 0.00000000 0.00000000 0.000000000 0.000000000 0.000000000 0.000000e+00 0.0000000000 0.000000000
  100    1      1      0    0      1      29      29     3  1.00000000 2.0000000 0.0000000 0.00000000 0.00000000 0.00000000 0.00000000 0.00000000 0.00000000 0.000000000 0.000000000 0.000000000 0.000000e+00 0.0000000000 0.000000000
  100    1      1      0    0      1      30      30     1  0.00000000 1.0000000 0.0000000 0.00000000 0.00000000 0.00000000 0.00000000 0.00000000 0.00000000 0.000000000 0.000000000 0.000000000 0.000000e+00 0.0000000000 0.000000000
  100    1      1      0    0      1      31      31     1  1.00000000 0.0000000 0.0000000 0.00000000 0.00000000 0.00000000 0.00000000 0.00000000 0.00000000 0.000000000 0.000000000 0.000000000 0.000000e+00 0.0000000000 0.000000000
  100    1      1      0    0      1      32      32     3  0.00000000 3.0000000 0.0000000 0.00000000 0.00000000 0.00000000 0.00000000 0.00000000 0.00000000 0.000000000 0.000000000 0.000000000 0.000000e+00 0.0000000000 0.000000000
  100    1      1      0    0      1      33      33     1  0.00000000 1.0000000 0.0000000 0.00000000 0.00000000 0.00000000 0.00000000 0.00000000 0.00000000 0.000000000 0.000000000 0.000000000 0.000000e+00 0.0000000000 0.000000000
  100    1      1      0    0      1      34      34     1  0.00000000 1.0000000 0.0000000 0.00000000 0.00000000 0.00000000 0.00000000 0.00000000 0.00000000 0.000000000 0.000000000 0.000000000 0.000000e+00 0.0000000000 0.000000000
  100    1      1      0    0      1      37      37     1  0.00000000 1.0000000 0.0000000 0.00000000 0.00000000 0.00000000 0.00000000 0.00000000 0.00000000 0.000000000 0.000000000 0.000000000 0.000000e+00 0.0000000000 0.000000000
  100    1      1      0    0      1      39      39     2  0.00000000 2.0000000 0.0000000 0.00000000 0.00000000 0.00000000 0.00000000 0.00000000 0.00000000 0.000000000 0.000000000 0.000000000 0.000000e+00 0.0000000000 0.000000000
0 #_N_MeanSize_at_Age_obs
0 #_N_environ_variables
0 #_N_environ_obs
0 #_N_sizefreq_methods
0 #_do_tags
0 #_morphcomp_data
#
999
