#C data file created using the SS_writedat function in the R package r4ss
#C should work with SS version: 
#C file write time: 2015-02-11 18:09:11
#
1 #_styr
100 #_endyr
1 #_nseas
12 #_months_per_seas
1 #_spawn_seas
1 #_Nfleet
2 #_Nsurveys
1 #_N_areas
Fishery%Survey%CPUE #_fleetnames
0.5 0.5 0.5 #_surveytiming_in_season
1 1 1 #_area_assignments_for_each_fishery_and_survey
1 #_units of catch:  1=bio; 2=num
0.01 #_se of log(catch) only used for init_eq_catch and for Fmethod 2 and 3
1 #_Ngenders
25 #_Nages
0 #_init_equil_catch_for_each_fishery
100 #_N_lines_of_catch_to_read
 #_Fishery year seas
         0    1    1
         0    2    1
         0    3    1
         0    4    1
         0    5    1
         0    6    1
         0    7    1
         0    8    1
         0    9    1
         0   10    1
         0   11    1
         0   12    1
         0   13    1
         0   14    1
         0   15    1
         0   16    1
         0   17    1
         0   18    1
         0   19    1
         0   20    1
         0   21    1
         0   22    1
         0   23    1
         0   24    1
         0   25    1
 444646000   26    1
 397608000   27    1
 357583000   28    1
 324161000   29    1
 296656000   30    1
 274240000   31    1
 256057000   32    1
 241314000   33    1
 229322000   34    1
 219511000   35    1
 211426000   36    1
 204710000   37    1
 199088000   38    1
 194347000   39    1
 190324000   40    1
 186891000   41    1
 183948000   42    1
 181416000   43    1
 179230000   44    1
 177337000   45    1
 175694000   46    1
 174266000   47    1
 173022000   48    1
 171937000   49    1
 170990000   50    1
 170161000   51    1
 169436000   52    1
 168801000   53    1
 168243000   54    1
 167755000   55    1
 167325000   56    1
 166948000   57    1
 166617000   58    1
 166326000   59    1
 166070000   60    1
 165844000   61    1
 165646000   62    1
 165471000   63    1
 165317000   64    1
 165182000   65    1
 165063000   66    1
 164958000   67    1
 164865000   68    1
 164784000   69    1
 164712000   70    1
 164649000   71    1
 164593000   72    1
 164544000   73    1
 164500000   74    1
 164462000   75    1
 164429000   76    1
 164399000   77    1
 164373000   78    1
 164350000   79    1
 164329000   80    1
 164311000   81    1
 164296000   82    1
 164282000   83    1
 164269000   84    1
 164258000   85    1
 164249000   86    1
 164240000   87    1
 164233000   88    1
 164227000   89    1
 164221000   90    1
 164216000   91    1
 164211000   92    1
 164207000   93    1
 164204000   94    1
 164201000   95    1
 164198000   96    1
 164195000   97    1
 164193000   98    1
 164192000   99    1
 164190000  100    1
13 #_N_cpue
 #_Fleet Units Errtype
       1     1       0
       2     1       0
       3     1       0
 #_year seas index        obs se_log
     76    1     2 1223526889    0.2
     78    1     2 1315785246    0.2
     80    1     2 1553231054    0.2
     82    1     2 1438931842    0.2
     84    1     2 1167189724    0.2
     86    1     2 1783277984    0.2
     88    1     2 1864691718    0.2
     90    1     2 1577173195    0.2
     92    1     2 1197326033    0.2
     94    1     2 1601304143    0.2
     96    1     2 1504989233    0.2
     98    1     2 1640682134    0.2
    100    1     2 1127708578    0.2
0 #_N_discard_fleets
#_discard_units (1=same_as_catchunits(bio/num); 2=fraction; 3=numbers)
#_discard_errtype:  >0 for DF of T-dist(read CV below); 0 for normal with CV; -1 for normal with se; -2 for lognormal
0 #_N_discard
0 #_N_meanbodywt
1 #_DF_for_meanbodywt_T-distribution_like
2 # length bin method: 1=use databins; 2=generate from binwidth,min,max below; 3=read vector
1 # binwidth for population size comp
10 # minimum size in the population (lower edge of first bin and size at age 0.00)
200 # maximum size in the population (lower edge of last bin)
-0.001 #_comp_tail_compression
1e-05 #_add_to_comp
0 #_combine males into females at or below this bin number
45 #_N_lbins
#_lbin_vector
20 23 26 29 32 35 38 41 44 47 50 53 56 59 62 65 68 71 74 77 80 83 86 89 92 95 98 101 104 107 110 113 116 119 122 125 128 131 134 137 140 143 146 149 152
28 #_N_Length_comp_observations
 #_Yr Seas FltSvy Gender Part Nsamp           l20          l23          l26         l29         l32          l35          l38         l41        l44        l47        l50        l53        l56        l59        l62        l65        l68        l71        l74         l77        l80        l83        l86         l89         l92         l95         l98        l101        l104        l107       l110        l113        l116        l119        l122         l125         l128         l131         l134         l137         l140         l143         l146         l149         l152
   26    1      1      0    0   125  2.627871e-50 4.172041e-11 1.683099e-03 0.001722893 0.003308701 0.0035646476 4.962874e-03 0.006643332 0.01066599 0.03101294 0.03171571 0.07625084 0.02402428 0.03817007 0.04756843 0.05438961 0.05156470 0.02555682 0.04126442 0.023267983 0.01637212 0.02630507 0.05631530 0.019029383 0.062767410 0.015809573 0.036210037 0.007689054 0.060725101 0.015468749 0.01633189 0.019245854 0.020175997 0.012976426 0.012312460 0.0212827390 4.606333e-03 0.0500117025 0.0203482053 1.442862e-02 1.909801e-03 4.869313e-04 4.407646e-03 5.476689e-03 1.969581e-03
   36    1      1      0    0   125  1.071665e-51 2.024742e-13 2.469222e-03 0.005579765 0.006609655 0.0040814325 2.055635e-03 0.010899194 0.04637575 0.04449056 0.07554504 0.03953583 0.02225638 0.05540289 0.02656636 0.07678838 0.01868751 0.03458876 0.03630916 0.021393031 0.03875988 0.04669192 0.04752647 0.029852363 0.059336881 0.036708304 0.010413604 0.033514753 0.020155243 0.012453830 0.01095266 0.042129200 0.011042107 0.029974433 0.008846106 0.0055278790 3.567948e-03 0.0170149848 0.0002150536 2.839792e-03 1.067153e-03 7.889224e-04 8.692558e-04 3.117206e-10 1.166917e-04
   46    1      1      0    0   125  1.176817e-86 3.659271e-06 1.640143e-04 0.006175541 0.006483502 0.0018814071 2.120158e-03 0.008179126 0.03383277 0.06646695 0.05888024 0.04512371 0.01610966 0.03820908 0.03754486 0.04689648 0.10457790 0.02157991 0.05507667 0.017658913 0.02482859 0.04916408 0.04448772 0.013477125 0.032092430 0.021003260 0.040819321 0.016221849 0.025219926 0.030453672 0.01969443 0.017163398 0.027984707 0.010050807 0.008344379 0.0028411321 2.760655e-04 0.0163862363 0.0122287603 5.800270e-05 2.190583e-04 8.897615e-03 4.323811e-03 8.770014e-07 6.798182e-03
   56    1      1      0    0   125  0.000000e+00 1.662050e-13 1.285211e-04 0.002739300 0.014229787 0.0001511885 2.322739e-04 0.010008088 0.03315441 0.07774159 0.07489070 0.08336419 0.06154931 0.04203303 0.02557775 0.04934586 0.02541518 0.03913892 0.01903193 0.033104718 0.04691583 0.03285135 0.03230759 0.019395266 0.037616078 0.020769896 0.041940739 0.033722653 0.008336198 0.035305539 0.02557624 0.020301983 0.009375043 0.013047129 0.003361575 0.0039567732 1.050304e-03 0.0028819611 0.0000300640 1.060542e-04 1.395223e-02 3.385565e-06 1.899104e-06 1.958423e-09 5.357475e-03
   60    1      1      0    0   125 6.595906e-232 1.502912e-11 1.761935e-03 0.001208482 0.011780793 0.0041245170 2.618244e-02 0.031760214 0.03470460 0.08566506 0.04072638 0.07324125 0.02751602 0.01665366 0.05545438 0.02967316 0.06089111 0.02863524 0.04491291 0.046100858 0.04030865 0.01245825 0.03139561 0.009286148 0.013047648 0.045912485 0.024627857 0.049845070 0.030821004 0.020344618 0.01988442 0.039883706 0.010827591 0.010390032 0.004550944 0.0113939584 2.480558e-04 0.0008071858 0.0010546251 1.050817e-03 7.423386e-04 7.862903e-05 4.667872e-05 2.678773e-12 6.695911e-07
   64    1      1      0    0   125 1.551029e-250 1.714977e-32 7.491596e-05 0.007782997 0.001117381 0.0077814734 1.074762e-03 0.033517339 0.03785249 0.10798463 0.07046139 0.02873986 0.06567313 0.04812811 0.03132154 0.02953276 0.06620082 0.03879693 0.04887314 0.027604012 0.01330844 0.04687992 0.03916142 0.011802272 0.021395487 0.015605973 0.021391433 0.036813903 0.043545677 0.004030409 0.02830825 0.012528078 0.015343054 0.002201924 0.008558077 0.0007485329 9.513619e-03 0.0062231234 0.0036064261 6.450033e-03 6.587830e-05 7.523157e-09 4.781024e-11 1.981887e-14 3.837539e-07
   68    1      1      0    0   125  2.385040e-74 5.014010e-05 1.408515e-02 0.004830870 0.043831306 0.0036293203 1.880914e-03 0.028785679 0.04341187 0.07055097 0.11025248 0.02455413 0.03902189 0.02200001 0.02537334 0.05921966 0.03465639 0.03312730 0.03608221 0.031510232 0.02906544 0.05682939 0.05516590 0.036855388 0.008781018 0.006468450 0.006483116 0.023424179 0.025400592 0.022750153 0.02039699 0.017322269 0.014745966 0.008483192 0.009113602 0.0171406560 7.314368e-05 0.0042908840 0.0033521491 7.952954e-06 6.377813e-03 6.150068e-04 1.855014e-07 2.711804e-06 1.323325e-09
   72    1      1      0    0   125  4.710985e-13 2.838855e-03 5.820397e-03 0.009619451 0.002790428 0.0085496588 4.092632e-02 0.008457522 0.05520551 0.03219689 0.06175936 0.05521559 0.03790867 0.04630897 0.06294596 0.07564597 0.02723732 0.04629190 0.03792920 0.022794693 0.02312450 0.03150378 0.02989697 0.025852704 0.036122988 0.022401065 0.004633339 0.048371069 0.018980070 0.021414898 0.02588772 0.021557963 0.005308542 0.005195481 0.004479988 0.0008464439 8.204071e-03 0.0165951053 0.0074788254 1.246840e-03 4.542716e-04 4.092992e-15 8.957911e-12 5.565171e-07 1.536351e-07
   76    1      1      0    0   125  1.339105e-25 2.702248e-06 3.434579e-04 0.020439312 0.001386467 0.0138717460 3.271307e-03 0.012259059 0.03509323 0.03882431 0.04323821 0.04741759 0.01778154 0.03017842 0.04994908 0.03401320 0.03042551 0.06682813 0.03708075 0.027006286 0.07873984 0.02521781 0.04421871 0.025454115 0.053895609 0.066617018 0.021599836 0.033380580 0.011170164 0.043804713 0.01359567 0.009383855 0.007217660 0.006540628 0.004074522 0.0184412834 2.874361e-03 0.0082935714 0.0012181629 1.587406e-06 1.460063e-03 1.337385e-02 2.934241e-12 4.545431e-07 1.564193e-05
   80    1      1      0    0   125  3.958897e-78 4.281721e-07 1.342926e-02 0.007171852 0.005015930 0.0275612520 8.795056e-03 0.008441473 0.07800430 0.05423395 0.07500446 0.05606002 0.02248959 0.03393864 0.06812878 0.02450246 0.02486065 0.03840889 0.03164245 0.025054439 0.02843320 0.04454378 0.02705183 0.050634056 0.046165299 0.004592624 0.022641776 0.022653674 0.024457314 0.011578588 0.03603362 0.006776289 0.028106021 0.006317016 0.007152964 0.0020948598 5.360717e-03 0.0064198279 0.0005306348 3.053962e-07 4.092637e-03 1.672522e-04 1.829254e-03 7.395149e-05 9.548634e-03
   84    1      1      0    0   125  7.304028e-72 1.865218e-08 2.945902e-03 0.006909664 0.002324134 0.0007159567 1.544900e-03 0.009674047 0.06017025 0.07551800 0.05068183 0.04033295 0.04147782 0.03343132 0.05073353 0.03477342 0.03338205 0.07796687 0.03918025 0.052686431 0.01907633 0.03178850 0.02502479 0.021537428 0.028735380 0.016851394 0.048581747 0.038406420 0.022768617 0.013074077 0.02064210 0.019239683 0.022959167 0.029475525 0.012198344 0.0012709479 4.306362e-03 0.0024859758 0.0017726143 3.664971e-03 6.603504e-05 1.403326e-03 2.207118e-04 1.541661e-15 2.045233e-07
   88    1      1      0    0   125  0.000000e+00 1.363914e-13 9.380607e-08 0.002589122 0.003676367 0.0021797837 5.033331e-06 0.024227321 0.02904654 0.03401227 0.05484105 0.08953791 0.03292613 0.04026611 0.04423329 0.04786327 0.05515399 0.02654699 0.04938953 0.040731965 0.03422075 0.03826644 0.02936288 0.061821710 0.025229966 0.046617830 0.022522223 0.029586795 0.007269856 0.011409849 0.02426631 0.025179138 0.008597660 0.021638650 0.017949685 0.0054770776 4.617857e-03 0.0040085451 0.0014219329 1.171309e-03 7.762077e-04 9.421294e-05 3.066547e-04 9.597043e-04 2.062804e-19
   92    1      1      0    0   125  0.000000e+00 1.582716e-11 7.677586e-04 0.007377848 0.002347333 0.0072093281 4.941130e-03 0.008321733 0.07351277 0.09457779 0.05788917 0.03735922 0.06148660 0.04152681 0.03110380 0.03932689 0.06070762 0.02616859 0.06746903 0.004996085 0.01319581 0.03934257 0.04539080 0.042847556 0.015245945 0.025167383 0.023646544 0.020618601 0.010753815 0.029722402 0.01264239 0.010028205 0.016670937 0.027583773 0.006338579 0.0104063081 4.686393e-03 0.0056166169 0.0068371460 4.554146e-03 1.614564e-03 1.742681e-09 8.437790e-11 2.565532e-09 1.187337e-10
   96    1      1      0    0   125 3.677851e-211 2.513543e-15 1.234200e-02 0.001414936 0.002840872 0.0051376499 2.171851e-03 0.008811497 0.02156612 0.03955181 0.04657682 0.01613581 0.03467186 0.04597618 0.07097432 0.03255379 0.02143368 0.03368847 0.04289555 0.024533859 0.01459080 0.05992259 0.02789792 0.023430918 0.014192754 0.021497525 0.063563688 0.066336375 0.073153385 0.033844826 0.02166212 0.047061787 0.034213615 0.007157561 0.003472547 0.0085497971 2.148688e-04 0.0010211283 0.0112954302 1.086010e-03 5.149867e-04 1.990729e-05 1.359927e-08 2.011084e-03 1.129006e-05
  100    1      1      0    0   125  1.581604e-10 6.193630e-04 4.339480e-03 0.023553419 0.012409594 0.0047333267 1.544985e-02 0.011295793 0.04418348 0.06927466 0.09001677 0.05435762 0.05696796 0.03270996 0.04635119 0.03270781 0.02585557 0.05455046 0.01881777 0.075949996 0.03744089 0.02289244 0.01587757 0.030811659 0.018569088 0.019146827 0.009957145 0.030044020 0.022677608 0.012628260 0.02978071 0.014710730 0.018333305 0.014715314 0.012058446 0.0034785432 9.335572e-04 0.0004133769 0.0069422136 1.006915e-03 1.915518e-04 2.263249e-03 8.903498e-08 1.949494e-06 9.804751e-04
   76    1      2      0    0   500  2.938338e-09 2.624529e-03 2.491257e-02 0.039164707 0.046532299 0.0177198783 1.093980e-02 0.039323883 0.03050099 0.04892489 0.06502899 0.04287077 0.03124458 0.03316722 0.04503741 0.04209560 0.03839970 0.03937707 0.03060414 0.032484534 0.01816117 0.03160191 0.02554673 0.021810648 0.025459583 0.022534758 0.026988339 0.030453575 0.013139742 0.009976088 0.02966832 0.012089904 0.010340351 0.012399581 0.014519089 0.0109050298 8.630122e-03 0.0075863281 0.0020349193 2.748969e-03 7.208601e-04 1.342783e-03 3.834979e-04 4.134099e-06 3.413234e-09
   78    1      2      0    0   500  3.018143e-26 4.608359e-04 1.298053e-02 0.072355450 0.056390919 0.0210049454 1.723118e-02 0.038159467 0.04401526 0.07274640 0.04474924 0.02959069 0.02756682 0.01903898 0.03928336 0.05751496 0.03283203 0.03059667 0.02214880 0.023972259 0.03916529 0.02800332 0.02987824 0.023251955 0.017384650 0.019830789 0.008398186 0.030640430 0.018072349 0.019847278 0.01992805 0.024713846 0.012545704 0.008796796 0.003872423 0.0140191146 5.071310e-03 0.0007523177 0.0097019535 1.977462e-03 3.557956e-04 1.032379e-03 7.403223e-07 7.862588e-05 4.217587e-05
   80    1      2      0    0   500  4.178116e-05 7.325885e-04 1.025517e-02 0.055764940 0.046842130 0.0256913192 1.007614e-02 0.015221643 0.05400292 0.07053808 0.05013049 0.03518859 0.02773645 0.03125398 0.03842866 0.03657218 0.02955933 0.06137442 0.05428449 0.023223578 0.01345615 0.02525571 0.01739434 0.025397249 0.025185490 0.027134954 0.017931839 0.015697003 0.025240863 0.017378740 0.03880302 0.010594224 0.012584555 0.010751781 0.011895302 0.0111544930 3.047549e-03 0.0024122601 0.0050614458 5.329452e-04 3.520309e-03 1.876200e-04 2.421240e-03 3.485697e-05 7.181451e-06
   82    1      2      0    0   500  1.737570e-23 9.460369e-04 1.558844e-02 0.043710183 0.047674888 0.0310816061 2.273569e-02 0.018880951 0.04766366 0.04520816 0.04411166 0.03283298 0.02309077 0.02616801 0.03191037 0.04614038 0.05680922 0.03908794 0.03344015 0.018538932 0.02374950 0.03641289 0.01751280 0.026671117 0.031976018 0.012384602 0.036801406 0.036745854 0.016676074 0.015530100 0.02346117 0.021442641 0.017008509 0.015182634 0.004548558 0.0130349319 3.645405e-03 0.0053724198 0.0028554078 5.491476e-04 3.001960e-03 5.301419e-04 6.991661e-03 4.020634e-08 2.295000e-03
   84    1      2      0    0   500  6.865071e-16 3.202116e-03 1.572979e-02 0.041057046 0.039665081 0.0161448784 7.766892e-03 0.026776644 0.02907375 0.04724390 0.04382719 0.05306577 0.04633832 0.04323331 0.02766204 0.04714950 0.04090449 0.03594912 0.03727328 0.044044644 0.02715845 0.01831061 0.04105083 0.027454045 0.024459080 0.026253131 0.026421339 0.029391429 0.016876098 0.021388504 0.02403546 0.015604158 0.010602859 0.006254435 0.009843166 0.0006379691 1.048176e-02 0.0061414789 0.0035874197 2.493342e-03 3.195079e-04 2.969322e-03 9.470378e-04 4.343820e-04 7.763958e-04
   86    1      2      0    0   500  4.395421e-28 1.689825e-03 1.257179e-02 0.038839121 0.043263856 0.0115161365 1.174238e-02 0.018498549 0.02279986 0.05567223 0.05724782 0.03789218 0.02915924 0.04712774 0.04068771 0.03891591 0.04077234 0.02462779 0.03019284 0.032292906 0.04064417 0.03822139 0.02633139 0.026531431 0.031213965 0.036619772 0.040162279 0.021752638 0.022854345 0.020075647 0.02251033 0.014312992 0.016245586 0.009493566 0.005562903 0.0061296164 8.007616e-03 0.0081706179 0.0024649552 3.893800e-03 4.842912e-04 5.105137e-04 2.806880e-04 6.597875e-07 2.014626e-03
   88    1      2      0    0   500  1.566825e-10 7.641862e-05 2.545547e-02 0.035805953 0.036999195 0.0344553816 1.325648e-02 0.013007581 0.06886724 0.05800908 0.05020637 0.03352440 0.01750502 0.02490134 0.04118023 0.03321476 0.03544723 0.02303482 0.05272664 0.034759413 0.02575913 0.03316011 0.03024844 0.049872879 0.020546574 0.029382828 0.037172289 0.012423021 0.018413806 0.022128436 0.02321713 0.017029593 0.009574970 0.007454409 0.002937589 0.0077277848 3.554080e-03 0.0104006504 0.0025264688 2.870992e-03 6.630403e-04 2.510680e-05 2.108197e-04 4.985131e-06 2.618294e-04
   90    1      2      0    0   500  3.857575e-23 1.552464e-03 1.584069e-02 0.046572211 0.073627715 0.0106995684 8.884424e-03 0.018703366 0.04561421 0.04140479 0.04634929 0.03590904 0.03828159 0.04509949 0.02776134 0.04021605 0.04022823 0.04443087 0.04057988 0.037006755 0.03119576 0.02573663 0.03396173 0.026648991 0.025406478 0.026400229 0.014076200 0.027710263 0.011500161 0.027550148 0.02180851 0.017055205 0.014791213 0.006038145 0.007377960 0.0113337094 4.236260e-03 0.0028165280 0.0019728665 8.722392e-04 2.881246e-04 1.340830e-03 9.964392e-04 1.233494e-04 6.080293e-08
   92    1      2      0    0   500  1.363926e-18 2.902850e-03 2.524508e-02 0.051503936 0.051133393 0.0197112364 5.921634e-03 0.021929192 0.03387788 0.04275725 0.05567235 0.03500124 0.02677654 0.03968630 0.03156923 0.04411895 0.03963390 0.02747675 0.04260926 0.023682937 0.04834825 0.02717922 0.02767631 0.022545661 0.027493184 0.016215675 0.015287437 0.022444459 0.020536845 0.030643624 0.02108683 0.025162199 0.012995367 0.009296443 0.022231646 0.0080103005 1.165062e-03 0.0068298299 0.0049709168 2.707838e-03 1.273508e-03 4.226172e-03 1.175536e-04 1.152972e-05 3.342368e-04
   94    1      2      0    0   500  5.607480e-29 2.850082e-04 1.375732e-02 0.073415699 0.041987366 0.0192801245 1.002226e-02 0.024281096 0.04565380 0.06088390 0.05752171 0.04576690 0.04126726 0.03083424 0.03242831 0.03998825 0.03237395 0.03185856 0.03236174 0.033141540 0.02427810 0.03309265 0.03227385 0.038632566 0.013725025 0.021790945 0.022704505 0.022414769 0.013387971 0.016128685 0.01303757 0.015166585 0.013991422 0.010114471 0.017174574 0.0072796116 4.740958e-03 0.0035415222 0.0039457851 1.874802e-03 2.940620e-03 3.652263e-05 4.504841e-04 1.598870e-04 7.101881e-06
   96    1      2      0    0   500  2.635586e-05 2.957887e-03 1.081056e-02 0.040762304 0.056873001 0.0138172966 1.191294e-02 0.021344062 0.04673096 0.05802258 0.03907802 0.04450653 0.03845379 0.03924957 0.03913042 0.05134067 0.03699403 0.03425179 0.02585894 0.039522580 0.03486905 0.03068194 0.02589587 0.032260820 0.021792759 0.016238460 0.027991377 0.016585469 0.018277783 0.034313181 0.02270111 0.014450010 0.010380443 0.012045239 0.010508713 0.0073358663 1.146056e-03 0.0057942500 0.0027434549 2.561232e-04 1.770018e-04 3.164541e-04 8.623282e-07 1.481279e-04 1.445292e-03
   98    1      2      0    0   500  1.026154e-03 1.794470e-03 1.569831e-02 0.038435298 0.044998695 0.0195196892 1.230924e-02 0.019036730 0.05170332 0.05514097 0.04696736 0.02948397 0.03065973 0.04838665 0.03696514 0.03100738 0.04363206 0.03553515 0.03161789 0.022989796 0.02488600 0.03133359 0.02737786 0.042010100 0.020346534 0.034261510 0.035873293 0.018765188 0.017481985 0.023237866 0.01675741 0.018555986 0.006224078 0.009388372 0.011346624 0.0031536055 2.248503e-02 0.0053909039 0.0035097696 1.016067e-03 7.195718e-03 8.491688e-04 8.874658e-04 6.632223e-06 7.512512e-04
  100    1      2      0    0   500  1.029417e-21 5.871007e-04 1.120041e-02 0.044020587 0.049551646 0.0175553969 1.218560e-02 0.021894772 0.04474610 0.07242585 0.06934423 0.05919249 0.03746506 0.04362733 0.02828872 0.02967892 0.03094179 0.03353007 0.03814889 0.030838018 0.03338499 0.02719294 0.02111291 0.030818464 0.018662108 0.020268508 0.015751316 0.022086703 0.018772850 0.021206881 0.01355130 0.013103799 0.019482260 0.018519162 0.004322464 0.0094858075 2.526287e-03 0.0029753209 0.0017972626 2.415620e-03 4.505467e-03 2.763964e-03 4.178940e-05 2.880614e-05 3.161514e-08
15 #_N_agebins
#_agebin_vector
1 2 3 4 5 6 7 8 9 10 11 12 13 14 15
1 #_N_ageerror_definitions
 #_age0   age1   age2   age3   age4   age5   age6   age7   age8   age9  age10  age11  age12  age13  age14  age15  age16  age17  age18  age19  age20  age21  age22  age23  age24  age25
 -1.000 -1.000 -1.000 -1.000 -1.000 -1.000 -1.000 -1.000 -1.000 -1.000 -1.000 -1.000 -1.000 -1.000 -1.000 -1.000 -1.000 -1.000 -1.000 -1.000 -1.000 -1.000 -1.000 -1.000 -1.000 -1.000
  0.001  0.001  0.001  0.001  0.001  0.001  0.001  0.001  0.001  0.001  0.001  0.001  0.001  0.001  0.001  0.001  0.001  0.001  0.001  0.001  0.001  0.001  0.001  0.001  0.001  0.001
88 #_N_agecomp
1 #_Lbin_method: 1=poplenbins; 2=datalenbins; 3=lengths
-1 #_combine males into females at or below this bin number
 #_Yr Seas FltSvy Gender Part Ageerr Lbin_lo Lbin_hi Nsamp          a1        a2        a3         a4         a5         a6         a7         a8          a9         a10         a11         a12          a13          a14         a15
   26    1      1      0    0      1      -1      -1   125  0.06136018 0.2138062 0.1422471 0.10627556 0.08153087 0.09777187 0.03839931 0.04572768 0.035683303 0.021014302 0.022645127 0.010304821 0.0473508672 4.765348e-03 0.071117428
   36    1      1      0    0      1      -1      -1   125  0.03070122 0.1797034 0.2138263 0.15714066 0.10600105 0.10767946 0.03565943 0.05521482 0.024801877 0.008649566 0.028388262 0.012108612 0.0060370921 4.658774e-03 0.029429465
   46    1      1      0    0      1      -1      -1   125  0.02250466 0.2116156 0.2256897 0.17365856 0.06819297 0.09724264 0.04704504 0.04722877 0.039974996 0.028654943 0.004575366 0.015526544 0.0007385008 6.264847e-03 0.011086896
   56    1      1      0    0      1      -1      -1   125  0.06528463 0.2337498 0.2199816 0.10189270 0.09877738 0.10550783 0.01354927 0.08996534 0.012597059 0.008642977 0.024562717 0.002650383 0.0047858344 1.852706e-03 0.016199803
   60    1      1      0    0      1      -1      -1   125  0.06226672 0.1993560 0.1917544 0.14688213 0.10914313 0.11188488 0.04911434 0.06774071 0.021485810 0.016793321 0.009126290 0.007215349 0.0039736398 4.415845e-05 0.003219129
   64    1      1      0    0      1      -1      -1   125  0.03129026 0.2368437 0.1959586 0.11383732 0.09370409 0.10007389 0.04513122 0.06671773 0.013420479 0.023188791 0.005850737 0.021853211 0.0198910721 2.776668e-02 0.004472250
   68    1      1      0    0      1      -1      -1   125  0.02335050 0.2154715 0.1886492 0.14853572 0.11524180 0.07889311 0.06756017 0.05811499 0.026088990 0.023683307 0.001743399 0.004761227 0.0088323521 7.012342e-03 0.032061388
   72    1      1      0    0      1      -1      -1   125  0.04008675 0.2195725 0.1871613 0.15522652 0.09680067 0.05514703 0.05284475 0.06886925 0.036357708 0.023350448 0.022032214 0.006119382 0.0126806393 2.450231e-03 0.021300514
   76    1      1      0    0      1      -1      -1   125  0.03249701 0.2627159 0.1468683 0.09276202 0.23024175 0.05078928 0.04586618 0.08185946 0.023536436 0.005119896 0.005604622 0.008812364 0.0044737192 6.063408e-03 0.002789652
   80    1      1      0    0      1      -1      -1   125  0.02314191 0.2194385 0.2337532 0.15107740 0.11741855 0.03397519 0.06482337 0.04695377 0.011740101 0.039107196 0.027944045 0.002965983 0.0064940165 1.152871e-02 0.009638141
   84    1      1      0    0      1      -1      -1   125  0.01087003 0.1775302 0.2390090 0.13526689 0.11571292 0.07272974 0.02980393 0.05966971 0.086855592 0.023392329 0.010399463 0.014138406 0.0014632683 1.405914e-02 0.009099408
   88    1      1      0    0      1      -1      -1   125  0.02768308 0.1844088 0.2571027 0.14560145 0.11832352 0.07990534 0.08665293 0.03919549 0.015005313 0.010836799 0.009385729 0.006701505 0.0112564987 1.186927e-06 0.007939729
   92    1      1      0    0      1      -1      -1   125  0.02198827 0.1930635 0.1980795 0.28861573 0.07469217 0.07355415 0.02514448 0.06332437 0.023533096 0.001123804 0.005858698 0.008018255 0.0105056024 2.554057e-03 0.009944338
   96    1      1      0    0      1      -1      -1   125  0.02627641 0.2481508 0.1935588 0.19082940 0.05213964 0.07601448 0.05025433 0.05536069 0.006970188 0.035119513 0.038052630 0.010522743 0.0007313020 8.473381e-03 0.007545721
  100    1      1      0    0      1      -1      -1   125  0.04848072 0.2571939 0.1392996 0.19141130 0.11530474 0.07631826 0.04656568 0.02274183 0.018999275 0.032826554 0.010316817 0.017991712 0.0003609952 1.289554e-02 0.009293022
   76    1      2      0    0      1      -1      -1   500  0.14380498 0.2444275 0.1418328 0.11020726 0.10515265 0.05437965 0.07105493 0.02901932 0.019125116 0.031487934 0.004568090 0.012119247 0.0052906225 2.005240e-03 0.025524664
   78    1      2      0    0      1      -1      -1   500  0.14441259 0.2202491 0.1726272 0.11307312 0.08791244 0.07665880 0.07098440 0.02652805 0.033202088 0.018368602 0.007468584 0.008029053 0.0067049026 2.655379e-03 0.011125673
   80    1      2      0    0      1      -1      -1   500  0.14405504 0.2240306 0.1504456 0.12816683 0.08462102 0.09513168 0.06977811 0.03865965 0.023249652 0.006867460 0.006201609 0.009034711 0.0099856552 1.641426e-03 0.008131009
   82    1      2      0    0      1      -1      -1   500  0.16610871 0.2377928 0.1699907 0.13214903 0.07160210 0.07582989 0.03813875 0.02075315 0.017609931 0.010938080 0.021959549 0.009062384 0.0081423427 7.722098e-03 0.012200467
   84    1      2      0    0      1      -1      -1   500  0.13247058 0.2458382 0.1624332 0.12977330 0.06865700 0.06459328 0.05231760 0.04702101 0.022267999 0.025112039 0.017886470 0.005481218 0.0031239470 4.399649e-03 0.018624457
   86    1      2      0    0      1      -1      -1   500  0.18169084 0.2014152 0.1876641 0.10606641 0.08950032 0.03906003 0.03603389 0.03519741 0.048868227 0.026654680 0.012568543 0.011559870 0.0072699036 6.581409e-03 0.009869166
   88    1      2      0    0      1      -1      -1   500  0.14994938 0.2216759 0.1720571 0.13026906 0.08854981 0.06272568 0.03858405 0.03072097 0.030315975 0.032981401 0.015825648 0.005453214 0.0091682476 5.985429e-03 0.005738186
   90    1      2      0    0      1      -1      -1   500  0.16909065 0.2372475 0.1613073 0.10990330 0.08756896 0.05861305 0.04763427 0.04466700 0.027150472 0.013802666 0.008099526 0.010119833 0.0055963608 6.668697e-03 0.012530392
   92    1      2      0    0      1      -1      -1   500  0.12801139 0.2311905 0.1846727 0.13681909 0.10303897 0.05340473 0.03350142 0.02455772 0.037120338 0.014615227 0.015835798 0.011103772 0.0083001441 6.357264e-03 0.011470933
   94    1      2      0    0      1      -1      -1   500  0.12671275 0.2007734 0.1721662 0.10615283 0.10110891 0.08459507 0.07076778 0.04514087 0.018428945 0.011540967 0.015442276 0.024359530 0.0075808056 2.845978e-03 0.012383707
   96    1      2      0    0      1      -1      -1   500  0.13810351 0.2436430 0.1643657 0.15337587 0.08749909 0.04450413 0.05549118 0.02315898 0.022219435 0.015141931 0.011780324 0.012046638 0.0062009699 5.191645e-03 0.017277553
   98    1      2      0    0      1      -1      -1   500  0.13089352 0.2466704 0.1624430 0.12617929 0.09319718 0.07235043 0.05016732 0.03445798 0.019664685 0.020830222 0.007837278 0.011492092 0.0081305542 1.399520e-03 0.014286497
  100    1      2      0    0      1      -1      -1   500  0.13331038 0.2275262 0.1598381 0.13049344 0.08843162 0.08864180 0.03774235 0.04356326 0.025317053 0.018002788 0.011908893 0.012479411 0.0046238467 2.967898e-03 0.015153005
   60    1      1      0    0      1       4       4     1  1.00000000 0.0000000 0.0000000 0.00000000 0.00000000 0.00000000 0.00000000 0.00000000 0.000000000 0.000000000 0.000000000 0.000000000 0.0000000000 0.000000e+00 0.000000000
   60    1      1      0    0      1       5       5     2  2.00000000 0.0000000 0.0000000 0.00000000 0.00000000 0.00000000 0.00000000 0.00000000 0.000000000 0.000000000 0.000000000 0.000000000 0.0000000000 0.000000e+00 0.000000000
   60    1      1      0    0      1       7       7     2  2.00000000 0.0000000 0.0000000 0.00000000 0.00000000 0.00000000 0.00000000 0.00000000 0.000000000 0.000000000 0.000000000 0.000000000 0.0000000000 0.000000e+00 0.000000000
   60    1      1      0    0      1       8       8     3  3.00000000 0.0000000 0.0000000 0.00000000 0.00000000 0.00000000 0.00000000 0.00000000 0.000000000 0.000000000 0.000000000 0.000000000 0.0000000000 0.000000e+00 0.000000000
   60    1      1      0    0      1       9       9     5  5.00000000 0.0000000 0.0000000 0.00000000 0.00000000 0.00000000 0.00000000 0.00000000 0.000000000 0.000000000 0.000000000 0.000000000 0.0000000000 0.000000e+00 0.000000000
   60    1      1      0    0      1      10      10     8  8.00000000 0.0000000 0.0000000 0.00000000 0.00000000 0.00000000 0.00000000 0.00000000 0.000000000 0.000000000 0.000000000 0.000000000 0.0000000000 0.000000e+00 0.000000000
   60    1      1      0    0      1      11      11     4  4.00000000 0.0000000 0.0000000 0.00000000 0.00000000 0.00000000 0.00000000 0.00000000 0.000000000 0.000000000 0.000000000 0.000000000 0.0000000000 0.000000e+00 0.000000000
   60    1      1      0    0      1      12      12     7  7.00000000 0.0000000 0.0000000 0.00000000 0.00000000 0.00000000 0.00000000 0.00000000 0.000000000 0.000000000 0.000000000 0.000000000 0.0000000000 0.000000e+00 0.000000000
   60    1      1      0    0      1      13      13     4  4.00000000 0.0000000 0.0000000 0.00000000 0.00000000 0.00000000 0.00000000 0.00000000 0.000000000 0.000000000 0.000000000 0.000000000 0.0000000000 0.000000e+00 0.000000000
   60    1      1      0    0      1      15      15     4  4.00000000 0.0000000 0.0000000 0.00000000 0.00000000 0.00000000 0.00000000 0.00000000 0.000000000 0.000000000 0.000000000 0.000000000 0.0000000000 0.000000e+00 0.000000000
   60    1      1      0    0      1      16      16     4  4.00000000 0.0000000 0.0000000 0.00000000 0.00000000 0.00000000 0.00000000 0.00000000 0.000000000 0.000000000 0.000000000 0.000000000 0.0000000000 0.000000e+00 0.000000000
   60    1      1      0    0      1      17      17     3  3.00000000 0.0000000 0.0000000 0.00000000 0.00000000 0.00000000 0.00000000 0.00000000 0.000000000 0.000000000 0.000000000 0.000000000 0.0000000000 0.000000e+00 0.000000000
   60    1      1      0    0      1      18      18     2  2.00000000 0.0000000 0.0000000 0.00000000 0.00000000 0.00000000 0.00000000 0.00000000 0.000000000 0.000000000 0.000000000 0.000000000 0.0000000000 0.000000e+00 0.000000000
   60    1      1      0    0      1      19      19     5  5.00000000 0.0000000 0.0000000 0.00000000 0.00000000 0.00000000 0.00000000 0.00000000 0.000000000 0.000000000 0.000000000 0.000000000 0.0000000000 0.000000e+00 0.000000000
   60    1      1      0    0      1      20      20    11 11.00000000 0.0000000 0.0000000 0.00000000 0.00000000 0.00000000 0.00000000 0.00000000 0.000000000 0.000000000 0.000000000 0.000000000 0.0000000000 0.000000e+00 0.000000000
   60    1      1      0    0      1      21      21     1  1.00000000 0.0000000 0.0000000 0.00000000 0.00000000 0.00000000 0.00000000 0.00000000 0.000000000 0.000000000 0.000000000 0.000000000 0.0000000000 0.000000e+00 0.000000000
   60    1      1      0    0      1      22      22     3  3.00000000 0.0000000 0.0000000 0.00000000 0.00000000 0.00000000 0.00000000 0.00000000 0.000000000 0.000000000 0.000000000 0.000000000 0.0000000000 0.000000e+00 0.000000000
   60    1      1      0    0      1      23      23     4  4.00000000 0.0000000 0.0000000 0.00000000 0.00000000 0.00000000 0.00000000 0.00000000 0.000000000 0.000000000 0.000000000 0.000000000 0.0000000000 0.000000e+00 0.000000000
   60    1      1      0    0      1      24      24     1  1.00000000 0.0000000 0.0000000 0.00000000 0.00000000 0.00000000 0.00000000 0.00000000 0.000000000 0.000000000 0.000000000 0.000000000 0.0000000000 0.000000e+00 0.000000000
   60    1      1      0    0      1      25      25     1  1.00000000 0.0000000 0.0000000 0.00000000 0.00000000 0.00000000 0.00000000 0.00000000 0.000000000 0.000000000 0.000000000 0.000000000 0.0000000000 0.000000e+00 0.000000000
   60    1      1      0    0      1      26      26     3  3.00000000 0.0000000 0.0000000 0.00000000 0.00000000 0.00000000 0.00000000 0.00000000 0.000000000 0.000000000 0.000000000 0.000000000 0.0000000000 0.000000e+00 0.000000000
   60    1      1      0    0      1      27      27     4  4.00000000 0.0000000 0.0000000 0.00000000 0.00000000 0.00000000 0.00000000 0.00000000 0.000000000 0.000000000 0.000000000 0.000000000 0.0000000000 0.000000e+00 0.000000000
   60    1      1      0    0      1      28      28     3  2.00000000 1.0000000 0.0000000 0.00000000 0.00000000 0.00000000 0.00000000 0.00000000 0.000000000 0.000000000 0.000000000 0.000000000 0.0000000000 0.000000e+00 0.000000000
   60    1      1      0    0      1      29      29     3  1.00000000 2.0000000 0.0000000 0.00000000 0.00000000 0.00000000 0.00000000 0.00000000 0.000000000 0.000000000 0.000000000 0.000000000 0.0000000000 0.000000e+00 0.000000000
   60    1      1      0    0      1      30      30     2  0.00000000 2.0000000 0.0000000 0.00000000 0.00000000 0.00000000 0.00000000 0.00000000 0.000000000 0.000000000 0.000000000 0.000000000 0.0000000000 0.000000e+00 0.000000000
   60    1      1      0    0      1      31      31     1  0.00000000 1.0000000 0.0000000 0.00000000 0.00000000 0.00000000 0.00000000 0.00000000 0.000000000 0.000000000 0.000000000 0.000000000 0.0000000000 0.000000e+00 0.000000000
   60    1      1      0    0      1      32      32     5  0.00000000 5.0000000 0.0000000 0.00000000 0.00000000 0.00000000 0.00000000 0.00000000 0.000000000 0.000000000 0.000000000 0.000000000 0.0000000000 0.000000e+00 0.000000000
   60    1      1      0    0      1      33      33     2  0.00000000 2.0000000 0.0000000 0.00000000 0.00000000 0.00000000 0.00000000 0.00000000 0.000000000 0.000000000 0.000000000 0.000000000 0.0000000000 0.000000e+00 0.000000000
   60    1      1      0    0      1      35      35     2  0.00000000 2.0000000 0.0000000 0.00000000 0.00000000 0.00000000 0.00000000 0.00000000 0.000000000 0.000000000 0.000000000 0.000000000 0.0000000000 0.000000e+00 0.000000000
  100    1      1      0    0      1       4       4     2  2.00000000 0.0000000 0.0000000 0.00000000 0.00000000 0.00000000 0.00000000 0.00000000 0.000000000 0.000000000 0.000000000 0.000000000 0.0000000000 0.000000e+00 0.000000000
  100    1      1      0    0      1       5       5     1  1.00000000 0.0000000 0.0000000 0.00000000 0.00000000 0.00000000 0.00000000 0.00000000 0.000000000 0.000000000 0.000000000 0.000000000 0.0000000000 0.000000e+00 0.000000000
  100    1      1      0    0      1       6       6     2  2.00000000 0.0000000 0.0000000 0.00000000 0.00000000 0.00000000 0.00000000 0.00000000 0.000000000 0.000000000 0.000000000 0.000000000 0.0000000000 0.000000e+00 0.000000000
  100    1      1      0    0      1       7       7     1  1.00000000 0.0000000 0.0000000 0.00000000 0.00000000 0.00000000 0.00000000 0.00000000 0.000000000 0.000000000 0.000000000 0.000000000 0.0000000000 0.000000e+00 0.000000000
  100    1      1      0    0      1       8       8     2  2.00000000 0.0000000 0.0000000 0.00000000 0.00000000 0.00000000 0.00000000 0.00000000 0.000000000 0.000000000 0.000000000 0.000000000 0.0000000000 0.000000e+00 0.000000000
  100    1      1      0    0      1       9       9     7  7.00000000 0.0000000 0.0000000 0.00000000 0.00000000 0.00000000 0.00000000 0.00000000 0.000000000 0.000000000 0.000000000 0.000000000 0.0000000000 0.000000e+00 0.000000000
  100    1      1      0    0      1      10      10     7  7.00000000 0.0000000 0.0000000 0.00000000 0.00000000 0.00000000 0.00000000 0.00000000 0.000000000 0.000000000 0.000000000 0.000000000 0.0000000000 0.000000e+00 0.000000000
  100    1      1      0    0      1      11      11    11 11.00000000 0.0000000 0.0000000 0.00000000 0.00000000 0.00000000 0.00000000 0.00000000 0.000000000 0.000000000 0.000000000 0.000000000 0.0000000000 0.000000e+00 0.000000000
  100    1      1      0    0      1      12      12     6  6.00000000 0.0000000 0.0000000 0.00000000 0.00000000 0.00000000 0.00000000 0.00000000 0.000000000 0.000000000 0.000000000 0.000000000 0.0000000000 0.000000e+00 0.000000000
  100    1      1      0    0      1      13      13     3  3.00000000 0.0000000 0.0000000 0.00000000 0.00000000 0.00000000 0.00000000 0.00000000 0.000000000 0.000000000 0.000000000 0.000000000 0.0000000000 0.000000e+00 0.000000000
  100    1      1      0    0      1      14      14     4  4.00000000 0.0000000 0.0000000 0.00000000 0.00000000 0.00000000 0.00000000 0.00000000 0.000000000 0.000000000 0.000000000 0.000000000 0.0000000000 0.000000e+00 0.000000000
  100    1      1      0    0      1      15      15     1  1.00000000 0.0000000 0.0000000 0.00000000 0.00000000 0.00000000 0.00000000 0.00000000 0.000000000 0.000000000 0.000000000 0.000000000 0.0000000000 0.000000e+00 0.000000000
  100    1      1      0    0      1      16      16     2  2.00000000 0.0000000 0.0000000 0.00000000 0.00000000 0.00000000 0.00000000 0.00000000 0.000000000 0.000000000 0.000000000 0.000000000 0.0000000000 0.000000e+00 0.000000000
  100    1      1      0    0      1      17      17     3  3.00000000 0.0000000 0.0000000 0.00000000 0.00000000 0.00000000 0.00000000 0.00000000 0.000000000 0.000000000 0.000000000 0.000000000 0.0000000000 0.000000e+00 0.000000000
  100    1      1      0    0      1      18      18     4  4.00000000 0.0000000 0.0000000 0.00000000 0.00000000 0.00000000 0.00000000 0.00000000 0.000000000 0.000000000 0.000000000 0.000000000 0.0000000000 0.000000e+00 0.000000000
  100    1      1      0    0      1      19      19     2  2.00000000 0.0000000 0.0000000 0.00000000 0.00000000 0.00000000 0.00000000 0.00000000 0.000000000 0.000000000 0.000000000 0.000000000 0.0000000000 0.000000e+00 0.000000000
  100    1      1      0    0      1      20      20     7  7.00000000 0.0000000 0.0000000 0.00000000 0.00000000 0.00000000 0.00000000 0.00000000 0.000000000 0.000000000 0.000000000 0.000000000 0.0000000000 0.000000e+00 0.000000000
  100    1      1      0    0      1      21      21     4  4.00000000 0.0000000 0.0000000 0.00000000 0.00000000 0.00000000 0.00000000 0.00000000 0.000000000 0.000000000 0.000000000 0.000000000 0.0000000000 0.000000e+00 0.000000000
  100    1      1      0    0      1      22      22     2  2.00000000 0.0000000 0.0000000 0.00000000 0.00000000 0.00000000 0.00000000 0.00000000 0.000000000 0.000000000 0.000000000 0.000000000 0.0000000000 0.000000e+00 0.000000000
  100    1      1      0    0      1      23      23     2  2.00000000 0.0000000 0.0000000 0.00000000 0.00000000 0.00000000 0.00000000 0.00000000 0.000000000 0.000000000 0.000000000 0.000000000 0.0000000000 0.000000e+00 0.000000000
  100    1      1      0    0      1      24      24     4  4.00000000 0.0000000 0.0000000 0.00000000 0.00000000 0.00000000 0.00000000 0.00000000 0.000000000 0.000000000 0.000000000 0.000000000 0.0000000000 0.000000e+00 0.000000000
  100    1      1      0    0      1      25      25     2  2.00000000 0.0000000 0.0000000 0.00000000 0.00000000 0.00000000 0.00000000 0.00000000 0.000000000 0.000000000 0.000000000 0.000000000 0.0000000000 0.000000e+00 0.000000000
  100    1      1      0    0      1      28      28     1  1.00000000 0.0000000 0.0000000 0.00000000 0.00000000 0.00000000 0.00000000 0.00000000 0.000000000 0.000000000 0.000000000 0.000000000 0.0000000000 0.000000e+00 0.000000000
  100    1      1      0    0      1      29      29     2  1.00000000 1.0000000 0.0000000 0.00000000 0.00000000 0.00000000 0.00000000 0.00000000 0.000000000 0.000000000 0.000000000 0.000000000 0.0000000000 0.000000e+00 0.000000000
  100    1      1      0    0      1      30      30     4  0.00000000 4.0000000 0.0000000 0.00000000 0.00000000 0.00000000 0.00000000 0.00000000 0.000000000 0.000000000 0.000000000 0.000000000 0.0000000000 0.000000e+00 0.000000000
  100    1      1      0    0      1      31      31     3  0.00000000 3.0000000 0.0000000 0.00000000 0.00000000 0.00000000 0.00000000 0.00000000 0.000000000 0.000000000 0.000000000 0.000000000 0.0000000000 0.000000e+00 0.000000000
  100    1      1      0    0      1      32      32     2  0.00000000 2.0000000 0.0000000 0.00000000 0.00000000 0.00000000 0.00000000 0.00000000 0.000000000 0.000000000 0.000000000 0.000000000 0.0000000000 0.000000e+00 0.000000000
  100    1      1      0    0      1      33      33     4  0.00000000 4.0000000 0.0000000 0.00000000 0.00000000 0.00000000 0.00000000 0.00000000 0.000000000 0.000000000 0.000000000 0.000000000 0.0000000000 0.000000e+00 0.000000000
  100    1      1      0    0      1      34      34     2  0.00000000 2.0000000 0.0000000 0.00000000 0.00000000 0.00000000 0.00000000 0.00000000 0.000000000 0.000000000 0.000000000 0.000000000 0.0000000000 0.000000e+00 0.000000000
  100    1      1      0    0      1      35      35     2  0.00000000 2.0000000 0.0000000 0.00000000 0.00000000 0.00000000 0.00000000 0.00000000 0.000000000 0.000000000 0.000000000 0.000000000 0.0000000000 0.000000e+00 0.000000000
  100    1      1      0    0      1      39      39     1  0.00000000 1.0000000 0.0000000 0.00000000 0.00000000 0.00000000 0.00000000 0.00000000 0.000000000 0.000000000 0.000000000 0.000000000 0.0000000000 0.000000e+00 0.000000000
0 #_N_MeanSize_at_Age_obs
0 #_N_environ_variables
0 #_N_environ_obs
0 #_N_sizefreq_methods
0 #_do_tags
0 #_morphcomp_data
#
999
