#C data file created using the SS_writedat function in the R package r4ss
#C should work with SS version: 
#C file write time: 2015-02-11 18:40:28
#
1 #_styr
100 #_endyr
1 #_nseas
12 #_months_per_seas
1 #_spawn_seas
1 #_Nfleet
2 #_Nsurveys
1 #_N_areas
Fishery%Survey%CPUE #_fleetnames
0.5 0.5 0.5 #_surveytiming_in_season
1 1 1 #_area_assignments_for_each_fishery_and_survey
1 #_units of catch:  1=bio; 2=num
0.01 #_se of log(catch) only used for init_eq_catch and for Fmethod 2 and 3
1 #_Ngenders
25 #_Nages
0 #_init_equil_catch_for_each_fishery
100 #_N_lines_of_catch_to_read
 #_Fishery year seas
         0    1    1
         0    2    1
         0    3    1
         0    4    1
         0    5    1
         0    6    1
         0    7    1
         0    8    1
         0    9    1
         0   10    1
         0   11    1
         0   12    1
         0   13    1
         0   14    1
         0   15    1
         0   16    1
         0   17    1
         0   18    1
         0   19    1
         0   20    1
         0   21    1
         0   22    1
         0   23    1
         0   24    1
         0   25    1
 444646000   26    1
 397608000   27    1
 357583000   28    1
 324161000   29    1
 296656000   30    1
 274240000   31    1
 256057000   32    1
 241314000   33    1
 229322000   34    1
 219511000   35    1
 211426000   36    1
 204710000   37    1
 199088000   38    1
 194347000   39    1
 190324000   40    1
 186891000   41    1
 183948000   42    1
 181416000   43    1
 179230000   44    1
 177337000   45    1
 175694000   46    1
 174266000   47    1
 173022000   48    1
 171937000   49    1
 170990000   50    1
 170161000   51    1
 169436000   52    1
 168801000   53    1
 168243000   54    1
 167755000   55    1
 167325000   56    1
 166948000   57    1
 166617000   58    1
 166326000   59    1
 166070000   60    1
 165844000   61    1
 165646000   62    1
 165471000   63    1
 165317000   64    1
 165182000   65    1
 165063000   66    1
 164958000   67    1
 164865000   68    1
 164784000   69    1
 164712000   70    1
 164649000   71    1
 164593000   72    1
 164544000   73    1
 164500000   74    1
 164462000   75    1
 164429000   76    1
 164399000   77    1
 164373000   78    1
 164350000   79    1
 164329000   80    1
 164311000   81    1
 164296000   82    1
 164282000   83    1
 164269000   84    1
 164258000   85    1
 164249000   86    1
 164240000   87    1
 164233000   88    1
 164227000   89    1
 164221000   90    1
 164216000   91    1
 164211000   92    1
 164207000   93    1
 164204000   94    1
 164201000   95    1
 164198000   96    1
 164195000   97    1
 164193000   98    1
 164192000   99    1
 164190000  100    1
13 #_N_cpue
 #_Fleet Units Errtype
       1     1       0
       2     1       0
       3     1       0
 #_year seas index        obs se_log
     76    1     2 1479159011    0.2
     78    1     2 1435327443    0.2
     80    1     2 1918970458    0.2
     82    1     2 1062201710    0.2
     84    1     2 1089566771    0.2
     86    1     2 1782236080    0.2
     88    1     2 1676495910    0.2
     90    1     2 1785312446    0.2
     92    1     2 1616472340    0.2
     94    1     2 1338269191    0.2
     96    1     2 1365958433    0.2
     98    1     2 1078132924    0.2
    100    1     2 1405882254    0.2
0 #_N_discard_fleets
#_discard_units (1=same_as_catchunits(bio/num); 2=fraction; 3=numbers)
#_discard_errtype:  >0 for DF of T-dist(read CV below); 0 for normal with CV; -1 for normal with se; -2 for lognormal
0 #_N_discard
0 #_N_meanbodywt
1 #_DF_for_meanbodywt_T-distribution_like
2 # length bin method: 1=use databins; 2=generate from binwidth,min,max below; 3=read vector
1 # binwidth for population size comp
10 # minimum size in the population (lower edge of first bin and size at age 0.00)
200 # maximum size in the population (lower edge of last bin)
-0.001 #_comp_tail_compression
1e-05 #_add_to_comp
0 #_combine males into females at or below this bin number
45 #_N_lbins
#_lbin_vector
20 23 26 29 32 35 38 41 44 47 50 53 56 59 62 65 68 71 74 77 80 83 86 89 92 95 98 101 104 107 110 113 116 119 122 125 128 131 134 137 140 143 146 149 152
28 #_N_Length_comp_observations
 #_Yr Seas FltSvy Gender Part Nsamp           l20          l23          l26         l29         l32          l35          l38         l41        l44        l47        l50        l53        l56        l59        l62        l65        l68        l71        l74         l77        l80         l83        l86        l89        l92        l95         l98       l101        l104        l107        l110        l113        l116         l119         l122         l125         l128         l131         l134         l137         l140         l143         l146         l149         l152
   26    1      1      0    0   125 2.316600e-133 5.237439e-13 5.938439e-04 0.019463941 0.006428445 0.0049630229 2.665502e-05 0.002199449 0.02431930 0.05715057 0.07873056 0.03743273 0.01498828 0.01107872 0.04087632 0.02267161 0.02885689 0.03122517 0.06796517 0.033307914 0.03763713 0.003997356 0.04350468 0.02332458 0.01909921 0.02720889 0.032124056 0.04643961 0.041773159 0.024167195 0.063302664 0.038824111 0.017776573 0.0196742407 0.0205102614 0.0123847781 0.0014874455 2.175983e-02 8.784289e-03 1.733854e-03 2.750620e-04 3.117689e-03 9.583825e-04 3.488081e-03 4.368282e-03
   36    1      1      0    0   125  1.942479e-35 8.495350e-05 1.483606e-04 0.007725597 0.008158356 0.0067381753 1.354587e-02 0.017944214 0.03060328 0.08721377 0.04831602 0.05533673 0.02712040 0.06149692 0.03265653 0.06616525 0.06767871 0.05806902 0.02786599 0.019608116 0.03631186 0.020855577 0.02971171 0.02417520 0.01659391 0.02904913 0.027685244 0.01515983 0.022935501 0.008467055 0.009430983 0.009870398 0.019294043 0.0400936974 0.0184629871 0.0001225488 0.0182383379 4.239363e-04 1.461207e-02 5.877904e-05 1.802171e-03 6.504812e-05 3.426495e-06 1.001511e-04 1.279681e-07
   46    1      1      0    0   125  0.000000e+00 3.445350e-12 7.540367e-10 0.006883719 0.003758945 0.0009176348 1.216169e-03 0.003991468 0.04732747 0.06718283 0.03170779 0.05076557 0.02193163 0.02076864 0.03557983 0.03757798 0.05232146 0.06497854 0.03836473 0.009924502 0.03677527 0.043943495 0.01670518 0.04577120 0.02043404 0.05680176 0.011205796 0.04435036 0.035613061 0.049476168 0.018712389 0.026945180 0.005408289 0.0220777685 0.0260263296 0.0046140068 0.0275691951 3.043665e-05 4.597682e-03 1.654660e-03 5.968870e-03 1.199732e-04 1.240944e-12 5.695060e-12 4.534695e-13
   56    1      1      0    0   125  2.461441e-29 2.846194e-08 1.116333e-03 0.007917927 0.017864863 0.0046837240 1.934266e-02 0.012297318 0.01640239 0.04494554 0.03145065 0.04802911 0.02199993 0.04598027 0.05081900 0.04001987 0.03691436 0.02861320 0.03394260 0.022336543 0.03666649 0.048230170 0.04205093 0.03724475 0.02127486 0.01502403 0.033211911 0.06909750 0.025536370 0.095110344 0.026610047 0.005296630 0.006341828 0.0004296241 0.0146701077 0.0044951300 0.0105371609 2.667972e-03 1.884650e-02 3.742617e-04 2.112656e-04 1.340055e-03 2.979545e-11 4.382620e-16 5.574756e-05
   60    1      1      0    0   125  1.031282e-07 6.568127e-21 4.808701e-04 0.025659399 0.009771752 0.0111846708 2.076510e-02 0.022392288 0.05613911 0.05227830 0.03197095 0.03761382 0.07554584 0.02795248 0.03977240 0.03534747 0.04564589 0.01531936 0.04367235 0.037574248 0.02331652 0.020146891 0.01894217 0.03276475 0.03458570 0.02970477 0.013790701 0.02455322 0.038819734 0.027209940 0.020591667 0.021492070 0.030181795 0.0081839131 0.0007656467 0.0084035039 0.0187825360 1.063102e-02 6.707051e-05 2.638095e-02 6.234430e-04 6.556561e-04 2.033577e-04 1.716667e-06 1.148700e-04
   64    1      1      0    0   125  0.000000e+00 6.232889e-30 4.467459e-04 0.008813130 0.023583737 0.0059449047 4.768402e-03 0.012778983 0.01643481 0.12805837 0.06422285 0.06938059 0.03617241 0.03955901 0.04667379 0.03377579 0.03608099 0.05798958 0.02520082 0.059044757 0.04248189 0.013085291 0.04195695 0.02475315 0.03731642 0.01659865 0.035350434 0.04017062 0.020434323 0.007725074 0.005140528 0.003558216 0.010764097 0.0089908423 0.0033501319 0.0036065414 0.0049207991 6.172140e-03 1.772130e-03 1.052380e-05 2.429656e-03 4.353418e-04 1.865042e-06 4.470693e-05 5.442313e-16
   68    1      1      0    0   125  1.093965e-03 3.417882e-07 9.312664e-07 0.001165832 0.024017864 0.0169616806 3.266334e-05 0.018633974 0.05054027 0.06791010 0.04974411 0.02463335 0.03139526 0.04601161 0.03745877 0.04821931 0.06955922 0.04203045 0.05183407 0.036272652 0.03641811 0.030511824 0.01844734 0.04517850 0.02025903 0.04758645 0.015730459 0.01494850 0.013279042 0.008699078 0.032415499 0.040843965 0.005211854 0.0201747066 0.0121085421 0.0043721936 0.0051019640 4.107941e-03 4.622918e-03 6.850872e-04 1.461465e-03 1.568056e-04 3.629024e-18 1.567466e-04 5.535644e-06
   72    1      1      0    0   125  4.773570e-09 1.491459e-18 2.476658e-03 0.013784095 0.009504523 0.0110650179 1.903507e-02 0.043633548 0.05208817 0.06175046 0.03679829 0.02293058 0.04188620 0.05876453 0.03582129 0.05116546 0.06301307 0.03329822 0.02160232 0.031181517 0.05947952 0.053164078 0.02873576 0.03089300 0.03001966 0.02289636 0.021939729 0.01591531 0.023856452 0.021479241 0.026808935 0.014006896 0.011246783 0.0117277363 0.0072387157 0.0045724122 0.0009996222 2.375486e-04 5.785981e-04 4.180336e-03 1.627354e-04 5.044529e-05 1.370973e-06 1.176895e-14 9.731557e-06
   76    1      1      0    0   125 1.072593e-119 1.304510e-20 2.187613e-04 0.034420221 0.002754353 0.0002347025 1.127109e-02 0.043819253 0.06074590 0.06119048 0.03719775 0.03352775 0.03617489 0.05867752 0.04370084 0.03360553 0.03942860 0.04895773 0.04220486 0.023768920 0.02645028 0.017690935 0.05137370 0.03137772 0.01634276 0.03366005 0.024787685 0.02340313 0.008415702 0.041035094 0.027216516 0.001727101 0.012231369 0.0071153772 0.0152133891 0.0026665385 0.0140967486 4.209847e-03 9.423918e-03 1.310397e-02 1.126415e-03 1.841270e-07 4.822866e-06 2.737623e-48 5.427587e-03
   80    1      1      0    0   125  2.379955e-12 2.622799e-04 1.805291e-03 0.030091492 0.022507116 0.0030722785 1.262850e-02 0.039049465 0.09406327 0.08560134 0.04779603 0.02546501 0.03687755 0.03071110 0.02203114 0.04108915 0.03276393 0.02593427 0.02925611 0.025351848 0.05116649 0.030666545 0.01431073 0.04149610 0.01395005 0.04066660 0.009681427 0.01882512 0.010686826 0.025080585 0.009801679 0.011934835 0.048021816 0.0065588064 0.0336960233 0.0024325544 0.0164754232 2.246556e-03 3.947837e-04 4.032671e-03 3.214975e-08 7.931583e-11 1.323765e-03 1.376034e-07 1.932510e-04
   84    1      1      0    0   125  0.000000e+00 1.180426e-05 8.307374e-03 0.002885932 0.033858833 0.0025431084 4.197886e-05 0.010088107 0.06318712 0.05576618 0.04822452 0.06578641 0.02556021 0.03888439 0.02382143 0.04039277 0.08609874 0.01961994 0.01618401 0.043425910 0.05006103 0.041627929 0.04953741 0.02351775 0.04117164 0.01182599 0.056740862 0.01866707 0.011426556 0.039429917 0.012578934 0.019413847 0.012676018 0.0019982503 0.0041341628 0.0039606829 0.0043301648 8.199808e-03 1.799504e-03 9.001861e-05 1.519467e-03 5.785217e-04 2.530720e-05 4.157239e-07 2.516611e-16
   88    1      1      0    0   125 5.500815e-161 3.848714e-11 2.982312e-03 0.003524273 0.019127358 0.0027940162 3.433091e-03 0.055871473 0.04660417 0.02271358 0.06812774 0.04840257 0.05441569 0.04172219 0.03808046 0.02992390 0.02101045 0.03597230 0.05638479 0.016054750 0.02858316 0.047729083 0.02824401 0.03607787 0.01205706 0.01141148 0.016119843 0.03852871 0.051510705 0.026678337 0.024225809 0.015613210 0.041192343 0.0035181253 0.0030362307 0.0178204759 0.0011807378 1.695327e-05 1.327059e-02 1.106465e-02 7.404579e-04 8.009920e-04 2.832029e-03 6.011333e-04 9.009183e-07
   92    1      1      0    0   125  2.887962e-74 2.097823e-04 4.171271e-04 0.021463823 0.004309942 0.0056597691 8.479989e-03 0.025336597 0.05201760 0.03433940 0.06440255 0.03122901 0.07335619 0.04560312 0.07273391 0.03597577 0.03786172 0.04277560 0.04911955 0.071043438 0.01405482 0.016652516 0.04781723 0.03995382 0.02681373 0.03650112 0.007723168 0.02742354 0.003848559 0.008236494 0.018672262 0.021221423 0.010088546 0.0208057183 0.0052807751 0.0069164002 0.0002024980 1.567493e-03 8.190584e-03 1.208447e-03 1.309357e-04 1.798161e-05 3.370550e-04 3.754522e-12 3.460553e-09
   96    1      1      0    0   125 1.027091e-203 8.904860e-25 1.814002e-03 0.007166318 0.014794005 0.0029384076 1.255023e-05 0.016815222 0.05344401 0.07483188 0.06992694 0.05755269 0.02528454 0.02540964 0.04687808 0.03333907 0.04420719 0.04093823 0.05021970 0.020666502 0.02977255 0.026828269 0.03325486 0.04058906 0.03399762 0.03041642 0.016456294 0.01706510 0.018660167 0.023659074 0.045091449 0.015789794 0.013330547 0.0221625301 0.0039476303 0.0152739257 0.0200069795 1.871733e-03 2.937706e-03 1.498989e-04 2.470065e-03 5.585974e-08 2.279457e-05 1.228982e-07 6.366018e-06
  100    1      1      0    0   125  2.449924e-48 1.411391e-18 5.193849e-03 0.024262794 0.002996592 0.0140403113 2.778047e-03 0.012129449 0.02781415 0.03853986 0.02291272 0.05790319 0.03032490 0.05109266 0.03405089 0.05280650 0.06390002 0.02370206 0.03870037 0.082887303 0.01934385 0.034484701 0.02522715 0.04832097 0.01388634 0.02712143 0.048142747 0.03394296 0.013406230 0.015689415 0.044024922 0.021600778 0.023482888 0.0106699561 0.0026897747 0.0138714019 0.0070971965 2.781422e-03 4.157607e-03 5.929548e-04 6.566798e-05 1.387940e-11 1.118307e-04 1.538489e-05 3.236752e-03
   76    1      2      0    0   500  9.962806e-05 2.085831e-03 2.316392e-02 0.050554138 0.038024232 0.0185929965 7.774683e-03 0.014659741 0.04498331 0.05941008 0.06321489 0.03592394 0.03700495 0.02643503 0.03512914 0.04648360 0.04104260 0.02330602 0.03199583 0.040257947 0.01494047 0.039014234 0.02343085 0.03595362 0.02069783 0.04453570 0.015094909 0.01824380 0.023005163 0.021833498 0.016619071 0.010870191 0.020005193 0.0100400758 0.0085408115 0.0075514146 0.0089845292 1.010884e-02 4.265508e-03 3.900604e-03 1.590490e-03 3.055318e-04 6.897318e-05 9.464113e-05 1.615420e-04
   78    1      2      0    0   500  3.467463e-10 1.260981e-03 2.675737e-02 0.043160781 0.059264449 0.0221475384 5.824619e-03 0.014685721 0.05149356 0.04950561 0.05035983 0.03803307 0.03047699 0.03519054 0.03786921 0.05405457 0.04565350 0.03116886 0.04003443 0.024990064 0.02094053 0.022201530 0.02586150 0.02700386 0.03389306 0.01876412 0.019171125 0.02251887 0.015433155 0.022485613 0.013953946 0.019913988 0.009027774 0.0109179044 0.0141773848 0.0136579664 0.0037657336 1.465559e-02 3.944783e-03 2.609245e-03 9.101916e-04 6.155657e-05 2.115576e-03 5.643329e-06 7.764697e-05
   80    1      2      0    0   500  9.100100e-13 5.764453e-04 1.770738e-02 0.049510603 0.039951709 0.0225825348 1.793450e-02 0.026347853 0.03577049 0.06059975 0.06716332 0.04709628 0.03373337 0.02111672 0.03343144 0.04442606 0.02888858 0.04579510 0.04157885 0.030506468 0.03186040 0.034414570 0.02106138 0.02822413 0.02281132 0.03078244 0.018231966 0.01977450 0.020128900 0.009994412 0.015487201 0.015571634 0.015225844 0.0109106647 0.0068456512 0.0109842192 0.0094499154 1.859477e-03 3.131350e-03 2.111806e-03 1.900692e-03 3.936208e-03 5.711614e-04 4.408703e-06 8.309035e-06
   82    1      2      0    0   500  1.408630e-20 3.159419e-03 4.356100e-03 0.052499853 0.060627791 0.0150241934 1.869251e-02 0.011286137 0.04749984 0.07028898 0.03689596 0.05754346 0.02537735 0.03162450 0.03829075 0.03427624 0.03149072 0.04128265 0.02604514 0.025884391 0.02490919 0.025915489 0.03393435 0.01571942 0.03538710 0.02717695 0.023632215 0.02668699 0.022205968 0.019458717 0.023336483 0.013797950 0.013119006 0.0136784009 0.0031892332 0.0125868811 0.0102718685 6.832118e-03 2.297683e-03 5.560098e-03 6.251844e-03 1.542628e-03 3.306472e-05 3.731441e-05 2.930578e-04
   84    1      2      0    0   500  6.087980e-22 5.665294e-04 2.414340e-02 0.047826024 0.068886992 0.0150767302 1.182952e-02 0.022694786 0.04050445 0.05607184 0.03922660 0.04200429 0.02233115 0.03579840 0.03182879 0.04704573 0.02995662 0.03105372 0.03221369 0.044014538 0.03486479 0.032945075 0.03408606 0.02644830 0.02187928 0.02266127 0.023264310 0.03087692 0.022146604 0.010530161 0.015848872 0.013104933 0.018149159 0.0195785870 0.0081743396 0.0055619355 0.0020654301 2.887191e-03 2.056478e-03 6.809346e-03 2.556359e-03 1.730773e-05 4.668354e-06 3.904380e-04 1.836372e-05
   86    1      2      0    0   500  1.814187e-09 3.362455e-03 1.993258e-02 0.048882114 0.040924240 0.0163657576 1.048077e-02 0.024363684 0.05336261 0.05949362 0.06913116 0.03999046 0.02936406 0.03058345 0.03074611 0.03482537 0.04123754 0.04148982 0.02183464 0.035692901 0.02343042 0.040956246 0.02178474 0.02745747 0.02275611 0.02493478 0.028508999 0.01299480 0.015611915 0.008675970 0.021825015 0.019291565 0.020749213 0.0157599473 0.0140760121 0.0054611443 0.0058915761 6.968384e-03 4.301324e-03 2.600781e-03 2.308471e-04 8.689259e-04 6.738183e-04 1.021377e-04 2.024541e-03
   88    1      2      0    0   500  1.205168e-04 1.506991e-03 2.259614e-02 0.056343100 0.045256701 0.0185090262 1.481640e-02 0.013600597 0.05518452 0.07326869 0.03861150 0.05359732 0.02511878 0.02752515 0.03503688 0.02493543 0.04498283 0.02569403 0.02722333 0.034775560 0.02429247 0.036497326 0.02146582 0.03541080 0.01917468 0.02000290 0.030402102 0.03683148 0.027234520 0.013212905 0.013492657 0.019419009 0.018118682 0.0122347053 0.0090263582 0.0051812391 0.0066984633 3.948988e-03 3.073867e-03 1.331401e-03 3.081526e-04 5.885606e-07 2.068133e-03 6.513633e-04 1.217874e-03
   90    1      2      0    0   500  3.182187e-09 4.595171e-04 1.530997e-02 0.068951941 0.058569489 0.0174855225 9.772225e-03 0.023634660 0.05473067 0.05592485 0.04266690 0.04178823 0.02766425 0.03481657 0.03930446 0.03310160 0.02780669 0.01941251 0.02968330 0.025866247 0.04563720 0.017786326 0.04014730 0.02552862 0.03029821 0.02126258 0.026713994 0.02024656 0.020469278 0.026108323 0.016441107 0.015377672 0.009624315 0.0094825992 0.0121133091 0.0077431790 0.0128998723 2.416713e-03 3.082698e-03 8.537101e-04 8.014765e-03 3.830166e-04 3.019466e-06 3.439430e-04 7.207069e-05
   92    1      2      0    0   500  8.243448e-52 9.308862e-04 2.237289e-02 0.053521731 0.054169769 0.0249263277 2.241363e-02 0.036742452 0.04182807 0.05921330 0.05185828 0.03287459 0.03036004 0.02673668 0.04537570 0.04637100 0.04730080 0.02488348 0.02643893 0.024841593 0.02777061 0.016997017 0.02625963 0.03142273 0.02709727 0.03315717 0.015025607 0.01247287 0.020419099 0.018387037 0.019583330 0.018980576 0.008000652 0.0096918200 0.0105666700 0.0067745400 0.0088210921 1.040025e-02 1.566428e-03 3.672930e-04 5.430809e-05 1.652952e-03 3.359642e-04 3.142521e-04 7.206794e-04
   94    1      2      0    0   500  1.791001e-17 1.333485e-03 1.689978e-02 0.044764840 0.038861137 0.0152164386 5.249843e-03 0.015191666 0.04647247 0.06709998 0.05889591 0.03630365 0.04111227 0.02930026 0.02981567 0.04675632 0.03313806 0.04805406 0.04397712 0.037865598 0.03687386 0.028416851 0.03330731 0.02496377 0.02234162 0.02556099 0.021940899 0.01587207 0.020325473 0.014565597 0.017099145 0.010446748 0.021398420 0.0147558493 0.0070373993 0.0061329562 0.0024368920 1.009317e-02 1.134980e-03 8.292914e-04 9.453495e-04 4.871418e-03 4.648861e-07 1.455563e-03 8.853536e-04
   96    1      2      0    0   500  1.069304e-18 2.977305e-03 1.358331e-02 0.047682577 0.046349249 0.0290975250 1.381715e-02 0.015804159 0.04060518 0.05646500 0.04430334 0.04252235 0.04390514 0.02670995 0.02797053 0.04965088 0.02886665 0.04723460 0.03538857 0.024928734 0.04538617 0.033963973 0.03460170 0.01897294 0.01532678 0.02526043 0.026180317 0.03877079 0.030526027 0.011722568 0.020977709 0.011907743 0.008379988 0.0036500068 0.0099675821 0.0032518508 0.0067489315 2.292971e-03 5.876316e-03 2.897927e-03 8.783477e-05 4.744673e-03 1.255736e-05 1.057518e-04 5.242589e-04
   98    1      2      0    0   500  2.041856e-14 2.402064e-03 1.973713e-02 0.047015352 0.040176544 0.0217715993 1.477132e-02 0.023467126 0.04506880 0.05455277 0.04336960 0.03144378 0.02408230 0.03924261 0.02939972 0.04234514 0.03088937 0.03405206 0.04156992 0.024332570 0.03495816 0.047014304 0.02105950 0.02298153 0.01434566 0.02663638 0.029411230 0.02051403 0.016756234 0.033394561 0.020211392 0.022591713 0.004914801 0.0160121732 0.0145506659 0.0083174557 0.0113641732 6.421303e-03 3.545627e-03 1.059858e-02 2.816490e-03 5.233726e-04 1.023717e-03 2.880059e-04 5.915590e-05
  100    1      2      0    0   500  4.567425e-13 3.073781e-03 2.057774e-02 0.040429622 0.040100687 0.0119677656 1.539000e-02 0.026690987 0.03929763 0.07523464 0.05117499 0.03089339 0.04363413 0.04108335 0.03699372 0.03503358 0.05103823 0.01899828 0.03236714 0.028571220 0.03572302 0.027999793 0.02275210 0.04007009 0.02925274 0.02195272 0.019735925 0.02746895 0.017554006 0.018223317 0.018545740 0.019668063 0.012987903 0.0125275187 0.0060415554 0.0129489073 0.0033026735 1.025099e-03 1.293584e-03 1.870599e-03 2.517984e-04 4.977538e-03 5.230698e-04 4.970309e-04 2.553587e-04
15 #_N_agebins
#_agebin_vector
1 2 3 4 5 6 7 8 9 10 11 12 13 14 15
1 #_N_ageerror_definitions
 #_age0   age1   age2   age3   age4   age5   age6   age7   age8   age9  age10  age11  age12  age13  age14  age15  age16  age17  age18  age19  age20  age21  age22  age23  age24  age25
 -1.000 -1.000 -1.000 -1.000 -1.000 -1.000 -1.000 -1.000 -1.000 -1.000 -1.000 -1.000 -1.000 -1.000 -1.000 -1.000 -1.000 -1.000 -1.000 -1.000 -1.000 -1.000 -1.000 -1.000 -1.000 -1.000
  0.001  0.001  0.001  0.001  0.001  0.001  0.001  0.001  0.001  0.001  0.001  0.001  0.001  0.001  0.001  0.001  0.001  0.001  0.001  0.001  0.001  0.001  0.001  0.001  0.001  0.001
89 #_N_agecomp
1 #_Lbin_method: 1=poplenbins; 2=datalenbins; 3=lengths
-1 #_combine males into females at or below this bin number
 #_Yr Seas FltSvy Gender Part Ageerr Lbin_lo Lbin_hi Nsamp         a1        a2        a3         a4         a5         a6         a7         a8          a9         a10         a11         a12          a13         a14         a15
   26    1      1      0    0      1      -1      -1   125 0.02203880 0.1981268 0.1973871 0.08918971 0.08599334 0.05583210 0.06090819 0.05591138 0.021442085 0.012342682 0.063311326 0.016429946 0.0176185291 0.014404584 0.089063377
   36    1      1      0    0      1      -1      -1   125 0.05877498 0.1701613 0.1899231 0.20392908 0.08589928 0.04081115 0.10147603 0.01637168 0.018852955 0.015851907 0.022823044 0.019126916 0.0093497448 0.008865737 0.037783121
   46    1      1      0    0      1      -1      -1   125 0.05271396 0.2039699 0.1866224 0.13738199 0.08850700 0.08355215 0.06294872 0.02906975 0.061587473 0.018617033 0.023530529 0.003564348 0.0215934847 0.003149236 0.023192016
   56    1      1      0    0      1      -1      -1   125 0.02736237 0.2264954 0.2363456 0.13377245 0.07440965 0.07992645 0.05497263 0.02293775 0.014736502 0.025952978 0.049838475 0.021630886 0.0010521471 0.002023993 0.028542635
   60    1      1      0    0      1      -1      -1   125 0.03457074 0.2282131 0.1927316 0.19418075 0.07453059 0.08906848 0.04440993 0.04898365 0.017985770 0.012900848 0.009773658 0.004406551 0.0256025441 0.003820277 0.018821503
   64    1      1      0    0      1      -1      -1   125 0.02351656 0.2709272 0.1746875 0.09144592 0.08885224 0.11370253 0.04907116 0.06595964 0.042717275 0.023759352 0.012393184 0.003072994 0.0298437606 0.003137761 0.006912887
   68    1      1      0    0      1      -1      -1   125 0.05821252 0.2258318 0.2271520 0.14753476 0.08703662 0.07720239 0.02769798 0.04638239 0.055286318 0.014446740 0.007291024 0.002610599 0.0003667433 0.007958897 0.014989183
   72    1      1      0    0      1      -1      -1   125 0.03628610 0.2766703 0.2384118 0.12908516 0.09560384 0.06329248 0.04054735 0.05118962 0.023284834 0.010803684 0.005084988 0.016794845 0.0026990794 0.008611254 0.001634662
   76    1      1      0    0      1      -1      -1   125 0.05950329 0.2143092 0.2178607 0.12152120 0.09652442 0.09217270 0.05436149 0.05092901 0.019378175 0.032597137 0.027347451 0.002815866 0.0006109441 0.006495375 0.003572998
   80    1      1      0    0      1      -1      -1   125 0.03478147 0.2541083 0.1803087 0.12125079 0.10421597 0.10291504 0.06713686 0.01715520 0.024523313 0.016329414 0.019278575 0.006573854 0.0022901346 0.015271515 0.033860872
   84    1      1      0    0      1      -1      -1   125 0.03402801 0.2282504 0.1471292 0.15965598 0.09489179 0.05172522 0.04307045 0.07970457 0.078024878 0.027103041 0.021036273 0.009004017 0.0015968804 0.006101696 0.018677643
   88    1      1      0    0      1      -1      -1   125 0.07912477 0.1580790 0.1951028 0.13454115 0.11620128 0.06900608 0.10106667 0.06642884 0.021817494 0.007020132 0.001375364 0.027364426 0.0041256759 0.005160925 0.013585446
   92    1      1      0    0      1      -1      -1   125 0.02681853 0.2985418 0.1784615 0.13299894 0.09364291 0.09394010 0.04377464 0.04023891 0.004301856 0.013436551 0.016878562 0.023302949 0.0006418999 0.011199604 0.021821244
   96    1      1      0    0      1      -1      -1   125 0.02383400 0.2516305 0.1592110 0.12916330 0.12194418 0.03201334 0.12014123 0.04563519 0.034365442 0.034881502 0.019436805 0.002851757 0.0015020095 0.008715689 0.014674085
  100    1      1      0    0      1      -1      -1   125 0.02647769 0.2683891 0.2013145 0.12381441 0.08638811 0.08380134 0.05785739 0.04807327 0.028246397 0.024875025 0.033880562 0.004553571 0.0036891915 0.000115673 0.008523853
   76    1      2      0    0      1      -1      -1   500 0.12561301 0.1933419 0.1971577 0.13428374 0.11347906 0.06866950 0.04027913 0.03325371 0.028257336 0.016645995 0.019005172 0.010761880 0.0043377539 0.006540594 0.008373495
   78    1      2      0    0      1      -1      -1   500 0.11289171 0.2558369 0.1588310 0.11231397 0.12936076 0.05777651 0.05284599 0.03367919 0.018321268 0.015448602 0.009928556 0.005702786 0.0061427453 0.011173038 0.019747036
   80    1      2      0    0      1      -1      -1   500 0.13898914 0.2013125 0.1459568 0.11393556 0.12278027 0.09526538 0.05009756 0.02743035 0.025942048 0.014684239 0.010123915 0.014118362 0.0112562098 0.005295602 0.022812040
   82    1      2      0    0      1      -1      -1   500 0.15609283 0.2071025 0.1820434 0.09691286 0.10289742 0.07510575 0.04265808 0.04854902 0.029169421 0.017719531 0.016921426 0.004975770 0.0063647246 0.004481252 0.009006072
   84    1      2      0    0      1      -1      -1   500 0.14116186 0.2317121 0.1729065 0.11820444 0.07330507 0.04649228 0.05028466 0.05134782 0.019363087 0.029055253 0.015994656 0.007116911 0.0101485481 0.004216176 0.028690585
   86    1      2      0    0      1      -1      -1   500 0.10891919 0.2487456 0.1796281 0.11616141 0.09903887 0.08226181 0.04739751 0.02753607 0.022354877 0.016758902 0.014885893 0.007229868 0.0128994493 0.001452522 0.014729938
   88    1      2      0    0      1      -1      -1   500 0.13624465 0.2265074 0.1738098 0.12198168 0.10914226 0.07807899 0.04490731 0.02911581 0.027066418 0.011269103 0.012456499 0.007841626 0.0051450599 0.003950160 0.012483191
   90    1      2      0    0      1      -1      -1   500 0.15541542 0.2282710 0.1915822 0.09191211 0.07811364 0.06105628 0.03662355 0.04263432 0.043942470 0.026811380 0.008183244 0.011679832 0.0069322532 0.002347349 0.014494866
   92    1      2      0    0      1      -1      -1   500 0.13254343 0.2605073 0.1845240 0.11417614 0.08891417 0.06069047 0.04536279 0.01755308 0.020415378 0.021778703 0.010775819 0.020138840 0.0075500988 0.003125319 0.011944457
   94    1      2      0    0      1      -1      -1   500 0.13495346 0.2379462 0.1876156 0.11637492 0.08319139 0.07851705 0.03575935 0.03240567 0.025909056 0.021764569 0.006858332 0.005921454 0.0152615804 0.005957951 0.011563441
   96    1      2      0    0      1      -1      -1   500 0.12354428 0.2540248 0.1708146 0.10740332 0.11685481 0.06436545 0.03724127 0.03993309 0.025753816 0.018915895 0.014146431 0.004235935 0.0085931613 0.004684455 0.009488732
   98    1      2      0    0      1      -1      -1   500 0.12988113 0.2420223 0.1596227 0.12819735 0.09714004 0.06570011 0.05318606 0.03018961 0.018637959 0.020080425 0.020574038 0.008666388 0.0041375220 0.005318994 0.016645431
  100    1      2      0    0      1      -1      -1   500 0.14442199 0.2157967 0.1456363 0.13588483 0.10437461 0.08220459 0.05057788 0.03616006 0.029558037 0.016838926 0.008144902 0.008918584 0.0104269590 0.003520411 0.007535166
   60    1      1      0    0      1       5       5     2 2.00000000 0.0000000 0.0000000 0.00000000 0.00000000 0.00000000 0.00000000 0.00000000 0.000000000 0.000000000 0.000000000 0.000000000 0.0000000000 0.000000000 0.000000000
   60    1      1      0    0      1       7       7     2 2.00000000 0.0000000 0.0000000 0.00000000 0.00000000 0.00000000 0.00000000 0.00000000 0.000000000 0.000000000 0.000000000 0.000000000 0.0000000000 0.000000000 0.000000000
   60    1      1      0    0      1       8       8     2 2.00000000 0.0000000 0.0000000 0.00000000 0.00000000 0.00000000 0.00000000 0.00000000 0.000000000 0.000000000 0.000000000 0.000000000 0.0000000000 0.000000000 0.000000000
   60    1      1      0    0      1       9       9     4 4.00000000 0.0000000 0.0000000 0.00000000 0.00000000 0.00000000 0.00000000 0.00000000 0.000000000 0.000000000 0.000000000 0.000000000 0.0000000000 0.000000000 0.000000000
   60    1      1      0    0      1      10      10     5 5.00000000 0.0000000 0.0000000 0.00000000 0.00000000 0.00000000 0.00000000 0.00000000 0.000000000 0.000000000 0.000000000 0.000000000 0.0000000000 0.000000000 0.000000000
   60    1      1      0    0      1      11      11     2 2.00000000 0.0000000 0.0000000 0.00000000 0.00000000 0.00000000 0.00000000 0.00000000 0.000000000 0.000000000 0.000000000 0.000000000 0.0000000000 0.000000000 0.000000000
   60    1      1      0    0      1      12      12     7 7.00000000 0.0000000 0.0000000 0.00000000 0.00000000 0.00000000 0.00000000 0.00000000 0.000000000 0.000000000 0.000000000 0.000000000 0.0000000000 0.000000000 0.000000000
   60    1      1      0    0      1      13      13     7 7.00000000 0.0000000 0.0000000 0.00000000 0.00000000 0.00000000 0.00000000 0.00000000 0.000000000 0.000000000 0.000000000 0.000000000 0.0000000000 0.000000000 0.000000000
   60    1      1      0    0      1      14      14     3 3.00000000 0.0000000 0.0000000 0.00000000 0.00000000 0.00000000 0.00000000 0.00000000 0.000000000 0.000000000 0.000000000 0.000000000 0.0000000000 0.000000000 0.000000000
   60    1      1      0    0      1      15      15     8 8.00000000 0.0000000 0.0000000 0.00000000 0.00000000 0.00000000 0.00000000 0.00000000 0.000000000 0.000000000 0.000000000 0.000000000 0.0000000000 0.000000000 0.000000000
   60    1      1      0    0      1      16      16     4 4.00000000 0.0000000 0.0000000 0.00000000 0.00000000 0.00000000 0.00000000 0.00000000 0.000000000 0.000000000 0.000000000 0.000000000 0.0000000000 0.000000000 0.000000000
   60    1      1      0    0      1      17      17     1 1.00000000 0.0000000 0.0000000 0.00000000 0.00000000 0.00000000 0.00000000 0.00000000 0.000000000 0.000000000 0.000000000 0.000000000 0.0000000000 0.000000000 0.000000000
   60    1      1      0    0      1      18      18     3 3.00000000 0.0000000 0.0000000 0.00000000 0.00000000 0.00000000 0.00000000 0.00000000 0.000000000 0.000000000 0.000000000 0.000000000 0.0000000000 0.000000000 0.000000000
   60    1      1      0    0      1      19      19     9 9.00000000 0.0000000 0.0000000 0.00000000 0.00000000 0.00000000 0.00000000 0.00000000 0.000000000 0.000000000 0.000000000 0.000000000 0.0000000000 0.000000000 0.000000000
   60    1      1      0    0      1      20      20     3 3.00000000 0.0000000 0.0000000 0.00000000 0.00000000 0.00000000 0.00000000 0.00000000 0.000000000 0.000000000 0.000000000 0.000000000 0.0000000000 0.000000000 0.000000000
   60    1      1      0    0      1      21      21     4 4.00000000 0.0000000 0.0000000 0.00000000 0.00000000 0.00000000 0.00000000 0.00000000 0.000000000 0.000000000 0.000000000 0.000000000 0.0000000000 0.000000000 0.000000000
   60    1      1      0    0      1      23      23     1 1.00000000 0.0000000 0.0000000 0.00000000 0.00000000 0.00000000 0.00000000 0.00000000 0.000000000 0.000000000 0.000000000 0.000000000 0.0000000000 0.000000000 0.000000000
   60    1      1      0    0      1      24      24     1 1.00000000 0.0000000 0.0000000 0.00000000 0.00000000 0.00000000 0.00000000 0.00000000 0.000000000 0.000000000 0.000000000 0.000000000 0.0000000000 0.000000000 0.000000000
   60    1      1      0    0      1      25      25     2 2.00000000 0.0000000 0.0000000 0.00000000 0.00000000 0.00000000 0.00000000 0.00000000 0.000000000 0.000000000 0.000000000 0.000000000 0.0000000000 0.000000000 0.000000000
   60    1      1      0    0      1      26      26     3 3.00000000 0.0000000 0.0000000 0.00000000 0.00000000 0.00000000 0.00000000 0.00000000 0.000000000 0.000000000 0.000000000 0.000000000 0.0000000000 0.000000000 0.000000000
   60    1      1      0    0      1      27      27     2 2.00000000 0.0000000 0.0000000 0.00000000 0.00000000 0.00000000 0.00000000 0.00000000 0.000000000 0.000000000 0.000000000 0.000000000 0.0000000000 0.000000000 0.000000000
   60    1      1      0    0      1      28      28     4 4.00000000 0.0000000 0.0000000 0.00000000 0.00000000 0.00000000 0.00000000 0.00000000 0.000000000 0.000000000 0.000000000 0.000000000 0.0000000000 0.000000000 0.000000000
   60    1      1      0    0      1      29      29     3 0.00000000 3.0000000 0.0000000 0.00000000 0.00000000 0.00000000 0.00000000 0.00000000 0.000000000 0.000000000 0.000000000 0.000000000 0.0000000000 0.000000000 0.000000000
   60    1      1      0    0      1      30      30     3 1.00000000 2.0000000 0.0000000 0.00000000 0.00000000 0.00000000 0.00000000 0.00000000 0.000000000 0.000000000 0.000000000 0.000000000 0.0000000000 0.000000000 0.000000000
   60    1      1      0    0      1      31      31     3 0.00000000 3.0000000 0.0000000 0.00000000 0.00000000 0.00000000 0.00000000 0.00000000 0.000000000 0.000000000 0.000000000 0.000000000 0.0000000000 0.000000000 0.000000000
   60    1      1      0    0      1      32      32     1 0.00000000 1.0000000 0.0000000 0.00000000 0.00000000 0.00000000 0.00000000 0.00000000 0.000000000 0.000000000 0.000000000 0.000000000 0.0000000000 0.000000000 0.000000000
   60    1      1      0    0      1      33      33     4 0.00000000 4.0000000 0.0000000 0.00000000 0.00000000 0.00000000 0.00000000 0.00000000 0.000000000 0.000000000 0.000000000 0.000000000 0.0000000000 0.000000000 0.000000000
   60    1      1      0    0      1      37      37     2 0.00000000 2.0000000 0.0000000 0.00000000 0.00000000 0.00000000 0.00000000 0.00000000 0.000000000 0.000000000 0.000000000 0.000000000 0.0000000000 0.000000000 0.000000000
   60    1      1      0    0      1      38      38     1 0.00000000 1.0000000 0.0000000 0.00000000 0.00000000 0.00000000 0.00000000 0.00000000 0.000000000 0.000000000 0.000000000 0.000000000 0.0000000000 0.000000000 0.000000000
   60    1      1      0    0      1      40      40     3 0.00000000 3.0000000 0.0000000 0.00000000 0.00000000 0.00000000 0.00000000 0.00000000 0.000000000 0.000000000 0.000000000 0.000000000 0.0000000000 0.000000000 0.000000000
   60    1      1      0    0      1      41      41     1 0.00000000 1.0000000 0.0000000 0.00000000 0.00000000 0.00000000 0.00000000 0.00000000 0.000000000 0.000000000 0.000000000 0.000000000 0.0000000000 0.000000000 0.000000000
  100    1      1      0    0      1       4       4     4 4.00000000 0.0000000 0.0000000 0.00000000 0.00000000 0.00000000 0.00000000 0.00000000 0.000000000 0.000000000 0.000000000 0.000000000 0.0000000000 0.000000000 0.000000000
  100    1      1      0    0      1       6       6     1 1.00000000 0.0000000 0.0000000 0.00000000 0.00000000 0.00000000 0.00000000 0.00000000 0.000000000 0.000000000 0.000000000 0.000000000 0.0000000000 0.000000000 0.000000000
  100    1      1      0    0      1       8       8     1 1.00000000 0.0000000 0.0000000 0.00000000 0.00000000 0.00000000 0.00000000 0.00000000 0.000000000 0.000000000 0.000000000 0.000000000 0.0000000000 0.000000000 0.000000000
  100    1      1      0    0      1       9       9     2 2.00000000 0.0000000 0.0000000 0.00000000 0.00000000 0.00000000 0.00000000 0.00000000 0.000000000 0.000000000 0.000000000 0.000000000 0.0000000000 0.000000000 0.000000000
  100    1      1      0    0      1      10      10     3 3.00000000 0.0000000 0.0000000 0.00000000 0.00000000 0.00000000 0.00000000 0.00000000 0.000000000 0.000000000 0.000000000 0.000000000 0.0000000000 0.000000000 0.000000000
  100    1      1      0    0      1      11      11     4 4.00000000 0.0000000 0.0000000 0.00000000 0.00000000 0.00000000 0.00000000 0.00000000 0.000000000 0.000000000 0.000000000 0.000000000 0.0000000000 0.000000000 0.000000000
  100    1      1      0    0      1      12      12     4 4.00000000 0.0000000 0.0000000 0.00000000 0.00000000 0.00000000 0.00000000 0.00000000 0.000000000 0.000000000 0.000000000 0.000000000 0.0000000000 0.000000000 0.000000000
  100    1      1      0    0      1      14      14     9 9.00000000 0.0000000 0.0000000 0.00000000 0.00000000 0.00000000 0.00000000 0.00000000 0.000000000 0.000000000 0.000000000 0.000000000 0.0000000000 0.000000000 0.000000000
  100    1      1      0    0      1      15      15     3 3.00000000 0.0000000 0.0000000 0.00000000 0.00000000 0.00000000 0.00000000 0.00000000 0.000000000 0.000000000 0.000000000 0.000000000 0.0000000000 0.000000000 0.000000000
  100    1      1      0    0      1      16      16     9 9.00000000 0.0000000 0.0000000 0.00000000 0.00000000 0.00000000 0.00000000 0.00000000 0.000000000 0.000000000 0.000000000 0.000000000 0.0000000000 0.000000000 0.000000000
  100    1      1      0    0      1      17      17     6 6.00000000 0.0000000 0.0000000 0.00000000 0.00000000 0.00000000 0.00000000 0.00000000 0.000000000 0.000000000 0.000000000 0.000000000 0.0000000000 0.000000000 0.000000000
  100    1      1      0    0      1      18      18     1 1.00000000 0.0000000 0.0000000 0.00000000 0.00000000 0.00000000 0.00000000 0.00000000 0.000000000 0.000000000 0.000000000 0.000000000 0.0000000000 0.000000000 0.000000000
  100    1      1      0    0      1      19      19     3 3.00000000 0.0000000 0.0000000 0.00000000 0.00000000 0.00000000 0.00000000 0.00000000 0.000000000 0.000000000 0.000000000 0.000000000 0.0000000000 0.000000000 0.000000000
  100    1      1      0    0      1      20      20     6 6.00000000 0.0000000 0.0000000 0.00000000 0.00000000 0.00000000 0.00000000 0.00000000 0.000000000 0.000000000 0.000000000 0.000000000 0.0000000000 0.000000000 0.000000000
  100    1      1      0    0      1      21      21     1 1.00000000 0.0000000 0.0000000 0.00000000 0.00000000 0.00000000 0.00000000 0.00000000 0.000000000 0.000000000 0.000000000 0.000000000 0.0000000000 0.000000000 0.000000000
  100    1      1      0    0      1      22      22     5 5.00000000 0.0000000 0.0000000 0.00000000 0.00000000 0.00000000 0.00000000 0.00000000 0.000000000 0.000000000 0.000000000 0.000000000 0.0000000000 0.000000000 0.000000000
  100    1      1      0    0      1      23      23     4 4.00000000 0.0000000 0.0000000 0.00000000 0.00000000 0.00000000 0.00000000 0.00000000 0.000000000 0.000000000 0.000000000 0.000000000 0.0000000000 0.000000000 0.000000000
  100    1      1      0    0      1      24      24     2 2.00000000 0.0000000 0.0000000 0.00000000 0.00000000 0.00000000 0.00000000 0.00000000 0.000000000 0.000000000 0.000000000 0.000000000 0.0000000000 0.000000000 0.000000000
  100    1      1      0    0      1      26      26     4 4.00000000 0.0000000 0.0000000 0.00000000 0.00000000 0.00000000 0.00000000 0.00000000 0.000000000 0.000000000 0.000000000 0.000000000 0.0000000000 0.000000000 0.000000000
  100    1      1      0    0      1      27      27     4 4.00000000 0.0000000 0.0000000 0.00000000 0.00000000 0.00000000 0.00000000 0.00000000 0.000000000 0.000000000 0.000000000 0.000000000 0.0000000000 0.000000000 0.000000000
  100    1      1      0    0      1      28      28     7 5.00000000 2.0000000 0.0000000 0.00000000 0.00000000 0.00000000 0.00000000 0.00000000 0.000000000 0.000000000 0.000000000 0.000000000 0.0000000000 0.000000000 0.000000000
  100    1      1      0    0      1      29      29     3 1.00000000 2.0000000 0.0000000 0.00000000 0.00000000 0.00000000 0.00000000 0.00000000 0.000000000 0.000000000 0.000000000 0.000000000 0.0000000000 0.000000000 0.000000000
  100    1      1      0    0      1      30      30     1 0.00000000 1.0000000 0.0000000 0.00000000 0.00000000 0.00000000 0.00000000 0.00000000 0.000000000 0.000000000 0.000000000 0.000000000 0.0000000000 0.000000000 0.000000000
  100    1      1      0    0      1      31      31     5 1.00000000 4.0000000 0.0000000 0.00000000 0.00000000 0.00000000 0.00000000 0.00000000 0.000000000 0.000000000 0.000000000 0.000000000 0.0000000000 0.000000000 0.000000000
  100    1      1      0    0      1      32      32     1 0.00000000 1.0000000 0.0000000 0.00000000 0.00000000 0.00000000 0.00000000 0.00000000 0.000000000 0.000000000 0.000000000 0.000000000 0.0000000000 0.000000000 0.000000000
  100    1      1      0    0      1      33      33     2 0.00000000 2.0000000 0.0000000 0.00000000 0.00000000 0.00000000 0.00000000 0.00000000 0.000000000 0.000000000 0.000000000 0.000000000 0.0000000000 0.000000000 0.000000000
  100    1      1      0    0      1      34      34     1 0.00000000 1.0000000 0.0000000 0.00000000 0.00000000 0.00000000 0.00000000 0.00000000 0.000000000 0.000000000 0.000000000 0.000000000 0.0000000000 0.000000000 0.000000000
  100    1      1      0    0      1      36      36     2 0.00000000 2.0000000 0.0000000 0.00000000 0.00000000 0.00000000 0.00000000 0.00000000 0.000000000 0.000000000 0.000000000 0.000000000 0.0000000000 0.000000000 0.000000000
  100    1      1      0    0      1      37      37     1 0.00000000 1.0000000 0.0000000 0.00000000 0.00000000 0.00000000 0.00000000 0.00000000 0.000000000 0.000000000 0.000000000 0.000000000 0.0000000000 0.000000000 0.000000000
  100    1      1      0    0      1      38      38     1 0.00000000 1.0000000 0.0000000 0.00000000 0.00000000 0.00000000 0.00000000 0.00000000 0.000000000 0.000000000 0.000000000 0.000000000 0.0000000000 0.000000000 0.000000000
0 #_N_MeanSize_at_Age_obs
0 #_N_environ_variables
0 #_N_environ_obs
0 #_N_sizefreq_methods
0 #_do_tags
0 #_morphcomp_data
#
999
