#C data file created using the SS_writedat function in the R package r4ss
#C should work with SS version: 
#C file write time: 2015-02-11 18:33:12
#
1 #_styr
100 #_endyr
1 #_nseas
12 #_months_per_seas
1 #_spawn_seas
1 #_Nfleet
2 #_Nsurveys
1 #_N_areas
Fishery%Survey%CPUE #_fleetnames
0.5 0.5 0.5 #_surveytiming_in_season
1 1 1 #_area_assignments_for_each_fishery_and_survey
1 #_units of catch:  1=bio; 2=num
0.01 #_se of log(catch) only used for init_eq_catch and for Fmethod 2 and 3
1 #_Ngenders
25 #_Nages
0 #_init_equil_catch_for_each_fishery
100 #_N_lines_of_catch_to_read
 #_Fishery year seas
         0    1    1
         0    2    1
         0    3    1
         0    4    1
         0    5    1
         0    6    1
         0    7    1
         0    8    1
         0    9    1
         0   10    1
         0   11    1
         0   12    1
         0   13    1
         0   14    1
         0   15    1
         0   16    1
         0   17    1
         0   18    1
         0   19    1
         0   20    1
         0   21    1
         0   22    1
         0   23    1
         0   24    1
         0   25    1
 444646000   26    1
 397608000   27    1
 357583000   28    1
 324161000   29    1
 296656000   30    1
 274240000   31    1
 256057000   32    1
 241314000   33    1
 229322000   34    1
 219511000   35    1
 211426000   36    1
 204710000   37    1
 199088000   38    1
 194347000   39    1
 190324000   40    1
 186891000   41    1
 183948000   42    1
 181416000   43    1
 179230000   44    1
 177337000   45    1
 175694000   46    1
 174266000   47    1
 173022000   48    1
 171937000   49    1
 170990000   50    1
 170161000   51    1
 169436000   52    1
 168801000   53    1
 168243000   54    1
 167755000   55    1
 167325000   56    1
 166948000   57    1
 166617000   58    1
 166326000   59    1
 166070000   60    1
 165844000   61    1
 165646000   62    1
 165471000   63    1
 165317000   64    1
 165182000   65    1
 165063000   66    1
 164958000   67    1
 164865000   68    1
 164784000   69    1
 164712000   70    1
 164649000   71    1
 164593000   72    1
 164544000   73    1
 164500000   74    1
 164462000   75    1
 164429000   76    1
 164399000   77    1
 164373000   78    1
 164350000   79    1
 164329000   80    1
 164311000   81    1
 164296000   82    1
 164282000   83    1
 164269000   84    1
 164258000   85    1
 164249000   86    1
 164240000   87    1
 164233000   88    1
 164227000   89    1
 164221000   90    1
 164216000   91    1
 164211000   92    1
 164207000   93    1
 164204000   94    1
 164201000   95    1
 164198000   96    1
 164195000   97    1
 164193000   98    1
 164192000   99    1
 164190000  100    1
13 #_N_cpue
 #_Fleet Units Errtype
       1     1       0
       2     1       0
       3     1       0
 #_year seas index        obs se_log
     76    1     2 1422838318    0.2
     78    1     2 1472540077    0.2
     80    1     2 1590109353    0.2
     82    1     2 1836871370    0.2
     84    1     2 1488599268    0.2
     86    1     2 1301869919    0.2
     88    1     2 1056987582    0.2
     90    1     2 1490872409    0.2
     92    1     2 1719269191    0.2
     94    1     2 1295656761    0.2
     96    1     2 1399179883    0.2
     98    1     2 1286531504    0.2
    100    1     2 1739574269    0.2
0 #_N_discard_fleets
#_discard_units (1=same_as_catchunits(bio/num); 2=fraction; 3=numbers)
#_discard_errtype:  >0 for DF of T-dist(read CV below); 0 for normal with CV; -1 for normal with se; -2 for lognormal
0 #_N_discard
0 #_N_meanbodywt
1 #_DF_for_meanbodywt_T-distribution_like
2 # length bin method: 1=use databins; 2=generate from binwidth,min,max below; 3=read vector
1 # binwidth for population size comp
10 # minimum size in the population (lower edge of first bin and size at age 0.00)
200 # maximum size in the population (lower edge of last bin)
-0.001 #_comp_tail_compression
1e-05 #_add_to_comp
0 #_combine males into females at or below this bin number
45 #_N_lbins
#_lbin_vector
20 23 26 29 32 35 38 41 44 47 50 53 56 59 62 65 68 71 74 77 80 83 86 89 92 95 98 101 104 107 110 113 116 119 122 125 128 131 134 137 140 143 146 149 152
28 #_N_Length_comp_observations
 #_Yr Seas FltSvy Gender Part Nsamp           l20          l23          l26         l29         l32         l35          l38         l41        l44        l47         l50        l53        l56         l59        l62        l65        l68        l71        l74        l77        l80        l83        l86        l89        l92         l95         l98       l101        l104        l107        l110        l113        l116        l119         l122         l125         l128         l131         l134         l137         l140         l143         l146         l149         l152
   26    1      1      0    0   125 2.770049e-208 3.134172e-21 5.314108e-03 0.002261466 0.003362244 0.001389900 3.330640e-03 0.008070597 0.01912543 0.02918063 0.008149226 0.02959915 0.03453361 0.034862664 0.03225520 0.03060966 0.02469896 0.04934532 0.02400420 0.01398306 0.04169199 0.03317199 0.05523362 0.03300299 0.04186134 0.025627784 0.058194876 0.01449195 0.023567093 0.055565824 0.054751824 0.034982337 0.027840863 0.017328298 0.0121297557 4.557467e-02 1.172443e-02 0.0035470201 1.829231e-02 9.331497e-03 1.667165e-02 7.983756e-03 1.975054e-03 2.406398e-04 1.140381e-03
   36    1      1      0    0   125 4.498402e-264 5.239260e-27 1.451540e-04 0.009784618 0.015152264 0.007743455 3.197060e-03 0.013497143 0.04424441 0.03496446 0.084515552 0.02924702 0.02697341 0.025642976 0.01923292 0.02819065 0.04528665 0.04075696 0.06184183 0.02251452 0.05788356 0.01802238 0.03810924 0.01668348 0.05169249 0.041539302 0.016185646 0.03429995 0.022202635 0.021596757 0.035208420 0.010920355 0.016641212 0.010687232 0.0092360126 3.043663e-02 5.417187e-04 0.0368633161 9.122219e-04 8.427324e-03 3.089338e-03 4.640703e-03 2.587535e-05 1.142568e-06 1.222005e-03
   46    1      1      0    0   125  6.072951e-33 3.075624e-35 5.169177e-05 0.001609975 0.002497374 0.002717454 6.673079e-04 0.027351618 0.03562777 0.05690415 0.064602529 0.02193751 0.03627187 0.031025211 0.03615084 0.05019599 0.06117110 0.05382434 0.03272730 0.02341974 0.03041935 0.02681966 0.04042959 0.01689362 0.04280162 0.093734541 0.059551034 0.02711349 0.016752545 0.018426274 0.012555810 0.009314774 0.001992133 0.008357535 0.0222364355 5.622992e-03 3.418277e-03 0.0007260954 1.305950e-02 6.108581e-03 7.989577e-04 3.023365e-03 1.362924e-07 1.936568e-05 1.070567e-03
   56    1      1      0    0   125 7.577092e-170 6.079777e-12 1.225505e-02 0.016786504 0.014239084 0.009507309 8.224850e-03 0.029978218 0.02700915 0.07498422 0.063775268 0.03861717 0.03009229 0.046086892 0.02746029 0.02713108 0.04467070 0.03993017 0.02560109 0.06754733 0.05027066 0.03259462 0.06152445 0.05768959 0.03985075 0.012917361 0.014402113 0.01063419 0.005054863 0.038226424 0.011711967 0.008945005 0.005480722 0.015416151 0.0230707801 3.454175e-03 3.903249e-03 0.0002099817 1.999823e-05 9.986690e-05 5.854267e-05 2.314167e-08 1.325505e-07 5.446324e-04 2.309995e-05
   60    1      1      0    0   125  1.965701e-26 4.853106e-12 1.322124e-02 0.006614728 0.013848344 0.004438611 1.765204e-03 0.053923962 0.01778454 0.08480910 0.076406233 0.04488155 0.03674847 0.031441662 0.03367862 0.05302271 0.03003831 0.03526577 0.04009993 0.05283895 0.02205286 0.02978211 0.04138519 0.01954964 0.04050418 0.004721765 0.027449105 0.01457565 0.011118901 0.045255887 0.019627453 0.031184359 0.013357885 0.007943927 0.0141220098 2.203452e-03 1.472172e-02 0.0025905302 1.954464e-04 1.838922e-04 6.498655e-05 2.239956e-13 6.572274e-03 1.611491e-06 7.232008e-06
   64    1      1      0    0   125 7.011488e-134 4.196447e-10 7.650953e-03 0.009412209 0.004810951 0.003624574 5.709667e-04 0.011711027 0.04556269 0.07398101 0.076872393 0.05665458 0.01911741 0.037943431 0.02577142 0.06128864 0.04294171 0.01838294 0.03575623 0.01297326 0.01606433 0.08063465 0.01322695 0.03941237 0.04604456 0.019759640 0.055132739 0.04486160 0.013828696 0.034083216 0.019525229 0.008929326 0.007727401 0.008377784 0.0132656178 2.452487e-03 8.393647e-03 0.0061508307 2.560365e-06 1.706010e-02 6.444431e-06 1.608036e-07 2.143638e-05 5.269689e-08 1.177003e-05
   68    1      1      0    0   125 4.051509e-218 8.479635e-05 4.018476e-03 0.003365798 0.025858586 0.017439516 7.259274e-03 0.012226705 0.02944408 0.06375724 0.073973167 0.05510290 0.02963276 0.013642092 0.02609940 0.06244132 0.06624753 0.04932646 0.03310724 0.06349329 0.02975582 0.03289818 0.04095850 0.03353895 0.01712549 0.028060855 0.026682877 0.01611646 0.004287904 0.016471737 0.026206856 0.010031207 0.032001226 0.004160089 0.0072348020 1.803993e-02 1.315994e-02 0.0004517048 1.053981e-03 4.400091e-03 5.724560e-04 4.677905e-11 2.660458e-04 4.868007e-12 4.263345e-06
   72    1      1      0    0   125  3.765390e-18 1.649159e-17 4.804867e-03 0.003818369 0.021594439 0.017955610 8.350239e-03 0.027752486 0.04801381 0.05497563 0.039660129 0.04003946 0.07854528 0.024007740 0.04102826 0.03422912 0.06151733 0.02937536 0.05351574 0.02203351 0.02177221 0.01715875 0.02354470 0.01374174 0.01364885 0.026823454 0.025367589 0.05235882 0.005536107 0.022711734 0.023457763 0.018586643 0.028155773 0.056272400 0.0231137169 9.142542e-05 8.654628e-03 0.0005147099 1.180264e-04 5.190880e-03 9.475098e-04 9.932361e-04 3.910957e-08 3.906008e-07 2.151689e-05
   76    1      1      0    0   125 7.634701e-108 3.399978e-05 1.496801e-03 0.012016198 0.035676164 0.011371108 1.841481e-04 0.004843467 0.02869451 0.06119196 0.074562879 0.01372888 0.05501431 0.025119875 0.04401819 0.02527638 0.05168114 0.03747280 0.04936202 0.02509954 0.01969168 0.05412130 0.04031264 0.02859112 0.04641002 0.019922108 0.033053492 0.01580790 0.025387050 0.010768753 0.025020942 0.002572935 0.052707859 0.029035964 0.0001589554 6.557475e-03 1.629523e-02 0.0122100111 1.367976e-03 6.752942e-04 2.312912e-03 1.768085e-07 3.319704e-06 1.910141e-06 1.686237e-04
   80    1      1      0    0   125  2.195064e-22 3.942539e-05 2.551265e-03 0.014996442 0.004806195 0.026555920 1.940846e-05 0.037320417 0.05009045 0.04945064 0.071545978 0.02002158 0.03720377 0.007490817 0.05541589 0.07887398 0.02987298 0.05699894 0.01705595 0.05658608 0.03779781 0.03834792 0.03907266 0.04912240 0.01624506 0.019420394 0.043657655 0.01562823 0.009919749 0.015902233 0.007960046 0.019098610 0.019128319 0.008542532 0.0104360228 1.835200e-04 2.052530e-04 0.0126409071 1.692555e-03 1.506274e-02 2.947840e-03 1.049730e-11 8.210408e-16 3.599364e-09 9.141028e-05
   84    1      1      0    0   125 1.060399e-132 3.687258e-29 1.196094e-04 0.018303857 0.015187308 0.006561213 1.477117e-02 0.023377478 0.04740358 0.04536782 0.072803317 0.05742920 0.03856640 0.017569606 0.04059941 0.03158824 0.03697315 0.05853848 0.02895089 0.04116846 0.02771837 0.01920590 0.01831379 0.01671343 0.02290462 0.061769414 0.057414918 0.01523888 0.017878031 0.038164090 0.003811313 0.006700600 0.021511936 0.002773909 0.0392208192 2.222887e-03 6.597915e-05 0.0126495045 3.343051e-03 7.185017e-03 1.973785e-06 1.765288e-03 3.886624e-03 4.255029e-03 5.420150e-06
   88    1      1      0    0   125 4.237227e-176 8.642547e-07 6.757155e-04 0.003846914 0.009961576 0.015464728 4.662428e-04 0.008041392 0.03854502 0.03764733 0.059495163 0.03705429 0.07275143 0.029118853 0.04504600 0.03521172 0.06225590 0.07362980 0.02904024 0.02214926 0.04368682 0.01068078 0.08440556 0.02493955 0.02086950 0.023059020 0.010371772 0.05401916 0.009781304 0.009666098 0.012062994 0.003455601 0.041619580 0.017064343 0.0114207523 2.064885e-02 3.250980e-03 0.0082947283 4.257662e-03 2.938176e-05 6.271258e-05 8.133978e-05 2.824210e-13 2.858381e-03 3.010688e-03
   92    1      1      0    0   125  6.206050e-17 6.563961e-07 2.429513e-05 0.001246339 0.006099154 0.005520389 4.264325e-03 0.001528245 0.03504872 0.08372516 0.033934342 0.11865574 0.02452939 0.028549180 0.03378989 0.09748192 0.04977006 0.03433119 0.01346780 0.04479913 0.01603027 0.03311782 0.04871779 0.04840712 0.01767175 0.033060371 0.035960269 0.01651577 0.034475820 0.008469730 0.007751307 0.005720843 0.002419574 0.019573298 0.0107249194 2.551885e-03 1.221387e-02 0.0045721684 5.996278e-03 1.604029e-02 2.935645e-03 2.822558e-04 1.166326e-06 1.094558e-12 2.387671e-05
   96    1      1      0    0   125  5.000638e-16 1.237864e-04 1.310060e-05 0.021165305 0.008006937 0.021657356 2.264176e-02 0.016936396 0.06650202 0.08700533 0.023418974 0.04922517 0.02335458 0.063224178 0.07137396 0.06627195 0.03878123 0.04330600 0.01392996 0.02833694 0.04196251 0.03048577 0.02008893 0.03629279 0.01931294 0.046407615 0.007438274 0.01643498 0.018205973 0.013420090 0.008107523 0.006670034 0.012533711 0.008220240 0.0040015726 1.044333e-02 2.047235e-02 0.0011974636 1.296135e-05 3.186860e-03 9.330561e-06 9.676982e-03 1.867099e-05 5.999218e-09 1.241562e-04
  100    1      1      0    0   125  3.684584e-14 4.777073e-16 8.758137e-05 0.018969230 0.010144742 0.001641602 4.153920e-03 0.016179824 0.05508887 0.05870235 0.048109698 0.02489223 0.01865191 0.041051731 0.01964192 0.02528012 0.03152975 0.03743388 0.02090206 0.03016226 0.08732703 0.02731297 0.03334414 0.03483958 0.08588306 0.007791641 0.026368036 0.03093100 0.031472513 0.039158721 0.022554928 0.016449118 0.024755644 0.027148313 0.0169475690 4.224122e-03 9.053609e-03 0.0075105468 1.769687e-03 8.438523e-04 7.138378e-08 3.853311e-04 7.841568e-04 5.177008e-04 2.987774e-06
   76    1      2      0    0   500  1.308378e-07 1.465119e-03 8.911881e-03 0.040691581 0.057689927 0.017920657 1.296905e-02 0.020110170 0.03135434 0.05809907 0.068729725 0.03837610 0.03025769 0.035843133 0.03821617 0.02826657 0.05055097 0.03035312 0.01899809 0.03570363 0.03687126 0.03977331 0.03181531 0.03016617 0.03044750 0.032344843 0.015558312 0.01748361 0.023092170 0.026773827 0.017586002 0.014217261 0.015245478 0.005604235 0.0077802782 1.201994e-02 2.020362e-03 0.0072503341 4.823011e-03 1.735824e-03 5.057930e-04 1.791416e-03 4.100332e-06 1.200322e-15 5.825439e-04
   78    1      2      0    0   500  3.299008e-24 1.427334e-03 1.768833e-02 0.053509246 0.055695774 0.024080243 9.175926e-03 0.023458851 0.04598067 0.05503473 0.059428539 0.04719809 0.03271756 0.031806765 0.04198516 0.03420255 0.03532119 0.01699165 0.02356693 0.02388356 0.03438789 0.02823272 0.02385741 0.03811334 0.02286228 0.031500738 0.030020512 0.02249037 0.028462471 0.017745358 0.017026737 0.009249203 0.010905349 0.014709207 0.0127116790 9.106474e-03 1.175506e-03 0.0031279761 2.310512e-03 1.472771e-03 1.918465e-03 3.026974e-03 1.848080e-04 1.975423e-03 2.727215e-04
   80    1      2      0    0   500  1.249263e-17 4.864232e-04 1.622662e-02 0.059338897 0.047373380 0.013385934 9.451046e-03 0.020481644 0.04990993 0.04282539 0.060536279 0.04922739 0.03873794 0.024073912 0.04568394 0.03489297 0.03455765 0.02995324 0.02100615 0.03100450 0.03221483 0.02484037 0.03810305 0.02741373 0.01631351 0.021960720 0.023748159 0.01780083 0.026942717 0.028233519 0.020670350 0.017889939 0.015736204 0.011238574 0.0062284573 8.723999e-03 1.758727e-02 0.0018283835 7.432282e-03 2.400174e-03 3.167680e-04 8.799501e-04 2.360761e-04 2.089409e-03 1.747643e-05
   82    1      2      0    0   500  4.169797e-11 2.092221e-03 2.408583e-02 0.043211432 0.053666087 0.010311218 9.449155e-03 0.028319576 0.03332682 0.07708637 0.047582262 0.05415703 0.03276729 0.033523306 0.03847442 0.02805955 0.02416244 0.03808920 0.02255816 0.03575941 0.03559763 0.03113342 0.03427782 0.03082931 0.02300512 0.024108250 0.023372356 0.01664890 0.024496658 0.025730172 0.016360407 0.008521981 0.019397150 0.009950224 0.0137912605 6.318372e-03 8.746088e-03 0.0029094400 2.620148e-03 1.288570e-03 2.850373e-04 3.823794e-03 7.961101e-05 2.279491e-05 3.717810e-06
   84    1      2      0    0   500  1.930209e-09 2.792736e-03 1.836227e-02 0.062301998 0.044203513 0.013907307 8.826189e-03 0.020941518 0.04980825 0.05596571 0.045085006 0.05241186 0.03313912 0.014622399 0.05236777 0.03969576 0.05276567 0.02210488 0.02750816 0.03176053 0.01864330 0.02375977 0.01923671 0.03058177 0.03834423 0.024748570 0.022573835 0.01738703 0.025093001 0.016943270 0.024312004 0.019934782 0.015968161 0.011950689 0.0173092981 4.677899e-03 3.455382e-03 0.0018014156 1.434729e-03 2.845978e-03 8.110676e-04 4.606868e-03 2.306592e-03 1.775142e-03 9.278728e-04
   86    1      2      0    0   500  2.963420e-20 1.143556e-03 1.826327e-02 0.060186330 0.051252658 0.020268145 1.427410e-02 0.031274665 0.02611675 0.06518543 0.053080432 0.03077413 0.02797205 0.025029439 0.02584282 0.02868908 0.03052763 0.04508832 0.04935161 0.03273108 0.04091487 0.03854452 0.03889713 0.02184806 0.02171621 0.032000901 0.017499599 0.03250626 0.017487057 0.024867475 0.016232579 0.011634437 0.006874715 0.005710921 0.0085120171 1.771922e-02 3.540028e-03 0.0012369094 3.271860e-04 1.735031e-03 1.074325e-03 9.153946e-07 9.886790e-04 2.297608e-04 8.496963e-04
   88    1      2      0    0   500  5.960931e-15 1.077359e-03 1.452486e-02 0.058131074 0.046204285 0.016507164 1.576036e-02 0.018682449 0.04980791 0.04420220 0.064788223 0.04232861 0.02066596 0.034331814 0.03459257 0.03608157 0.03239066 0.03864586 0.03280111 0.03352209 0.03057953 0.03447924 0.02665090 0.02599258 0.03514934 0.020513333 0.019728450 0.02287928 0.018665150 0.015142206 0.027652829 0.019396397 0.015303294 0.011506026 0.0062211879 1.182090e-02 1.636412e-03 0.0036156687 1.080531e-02 3.222156e-03 3.517522e-04 1.726404e-03 2.352506e-05 1.891905e-03 9.332016e-08
   90    1      2      0    0   500  8.684777e-10 9.931914e-04 2.276625e-02 0.039158247 0.035924331 0.012384029 7.300084e-03 0.021415926 0.05375734 0.04865265 0.046997143 0.04802990 0.02692990 0.035770945 0.04011953 0.02800393 0.03146471 0.03973135 0.03173607 0.02789887 0.03330050 0.02940356 0.03444978 0.04942473 0.02585650 0.028159777 0.018253013 0.02517060 0.019466318 0.031596053 0.022195104 0.021515323 0.011710089 0.008204023 0.0136806588 5.538516e-03 1.560428e-02 0.0044919436 1.855603e-03 5.407555e-05 1.686699e-04 4.764344e-04 6.932713e-06 2.971246e-04 8.599429e-05
   92    1      2      0    0   500  9.159303e-33 5.574360e-04 1.756597e-02 0.043285919 0.047521670 0.010054330 5.664233e-03 0.013697974 0.04518106 0.06481831 0.051983960 0.04667983 0.02628451 0.031480773 0.04911614 0.03282363 0.03112379 0.04631909 0.02606674 0.05337889 0.03145100 0.02794664 0.03278354 0.02512997 0.03579800 0.024944809 0.019466380 0.01807446 0.017131942 0.016614663 0.014077031 0.018093451 0.009044838 0.019679278 0.0125347426 8.938376e-03 2.353900e-03 0.0070401354 2.384608e-03 1.131865e-02 3.111631e-04 1.102872e-04 6.414934e-05 3.051960e-07 1.103433e-03
   94    1      2      0    0   500  1.408712e-12 8.226709e-03 2.683967e-02 0.040001864 0.064570644 0.018972892 8.730041e-03 0.023331054 0.03318798 0.03928766 0.051877539 0.05771963 0.03560230 0.038564157 0.03271701 0.03150748 0.04064786 0.04083495 0.05269510 0.03624436 0.02129466 0.03361219 0.03537863 0.01666159 0.03307889 0.015398860 0.027753003 0.02166109 0.015210569 0.019581156 0.014449637 0.012697094 0.004595247 0.008890869 0.0120731488 1.324348e-02 4.790326e-03 0.0036050287 3.269083e-03 3.944977e-04 5.068752e-05 7.898557e-05 6.420513e-04 3.034254e-05 9.397522e-11
   96    1      2      0    0   500  9.055443e-09 9.299818e-04 1.616644e-02 0.057151595 0.051670127 0.024212810 1.300762e-02 0.036779871 0.03182220 0.05678719 0.062421434 0.03494885 0.02342660 0.025650403 0.03448435 0.03259098 0.02722156 0.04501450 0.03514178 0.03925584 0.03458578 0.03747148 0.04782304 0.02322574 0.02332573 0.018068981 0.015570206 0.02199605 0.029801360 0.016605228 0.014428071 0.013347596 0.013746150 0.008234488 0.0033721245 9.389050e-03 4.837765e-03 0.0036564908 4.402987e-03 1.299089e-03 2.943947e-04 4.042211e-03 1.076182e-03 1.415102e-06 7.142450e-04
   98    1      2      0    0   500  6.445552e-04 4.104918e-03 1.535842e-02 0.034357220 0.039546266 0.017554994 7.545385e-03 0.023344384 0.04275674 0.04949966 0.068149950 0.05595803 0.02275583 0.030994936 0.03907786 0.06697795 0.04446072 0.02636029 0.02337213 0.04043448 0.05772168 0.02937793 0.02416749 0.02763643 0.01804174 0.010692468 0.018520334 0.02075424 0.017221495 0.025229579 0.012032096 0.009315434 0.014251304 0.014266107 0.0096342000 1.209640e-02 1.174403e-02 0.0019967542 4.804280e-03 1.735430e-03 4.589789e-03 3.500058e-04 1.835037e-05 5.245715e-04 2.314319e-05
  100    1      2      0    0   500  2.290563e-13 1.345621e-03 2.261117e-02 0.052381726 0.045492550 0.014524618 8.687411e-03 0.009970865 0.04952485 0.04493943 0.056178922 0.04797146 0.02849426 0.043516889 0.03928027 0.04769824 0.03859740 0.03182307 0.02827090 0.03318884 0.01523476 0.03199551 0.02695647 0.04009463 0.03333972 0.033533566 0.022226607 0.02664408 0.018283559 0.016782499 0.011208079 0.008403832 0.014845245 0.008755474 0.0217333169 8.177395e-03 5.181432e-03 0.0053586143 1.628937e-03 1.769938e-03 1.118332e-03 8.261933e-04 1.813416e-05 1.365474e-03 1.968768e-05
15 #_N_agebins
#_agebin_vector
1 2 3 4 5 6 7 8 9 10 11 12 13 14 15
1 #_N_ageerror_definitions
 #_age0   age1   age2   age3   age4   age5   age6   age7   age8   age9  age10  age11  age12  age13  age14  age15  age16  age17  age18  age19  age20  age21  age22  age23  age24  age25
 -1.000 -1.000 -1.000 -1.000 -1.000 -1.000 -1.000 -1.000 -1.000 -1.000 -1.000 -1.000 -1.000 -1.000 -1.000 -1.000 -1.000 -1.000 -1.000 -1.000 -1.000 -1.000 -1.000 -1.000 -1.000 -1.000
  0.001  0.001  0.001  0.001  0.001  0.001  0.001  0.001  0.001  0.001  0.001  0.001  0.001  0.001  0.001  0.001  0.001  0.001  0.001  0.001  0.001  0.001  0.001  0.001  0.001  0.001
81 #_N_agecomp
1 #_Lbin_method: 1=poplenbins; 2=datalenbins; 3=lengths
-1 #_combine males into females at or below this bin number
 #_Yr Seas FltSvy Gender Part Ageerr Lbin_lo Lbin_hi Nsamp          a1        a2        a3         a4         a5         a6         a7         a8         a9         a10         a11         a12         a13          a14         a15
   26    1      1      0    0      1      -1      -1   125 0.033059701 0.1751032 0.1334864 0.16002992 0.14635988 0.07248636 0.04845028 0.03446730 0.04187927 0.022169247 0.007750481 0.021663844 0.017003452 9.670458e-03 0.076420245
   36    1      1      0    0      1      -1      -1   125 0.020980750 0.2479935 0.2303919 0.17862563 0.09963277 0.03028736 0.03675548 0.02238713 0.02128332 0.021772167 0.021837295 0.017346463 0.021803077 5.036634e-03 0.023866503
   46    1      1      0    0      1      -1      -1   125 0.024001232 0.2151885 0.1636181 0.23201373 0.05094734 0.07818715 0.05596519 0.05522491 0.02369711 0.037839004 0.017893750 0.004359233 0.009814832 1.353186e-02 0.017718090
   56    1      1      0    0      1      -1      -1   125 0.007616655 0.1814605 0.3264902 0.18352662 0.07120612 0.05577781 0.03055445 0.04902228 0.03570331 0.019483586 0.001818400 0.010522536 0.001504250 3.195857e-03 0.022117470
   60    1      1      0    0      1      -1      -1   125 0.021822980 0.1744830 0.1704569 0.15821161 0.19512527 0.09834980 0.06224358 0.03671285 0.03807234 0.015294045 0.003252930 0.010339786 0.005772578 2.177084e-03 0.007685232
   64    1      1      0    0      1      -1      -1   125 0.022853675 0.2371394 0.2558260 0.09276538 0.07821923 0.05822649 0.13479596 0.03732281 0.03022121 0.011725255 0.009585445 0.012230157 0.007735351 1.383126e-04 0.011215221
   68    1      1      0    0      1      -1      -1   125 0.015394773 0.2323253 0.1551504 0.15186092 0.17687767 0.08630126 0.03561718 0.05366869 0.01468758 0.021502205 0.011976934 0.003263060 0.010676425 8.725881e-03 0.021971726
   72    1      1      0    0      1      -1      -1   125 0.043282642 0.2513771 0.1770494 0.14093981 0.09505693 0.08615207 0.06819603 0.06526546 0.01744334 0.016153539 0.006168796 0.005089023 0.008062083 9.072740e-03 0.010691097
   76    1      1      0    0      1      -1      -1   125 0.081738626 0.2564085 0.1381008 0.17738963 0.07906129 0.05738656 0.04139915 0.04616606 0.01945781 0.025194020 0.014777137 0.019793536 0.024233260 6.118246e-05 0.018832499
   80    1      1      0    0      1      -1      -1   125 0.035641805 0.1868652 0.2139535 0.16121966 0.17883282 0.05654282 0.02557296 0.05411962 0.02231965 0.019090702 0.009048067 0.001601297 0.004960158 2.820226e-03 0.027411522
   84    1      1      0    0      1      -1      -1   125 0.047632518 0.2440597 0.1716434 0.08474538 0.07245141 0.14421304 0.07209238 0.04869601 0.03992740 0.018067655 0.008964096 0.023606670 0.001176870 5.095194e-03 0.017628248
   88    1      1      0    0      1      -1      -1   125 0.033378598 0.1591513 0.2219451 0.18111495 0.08367511 0.10779579 0.04294493 0.05057510 0.03095132 0.030156203 0.002025956 0.019987310 0.004012268 1.279459e-02 0.019491511
   92    1      1      0    0      1      -1      -1   125 0.014457252 0.2409261 0.2234540 0.13525685 0.08505753 0.03044945 0.07890352 0.03325269 0.06132461 0.023447074 0.005273466 0.007456572 0.015237624 3.278237e-02 0.012720850
   96    1      1      0    0      1      -1      -1   125 0.042568089 0.2703124 0.1987995 0.12030172 0.11541841 0.07529201 0.05700572 0.05168046 0.04244018 0.006134447 0.003707044 0.007766034 0.001718182 9.155215e-04 0.005940273
  100    1      1      0    0      1      -1      -1   125 0.021444430 0.2130301 0.2016252 0.19377197 0.10630615 0.09803129 0.04664250 0.02210342 0.05393380 0.007290458 0.020146807 0.005026135 0.002065649 1.079246e-03 0.007502862
   76    1      2      0    0      1      -1      -1   500 0.173498928 0.2324605 0.1632518 0.12535340 0.08010395 0.05261832 0.06103167 0.03502275 0.02293466 0.013185403 0.012150897 0.012053663 0.001946665 5.048602e-03 0.009338781
   78    1      2      0    0      1      -1      -1   500 0.154168444 0.2257005 0.1521821 0.12948559 0.10229509 0.07015607 0.04189383 0.03921661 0.02369279 0.014899300 0.017437901 0.006830800 0.008627421 1.236272e-03 0.012177336
   80    1      2      0    0      1      -1      -1   500 0.125809165 0.2247914 0.1902055 0.12676256 0.10151189 0.07087431 0.04252424 0.02949776 0.01786579 0.019679876 0.006898870 0.011323034 0.005643199 4.497568e-03 0.022114838
   82    1      2      0    0      1      -1      -1   500 0.125942901 0.2287921 0.1896493 0.10455836 0.07930020 0.07621059 0.04554361 0.04282496 0.01918615 0.019183738 0.017440235 0.015424600 0.012638946 6.688212e-03 0.016616053
   84    1      2      0    0      1      -1      -1   500 0.144735460 0.2341880 0.1686805 0.13025187 0.07727979 0.06475402 0.04517345 0.02502188 0.03866378 0.023738356 0.006563648 0.010411015 0.008224043 2.988914e-03 0.019325279
   86    1      2      0    0      1      -1      -1   500 0.155572652 0.2193335 0.1229769 0.11588927 0.09293012 0.08458754 0.04567943 0.04479868 0.03870862 0.020352089 0.014304014 0.004740875 0.007723760 1.884063e-03 0.030518487
   88    1      2      0    0      1      -1      -1   500 0.147561614 0.2417333 0.1678228 0.12445523 0.07097194 0.06568633 0.04896213 0.03115803 0.02320262 0.032114344 0.017218753 0.007806709 0.009195548 1.617400e-03 0.010493258
   90    1      2      0    0      1      -1      -1   500 0.116959462 0.2310438 0.1622577 0.12588724 0.09847994 0.06442874 0.05367280 0.03453015 0.03012633 0.038235331 0.006161999 0.015186068 0.004764856 9.962161e-03 0.008303335
   92    1      2      0    0      1      -1      -1   500 0.126635587 0.2237197 0.1625769 0.12629487 0.10328137 0.07733144 0.03952549 0.03768351 0.02252687 0.017617985 0.013108454 0.024335474 0.009403044 2.734013e-03 0.013225299
   94    1      2      0    0      1      -1      -1   500 0.122612803 0.2513574 0.1330035 0.13729996 0.07927127 0.08922296 0.06608996 0.03398060 0.02962805 0.012554101 0.008313843 0.020813386 0.002435532 6.273265e-03 0.007143384
   96    1      2      0    0      1      -1      -1   500 0.153618079 0.2635511 0.1409017 0.14114491 0.07345959 0.05920602 0.05061337 0.02645929 0.02368962 0.016366523 0.015918101 0.011723393 0.006716050 6.177450e-03 0.010454852
   98    1      2      0    0      1      -1      -1   500 0.165114414 0.1959362 0.1758862 0.13047567 0.08732324 0.04957443 0.03446490 0.05578790 0.03662891 0.022287032 0.013316477 0.018213107 0.002831783 1.140592e-03 0.011019191
  100    1      2      0    0      1      -1      -1   500 0.118644362 0.2129153 0.2111102 0.12294045 0.07971073 0.07601497 0.05541551 0.02128201 0.01840473 0.021364530 0.013480260 0.014059557 0.010292372 5.921564e-03 0.018443445
   60    1      1      0    0      1       4       4     2 2.000000000 0.0000000 0.0000000 0.00000000 0.00000000 0.00000000 0.00000000 0.00000000 0.00000000 0.000000000 0.000000000 0.000000000 0.000000000 0.000000e+00 0.000000000
   60    1      1      0    0      1       5       5     1 1.000000000 0.0000000 0.0000000 0.00000000 0.00000000 0.00000000 0.00000000 0.00000000 0.00000000 0.000000000 0.000000000 0.000000000 0.000000000 0.000000e+00 0.000000000
   60    1      1      0    0      1       8       8     6 6.000000000 0.0000000 0.0000000 0.00000000 0.00000000 0.00000000 0.00000000 0.00000000 0.00000000 0.000000000 0.000000000 0.000000000 0.000000000 0.000000e+00 0.000000000
   60    1      1      0    0      1      10      10     9 9.000000000 0.0000000 0.0000000 0.00000000 0.00000000 0.00000000 0.00000000 0.00000000 0.00000000 0.000000000 0.000000000 0.000000000 0.000000000 0.000000e+00 0.000000000
   60    1      1      0    0      1      11      11     3 3.000000000 0.0000000 0.0000000 0.00000000 0.00000000 0.00000000 0.00000000 0.00000000 0.00000000 0.000000000 0.000000000 0.000000000 0.000000000 0.000000e+00 0.000000000
   60    1      1      0    0      1      12      12     6 6.000000000 0.0000000 0.0000000 0.00000000 0.00000000 0.00000000 0.00000000 0.00000000 0.00000000 0.000000000 0.000000000 0.000000000 0.000000000 0.000000e+00 0.000000000
   60    1      1      0    0      1      13      13     1 1.000000000 0.0000000 0.0000000 0.00000000 0.00000000 0.00000000 0.00000000 0.00000000 0.00000000 0.000000000 0.000000000 0.000000000 0.000000000 0.000000e+00 0.000000000
   60    1      1      0    0      1      14      14     4 4.000000000 0.0000000 0.0000000 0.00000000 0.00000000 0.00000000 0.00000000 0.00000000 0.00000000 0.000000000 0.000000000 0.000000000 0.000000000 0.000000e+00 0.000000000
   60    1      1      0    0      1      15      15     5 5.000000000 0.0000000 0.0000000 0.00000000 0.00000000 0.00000000 0.00000000 0.00000000 0.00000000 0.000000000 0.000000000 0.000000000 0.000000000 0.000000e+00 0.000000000
   60    1      1      0    0      1      16      16     9 9.000000000 0.0000000 0.0000000 0.00000000 0.00000000 0.00000000 0.00000000 0.00000000 0.00000000 0.000000000 0.000000000 0.000000000 0.000000000 0.000000e+00 0.000000000
   60    1      1      0    0      1      17      17     2 2.000000000 0.0000000 0.0000000 0.00000000 0.00000000 0.00000000 0.00000000 0.00000000 0.00000000 0.000000000 0.000000000 0.000000000 0.000000000 0.000000e+00 0.000000000
   60    1      1      0    0      1      18      18     5 5.000000000 0.0000000 0.0000000 0.00000000 0.00000000 0.00000000 0.00000000 0.00000000 0.00000000 0.000000000 0.000000000 0.000000000 0.000000000 0.000000e+00 0.000000000
   60    1      1      0    0      1      19      19     4 4.000000000 0.0000000 0.0000000 0.00000000 0.00000000 0.00000000 0.00000000 0.00000000 0.00000000 0.000000000 0.000000000 0.000000000 0.000000000 0.000000e+00 0.000000000
   60    1      1      0    0      1      20      20     4 4.000000000 0.0000000 0.0000000 0.00000000 0.00000000 0.00000000 0.00000000 0.00000000 0.00000000 0.000000000 0.000000000 0.000000000 0.000000000 0.000000e+00 0.000000000
   60    1      1      0    0      1      21      21     2 2.000000000 0.0000000 0.0000000 0.00000000 0.00000000 0.00000000 0.00000000 0.00000000 0.00000000 0.000000000 0.000000000 0.000000000 0.000000000 0.000000e+00 0.000000000
   60    1      1      0    0      1      22      22     3 3.000000000 0.0000000 0.0000000 0.00000000 0.00000000 0.00000000 0.00000000 0.00000000 0.00000000 0.000000000 0.000000000 0.000000000 0.000000000 0.000000e+00 0.000000000
   60    1      1      0    0      1      23      23     5 5.000000000 0.0000000 0.0000000 0.00000000 0.00000000 0.00000000 0.00000000 0.00000000 0.00000000 0.000000000 0.000000000 0.000000000 0.000000000 0.000000e+00 0.000000000
   60    1      1      0    0      1      24      24     3 3.000000000 0.0000000 0.0000000 0.00000000 0.00000000 0.00000000 0.00000000 0.00000000 0.00000000 0.000000000 0.000000000 0.000000000 0.000000000 0.000000e+00 0.000000000
   60    1      1      0    0      1      25      25     4 4.000000000 0.0000000 0.0000000 0.00000000 0.00000000 0.00000000 0.00000000 0.00000000 0.00000000 0.000000000 0.000000000 0.000000000 0.000000000 0.000000e+00 0.000000000
   60    1      1      0    0      1      27      27     5 4.000000000 1.0000000 0.0000000 0.00000000 0.00000000 0.00000000 0.00000000 0.00000000 0.00000000 0.000000000 0.000000000 0.000000000 0.000000000 0.000000e+00 0.000000000
   60    1      1      0    0      1      28      28     1 1.000000000 0.0000000 0.0000000 0.00000000 0.00000000 0.00000000 0.00000000 0.00000000 0.00000000 0.000000000 0.000000000 0.000000000 0.000000000 0.000000e+00 0.000000000
   60    1      1      0    0      1      30      30     2 0.000000000 2.0000000 0.0000000 0.00000000 0.00000000 0.00000000 0.00000000 0.00000000 0.00000000 0.000000000 0.000000000 0.000000000 0.000000000 0.000000e+00 0.000000000
   60    1      1      0    0      1      31      31     3 0.000000000 3.0000000 0.0000000 0.00000000 0.00000000 0.00000000 0.00000000 0.00000000 0.00000000 0.000000000 0.000000000 0.000000000 0.000000000 0.000000e+00 0.000000000
   60    1      1      0    0      1      32      32     4 0.000000000 4.0000000 0.0000000 0.00000000 0.00000000 0.00000000 0.00000000 0.00000000 0.00000000 0.000000000 0.000000000 0.000000000 0.000000000 0.000000e+00 0.000000000
   60    1      1      0    0      1      34      34     1 0.000000000 1.0000000 0.0000000 0.00000000 0.00000000 0.00000000 0.00000000 0.00000000 0.00000000 0.000000000 0.000000000 0.000000000 0.000000000 0.000000e+00 0.000000000
   60    1      1      0    0      1      37      37     4 0.000000000 4.0000000 0.0000000 0.00000000 0.00000000 0.00000000 0.00000000 0.00000000 0.00000000 0.000000000 0.000000000 0.000000000 0.000000000 0.000000e+00 0.000000000
   60    1      1      0    0      1      38      38     1 0.000000000 1.0000000 0.0000000 0.00000000 0.00000000 0.00000000 0.00000000 0.00000000 0.00000000 0.000000000 0.000000000 0.000000000 0.000000000 0.000000e+00 0.000000000
   60    1      1      0    0      1      43      43     1 0.000000000 1.0000000 0.0000000 0.00000000 0.00000000 0.00000000 0.00000000 0.00000000 0.00000000 0.000000000 0.000000000 0.000000000 0.000000000 0.000000e+00 0.000000000
  100    1      1      0    0      1       4       4     2 2.000000000 0.0000000 0.0000000 0.00000000 0.00000000 0.00000000 0.00000000 0.00000000 0.00000000 0.000000000 0.000000000 0.000000000 0.000000000 0.000000e+00 0.000000000
  100    1      1      0    0      1       8       8     2 2.000000000 0.0000000 0.0000000 0.00000000 0.00000000 0.00000000 0.00000000 0.00000000 0.00000000 0.000000000 0.000000000 0.000000000 0.000000000 0.000000e+00 0.000000000
  100    1      1      0    0      1       9       9     7 7.000000000 0.0000000 0.0000000 0.00000000 0.00000000 0.00000000 0.00000000 0.00000000 0.00000000 0.000000000 0.000000000 0.000000000 0.000000000 0.000000e+00 0.000000000
  100    1      1      0    0      1      10      10     3 3.000000000 0.0000000 0.0000000 0.00000000 0.00000000 0.00000000 0.00000000 0.00000000 0.00000000 0.000000000 0.000000000 0.000000000 0.000000000 0.000000e+00 0.000000000
  100    1      1      0    0      1      11      11     6 6.000000000 0.0000000 0.0000000 0.00000000 0.00000000 0.00000000 0.00000000 0.00000000 0.00000000 0.000000000 0.000000000 0.000000000 0.000000000 0.000000e+00 0.000000000
  100    1      1      0    0      1      12      12     7 7.000000000 0.0000000 0.0000000 0.00000000 0.00000000 0.00000000 0.00000000 0.00000000 0.00000000 0.000000000 0.000000000 0.000000000 0.000000000 0.000000e+00 0.000000000
  100    1      1      0    0      1      13      13     1 1.000000000 0.0000000 0.0000000 0.00000000 0.00000000 0.00000000 0.00000000 0.00000000 0.00000000 0.000000000 0.000000000 0.000000000 0.000000000 0.000000e+00 0.000000000
  100    1      1      0    0      1      14      14     3 3.000000000 0.0000000 0.0000000 0.00000000 0.00000000 0.00000000 0.00000000 0.00000000 0.00000000 0.000000000 0.000000000 0.000000000 0.000000000 0.000000e+00 0.000000000
  100    1      1      0    0      1      15      15     2 2.000000000 0.0000000 0.0000000 0.00000000 0.00000000 0.00000000 0.00000000 0.00000000 0.00000000 0.000000000 0.000000000 0.000000000 0.000000000 0.000000e+00 0.000000000
  100    1      1      0    0      1      18      18     7 7.000000000 0.0000000 0.0000000 0.00000000 0.00000000 0.00000000 0.00000000 0.00000000 0.00000000 0.000000000 0.000000000 0.000000000 0.000000000 0.000000e+00 0.000000000
  100    1      1      0    0      1      19      19     1 1.000000000 0.0000000 0.0000000 0.00000000 0.00000000 0.00000000 0.00000000 0.00000000 0.00000000 0.000000000 0.000000000 0.000000000 0.000000000 0.000000e+00 0.000000000
  100    1      1      0    0      1      20      20     4 4.000000000 0.0000000 0.0000000 0.00000000 0.00000000 0.00000000 0.00000000 0.00000000 0.00000000 0.000000000 0.000000000 0.000000000 0.000000000 0.000000e+00 0.000000000
  100    1      1      0    0      1      21      21     7 7.000000000 0.0000000 0.0000000 0.00000000 0.00000000 0.00000000 0.00000000 0.00000000 0.00000000 0.000000000 0.000000000 0.000000000 0.000000000 0.000000e+00 0.000000000
  100    1      1      0    0      1      22      22     4 4.000000000 0.0000000 0.0000000 0.00000000 0.00000000 0.00000000 0.00000000 0.00000000 0.00000000 0.000000000 0.000000000 0.000000000 0.000000000 0.000000e+00 0.000000000
  100    1      1      0    0      1      24      24     8 8.000000000 0.0000000 0.0000000 0.00000000 0.00000000 0.00000000 0.00000000 0.00000000 0.00000000 0.000000000 0.000000000 0.000000000 0.000000000 0.000000e+00 0.000000000
  100    1      1      0    0      1      25      25     6 6.000000000 0.0000000 0.0000000 0.00000000 0.00000000 0.00000000 0.00000000 0.00000000 0.00000000 0.000000000 0.000000000 0.000000000 0.000000000 0.000000e+00 0.000000000
  100    1      1      0    0      1      27      27     6 6.000000000 0.0000000 0.0000000 0.00000000 0.00000000 0.00000000 0.00000000 0.00000000 0.00000000 0.000000000 0.000000000 0.000000000 0.000000000 0.000000e+00 0.000000000
  100    1      1      0    0      1      29      29     5 2.000000000 3.0000000 0.0000000 0.00000000 0.00000000 0.00000000 0.00000000 0.00000000 0.00000000 0.000000000 0.000000000 0.000000000 0.000000000 0.000000e+00 0.000000000
  100    1      1      0    0      1      30      30     3 0.000000000 3.0000000 0.0000000 0.00000000 0.00000000 0.00000000 0.00000000 0.00000000 0.00000000 0.000000000 0.000000000 0.000000000 0.000000000 0.000000e+00 0.000000000
  100    1      1      0    0      1      31      31     4 0.000000000 4.0000000 0.0000000 0.00000000 0.00000000 0.00000000 0.00000000 0.00000000 0.00000000 0.000000000 0.000000000 0.000000000 0.000000000 0.000000e+00 0.000000000
  100    1      1      0    0      1      32      32     3 0.000000000 3.0000000 0.0000000 0.00000000 0.00000000 0.00000000 0.00000000 0.00000000 0.00000000 0.000000000 0.000000000 0.000000000 0.000000000 0.000000e+00 0.000000000
  100    1      1      0    0      1      33      33     4 0.000000000 4.0000000 0.0000000 0.00000000 0.00000000 0.00000000 0.00000000 0.00000000 0.00000000 0.000000000 0.000000000 0.000000000 0.000000000 0.000000e+00 0.000000000
  100    1      1      0    0      1      34      34     3 0.000000000 3.0000000 0.0000000 0.00000000 0.00000000 0.00000000 0.00000000 0.00000000 0.00000000 0.000000000 0.000000000 0.000000000 0.000000000 0.000000e+00 0.000000000
  100    1      1      0    0      1      35      35     1 0.000000000 1.0000000 0.0000000 0.00000000 0.00000000 0.00000000 0.00000000 0.00000000 0.00000000 0.000000000 0.000000000 0.000000000 0.000000000 0.000000e+00 0.000000000
  100    1      1      0    0      1      36      36     1 0.000000000 1.0000000 0.0000000 0.00000000 0.00000000 0.00000000 0.00000000 0.00000000 0.00000000 0.000000000 0.000000000 0.000000000 0.000000000 0.000000e+00 0.000000000
0 #_N_MeanSize_at_Age_obs
0 #_N_environ_variables
0 #_N_environ_obs
0 #_N_sizefreq_methods
0 #_do_tags
0 #_morphcomp_data
#
999
