#C data file created using the SS_writedat function in the R package r4ss
#C should work with SS version: 
#C file write time: 2015-02-11 09:16:03
#
1 #_styr
100 #_endyr
1 #_nseas
12 #_months_per_seas
1 #_spawn_seas
1 #_Nfleet
2 #_Nsurveys
1 #_N_areas
Fishery%Survey%CPUE #_fleetnames
0.5 0.5 0.5 #_surveytiming_in_season
1 1 1 #_area_assignments_for_each_fishery_and_survey
1 #_units of catch:  1=bio; 2=num
0.01 #_se of log(catch) only used for init_eq_catch and for Fmethod 2 and 3
1 #_Ngenders
25 #_Nages
0 #_init_equil_catch_for_each_fishery
100 #_N_lines_of_catch_to_read
 #_Fishery year seas
         0    1    1
         0    2    1
         0    3    1
         0    4    1
         0    5    1
         0    6    1
         0    7    1
         0    8    1
         0    9    1
         0   10    1
         0   11    1
         0   12    1
         0   13    1
         0   14    1
         0   15    1
         0   16    1
         0   17    1
         0   18    1
         0   19    1
         0   20    1
         0   21    1
         0   22    1
         0   23    1
         0   24    1
         0   25    1
 444646000   26    1
 397608000   27    1
 357583000   28    1
 324161000   29    1
 296656000   30    1
 274240000   31    1
 256057000   32    1
 241314000   33    1
 229322000   34    1
 219511000   35    1
 211426000   36    1
 204710000   37    1
 199088000   38    1
 194347000   39    1
 190324000   40    1
 186891000   41    1
 183948000   42    1
 181416000   43    1
 179230000   44    1
 177337000   45    1
 175694000   46    1
 174266000   47    1
 173022000   48    1
 171937000   49    1
 170990000   50    1
 170161000   51    1
 169436000   52    1
 168801000   53    1
 168243000   54    1
 167755000   55    1
 167325000   56    1
 166948000   57    1
 166617000   58    1
 166326000   59    1
 166070000   60    1
 165844000   61    1
 165646000   62    1
 165471000   63    1
 165317000   64    1
 165182000   65    1
 165063000   66    1
 164958000   67    1
 164865000   68    1
 164784000   69    1
 164712000   70    1
 164649000   71    1
 164593000   72    1
 164544000   73    1
 164500000   74    1
 164462000   75    1
 164429000   76    1
 164399000   77    1
 164373000   78    1
 164350000   79    1
 164329000   80    1
 164311000   81    1
 164296000   82    1
 164282000   83    1
 164269000   84    1
 164258000   85    1
 164249000   86    1
 164240000   87    1
 164233000   88    1
 164227000   89    1
 164221000   90    1
 164216000   91    1
 164211000   92    1
 164207000   93    1
 164204000   94    1
 164201000   95    1
 164198000   96    1
 164195000   97    1
 164193000   98    1
 164192000   99    1
 164190000  100    1
13 #_N_cpue
 #_Fleet Units Errtype
       1     1       0
       2     1       0
       3     1       0
 #_year seas index        obs se_log
     76    1     2 1342766857    0.2
     78    1     2 1289127069    0.2
     80    1     2 1606737822    0.2
     82    1     2 1248152472    0.2
     84    1     2 1663470845    0.2
     86    1     2 1177396397    0.2
     88    1     2 1368342703    0.2
     90    1     2 1178393499    0.2
     92    1     2 1298222357    0.2
     94    1     2 1003387657    0.2
     96    1     2 1813775039    0.2
     98    1     2 1368217881    0.2
    100    1     2 1380036343    0.2
0 #_N_discard_fleets
#_discard_units (1=same_as_catchunits(bio/num); 2=fraction; 3=numbers)
#_discard_errtype:  >0 for DF of T-dist(read CV below); 0 for normal with CV; -1 for normal with se; -2 for lognormal
0 #_N_discard
0 #_N_meanbodywt
1 #_DF_for_meanbodywt_T-distribution_like
2 # length bin method: 1=use databins; 2=generate from binwidth,min,max below; 3=read vector
1 # binwidth for population size comp
10 # minimum size in the population (lower edge of first bin and size at age 0.00)
200 # maximum size in the population (lower edge of last bin)
-0.001 #_comp_tail_compression
1e-05 #_add_to_comp
0 #_combine males into females at or below this bin number
45 #_N_lbins
#_lbin_vector
20 23 26 29 32 35 38 41 44 47 50 53 56 59 62 65 68 71 74 77 80 83 86 89 92 95 98 101 104 107 110 113 116 119 122 125 128 131 134 137 140 143 146 149 152
28 #_N_Length_comp_observations
 #_Yr Seas FltSvy Gender Part Nsamp           l20          l23          l26          l29         l32          l35          l38         l41        l44        l47        l50        l53         l56        l59        l62        l65        l68        l71        l74        l77        l80        l83         l86         l89         l92         l95         l98        l101        l104        l107        l110        l113         l116        l119         l122         l125         l128         l131         l134         l137         l140         l143         l146         l149         l152
   26    1      1      0    0   125  1.759164e-69 3.810572e-06 1.213241e-03 0.0008503794 0.011443281 6.696010e-03 2.039310e-04 0.020819681 0.03439764 0.03991397 0.04339357 0.03159468 0.012416862 0.04580681 0.03107640 0.04025633 0.04558567 0.01630775 0.01537222 0.04959773 0.02842665 0.01527518 0.046202076 0.013198504 0.010772231 0.046139367 0.069009216 0.033776632 0.018600262 0.050367158 0.022081707 0.010766475 0.0123319241 0.037270085 0.0295312969 0.0270356724 0.0104773364 0.0136843965 0.0210524705 1.359179e-02 7.181203e-03 3.001252e-03 1.340188e-07 1.106537e-07 1.327692e-02
   36    1      1      0    0   125  3.302885e-09 1.556459e-06 5.873277e-03 0.0014214910 0.007994119 8.954357e-03 1.128939e-04 0.025664491 0.03665110 0.04694346 0.08444314 0.07904649 0.013400242 0.01639840 0.05307640 0.03386522 0.01987775 0.02155319 0.01402327 0.02958717 0.03628462 0.06767982 0.046029189 0.047525226 0.026121834 0.040534079 0.014042833 0.005690949 0.013700214 0.041688765 0.016419600 0.013259409 0.0266236773 0.011486952 0.0369335140 0.0101809814 0.0325438158 0.0091246098 0.0004068624 9.143579e-05 4.251946e-03 2.516656e-04 7.036037e-09 2.283766e-08 2.399395e-04
   46    1      1      0    0   125  6.422377e-94 2.606238e-15 9.848993e-04 0.0200798805 0.014002944 2.280965e-03 6.316106e-03 0.004741114 0.03818514 0.05787908 0.07287884 0.07835953 0.029988891 0.02561654 0.02199075 0.04483112 0.05922953 0.04263872 0.09422026 0.06994819 0.01005964 0.04032687 0.007100977 0.039129892 0.007321019 0.019240348 0.031386613 0.017945315 0.035450620 0.031262245 0.009669098 0.020248213 0.0021873878 0.014278767 0.0138796228 0.0024969950 0.0022528671 0.0101539180 0.0002511584 7.747578e-04 9.664388e-05 3.145240e-04 1.663304e-09 1.030408e-15 1.595954e-10
   56    1      1      0    0   125 6.063924e-213 2.216630e-22 1.919447e-03 0.0125348974 0.003438075 6.143411e-03 1.448900e-03 0.028607239 0.02947927 0.08000671 0.04031461 0.06861581 0.058406317 0.03130482 0.02097521 0.03963686 0.07672989 0.06699903 0.04327414 0.01644880 0.02185299 0.02037903 0.031681598 0.015738691 0.016724677 0.039662323 0.011145016 0.045605048 0.013739921 0.055560164 0.020821731 0.026254587 0.0115818781 0.005379408 0.0096294128 0.0053232573 0.0043575936 0.0110958676 0.0030508656 2.378226e-04 1.604211e-04 3.733214e-03 6.059183e-21 2.134709e-10 1.058867e-06
   60    1      1      0    0   125  1.719140e-99 5.069668e-07 2.632603e-04 0.0118518776 0.004707381 1.955223e-02 7.046539e-04 0.042004895 0.02518732 0.07385294 0.06971567 0.08967116 0.045401897 0.02150786 0.07699931 0.03018630 0.03663746 0.03359680 0.03025401 0.06686872 0.02548478 0.04127143 0.014779297 0.018404651 0.011418328 0.020941921 0.019580361 0.019696775 0.032142466 0.019864982 0.024192907 0.017118904 0.0063880191 0.006659471 0.0236408291 0.0005944993 0.0022090010 0.0115924426 0.0014996750 3.294237e-04 3.225600e-03 3.659004e-11 1.532295e-12 1.499726e-17 3.349360e-11
   64    1      1      0    0   125  6.479294e-10 1.625482e-07 1.018659e-02 0.0021416688 0.006597552 8.897764e-03 7.314770e-03 0.024627026 0.03220669 0.08450125 0.09081571 0.04968290 0.020898684 0.05557590 0.06078109 0.01346639 0.02774093 0.06712206 0.02433155 0.03052848 0.02142807 0.02113157 0.035508531 0.022416663 0.051796195 0.035349992 0.007437691 0.025444712 0.008780398 0.024390667 0.018110307 0.024773857 0.0081664944 0.010028407 0.0103517877 0.0153947068 0.0060710474 0.0019821577 0.0316640589 1.527769e-03 2.366945e-04 1.845730e-05 1.266175e-14 5.280958e-04 4.449299e-05
   68    1      1      0    0   125  8.419352e-63 1.219797e-15 4.116696e-03 0.0093552336 0.007144009 2.374474e-04 1.513441e-02 0.043072829 0.07353350 0.05005459 0.06024553 0.06045004 0.007247388 0.06645453 0.03952271 0.03238909 0.02231734 0.04296446 0.03073959 0.03979819 0.01778237 0.03680768 0.031276016 0.065003210 0.014647532 0.051144298 0.035781195 0.022820317 0.015969943 0.016212932 0.025743457 0.003532482 0.0139360479 0.005661504 0.0030397436 0.0092415585 0.0023796355 0.0029304119 0.0141135807 6.928654e-04 7.221734e-04 5.778564e-03 2.388115e-10 5.118608e-09 4.893135e-06
   72    1      1      0    0   125  6.138013e-19 2.834996e-22 1.168498e-05 0.0097838593 0.024920955 5.498702e-03 7.055568e-04 0.026157497 0.03383811 0.06851753 0.05749885 0.07052456 0.017400291 0.02591945 0.07147957 0.02587665 0.05945399 0.05724471 0.04653569 0.03166987 0.03163869 0.04359215 0.038158628 0.021359690 0.046250663 0.023975934 0.010955695 0.022979415 0.022946078 0.019726437 0.024913742 0.022364224 0.0007778225 0.016360660 0.0069828801 0.0085653938 0.0014929152 0.0026084068 0.0002648775 4.007701e-04 8.594213e-05 5.006421e-04 4.392448e-19 2.003657e-05 4.076936e-05
   76    1      1      0    0   125  0.000000e+00 1.861554e-24 3.413152e-04 0.0083562187 0.001872632 8.804965e-05 1.519161e-04 0.019097806 0.03287003 0.08301912 0.08906934 0.07123337 0.027763152 0.07196474 0.03955061 0.05498782 0.02942735 0.05327826 0.03785682 0.04387693 0.03096730 0.01465521 0.031428476 0.007607169 0.043296964 0.015949152 0.018909229 0.026325308 0.016510074 0.019616774 0.019220201 0.014010667 0.0155991334 0.008410206 0.0070420690 0.0008301521 0.0118038583 0.0051466464 0.0011340189 2.305700e-02 3.564072e-03 2.056095e-06 3.949246e-08 1.151670e-13 1.087404e-04
   80    1      1      0    0   125  6.048879e-39 6.620151e-07 2.145272e-03 0.0098230901 0.007082199 2.976966e-03 9.640245e-04 0.013586812 0.04979059 0.05381527 0.05498407 0.03026772 0.029725560 0.02952655 0.03730719 0.04989748 0.04439403 0.05187033 0.04069616 0.05453256 0.02190855 0.04581211 0.042028624 0.027976055 0.041463623 0.067956613 0.012842422 0.042746718 0.014638115 0.016979019 0.019879156 0.008907912 0.0102971651 0.019217672 0.0011449503 0.0004859393 0.0021927152 0.0246669683 0.0020576948 1.141593e-02 1.183166e-03 2.062260e-06 7.567416e-04 5.353507e-05 5.074580e-13
   84    1      1      0    0   125  0.000000e+00 4.206563e-07 4.608195e-03 0.0159802649 0.014286556 1.320811e-03 3.117683e-03 0.015270589 0.04998257 0.04226557 0.06667574 0.03092441 0.071774819 0.03872658 0.07928214 0.02464841 0.02372556 0.04962462 0.04320371 0.02167744 0.04936036 0.04884268 0.039085322 0.055187093 0.010285311 0.009674788 0.033206793 0.002061444 0.028012316 0.001917241 0.024600578 0.015997828 0.0168426673 0.019895422 0.0089856118 0.0145634175 0.0182993118 0.0048417798 0.0009960652 1.618441e-04 3.978382e-06 8.204070e-05 2.780217e-12 5.268429e-09 2.377221e-11
   88    1      1      0    0   125  2.622162e-23 2.786978e-13 2.364020e-05 0.0038327724 0.020361108 4.618796e-03 2.248363e-05 0.023938843 0.04730433 0.07078206 0.04651964 0.06147829 0.065276271 0.06295673 0.03753247 0.02867466 0.04401440 0.08534126 0.01016359 0.03480423 0.01228846 0.01924127 0.046977652 0.020557218 0.036300538 0.034662308 0.011558290 0.029118902 0.012435492 0.010082431 0.027929983 0.015921103 0.0154671217 0.016913347 0.0155348763 0.0059470032 0.0147049851 0.0014910201 0.0014129989 3.672087e-03 5.632573e-06 9.301605e-06 9.697604e-12 4.550344e-05 7.692507e-05
   92    1      1      0    0   125  7.242759e-62 2.118188e-29 4.576672e-03 0.0022314318 0.006757775 6.907863e-05 3.477162e-03 0.005200739 0.04157016 0.10868125 0.06790060 0.06163017 0.027770964 0.04352336 0.01458592 0.02255033 0.06498372 0.05014499 0.03832986 0.04416805 0.07955121 0.02805668 0.035587301 0.036537374 0.014523236 0.026245896 0.015567473 0.025085985 0.004908991 0.014899852 0.013389747 0.007606640 0.0316763915 0.007894045 0.0043353757 0.0118408233 0.0039413309 0.0018611187 0.0138689836 2.039744e-03 9.035441e-03 3.369235e-06 3.141454e-03 7.467952e-08 2.492441e-04
   96    1      1      0    0   125 1.440476e-131 4.019645e-11 2.144801e-03 0.0003414344 0.082595740 3.345762e-03 1.204452e-03 0.016526124 0.04589221 0.04980521 0.06000074 0.03815767 0.073151339 0.01251352 0.02770366 0.05752112 0.02700002 0.03495974 0.03570750 0.03061747 0.03329316 0.04327481 0.057375714 0.023842067 0.048748359 0.032943934 0.004719341 0.047405503 0.020828040 0.005402443 0.011897637 0.002284664 0.0176665526 0.007651747 0.0025056194 0.0110253410 0.0163019755 0.0051427371 0.0033621697 4.090930e-05 4.439519e-03 3.581623e-05 4.870528e-04 1.363768e-04 1.753778e-09
  100    1      1      0    0   125  4.091807e-71 5.020273e-14 8.433984e-03 0.0084777304 0.003398846 1.423582e-03 1.616441e-04 0.023202488 0.03110228 0.07251007 0.06093047 0.09682326 0.023214625 0.06424150 0.04742640 0.02528876 0.05165839 0.03755207 0.04813821 0.03613515 0.01855935 0.02254351 0.036152571 0.037340026 0.025265148 0.017332763 0.009833639 0.011688801 0.018088415 0.025052906 0.015813140 0.073191841 0.0096251615 0.012760797 0.0003378205 0.0011930260 0.0001979739 0.0165778432 0.0081433897 1.795076e-04 6.984658e-07 7.633986e-09 4.682065e-11 2.208844e-06 1.974140e-14
   76    1      2      0    0   500  1.592523e-11 3.028374e-03 2.807413e-02 0.0493837369 0.033580029 1.544038e-02 1.087890e-02 0.017522607 0.05257654 0.06770848 0.05833952 0.03748042 0.022076047 0.03687869 0.04389616 0.04047366 0.03175234 0.04052552 0.03238783 0.03345550 0.03532746 0.01747040 0.022606098 0.039355580 0.037381906 0.027996631 0.021389177 0.014431507 0.013132213 0.015042160 0.007576998 0.018104467 0.0255823278 0.009636904 0.0040546827 0.0043291325 0.0137046093 0.0072986334 0.0022585311 1.347872e-03 1.720629e-03 1.906360e-03 2.593659e-03 6.904184e-05 2.241644e-04
   78    1      2      0    0   500  2.761182e-09 2.144446e-03 1.953427e-02 0.0607660367 0.039480950 2.024971e-02 6.427678e-03 0.020442977 0.04534347 0.03778852 0.04629852 0.06073754 0.027838166 0.03168912 0.04046860 0.03871360 0.05146752 0.03271009 0.03229492 0.03391237 0.04736384 0.02886916 0.029320293 0.029301497 0.028179973 0.025361594 0.017584898 0.030056110 0.011694890 0.014862744 0.019428538 0.011183090 0.0140311419 0.006071604 0.0107722566 0.0041419768 0.0017601705 0.0122367843 0.0025009010 4.261016e-03 1.196592e-03 6.772181e-04 2.443703e-06 8.264470e-04 6.317128e-06
   80    1      2      0    0   500  1.941859e-14 1.005305e-03 1.474146e-02 0.0423327589 0.043385177 2.015070e-02 6.983966e-03 0.028534550 0.05816524 0.06437770 0.03506578 0.03469063 0.027807340 0.04492231 0.03543652 0.03335133 0.04956523 0.04348853 0.02547711 0.02523553 0.03910805 0.02326636 0.025560028 0.029494111 0.019904088 0.026517512 0.020936270 0.029377997 0.021120475 0.017650242 0.013238766 0.014768238 0.0201278944 0.008533309 0.0277591827 0.0068772351 0.0093234321 0.0052569412 0.0051672425 2.139470e-04 7.930196e-04 1.777221e-05 1.689716e-04 9.739120e-05 4.364056e-06
   82    1      2      0    0   500  3.372770e-25 3.333218e-04 9.609430e-03 0.0435173612 0.037104648 2.088833e-02 1.162674e-02 0.023241096 0.04121870 0.07598727 0.07229704 0.02828079 0.028244857 0.03667472 0.02086005 0.03884079 0.04217346 0.07279151 0.02362379 0.02920221 0.03064069 0.03157373 0.024762409 0.022627095 0.028966717 0.016848106 0.020872310 0.022154917 0.029396880 0.010780659 0.030412943 0.016571442 0.0167423185 0.006906386 0.0116723503 0.0069510719 0.0064303213 0.0026573553 0.0028490227 8.626200e-04 1.453944e-03 5.861927e-04 6.269358e-08 9.610310e-05 6.682550e-04
   84    1      2      0    0   500  4.868934e-07 3.875523e-04 2.181212e-02 0.0410206252 0.043566912 2.325471e-02 1.219375e-02 0.025830676 0.03641401 0.06926193 0.05082436 0.04187246 0.035593910 0.04541124 0.03724664 0.02764729 0.05000717 0.03825330 0.02672571 0.05762359 0.02393273 0.03790098 0.027128044 0.011361334 0.026020709 0.020521054 0.023345019 0.022203169 0.014945383 0.024811285 0.016918455 0.012473033 0.0115089646 0.009019247 0.0109752268 0.0073466176 0.0041395556 0.0008750153 0.0038672896 3.085780e-03 1.092333e-03 4.698681e-04 8.684709e-05 1.867083e-04 8.369253e-04
   86    1      2      0    0   500  3.296129e-04 6.135760e-03 2.859687e-02 0.0628535043 0.068100912 1.391445e-02 8.817497e-03 0.030402663 0.04209968 0.06938434 0.04180175 0.04042557 0.032893820 0.03028904 0.05573173 0.02957261 0.02032772 0.02567989 0.03714686 0.02665417 0.02811669 0.02285348 0.022801053 0.026821068 0.034223003 0.024242633 0.025861580 0.015777971 0.025242030 0.012784145 0.018999274 0.004909065 0.0140323117 0.012997952 0.0064863125 0.0104814356 0.0063518742 0.0078803224 0.0025684912 1.152940e-03 1.052940e-03 1.388325e-03 8.530732e-04 7.981485e-05 8.837575e-04
   88    1      2      0    0   500  4.318601e-06 1.161668e-03 1.037895e-02 0.0527495146 0.050918890 2.354110e-02 7.568467e-03 0.031947363 0.03070597 0.06370260 0.05249721 0.02332445 0.025777344 0.03611284 0.05311757 0.04713804 0.02614800 0.03931606 0.02905461 0.03522243 0.04207406 0.02761615 0.027965965 0.015675516 0.035245364 0.025522135 0.018373264 0.021771659 0.014611044 0.017396290 0.022464612 0.011647231 0.0146210060 0.005965769 0.0110376722 0.0178571535 0.0069832928 0.0063912438 0.0031178703 7.827889e-03 2.972477e-03 7.814949e-06 6.328673e-04 1.833587e-03 6.606672e-07
   90    1      2      0    0   500  1.277118e-37 7.063318e-04 1.757077e-02 0.0438839743 0.060188563 1.099700e-02 2.360855e-02 0.017224401 0.05741664 0.04528932 0.04221696 0.05084935 0.025106170 0.03832449 0.03590299 0.03376200 0.03424324 0.02510615 0.03575659 0.03634207 0.02116367 0.03476943 0.031741027 0.026763092 0.028562509 0.028792940 0.024427723 0.029700125 0.018092416 0.018422604 0.020608308 0.025286069 0.0169007615 0.006133955 0.0038780943 0.0087381802 0.0014839973 0.0110272801 0.0034442645 1.732267e-03 1.788699e-03 7.348321e-04 1.122347e-03 3.604226e-05 1.537962e-04
   92    1      2      0    0   500  1.966418e-08 1.087251e-02 2.686679e-02 0.0456692559 0.059310106 1.743049e-02 1.246736e-02 0.018499003 0.06137460 0.04750480 0.04037060 0.04451239 0.022423323 0.04229310 0.03011903 0.03670724 0.04063694 0.03997226 0.02895962 0.01743061 0.04164285 0.02724251 0.026906709 0.026089991 0.019329414 0.023870160 0.020591973 0.024616626 0.020008492 0.018315396 0.016451575 0.009876641 0.0188093880 0.014747673 0.0105915910 0.0052656267 0.0145410965 0.0052617102 0.0020361707 4.310836e-03 7.127854e-05 9.708129e-04 3.708497e-03 1.319213e-03 3.719221e-06
   94    1      2      0    0   500  7.572532e-09 4.344824e-03 1.287808e-02 0.0604584592 0.041004558 1.670439e-02 9.928403e-03 0.043013203 0.04717816 0.05015683 0.05557085 0.05674792 0.028366572 0.03261494 0.03794899 0.03849140 0.03335260 0.03527026 0.02416036 0.02686869 0.01850338 0.04760062 0.025895709 0.029837967 0.014994401 0.018947539 0.024064348 0.029293384 0.038090186 0.011499473 0.016215405 0.010945534 0.0111142432 0.007811542 0.0124483496 0.0057215909 0.0054962668 0.0020764190 0.0056023024 2.548355e-03 4.311418e-04 5.067185e-03 1.678291e-04 1.500288e-04 4.172905e-04
   96    1      2      0    0   500  6.656148e-07 1.912344e-05 1.372645e-02 0.0634207763 0.062147634 1.920236e-02 8.789091e-03 0.027641315 0.03658833 0.05693191 0.03915882 0.04570689 0.029760549 0.04463975 0.05153065 0.02664343 0.04100114 0.03288294 0.03283937 0.02420382 0.03276261 0.03807354 0.012975207 0.022007531 0.016486655 0.031867805 0.017163348 0.017903558 0.034154486 0.017670641 0.013625533 0.012059565 0.0189370567 0.017740104 0.0027205217 0.0054398599 0.0079125085 0.0069932078 0.0125422195 1.738537e-03 3.814031e-04 9.868755e-04 3.454812e-07 3.577440e-04 6.641198e-04
   98    1      2      0    0   500  7.273608e-09 6.626223e-03 1.386189e-02 0.0499181840 0.057924381 3.137287e-02 7.754694e-03 0.019909757 0.04655009 0.04087176 0.05644992 0.04826297 0.046680227 0.02607781 0.03516689 0.03410313 0.03788750 0.04817740 0.02068212 0.02682762 0.03321748 0.03388017 0.031860684 0.037222051 0.016222221 0.024007580 0.019060049 0.016087279 0.013531770 0.019102103 0.022029362 0.003929536 0.0108526116 0.010642947 0.0216511657 0.0062486787 0.0080663671 0.0027089017 0.0033956522 2.348656e-03 7.198480e-03 4.911505e-04 8.853816e-06 1.314751e-04 9.993466e-04
  100    1      2      0    0   500  1.443284e-05 3.026218e-03 2.679260e-02 0.0581835182 0.044027504 2.259296e-02 1.226620e-02 0.015050779 0.04206721 0.05471078 0.06174672 0.04400569 0.033219678 0.02434449 0.04367827 0.04505570 0.03630047 0.02456281 0.03266983 0.02855041 0.02501929 0.04591471 0.028333908 0.034910549 0.022946171 0.022739136 0.027886245 0.019015435 0.023061213 0.006937205 0.011247246 0.020208153 0.0141233081 0.010737853 0.0079351781 0.0089093029 0.0037703967 0.0044409739 0.0020236777 1.538185e-03 2.720101e-03 2.043873e-03 2.006073e-16 6.625602e-04 9.059271e-06
15 #_N_agebins
#_agebin_vector
1 2 3 4 5 6 7 8 9 10 11 12 13 14 15
1 #_N_ageerror_definitions
 #_age0   age1   age2   age3   age4   age5   age6   age7   age8   age9  age10  age11  age12  age13  age14  age15  age16  age17  age18  age19  age20  age21  age22  age23  age24  age25
 -1.000 -1.000 -1.000 -1.000 -1.000 -1.000 -1.000 -1.000 -1.000 -1.000 -1.000 -1.000 -1.000 -1.000 -1.000 -1.000 -1.000 -1.000 -1.000 -1.000 -1.000 -1.000 -1.000 -1.000 -1.000 -1.000
  0.001  0.001  0.001  0.001  0.001  0.001  0.001  0.001  0.001  0.001  0.001  0.001  0.001  0.001  0.001  0.001  0.001  0.001  0.001  0.001  0.001  0.001  0.001  0.001  0.001  0.001
90 #_N_agecomp
1 #_Lbin_method: 1=poplenbins; 2=datalenbins; 3=lengths
-1 #_combine males into females at or below this bin number
 #_Yr Seas FltSvy Gender Part Ageerr Lbin_lo Lbin_hi Nsamp          a1        a2        a3        a4         a5         a6         a7         a8          a9         a10          a11         a12          a13          a14         a15
   26    1      1      0    0      1      -1      -1   125  0.01561881 0.1604427 0.1236314 0.1069596 0.12556127 0.08209491 0.07162927 0.04186778 0.053556881 0.077600157 0.0402020393 0.020201566 0.0103710979 0.0093325271 0.060930114
   36    1      1      0    0      1      -1      -1   125  0.01700353 0.2015311 0.1951303 0.1409105 0.08622570 0.07269684 0.07691239 0.04491202 0.024541181 0.028033994 0.0298280053 0.022437668 0.0084251113 0.0154364354 0.035975215
   46    1      1      0    0      1      -1      -1   125  0.02277737 0.1906997 0.2042952 0.1743121 0.09323044 0.10914591 0.06277673 0.03365676 0.027383039 0.043685285 0.0076277296 0.007683786 0.0090197570 0.0065410594 0.007165039
   56    1      1      0    0      1      -1      -1   125  0.03769165 0.2644648 0.2089212 0.1055070 0.08254490 0.11697172 0.04205656 0.01864241 0.042745703 0.031687987 0.0151407796 0.007925612 0.0130103630 0.0093862942 0.003302949
   60    1      1      0    0      1      -1      -1   125  0.02552296 0.2518304 0.2545677 0.1279688 0.08046494 0.06697743 0.02098388 0.03707849 0.044325101 0.026296800 0.0252566655 0.009106169 0.0139141217 0.0007892176 0.014917386
   64    1      1      0    0      1      -1      -1   125  0.02381392 0.2341733 0.1709824 0.1326538 0.14104304 0.08174074 0.05973053 0.06604671 0.006280577 0.014830305 0.0139914752 0.015684207 0.0098092765 0.0001124001 0.029107347
   68    1      1      0    0      1      -1      -1   125  0.05987500 0.2687000 0.2013680 0.1502204 0.07686932 0.03764848 0.07891252 0.02476855 0.019363992 0.017046505 0.0180928487 0.009855820 0.0047763801 0.0109134230 0.021588755
   72    1      1      0    0      1      -1      -1   125  0.03532461 0.2182000 0.2315986 0.1258018 0.07641729 0.03832275 0.03164800 0.04786987 0.082443884 0.028835801 0.0244365494 0.013474278 0.0370764527 0.0056431178 0.002907047
   76    1      1      0    0      1      -1      -1   125  0.02680838 0.2732777 0.2061308 0.1299062 0.09407358 0.07340336 0.03531695 0.01220435 0.018280124 0.019934829 0.0306568641 0.008420509 0.0287096375 0.0026231543 0.040253637
   80    1      1      0    0      1      -1      -1   125  0.04767481 0.2667920 0.1264254 0.1036629 0.06502265 0.06494293 0.08048566 0.04978635 0.057053105 0.031801635 0.0421860081 0.005727901 0.0019904079 0.0135469655 0.042901298
   84    1      1      0    0      1      -1      -1   125  0.07014013 0.2247181 0.2302537 0.1447077 0.11118457 0.08062770 0.03628582 0.01857632 0.017858304 0.033872221 0.0009760677 0.005271314 0.0132741906 0.0071761608 0.005077682
   88    1      1      0    0      1      -1      -1   125  0.02267976 0.2004498 0.1901310 0.1623572 0.13851662 0.05596843 0.03794546 0.06610386 0.026873010 0.041888547 0.0092073928 0.008671801 0.0028887377 0.0048956345 0.031422650
   92    1      1      0    0      1      -1      -1   125  0.03847089 0.1831588 0.2065781 0.2069468 0.07474879 0.06742854 0.05084024 0.02344594 0.061442710 0.027239118 0.0073368131 0.022694928 0.0130204037 0.0067871893 0.009860731
   96    1      1      0    0      1      -1      -1   125  0.06655370 0.3091747 0.2095321 0.1137421 0.08980951 0.06492617 0.01955733 0.03698407 0.012588316 0.020188968 0.0228466799 0.007188629 0.0009790861 0.0131548424 0.012773810
  100    1      1      0    0      1      -1      -1   125  0.03368242 0.2187574 0.1619134 0.1099709 0.13590944 0.08867638 0.03111488 0.06355424 0.087625032 0.018273194 0.0069985300 0.011527137 0.0026148976 0.0170639294 0.012318228
   76    1      2      0    0      1      -1      -1   500  0.13652086 0.2253262 0.1822310 0.1335990 0.08682603 0.07089573 0.04309748 0.03538820 0.020162792 0.022257938 0.0092074322 0.004924149 0.0110636147 0.0064087543 0.012090802
   78    1      2      0    0      1      -1      -1   500  0.14367620 0.1989416 0.1548097 0.1258185 0.11176057 0.06628675 0.06304261 0.04492316 0.033085100 0.015802365 0.0088324191 0.013170343 0.0061488726 0.0041565760 0.009545216
   80    1      2      0    0      1      -1      -1   500  0.16695949 0.2382666 0.1566028 0.1198460 0.08797980 0.07332461 0.04844904 0.03327347 0.015464673 0.017977837 0.0111127265 0.006876889 0.0042753420 0.0064584643 0.013132241
   82    1      2      0    0      1      -1      -1   500  0.11700997 0.2410434 0.1511167 0.1109594 0.10365163 0.06773920 0.05246481 0.03334635 0.043585560 0.022929373 0.0100409992 0.012072428 0.0128005972 0.0020398799 0.019199605
   84    1      2      0    0      1      -1      -1   500  0.13892468 0.2501183 0.1897316 0.1198105 0.07913902 0.06061573 0.05096196 0.03062428 0.021000991 0.013701986 0.0106238200 0.004737542 0.0141904687 0.0024680341 0.013351139
   86    1      2      0    0      1      -1      -1   500  0.13876265 0.2777474 0.1273649 0.1080413 0.09597139 0.06079242 0.05746319 0.04522493 0.030740052 0.014090080 0.0144123432 0.001633878 0.0041641920 0.0043492836 0.019242064
   88    1      2      0    0      1      -1      -1   500  0.12513949 0.2738752 0.1814938 0.1114364 0.08140040 0.06045175 0.05762207 0.03003068 0.010954256 0.012725660 0.0181217576 0.012523195 0.0031721926 0.0054556643 0.015597600
   90    1      2      0    0      1      -1      -1   500  0.13437058 0.2118094 0.1913352 0.1336680 0.08937022 0.07382844 0.04133467 0.03415570 0.022791911 0.025841359 0.0145433036 0.009268912 0.0066066031 0.0036077142 0.007467936
   92    1      2      0    0      1      -1      -1   500  0.16457402 0.2319653 0.1502174 0.1248294 0.08828200 0.06391143 0.04308506 0.03340864 0.015140055 0.023360533 0.0132050234 0.018458171 0.0058473011 0.0028369111 0.020878737
   94    1      2      0    0      1      -1      -1   500  0.12973813 0.2146043 0.1670760 0.1366201 0.11949771 0.07335761 0.03939615 0.02567845 0.021381534 0.009336123 0.0177380329 0.013610271 0.0081375995 0.0075509242 0.016277056
   96    1      2      0    0      1      -1      -1   500  0.15334595 0.2320675 0.1523732 0.1248200 0.09273006 0.07073889 0.03887109 0.05037135 0.026275374 0.020084560 0.0158487134 0.003761015 0.0048021375 0.0070837393 0.006826453
   98    1      2      0    0      1      -1      -1   500  0.13487483 0.2678016 0.1596558 0.1230520 0.08337043 0.04495738 0.06043602 0.03013049 0.025868528 0.014324969 0.0144235616 0.018020699 0.0101878343 0.0070341102 0.005861680
  100    1      2      0    0      1      -1      -1   500  0.15127571 0.2346939 0.1671693 0.1129575 0.08014080 0.06286812 0.06418627 0.03886847 0.020488626 0.025233419 0.0136856295 0.004358065 0.0092287148 0.0035978867 0.011247610
   26    1      1      0    0      1       3       3     1  1.00000000 0.0000000 0.0000000 0.0000000 0.00000000 0.00000000 0.00000000 0.00000000 0.000000000 0.000000000 0.0000000000 0.000000000 0.0000000000 0.0000000000 0.000000000
   26    1      1      0    0      1       5       5     1  1.00000000 0.0000000 0.0000000 0.0000000 0.00000000 0.00000000 0.00000000 0.00000000 0.000000000 0.000000000 0.0000000000 0.000000000 0.0000000000 0.0000000000 0.000000000
   26    1      1      0    0      1       8       8     5  5.00000000 0.0000000 0.0000000 0.0000000 0.00000000 0.00000000 0.00000000 0.00000000 0.000000000 0.000000000 0.0000000000 0.000000000 0.0000000000 0.0000000000 0.000000000
   26    1      1      0    0      1       9       9     6  6.00000000 0.0000000 0.0000000 0.0000000 0.00000000 0.00000000 0.00000000 0.00000000 0.000000000 0.000000000 0.0000000000 0.000000000 0.0000000000 0.0000000000 0.000000000
   26    1      1      0    0      1      10      10     6  6.00000000 0.0000000 0.0000000 0.0000000 0.00000000 0.00000000 0.00000000 0.00000000 0.000000000 0.000000000 0.0000000000 0.000000000 0.0000000000 0.0000000000 0.000000000
   26    1      1      0    0      1      11      11     2  2.00000000 0.0000000 0.0000000 0.0000000 0.00000000 0.00000000 0.00000000 0.00000000 0.000000000 0.000000000 0.0000000000 0.000000000 0.0000000000 0.0000000000 0.000000000
   26    1      1      0    0      1      12      12     3  3.00000000 0.0000000 0.0000000 0.0000000 0.00000000 0.00000000 0.00000000 0.00000000 0.000000000 0.000000000 0.0000000000 0.000000000 0.0000000000 0.0000000000 0.000000000
   26    1      1      0    0      1      13      13     1  1.00000000 0.0000000 0.0000000 0.0000000 0.00000000 0.00000000 0.00000000 0.00000000 0.000000000 0.000000000 0.0000000000 0.000000000 0.0000000000 0.0000000000 0.000000000
   26    1      1      0    0      1      14      14     5  5.00000000 0.0000000 0.0000000 0.0000000 0.00000000 0.00000000 0.00000000 0.00000000 0.000000000 0.000000000 0.0000000000 0.000000000 0.0000000000 0.0000000000 0.000000000
   26    1      1      0    0      1      15      15     2  2.00000000 0.0000000 0.0000000 0.0000000 0.00000000 0.00000000 0.00000000 0.00000000 0.000000000 0.000000000 0.0000000000 0.000000000 0.0000000000 0.0000000000 0.000000000
   26    1      1      0    0      1      16      16     6  6.00000000 0.0000000 0.0000000 0.0000000 0.00000000 0.00000000 0.00000000 0.00000000 0.000000000 0.000000000 0.0000000000 0.000000000 0.0000000000 0.0000000000 0.000000000
   26    1      1      0    0      1      17      17     4  4.00000000 0.0000000 0.0000000 0.0000000 0.00000000 0.00000000 0.00000000 0.00000000 0.000000000 0.000000000 0.0000000000 0.000000000 0.0000000000 0.0000000000 0.000000000
   26    1      1      0    0      1      19      19     1  1.00000000 0.0000000 0.0000000 0.0000000 0.00000000 0.00000000 0.00000000 0.00000000 0.000000000 0.000000000 0.0000000000 0.000000000 0.0000000000 0.0000000000 0.000000000
   26    1      1      0    0      1      20      20     4  4.00000000 0.0000000 0.0000000 0.0000000 0.00000000 0.00000000 0.00000000 0.00000000 0.000000000 0.000000000 0.0000000000 0.000000000 0.0000000000 0.0000000000 0.000000000
   26    1      1      0    0      1      21      21     3  3.00000000 0.0000000 0.0000000 0.0000000 0.00000000 0.00000000 0.00000000 0.00000000 0.000000000 0.000000000 0.0000000000 0.000000000 0.0000000000 0.0000000000 0.000000000
   26    1      1      0    0      1      22      22     1  1.00000000 0.0000000 0.0000000 0.0000000 0.00000000 0.00000000 0.00000000 0.00000000 0.000000000 0.000000000 0.0000000000 0.000000000 0.0000000000 0.0000000000 0.000000000
   26    1      1      0    0      1      23      23     3  3.00000000 0.0000000 0.0000000 0.0000000 0.00000000 0.00000000 0.00000000 0.00000000 0.000000000 0.000000000 0.0000000000 0.000000000 0.0000000000 0.0000000000 0.000000000
   26    1      1      0    0      1      24      24     2  2.00000000 0.0000000 0.0000000 0.0000000 0.00000000 0.00000000 0.00000000 0.00000000 0.000000000 0.000000000 0.0000000000 0.000000000 0.0000000000 0.0000000000 0.000000000
   26    1      1      0    0      1      25      25     1  1.00000000 0.0000000 0.0000000 0.0000000 0.00000000 0.00000000 0.00000000 0.00000000 0.000000000 0.000000000 0.0000000000 0.000000000 0.0000000000 0.0000000000 0.000000000
   26    1      1      0    0      1      26      26     3  3.00000000 0.0000000 0.0000000 0.0000000 0.00000000 0.00000000 0.00000000 0.00000000 0.000000000 0.000000000 0.0000000000 0.000000000 0.0000000000 0.0000000000 0.000000000
   26    1      1      0    0      1      27      27    10  9.00000000 1.0000000 0.0000000 0.0000000 0.00000000 0.00000000 0.00000000 0.00000000 0.000000000 0.000000000 0.0000000000 0.000000000 0.0000000000 0.0000000000 0.000000000
   26    1      1      0    0      1      28      28     3  3.00000000 0.0000000 0.0000000 0.0000000 0.00000000 0.00000000 0.00000000 0.00000000 0.000000000 0.000000000 0.0000000000 0.000000000 0.0000000000 0.0000000000 0.000000000
   26    1      1      0    0      1      30      30     6  3.00000000 3.0000000 0.0000000 0.0000000 0.00000000 0.00000000 0.00000000 0.00000000 0.000000000 0.000000000 0.0000000000 0.000000000 0.0000000000 0.0000000000 0.000000000
   26    1      1      0    0      1      31      31     2  0.00000000 2.0000000 0.0000000 0.0000000 0.00000000 0.00000000 0.00000000 0.00000000 0.000000000 0.000000000 0.0000000000 0.000000000 0.0000000000 0.0000000000 0.000000000
   26    1      1      0    0      1      32      32     1  0.00000000 1.0000000 0.0000000 0.0000000 0.00000000 0.00000000 0.00000000 0.00000000 0.000000000 0.000000000 0.0000000000 0.000000000 0.0000000000 0.0000000000 0.000000000
   26    1      1      0    0      1      33      33     1  0.00000000 1.0000000 0.0000000 0.0000000 0.00000000 0.00000000 0.00000000 0.00000000 0.000000000 0.000000000 0.0000000000 0.000000000 0.0000000000 0.0000000000 0.000000000
   26    1      1      0    0      1      34      34     2  0.00000000 2.0000000 0.0000000 0.0000000 0.00000000 0.00000000 0.00000000 0.00000000 0.000000000 0.000000000 0.0000000000 0.000000000 0.0000000000 0.0000000000 0.000000000
   26    1      1      0    0      1      35      35     2  0.00000000 2.0000000 0.0000000 0.0000000 0.00000000 0.00000000 0.00000000 0.00000000 0.000000000 0.000000000 0.0000000000 0.000000000 0.0000000000 0.0000000000 0.000000000
   26    1      1      0    0      1      36      36     2  0.00000000 2.0000000 0.0000000 0.0000000 0.00000000 0.00000000 0.00000000 0.00000000 0.000000000 0.000000000 0.0000000000 0.000000000 0.0000000000 0.0000000000 0.000000000
   26    1      1      0    0      1      37      37     1  0.00000000 1.0000000 0.0000000 0.0000000 0.00000000 0.00000000 0.00000000 0.00000000 0.000000000 0.000000000 0.0000000000 0.000000000 0.0000000000 0.0000000000 0.000000000
   26    1      1      0    0      1      38      38     1  0.00000000 1.0000000 0.0000000 0.0000000 0.00000000 0.00000000 0.00000000 0.00000000 0.000000000 0.000000000 0.0000000000 0.000000000 0.0000000000 0.0000000000 0.000000000
   26    1      1      0    0      1      39      39     3  0.00000000 3.0000000 0.0000000 0.0000000 0.00000000 0.00000000 0.00000000 0.00000000 0.000000000 0.000000000 0.0000000000 0.000000000 0.0000000000 0.0000000000 0.000000000
   26    1      1      0    0      1      40      40     2  0.00000000 2.0000000 0.0000000 0.0000000 0.00000000 0.00000000 0.00000000 0.00000000 0.000000000 0.000000000 0.0000000000 0.000000000 0.0000000000 0.0000000000 0.000000000
   26    1      1      0    0      1      41      41     1  0.00000000 1.0000000 0.0000000 0.0000000 0.00000000 0.00000000 0.00000000 0.00000000 0.000000000 0.000000000 0.0000000000 0.000000000 0.0000000000 0.0000000000 0.000000000
   26    1      1      0    0      1      45      45     3  0.00000000 1.0000000 2.0000000 0.0000000 0.00000000 0.00000000 0.00000000 0.00000000 0.000000000 0.000000000 0.0000000000 0.000000000 0.0000000000 0.0000000000 0.000000000
   92    1      1      0    0      1       8       8     1  1.00000000 0.0000000 0.0000000 0.0000000 0.00000000 0.00000000 0.00000000 0.00000000 0.000000000 0.000000000 0.0000000000 0.000000000 0.0000000000 0.0000000000 0.000000000
   92    1      1      0    0      1       9       9     6  6.00000000 0.0000000 0.0000000 0.0000000 0.00000000 0.00000000 0.00000000 0.00000000 0.000000000 0.000000000 0.0000000000 0.000000000 0.0000000000 0.0000000000 0.000000000
   92    1      1      0    0      1      10      10    18 18.00000000 0.0000000 0.0000000 0.0000000 0.00000000 0.00000000 0.00000000 0.00000000 0.000000000 0.000000000 0.0000000000 0.000000000 0.0000000000 0.0000000000 0.000000000
   92    1      1      0    0      1      11      11     5  5.00000000 0.0000000 0.0000000 0.0000000 0.00000000 0.00000000 0.00000000 0.00000000 0.000000000 0.000000000 0.0000000000 0.000000000 0.0000000000 0.0000000000 0.000000000
   92    1      1      0    0      1      12      12     4  4.00000000 0.0000000 0.0000000 0.0000000 0.00000000 0.00000000 0.00000000 0.00000000 0.000000000 0.000000000 0.0000000000 0.000000000 0.0000000000 0.0000000000 0.000000000
   92    1      1      0    0      1      13      13     2  2.00000000 0.0000000 0.0000000 0.0000000 0.00000000 0.00000000 0.00000000 0.00000000 0.000000000 0.000000000 0.0000000000 0.000000000 0.0000000000 0.0000000000 0.000000000
   92    1      1      0    0      1      14      14     3  3.00000000 0.0000000 0.0000000 0.0000000 0.00000000 0.00000000 0.00000000 0.00000000 0.000000000 0.000000000 0.0000000000 0.000000000 0.0000000000 0.0000000000 0.000000000
   92    1      1      0    0      1      16      16     5  5.00000000 0.0000000 0.0000000 0.0000000 0.00000000 0.00000000 0.00000000 0.00000000 0.000000000 0.000000000 0.0000000000 0.000000000 0.0000000000 0.0000000000 0.000000000
   92    1      1      0    0      1      17      17     6  6.00000000 0.0000000 0.0000000 0.0000000 0.00000000 0.00000000 0.00000000 0.00000000 0.000000000 0.000000000 0.0000000000 0.000000000 0.0000000000 0.0000000000 0.000000000
   92    1      1      0    0      1      18      18     6  6.00000000 0.0000000 0.0000000 0.0000000 0.00000000 0.00000000 0.00000000 0.00000000 0.000000000 0.000000000 0.0000000000 0.000000000 0.0000000000 0.0000000000 0.000000000
   92    1      1      0    0      1      19      19     4  4.00000000 0.0000000 0.0000000 0.0000000 0.00000000 0.00000000 0.00000000 0.00000000 0.000000000 0.000000000 0.0000000000 0.000000000 0.0000000000 0.0000000000 0.000000000
   92    1      1      0    0      1      20      20     3  3.00000000 0.0000000 0.0000000 0.0000000 0.00000000 0.00000000 0.00000000 0.00000000 0.000000000 0.000000000 0.0000000000 0.000000000 0.0000000000 0.0000000000 0.000000000
   92    1      1      0    0      1      21      21     5  5.00000000 0.0000000 0.0000000 0.0000000 0.00000000 0.00000000 0.00000000 0.00000000 0.000000000 0.000000000 0.0000000000 0.000000000 0.0000000000 0.0000000000 0.000000000
   92    1      1      0    0      1      22      22     1  1.00000000 0.0000000 0.0000000 0.0000000 0.00000000 0.00000000 0.00000000 0.00000000 0.000000000 0.000000000 0.0000000000 0.000000000 0.0000000000 0.0000000000 0.000000000
   92    1      1      0    0      1      23      23     2  2.00000000 0.0000000 0.0000000 0.0000000 0.00000000 0.00000000 0.00000000 0.00000000 0.000000000 0.000000000 0.0000000000 0.000000000 0.0000000000 0.0000000000 0.000000000
   92    1      1      0    0      1      24      24     5  5.00000000 0.0000000 0.0000000 0.0000000 0.00000000 0.00000000 0.00000000 0.00000000 0.000000000 0.000000000 0.0000000000 0.000000000 0.0000000000 0.0000000000 0.000000000
   92    1      1      0    0      1      25      25     4  4.00000000 0.0000000 0.0000000 0.0000000 0.00000000 0.00000000 0.00000000 0.00000000 0.000000000 0.000000000 0.0000000000 0.000000000 0.0000000000 0.0000000000 0.000000000
   92    1      1      0    0      1      26      26     5  5.00000000 0.0000000 0.0000000 0.0000000 0.00000000 0.00000000 0.00000000 0.00000000 0.000000000 0.000000000 0.0000000000 0.000000000 0.0000000000 0.0000000000 0.000000000
   92    1      1      0    0      1      27      27     2  2.00000000 0.0000000 0.0000000 0.0000000 0.00000000 0.00000000 0.00000000 0.00000000 0.000000000 0.000000000 0.0000000000 0.000000000 0.0000000000 0.0000000000 0.000000000
   92    1      1      0    0      1      30      30     2  1.00000000 1.0000000 0.0000000 0.0000000 0.00000000 0.00000000 0.00000000 0.00000000 0.000000000 0.000000000 0.0000000000 0.000000000 0.0000000000 0.0000000000 0.000000000
   92    1      1      0    0      1      31      31     2  0.00000000 2.0000000 0.0000000 0.0000000 0.00000000 0.00000000 0.00000000 0.00000000 0.000000000 0.000000000 0.0000000000 0.000000000 0.0000000000 0.0000000000 0.000000000
   92    1      1      0    0      1      32      32     1  0.00000000 1.0000000 0.0000000 0.0000000 0.00000000 0.00000000 0.00000000 0.00000000 0.000000000 0.000000000 0.0000000000 0.000000000 0.0000000000 0.0000000000 0.000000000
   92    1      1      0    0      1      33      33     3  0.00000000 3.0000000 0.0000000 0.0000000 0.00000000 0.00000000 0.00000000 0.00000000 0.000000000 0.000000000 0.0000000000 0.000000000 0.0000000000 0.0000000000 0.000000000
   92    1      1      0    0      1      34      34     1  0.00000000 1.0000000 0.0000000 0.0000000 0.00000000 0.00000000 0.00000000 0.00000000 0.000000000 0.000000000 0.0000000000 0.000000000 0.0000000000 0.0000000000 0.000000000
   92    1      1      0    0      1      39      39     1  0.00000000 1.0000000 0.0000000 0.0000000 0.00000000 0.00000000 0.00000000 0.00000000 0.000000000 0.000000000 0.0000000000 0.000000000 0.0000000000 0.0000000000 0.000000000
   92    1      1      0    0      1      41      41     2  0.00000000 2.0000000 0.0000000 0.0000000 0.00000000 0.00000000 0.00000000 0.00000000 0.000000000 0.000000000 0.0000000000 0.000000000 0.0000000000 0.0000000000 0.000000000
   92    1      1      0    0      1      43      43     1  0.00000000 1.0000000 0.0000000 0.0000000 0.00000000 0.00000000 0.00000000 0.00000000 0.000000000 0.000000000 0.0000000000 0.000000000 0.0000000000 0.0000000000 0.000000000
0 #_N_MeanSize_at_Age_obs
0 #_N_environ_variables
0 #_N_environ_obs
0 #_N_sizefreq_methods
0 #_do_tags
0 #_morphcomp_data
#
999
