#C data file created using the SS_writedat function in the R package r4ss
#C should work with SS version: 
#C file write time: 2015-02-11 18:31:51
#
1 #_styr
100 #_endyr
1 #_nseas
12 #_months_per_seas
1 #_spawn_seas
1 #_Nfleet
2 #_Nsurveys
1 #_N_areas
Fishery%Survey%CPUE #_fleetnames
0.5 0.5 0.5 #_surveytiming_in_season
1 1 1 #_area_assignments_for_each_fishery_and_survey
1 #_units of catch:  1=bio; 2=num
0.01 #_se of log(catch) only used for init_eq_catch and for Fmethod 2 and 3
1 #_Ngenders
25 #_Nages
0 #_init_equil_catch_for_each_fishery
100 #_N_lines_of_catch_to_read
 #_Fishery year seas
         0    1    1
         0    2    1
         0    3    1
         0    4    1
         0    5    1
         0    6    1
         0    7    1
         0    8    1
         0    9    1
         0   10    1
         0   11    1
         0   12    1
         0   13    1
         0   14    1
         0   15    1
         0   16    1
         0   17    1
         0   18    1
         0   19    1
         0   20    1
         0   21    1
         0   22    1
         0   23    1
         0   24    1
         0   25    1
 444646000   26    1
 397608000   27    1
 357583000   28    1
 324161000   29    1
 296656000   30    1
 274240000   31    1
 256057000   32    1
 241314000   33    1
 229322000   34    1
 219511000   35    1
 211426000   36    1
 204710000   37    1
 199088000   38    1
 194347000   39    1
 190324000   40    1
 186891000   41    1
 183948000   42    1
 181416000   43    1
 179230000   44    1
 177337000   45    1
 175694000   46    1
 174266000   47    1
 173022000   48    1
 171937000   49    1
 170990000   50    1
 170161000   51    1
 169436000   52    1
 168801000   53    1
 168243000   54    1
 167755000   55    1
 167325000   56    1
 166948000   57    1
 166617000   58    1
 166326000   59    1
 166070000   60    1
 165844000   61    1
 165646000   62    1
 165471000   63    1
 165317000   64    1
 165182000   65    1
 165063000   66    1
 164958000   67    1
 164865000   68    1
 164784000   69    1
 164712000   70    1
 164649000   71    1
 164593000   72    1
 164544000   73    1
 164500000   74    1
 164462000   75    1
 164429000   76    1
 164399000   77    1
 164373000   78    1
 164350000   79    1
 164329000   80    1
 164311000   81    1
 164296000   82    1
 164282000   83    1
 164269000   84    1
 164258000   85    1
 164249000   86    1
 164240000   87    1
 164233000   88    1
 164227000   89    1
 164221000   90    1
 164216000   91    1
 164211000   92    1
 164207000   93    1
 164204000   94    1
 164201000   95    1
 164198000   96    1
 164195000   97    1
 164193000   98    1
 164192000   99    1
 164190000  100    1
13 #_N_cpue
 #_Fleet Units Errtype
       1     1       0
       2     1       0
       3     1       0
 #_year seas index        obs se_log
     76    1     2 1271761627    0.2
     78    1     2  846574049    0.2
     80    1     2 1085895450    0.2
     82    1     2 1234458095    0.2
     84    1     2 1408812100    0.2
     86    1     2 1265739867    0.2
     88    1     2 1704534457    0.2
     90    1     2 1569873251    0.2
     92    1     2  847664308    0.2
     94    1     2 1564563580    0.2
     96    1     2 1616656533    0.2
     98    1     2 1687297107    0.2
    100    1     2 1376094977    0.2
0 #_N_discard_fleets
#_discard_units (1=same_as_catchunits(bio/num); 2=fraction; 3=numbers)
#_discard_errtype:  >0 for DF of T-dist(read CV below); 0 for normal with CV; -1 for normal with se; -2 for lognormal
0 #_N_discard
0 #_N_meanbodywt
1 #_DF_for_meanbodywt_T-distribution_like
2 # length bin method: 1=use databins; 2=generate from binwidth,min,max below; 3=read vector
1 # binwidth for population size comp
10 # minimum size in the population (lower edge of first bin and size at age 0.00)
200 # maximum size in the population (lower edge of last bin)
-0.001 #_comp_tail_compression
1e-05 #_add_to_comp
0 #_combine males into females at or below this bin number
45 #_N_lbins
#_lbin_vector
20 23 26 29 32 35 38 41 44 47 50 53 56 59 62 65 68 71 74 77 80 83 86 89 92 95 98 101 104 107 110 113 116 119 122 125 128 131 134 137 140 143 146 149 152
28 #_N_Length_comp_observations
 #_Yr Seas FltSvy Gender Part Nsamp           l20          l23          l26         l29         l32          l35          l38         l41        l44        l47        l50        l53        l56        l59        l62        l65         l68        l71        l74        l77        l80         l83         l86        l89         l92        l95         l98        l101        l104        l107        l110        l113        l116        l119         l122         l125         l128         l131         l134         l137         l140         l143         l146         l149         l152
   26    1      1      0    0   125 8.187727e-232 1.897116e-63 5.306413e-03 0.003116348 0.015217104 5.791472e-03 1.900091e-06 0.006165915 0.03317383 0.02876725 0.05542724 0.01604240 0.03401466 0.02678630 0.04355782 0.05239571 0.008820834 0.05023090 0.03585980 0.02442558 0.05056873 0.030915680 0.043063729 0.04184895 0.006535135 0.02362090 0.033326603 0.036489209 0.031980662 0.019991569 0.006246623 0.004923362 0.023865572 0.045065470 0.0395352738 4.476171e-02 0.0111772239 0.0388378358 0.0016817878 6.285969e-03 9.925180e-04 4.649356e-04 2.316176e-03 6.906341e-04 9.712268e-03
   36    1      1      0    0   125 1.546569e-225 5.994368e-16 4.504875e-04 0.024548758 0.005230343 9.632079e-03 1.161041e-03 0.027525631 0.02187294 0.03997810 0.11182004 0.03811169 0.03550449 0.01734218 0.04147355 0.04291343 0.042413284 0.03407882 0.03444466 0.04533873 0.02642294 0.052497756 0.020138307 0.03068991 0.033343399 0.01197874 0.015979970 0.058678258 0.016475455 0.024141851 0.037425623 0.019205860 0.014181119 0.012291132 0.0077519082 1.758335e-02 0.0024921162 0.0054921645 0.0002046791 1.283095e-02 4.287748e-03 7.458429e-04 1.316102e-03 3.177960e-06 1.377816e-06
   46    1      1      0    0   125 2.145809e-141 5.477062e-14 2.640665e-03 0.010115552 0.025173748 1.929241e-03 2.725935e-03 0.021835323 0.02750300 0.05892343 0.06173097 0.02438926 0.03304616 0.02189577 0.02869554 0.04406727 0.042594002 0.02467290 0.02059688 0.03803616 0.08173637 0.038458803 0.065389243 0.03324970 0.030154140 0.01642158 0.064756857 0.028991131 0.007862688 0.032292933 0.027061064 0.011466216 0.004528115 0.020763890 0.0104959029 6.140387e-03 0.0061418609 0.0013851611 0.0081357515 1.129610e-02 1.648156e-03 4.969770e-12 9.096253e-10 1.052152e-03 1.701949e-11
   56    1      1      0    0   125  2.528597e-37 2.081026e-10 1.369774e-05 0.014116433 0.006010807 1.416191e-02 1.197328e-03 0.004516188 0.02759198 0.04892393 0.03459871 0.04587404 0.06203954 0.04195885 0.06211626 0.09299166 0.032509868 0.05974376 0.04590660 0.01423763 0.01520705 0.017060842 0.040944596 0.04612134 0.022533876 0.04366704 0.015552140 0.019522994 0.020700414 0.027064257 0.024649683 0.014481442 0.031424157 0.010577992 0.0021971024 2.557406e-02 0.0052953624 0.0059212881 0.0001443713 5.091785e-04 4.277938e-04 2.595074e-05 2.610913e-09 1.887787e-03 6.379070e-08
   60    1      1      0    0   125  4.738138e-24 2.236323e-03 2.629798e-03 0.005666455 0.001362026 2.248317e-03 1.440590e-03 0.014029362 0.03198299 0.08340381 0.04044901 0.04618126 0.03208872 0.03766745 0.03641471 0.05971876 0.058752427 0.02090396 0.03780490 0.04187984 0.05133058 0.008938263 0.021343757 0.02525097 0.018448910 0.02008428 0.041100765 0.051117811 0.071956046 0.007438347 0.040880845 0.011570719 0.035138863 0.017739749 0.0029238320 1.263897e-02 0.0005194462 0.0012648726 0.0015075264 7.919573e-04 1.126198e-03 1.210913e-05 6.504217e-06 2.629375e-09 7.978329e-06
   64    1      1      0    0   125  1.289868e-69 1.594955e-06 3.095163e-10 0.020298872 0.017360645 4.999289e-03 2.477285e-03 0.016380939 0.03265215 0.04940212 0.04351603 0.01465380 0.04287206 0.05119805 0.01545569 0.03617835 0.026638642 0.03325576 0.05947760 0.02207498 0.01847118 0.027181131 0.030214630 0.04970944 0.036244447 0.03819690 0.056091633 0.057686433 0.014818074 0.026874758 0.025813008 0.016703826 0.025919266 0.006893646 0.0235855783 2.312617e-02 0.0059132484 0.0218728358 0.0001814983 1.049248e-03 2.598515e-03 1.479207e-03 2.072610e-04 8.394923e-27 2.741988e-04
   68    1      1      0    0   125  7.653682e-20 4.904278e-05 6.181405e-04 0.030081560 0.011350907 1.037370e-03 9.702900e-03 0.030253889 0.03543237 0.09708722 0.09999612 0.03309542 0.01424366 0.05980218 0.03499376 0.01836381 0.034243705 0.03376735 0.03259115 0.05515517 0.03759354 0.038170321 0.011679609 0.03240536 0.025337630 0.01563500 0.052435249 0.030174442 0.015849507 0.025446528 0.009754667 0.025831471 0.011181573 0.013556112 0.0002952147 1.378173e-02 0.0020252823 0.0015724057 0.0028845744 9.558313e-05 2.194635e-09 1.999830e-03 4.247490e-04 1.916948e-10 3.882326e-06
   72    1      1      0    0   125  1.171736e-97 6.283641e-08 1.734775e-03 0.002018539 0.007236642 5.472224e-04 1.391638e-03 0.009731636 0.03072830 0.07450973 0.07499506 0.03413663 0.05562777 0.02903354 0.01233327 0.08928430 0.044730127 0.04379771 0.03146048 0.02378725 0.01964906 0.061099324 0.028083252 0.03898972 0.027291027 0.03174274 0.044301585 0.009852512 0.033693549 0.017011184 0.046284900 0.007238894 0.005249999 0.009019913 0.0051833787 1.686780e-02 0.0017785104 0.0170562675 0.0115598623 6.556796e-04 1.373915e-05 9.523142e-14 2.922958e-04 9.050991e-11 1.377614e-07
   76    1      1      0    0   125  3.085884e-32 2.843050e-09 2.129994e-03 0.019864260 0.007922737 1.923087e-02 9.769169e-06 0.018798039 0.03472839 0.08785637 0.06318964 0.05335295 0.01780704 0.03791740 0.03283477 0.02150367 0.058359178 0.04806957 0.04216043 0.04775084 0.03392420 0.024628409 0.085697287 0.03351307 0.028464779 0.03001845 0.006814792 0.028320917 0.027172869 0.039022031 0.013354043 0.010615077 0.003915092 0.003123144 0.0024100163 8.760175e-04 0.0018112039 0.0090614724 0.0002196324 2.870531e-03 3.435133e-04 2.389151e-06 4.069640e-06 3.310773e-04 1.525946e-11
   80    1      1      0    0   125 4.392776e-194 2.070470e-11 8.698896e-08 0.027459036 0.013235567 1.085369e-03 1.107556e-02 0.022389110 0.03818925 0.04556297 0.06842699 0.03955790 0.07705205 0.02914822 0.04702290 0.10404567 0.030948412 0.05127453 0.01863953 0.04276117 0.03210890 0.027980473 0.029504312 0.02446358 0.027202716 0.04371365 0.014788581 0.011922061 0.017492039 0.024289056 0.009891815 0.030841717 0.006620200 0.002123372 0.0046382959 1.001827e-02 0.0025375416 0.0004532944 0.0016658388 5.096187e-06 4.879933e-05 3.163706e-03 2.009877e-03 4.642500e-03 2.229701e-09
   84    1      1      0    0   125  1.836347e-38 2.276891e-16 2.156438e-03 0.033841669 0.005510460 9.718949e-06 1.402468e-03 0.008498572 0.03605107 0.05615347 0.05410453 0.03346263 0.01441554 0.02447568 0.05457388 0.05354817 0.057556887 0.04467089 0.04200186 0.04171377 0.02706943 0.029196213 0.018830655 0.06343640 0.026711100 0.06426236 0.034162721 0.046974312 0.012359119 0.034423290 0.002573699 0.018765630 0.020315398 0.003293445 0.0203949206 6.260929e-04 0.0027837159 0.0059896817 0.0006023414 5.752667e-04 1.477955e-04 6.871221e-06 6.629540e-06 3.846855e-27 2.345207e-03
   88    1      1      0    0   125 1.286750e-205 1.862089e-12 4.508305e-03 0.005641449 0.034748354 3.232021e-03 7.025037e-03 0.008565028 0.02648120 0.05134460 0.07167571 0.03580683 0.02473082 0.02210768 0.07646748 0.05002926 0.036224938 0.04373184 0.02975875 0.01326727 0.04084068 0.056065360 0.043708762 0.05103178 0.015263605 0.01598895 0.020455968 0.070841098 0.022431174 0.017281703 0.037169594 0.001980985 0.008132702 0.006914429 0.0009196480 3.312490e-02 0.0022871376 0.0001536129 0.0029109533 2.868444e-04 3.559387e-05 6.827907e-03 4.245238e-08 7.512805e-12 1.253331e-12
   92    1      1      0    0   125  4.655429e-27 3.286294e-10 1.674875e-06 0.004235416 0.013589498 3.577478e-03 4.413226e-03 0.004078595 0.03108671 0.13656465 0.02263892 0.04240334 0.04385188 0.05590402 0.03909376 0.04513608 0.027600862 0.05936758 0.04517716 0.04213488 0.01991420 0.039553621 0.023911330 0.04303796 0.028285399 0.01577019 0.025648125 0.020038946 0.038027730 0.007682025 0.026315714 0.009980545 0.020141465 0.014265491 0.0004212139 2.026280e-03 0.0156770663 0.0011898228 0.0173158653 1.090018e-03 2.440519e-03 2.038826e-04 2.143216e-14 1.939390e-04 6.012914e-03
   96    1      1      0    0   125 1.409188e-168 2.381338e-09 2.124509e-03 0.004990387 0.016883268 1.959087e-03 2.471044e-04 0.011333155 0.02615497 0.07836815 0.04443351 0.09132348 0.02102155 0.06572309 0.02113354 0.04585186 0.072974781 0.06695282 0.02496024 0.03075585 0.02610875 0.028056770 0.009382067 0.03491047 0.048564102 0.02546240 0.025438631 0.011869466 0.045665184 0.025195094 0.011822736 0.022366739 0.004565179 0.005480819 0.0036346607 9.096808e-05 0.0019106380 0.0037578432 0.0183320710 5.746900e-03 1.440646e-02 1.798778e-06 3.753325e-05 1.371488e-06 7.616701e-14
  100    1      1      0    0   125 3.170655e-211 3.199486e-22 2.071574e-04 0.011636065 0.009525210 6.571818e-04 4.788645e-04 0.026533244 0.03859412 0.06629503 0.02961301 0.05137244 0.03237280 0.02016647 0.03098918 0.05087409 0.039107572 0.03036671 0.02576587 0.05124991 0.03768619 0.025761262 0.032916330 0.06613859 0.039562850 0.02709725 0.025976476 0.014244885 0.011090316 0.061233551 0.018225593 0.056180617 0.019434362 0.023035339 0.0058546165 3.124073e-03 0.0078255522 0.0046767606 0.0006163680 1.854815e-03 1.574558e-03 2.505005e-07 8.134891e-05 4.430038e-14 3.114118e-06
   76    1      2      0    0   500  1.532420e-04 8.938847e-04 2.269415e-02 0.059640296 0.057736254 2.437279e-02 1.026179e-02 0.018531130 0.03989079 0.04531935 0.04210284 0.04648189 0.03204565 0.02561187 0.05253839 0.02645742 0.051035109 0.02899862 0.02548228 0.02173513 0.01797594 0.031052920 0.038604859 0.02084649 0.031845818 0.03671396 0.028219648 0.016876831 0.031278319 0.021596939 0.010406766 0.009247540 0.020486704 0.010120854 0.0166781138 6.329992e-03 0.0040395004 0.0114018158 0.0005367793 1.558149e-03 1.303183e-03 6.057115e-04 3.086765e-05 2.594080e-04 2.909821e-08
   78    1      2      0    0   500  3.746255e-16 5.430489e-03 2.009661e-02 0.047776378 0.046750639 2.268690e-02 1.771974e-02 0.031259196 0.05223113 0.05842518 0.05905567 0.02975884 0.03313092 0.04361080 0.04539983 0.03664546 0.025244572 0.03393104 0.03360109 0.02881301 0.02607833 0.025906662 0.029586340 0.03811102 0.019320025 0.02920876 0.020754618 0.016442801 0.019736827 0.011519536 0.021410257 0.005598470 0.011388026 0.015506317 0.0044404231 5.137637e-03 0.0034057031 0.0073040254 0.0092315412 6.360961e-04 4.021947e-03 2.910174e-04 3.395369e-03 5.313478e-07 2.322129e-07
   80    1      2      0    0   500  2.845375e-32 1.721902e-03 1.278111e-02 0.053140405 0.041161318 1.796988e-02 7.742925e-03 0.038963384 0.04971780 0.04607514 0.04735523 0.03923773 0.02931365 0.04209786 0.03977555 0.02303915 0.036230718 0.04564395 0.02827699 0.03278849 0.03239628 0.032259678 0.041379113 0.02519151 0.020945729 0.02020261 0.021119906 0.032825699 0.011569390 0.016487225 0.017501036 0.019084601 0.008367513 0.011150103 0.0192947056 5.400516e-03 0.0068043100 0.0077385907 0.0019090660 3.630418e-03 1.928747e-03 8.348129e-03 5.451265e-04 8.749444e-04 1.186944e-05
   82    1      2      0    0   500  5.292491e-13 2.675231e-03 1.629373e-02 0.036017276 0.040782013 2.246551e-02 9.104204e-03 0.016108005 0.04258735 0.05320920 0.05195513 0.03745925 0.02045020 0.03325761 0.04899870 0.04658835 0.032917865 0.03362442 0.03737032 0.03137851 0.02704206 0.034575036 0.031426153 0.02374088 0.038043235 0.03384281 0.025506197 0.021500429 0.022936002 0.026554573 0.011485339 0.025279450 0.011876531 0.008265532 0.0081958532 1.343457e-02 0.0049821277 0.0065765496 0.0027461702 5.116051e-03 8.430426e-04 6.256773e-04 3.315842e-04 9.259045e-04 9.053575e-04
   84    1      2      0    0   500  3.684022e-31 1.867329e-03 1.572486e-02 0.072058784 0.043722698 1.254131e-02 6.670505e-03 0.014423988 0.06401627 0.05599583 0.09743350 0.06857229 0.02841233 0.04368116 0.02597208 0.03288283 0.026949514 0.02697664 0.04780137 0.01261047 0.03211782 0.036500789 0.024611345 0.02910695 0.014620134 0.02002292 0.022909399 0.019661303 0.006832964 0.021481987 0.014747482 0.009198841 0.004994523 0.012582867 0.0091946614 3.332288e-03 0.0122690477 0.0027707614 0.0003619494 6.589619e-04 3.274802e-03 3.457383e-04 2.036114e-07 8.015024e-05 8.342140e-06
   86    1      2      0    0   500  1.584414e-13 1.444692e-03 2.436174e-02 0.051943512 0.032357070 1.723758e-02 8.319766e-03 0.017549088 0.05912856 0.05275458 0.05714733 0.03774202 0.02960005 0.02326933 0.03600787 0.05607091 0.042656487 0.03717201 0.03563688 0.03032307 0.02101350 0.041211006 0.026798325 0.02313068 0.028949301 0.02335915 0.022494998 0.034893141 0.015631506 0.009293064 0.011970722 0.016507362 0.009896588 0.010641250 0.0164761841 4.253509e-03 0.0193904817 0.0004422464 0.0052659339 1.181472e-03 1.925339e-03 2.456693e-03 4.118735e-05 1.854741e-03 1.990777e-04
   88    1      2      0    0   500  1.363545e-05 7.551962e-04 2.475365e-02 0.058858751 0.048349004 3.015750e-02 5.252456e-03 0.025123085 0.05510171 0.04689761 0.04221000 0.04207723 0.01949881 0.03203298 0.03701232 0.03686436 0.041086349 0.05393213 0.03560432 0.03414415 0.03758119 0.024625384 0.033393530 0.02363630 0.031067045 0.02652079 0.016362703 0.016591202 0.021492971 0.013339180 0.012082545 0.007356482 0.014033359 0.016906844 0.0085278447 1.014713e-02 0.0027852003 0.0019381148 0.0032037577 6.889857e-03 1.684128e-03 6.059449e-05 2.922361e-05 1.572260e-05 3.642492e-06
   90    1      2      0    0   500  4.195521e-13 9.054577e-03 1.860245e-02 0.051250928 0.044741273 1.768996e-02 1.225563e-02 0.021925718 0.04638248 0.05733664 0.05663356 0.04545534 0.03659833 0.03664407 0.04303057 0.03936409 0.036610952 0.02363416 0.02632298 0.02818996 0.02702678 0.029688824 0.028716527 0.02890318 0.025163549 0.02579328 0.022184164 0.021264364 0.013499834 0.018942994 0.012781838 0.016894163 0.021723117 0.019897299 0.0078742094 1.089638e-02 0.0092279793 0.0017273479 0.0012945195 3.756989e-03 9.586046e-05 2.196506e-05 6.584844e-04 1.451181e-07 2.425453e-04
   92    1      2      0    0   500  7.266933e-34 1.064834e-03 1.844489e-02 0.053095280 0.065618384 1.232859e-02 1.415620e-02 0.018306358 0.04630376 0.06476724 0.04875863 0.04726109 0.04464245 0.03647171 0.03847411 0.04949974 0.024242498 0.03060937 0.03309418 0.01953247 0.02327141 0.028164851 0.029349456 0.02249878 0.030547294 0.02156388 0.026379451 0.025123274 0.011887045 0.015026335 0.016055199 0.016491522 0.009301915 0.017011716 0.0138157743 4.126398e-03 0.0057494772 0.0110889797 0.0035188526 5.913603e-04 2.551605e-05 3.923368e-04 6.118019e-04 1.993333e-07 7.353936e-04
   94    1      2      0    0   500  3.837773e-11 7.355973e-03 1.697286e-02 0.061278976 0.042446484 2.576687e-02 1.106712e-02 0.027658862 0.05002580 0.04414560 0.06075225 0.04646748 0.02751753 0.02498326 0.04322278 0.03237010 0.046972482 0.02750357 0.03215816 0.03260643 0.02341084 0.037225226 0.027538098 0.02846049 0.025575837 0.02321080 0.022643096 0.021981009 0.019645191 0.018191324 0.019875594 0.007193999 0.012382800 0.007267759 0.0116994518 1.088309e-02 0.0022820916 0.0065097894 0.0011705052 2.972594e-03 5.699697e-03 2.280290e-03 3.808679e-05 3.326427e-04 2.570795e-04
   96    1      2      0    0   500  4.355588e-07 2.157986e-03 1.485238e-02 0.050430576 0.030862239 1.519029e-02 8.611193e-03 0.021383617 0.03720548 0.06842615 0.05240614 0.03386345 0.02264595 0.02728844 0.04049084 0.06218496 0.031289055 0.02628837 0.05118426 0.03569999 0.02048338 0.052865383 0.034948669 0.02275664 0.028652011 0.02660063 0.027368296 0.025733798 0.012563442 0.024464000 0.011171000 0.017678048 0.008855702 0.018652622 0.0030011141 9.106836e-03 0.0109006475 0.0048004211 0.0017525467 1.487519e-03 1.927303e-05 1.188502e-04 3.483130e-03 7.308676e-05 1.160823e-06
   98    1      2      0    0   500  1.261951e-16 2.121033e-03 2.051779e-02 0.061627720 0.043023430 1.963267e-02 7.087148e-03 0.016698015 0.04610901 0.04624112 0.04954865 0.04375467 0.03783887 0.02865436 0.03674190 0.04143066 0.042404836 0.04626604 0.02600084 0.03653304 0.04443200 0.036658511 0.022697829 0.02955941 0.013913268 0.03712548 0.015332035 0.012528743 0.027671421 0.016053292 0.016490414 0.014179793 0.012383875 0.012516198 0.0083002953 2.193783e-03 0.0054235460 0.0133732988 0.0016447397 8.714585e-05 4.735140e-03 4.117939e-04 7.482166e-06 1.201682e-05 3.668683e-05
  100    1      2      0    0   500  2.066410e-03 4.543855e-03 1.633589e-02 0.045225517 0.050964232 2.530498e-02 1.277783e-02 0.020259451 0.04846582 0.06119812 0.07557074 0.03679008 0.03813608 0.03099672 0.03085261 0.04872636 0.024044742 0.03473011 0.03231477 0.03309804 0.02054045 0.029235366 0.028548331 0.01679029 0.013546489 0.01595174 0.010392332 0.025712008 0.028552954 0.016494804 0.023831073 0.028680494 0.012570636 0.011906792 0.0136340836 4.993034e-03 0.0056389060 0.0095242798 0.0014811553 6.879806e-03 7.402552e-04 2.603621e-04 1.513747e-03 6.201214e-15 1.782416e-04
15 #_N_agebins
#_agebin_vector
1 2 3 4 5 6 7 8 9 10 11 12 13 14 15
1 #_N_ageerror_definitions
 #_age0   age1   age2   age3   age4   age5   age6   age7   age8   age9  age10  age11  age12  age13  age14  age15  age16  age17  age18  age19  age20  age21  age22  age23  age24  age25
 -1.000 -1.000 -1.000 -1.000 -1.000 -1.000 -1.000 -1.000 -1.000 -1.000 -1.000 -1.000 -1.000 -1.000 -1.000 -1.000 -1.000 -1.000 -1.000 -1.000 -1.000 -1.000 -1.000 -1.000 -1.000 -1.000
  0.001  0.001  0.001  0.001  0.001  0.001  0.001  0.001  0.001  0.001  0.001  0.001  0.001  0.001  0.001  0.001  0.001  0.001  0.001  0.001  0.001  0.001  0.001  0.001  0.001  0.001
80 #_N_agecomp
1 #_Lbin_method: 1=poplenbins; 2=datalenbins; 3=lengths
-1 #_combine males into females at or below this bin number
 #_Yr Seas FltSvy Gender Part Ageerr Lbin_lo Lbin_hi Nsamp           a1        a2        a3         a4         a5         a6         a7         a8         a9         a10         a11         a12          a13          a14         a15
   26    1      1      0    0      1      -1      -1   125  0.017407532 0.1502936 0.1490693 0.14663895 0.07682273 0.10627242 0.05935098 0.04903234 0.04123088 0.022107377 0.033803696 0.027477100 0.0116587064 0.0203370830 0.088497269
   36    1      1      0    0      1      -1      -1   125  0.030535466 0.2602595 0.1597087 0.13321914 0.10232900 0.08935319 0.05781313 0.02626992 0.02277952 0.020640617 0.011912405 0.017406634 0.0224793742 0.0007740905 0.044519285
   46    1      1      0    0      1      -1      -1   125  0.037557011 0.2049204 0.2585986 0.11529117 0.09017164 0.05123048 0.05506406 0.02772626 0.04513696 0.047897397 0.004604046 0.017824425 0.0039016301 0.0087464295 0.031329486
   56    1      1      0    0      1      -1      -1   125  0.030142779 0.2023207 0.1666925 0.09993064 0.12231664 0.10813731 0.06693922 0.05641281 0.01336249 0.058863674 0.006651316 0.006646280 0.0015122666 0.0250546482 0.035016693
   60    1      1      0    0      1      -1      -1   125  0.054719962 0.2444506 0.1928636 0.16441440 0.05221855 0.06658992 0.05885086 0.07965791 0.01825214 0.014636025 0.022000851 0.003739815 0.0086920486 0.0064508834 0.012462424
   64    1      1      0    0      1      -1      -1   125  0.050482667 0.2217060 0.1428656 0.19760688 0.09983926 0.08730827 0.02866422 0.04123488 0.01686774 0.050427630 0.022335814 0.013148537 0.0081763666 0.0017830532 0.017553123
   68    1      1      0    0      1      -1      -1   125  0.028351033 0.3286613 0.1577415 0.12685193 0.10320811 0.05487809 0.03321959 0.04625105 0.01935671 0.018188022 0.010738792 0.022614143 0.0026278107 0.0092922304 0.038019670
   72    1      1      0    0      1      -1      -1   125  0.014423020 0.2477264 0.2349117 0.14181708 0.11450455 0.04773896 0.04714780 0.05835374 0.02366961 0.027051877 0.009381675 0.012013697 0.0089495244 0.0041642048 0.008146154
   76    1      1      0    0      1      -1      -1   125  0.048695530 0.2206104 0.2227302 0.13346635 0.16111414 0.03838370 0.01866343 0.03601375 0.01525540 0.033436273 0.041033972 0.003350479 0.0043820161 0.0064816891 0.016382620
   80    1      1      0    0      1      -1      -1   125  0.044231143 0.1392768 0.2894882 0.16399394 0.12251974 0.04037313 0.03846933 0.03254275 0.02312514 0.020367105 0.052271079 0.007952264 0.0042296056 0.0048887625 0.016270996
   84    1      1      0    0      1      -1      -1   125  0.054448683 0.2458746 0.1929258 0.14855913 0.13753941 0.05014777 0.05760714 0.02824300 0.01565874 0.021226189 0.002312501 0.011448874 0.0013280401 0.0001078628 0.032572257
   88    1      1      0    0      1      -1      -1   125  0.030108733 0.2327434 0.2768956 0.14205314 0.08112394 0.09050458 0.05036205 0.03338396 0.01634348 0.011688860 0.001430178 0.009655095 0.0047800590 0.0064842127 0.012442733
   92    1      1      0    0      1      -1      -1   125  0.023014772 0.2271870 0.2679230 0.10509415 0.08145019 0.07025101 0.07547875 0.04871000 0.00990204 0.018712524 0.019068019 0.002769364 0.0281327842 0.0033613130 0.018945085
   96    1      1      0    0      1      -1      -1   125  0.008595281 0.3146403 0.2388488 0.11782254 0.09982378 0.05575999 0.04013524 0.03985062 0.02794401 0.017795135 0.018627457 0.002824905 0.0003368381 0.0044473418 0.012547700
  100    1      1      0    0      1      -1      -1   125  0.042986053 0.2243220 0.1901812 0.09434460 0.12426071 0.09984330 0.05921734 0.05012771 0.02756569 0.030680142 0.017645735 0.018811154 0.0059929655 0.0112428395 0.002778583
   76    1      2      0    0      1      -1      -1   500  0.139053658 0.2209591 0.1606537 0.12557134 0.10767324 0.05961813 0.04559837 0.05840644 0.02639292 0.015515067 0.016218899 0.010482941 0.0036950746 0.0014377850 0.008723436
   78    1      2      0    0      1      -1      -1   500  0.167409568 0.2243221 0.1759645 0.12699809 0.09253892 0.05935629 0.03357982 0.03568751 0.01801975 0.012317731 0.017850475 0.005340175 0.0072182177 0.0056328944 0.017763959
   80    1      2      0    0      1      -1      -1   500  0.141747278 0.2220794 0.1687361 0.16085879 0.08720203 0.05853398 0.03570192 0.03753448 0.02963701 0.024288350 0.010903189 0.007855249 0.0058320185 0.0019383231 0.007151932
   82    1      2      0    0      1      -1      -1   500  0.151261500 0.2321502 0.1572368 0.10747980 0.10443289 0.06376027 0.04850577 0.03182566 0.02961404 0.017899869 0.011142197 0.009167322 0.0065069883 0.0065243086 0.022492311
   84    1      2      0    0      1      -1      -1   500  0.106841678 0.2348945 0.1667728 0.11688806 0.08139667 0.06540511 0.03797966 0.05066965 0.04048848 0.024363458 0.019754146 0.006874619 0.0131516076 0.0073256024 0.027193967
   86    1      2      0    0      1      -1      -1   500  0.126317275 0.2188955 0.1768807 0.12686818 0.09408937 0.06726932 0.04383797 0.04296239 0.02281126 0.027550143 0.013790366 0.007948538 0.0067133269 0.0027252480 0.021340394
   88    1      2      0    0      1      -1      -1   500  0.160940647 0.2505631 0.1255436 0.13133107 0.10401317 0.05902529 0.03907753 0.02255376 0.02186191 0.011840269 0.025716385 0.011610545 0.0107189339 0.0061790978 0.019024744
   90    1      2      0    0      1      -1      -1   500  0.138268820 0.2211046 0.1628427 0.10966181 0.10756754 0.07150257 0.04781304 0.04652688 0.03172740 0.018860897 0.016268669 0.004830513 0.0035758683 0.0067673266 0.012681323
   92    1      2      0    0      1      -1      -1   500  0.154278585 0.2013199 0.1597453 0.13639458 0.09222413 0.08293715 0.03119154 0.02950024 0.01857172 0.033375971 0.019441728 0.008102091 0.0031567739 0.0125076540 0.017252601
   94    1      2      0    0      1      -1      -1   500  0.131417731 0.2248246 0.1746663 0.11547549 0.09374373 0.06421009 0.04886597 0.04786928 0.03125972 0.025460774 0.009669836 0.007527559 0.0107856226 0.0041181273 0.010105131
   96    1      2      0    0      1      -1      -1   500  0.159877530 0.2483626 0.1697365 0.10570583 0.07958539 0.05708290 0.05658401 0.05338047 0.01927673 0.015295275 0.009275869 0.003811110 0.0064899540 0.0049734519 0.010562360
   98    1      2      0    0      1      -1      -1   500  0.133191140 0.2077610 0.1890343 0.10492298 0.10240551 0.07721336 0.04687965 0.05429613 0.02470274 0.010312509 0.011726027 0.008982526 0.0072446215 0.0030702571 0.018257249
  100    1      2      0    0      1      -1      -1   500  0.178206100 0.1977047 0.1837072 0.09991510 0.08858573 0.07222352 0.05994784 0.02973086 0.03106146 0.008162107 0.022074008 0.007042487 0.0032645263 0.0047101184 0.013664207
   60    1      1      0    0      1       9       9     2  2.000000000 0.0000000 0.0000000 0.00000000 0.00000000 0.00000000 0.00000000 0.00000000 0.00000000 0.000000000 0.000000000 0.000000000 0.0000000000 0.0000000000 0.000000000
   60    1      1      0    0      1      10      10    10 10.000000000 0.0000000 0.0000000 0.00000000 0.00000000 0.00000000 0.00000000 0.00000000 0.00000000 0.000000000 0.000000000 0.000000000 0.0000000000 0.0000000000 0.000000000
   60    1      1      0    0      1      11      11     7  7.000000000 0.0000000 0.0000000 0.00000000 0.00000000 0.00000000 0.00000000 0.00000000 0.00000000 0.000000000 0.000000000 0.000000000 0.0000000000 0.0000000000 0.000000000
   60    1      1      0    0      1      12      12     5  5.000000000 0.0000000 0.0000000 0.00000000 0.00000000 0.00000000 0.00000000 0.00000000 0.00000000 0.000000000 0.000000000 0.000000000 0.0000000000 0.0000000000 0.000000000
   60    1      1      0    0      1      13      13     4  4.000000000 0.0000000 0.0000000 0.00000000 0.00000000 0.00000000 0.00000000 0.00000000 0.00000000 0.000000000 0.000000000 0.000000000 0.0000000000 0.0000000000 0.000000000
   60    1      1      0    0      1      14      14     5  5.000000000 0.0000000 0.0000000 0.00000000 0.00000000 0.00000000 0.00000000 0.00000000 0.00000000 0.000000000 0.000000000 0.000000000 0.0000000000 0.0000000000 0.000000000
   60    1      1      0    0      1      15      15     4  4.000000000 0.0000000 0.0000000 0.00000000 0.00000000 0.00000000 0.00000000 0.00000000 0.00000000 0.000000000 0.000000000 0.000000000 0.0000000000 0.0000000000 0.000000000
   60    1      1      0    0      1      16      16     7  7.000000000 0.0000000 0.0000000 0.00000000 0.00000000 0.00000000 0.00000000 0.00000000 0.00000000 0.000000000 0.000000000 0.000000000 0.0000000000 0.0000000000 0.000000000
   60    1      1      0    0      1      17      17     6  6.000000000 0.0000000 0.0000000 0.00000000 0.00000000 0.00000000 0.00000000 0.00000000 0.00000000 0.000000000 0.000000000 0.000000000 0.0000000000 0.0000000000 0.000000000
   60    1      1      0    0      1      18      18     3  3.000000000 0.0000000 0.0000000 0.00000000 0.00000000 0.00000000 0.00000000 0.00000000 0.00000000 0.000000000 0.000000000 0.000000000 0.0000000000 0.0000000000 0.000000000
   60    1      1      0    0      1      19      19     3  3.000000000 0.0000000 0.0000000 0.00000000 0.00000000 0.00000000 0.00000000 0.00000000 0.00000000 0.000000000 0.000000000 0.000000000 0.0000000000 0.0000000000 0.000000000
   60    1      1      0    0      1      20      20     5  5.000000000 0.0000000 0.0000000 0.00000000 0.00000000 0.00000000 0.00000000 0.00000000 0.00000000 0.000000000 0.000000000 0.000000000 0.0000000000 0.0000000000 0.000000000
   60    1      1      0    0      1      21      21     4  4.000000000 0.0000000 0.0000000 0.00000000 0.00000000 0.00000000 0.00000000 0.00000000 0.00000000 0.000000000 0.000000000 0.000000000 0.0000000000 0.0000000000 0.000000000
   60    1      1      0    0      1      22      22     2  2.000000000 0.0000000 0.0000000 0.00000000 0.00000000 0.00000000 0.00000000 0.00000000 0.00000000 0.000000000 0.000000000 0.000000000 0.0000000000 0.0000000000 0.000000000
   60    1      1      0    0      1      23      23     3  3.000000000 0.0000000 0.0000000 0.00000000 0.00000000 0.00000000 0.00000000 0.00000000 0.00000000 0.000000000 0.000000000 0.000000000 0.0000000000 0.0000000000 0.000000000
   60    1      1      0    0      1      24      24     3  3.000000000 0.0000000 0.0000000 0.00000000 0.00000000 0.00000000 0.00000000 0.00000000 0.00000000 0.000000000 0.000000000 0.000000000 0.0000000000 0.0000000000 0.000000000
   60    1      1      0    0      1      25      25     2  2.000000000 0.0000000 0.0000000 0.00000000 0.00000000 0.00000000 0.00000000 0.00000000 0.00000000 0.000000000 0.000000000 0.000000000 0.0000000000 0.0000000000 0.000000000
   60    1      1      0    0      1      26      26     3  3.000000000 0.0000000 0.0000000 0.00000000 0.00000000 0.00000000 0.00000000 0.00000000 0.00000000 0.000000000 0.000000000 0.000000000 0.0000000000 0.0000000000 0.000000000
   60    1      1      0    0      1      27      27     1  1.000000000 0.0000000 0.0000000 0.00000000 0.00000000 0.00000000 0.00000000 0.00000000 0.00000000 0.000000000 0.000000000 0.000000000 0.0000000000 0.0000000000 0.000000000
   60    1      1      0    0      1      28      28     5  4.000000000 1.0000000 0.0000000 0.00000000 0.00000000 0.00000000 0.00000000 0.00000000 0.00000000 0.000000000 0.000000000 0.000000000 0.0000000000 0.0000000000 0.000000000
   60    1      1      0    0      1      29      29     8  2.000000000 6.0000000 0.0000000 0.00000000 0.00000000 0.00000000 0.00000000 0.00000000 0.00000000 0.000000000 0.000000000 0.000000000 0.0000000000 0.0000000000 0.000000000
   60    1      1      0    0      1      30      30     1  0.000000000 1.0000000 0.0000000 0.00000000 0.00000000 0.00000000 0.00000000 0.00000000 0.00000000 0.000000000 0.000000000 0.000000000 0.0000000000 0.0000000000 0.000000000
   60    1      1      0    0      1      31      31     4  0.000000000 4.0000000 0.0000000 0.00000000 0.00000000 0.00000000 0.00000000 0.00000000 0.00000000 0.000000000 0.000000000 0.000000000 0.0000000000 0.0000000000 0.000000000
   60    1      1      0    0      1      33      33     2  0.000000000 2.0000000 0.0000000 0.00000000 0.00000000 0.00000000 0.00000000 0.00000000 0.00000000 0.000000000 0.000000000 0.000000000 0.0000000000 0.0000000000 0.000000000
   60    1      1      0    0      1      34      34     1  0.000000000 1.0000000 0.0000000 0.00000000 0.00000000 0.00000000 0.00000000 0.00000000 0.00000000 0.000000000 0.000000000 0.000000000 0.0000000000 0.0000000000 0.000000000
  100    1      1      0    0      1       5       5     1  1.000000000 0.0000000 0.0000000 0.00000000 0.00000000 0.00000000 0.00000000 0.00000000 0.00000000 0.000000000 0.000000000 0.000000000 0.0000000000 0.0000000000 0.000000000
  100    1      1      0    0      1       8       8     2  2.000000000 0.0000000 0.0000000 0.00000000 0.00000000 0.00000000 0.00000000 0.00000000 0.00000000 0.000000000 0.000000000 0.000000000 0.0000000000 0.0000000000 0.000000000
  100    1      1      0    0      1       9       9     7  7.000000000 0.0000000 0.0000000 0.00000000 0.00000000 0.00000000 0.00000000 0.00000000 0.00000000 0.000000000 0.000000000 0.000000000 0.0000000000 0.0000000000 0.000000000
  100    1      1      0    0      1      10      10    10 10.000000000 0.0000000 0.0000000 0.00000000 0.00000000 0.00000000 0.00000000 0.00000000 0.00000000 0.000000000 0.000000000 0.000000000 0.0000000000 0.0000000000 0.000000000
  100    1      1      0    0      1      11      11     1  1.000000000 0.0000000 0.0000000 0.00000000 0.00000000 0.00000000 0.00000000 0.00000000 0.00000000 0.000000000 0.000000000 0.000000000 0.0000000000 0.0000000000 0.000000000
  100    1      1      0    0      1      12      12     2  2.000000000 0.0000000 0.0000000 0.00000000 0.00000000 0.00000000 0.00000000 0.00000000 0.00000000 0.000000000 0.000000000 0.000000000 0.0000000000 0.0000000000 0.000000000
  100    1      1      0    0      1      13      13     5  5.000000000 0.0000000 0.0000000 0.00000000 0.00000000 0.00000000 0.00000000 0.00000000 0.00000000 0.000000000 0.000000000 0.000000000 0.0000000000 0.0000000000 0.000000000
  100    1      1      0    0      1      14      14     1  1.000000000 0.0000000 0.0000000 0.00000000 0.00000000 0.00000000 0.00000000 0.00000000 0.00000000 0.000000000 0.000000000 0.000000000 0.0000000000 0.0000000000 0.000000000
  100    1      1      0    0      1      15      15     6  6.000000000 0.0000000 0.0000000 0.00000000 0.00000000 0.00000000 0.00000000 0.00000000 0.00000000 0.000000000 0.000000000 0.000000000 0.0000000000 0.0000000000 0.000000000
  100    1      1      0    0      1      16      16     4  4.000000000 0.0000000 0.0000000 0.00000000 0.00000000 0.00000000 0.00000000 0.00000000 0.00000000 0.000000000 0.000000000 0.000000000 0.0000000000 0.0000000000 0.000000000
  100    1      1      0    0      1      17      17     2  2.000000000 0.0000000 0.0000000 0.00000000 0.00000000 0.00000000 0.00000000 0.00000000 0.00000000 0.000000000 0.000000000 0.000000000 0.0000000000 0.0000000000 0.000000000
  100    1      1      0    0      1      18      18     1  1.000000000 0.0000000 0.0000000 0.00000000 0.00000000 0.00000000 0.00000000 0.00000000 0.00000000 0.000000000 0.000000000 0.000000000 0.0000000000 0.0000000000 0.000000000
  100    1      1      0    0      1      19      19     2  2.000000000 0.0000000 0.0000000 0.00000000 0.00000000 0.00000000 0.00000000 0.00000000 0.00000000 0.000000000 0.000000000 0.000000000 0.0000000000 0.0000000000 0.000000000
  100    1      1      0    0      1      20      20     8  8.000000000 0.0000000 0.0000000 0.00000000 0.00000000 0.00000000 0.00000000 0.00000000 0.00000000 0.000000000 0.000000000 0.000000000 0.0000000000 0.0000000000 0.000000000
  100    1      1      0    0      1      21      21     1  1.000000000 0.0000000 0.0000000 0.00000000 0.00000000 0.00000000 0.00000000 0.00000000 0.00000000 0.000000000 0.000000000 0.000000000 0.0000000000 0.0000000000 0.000000000
  100    1      1      0    0      1      22      22     4  4.000000000 0.0000000 0.0000000 0.00000000 0.00000000 0.00000000 0.00000000 0.00000000 0.00000000 0.000000000 0.000000000 0.000000000 0.0000000000 0.0000000000 0.000000000
  100    1      1      0    0      1      23      23     1  1.000000000 0.0000000 0.0000000 0.00000000 0.00000000 0.00000000 0.00000000 0.00000000 0.00000000 0.000000000 0.000000000 0.000000000 0.0000000000 0.0000000000 0.000000000
  100    1      1      0    0      1      24      24     9  9.000000000 0.0000000 0.0000000 0.00000000 0.00000000 0.00000000 0.00000000 0.00000000 0.00000000 0.000000000 0.000000000 0.000000000 0.0000000000 0.0000000000 0.000000000
  100    1      1      0    0      1      25      25     4  4.000000000 0.0000000 0.0000000 0.00000000 0.00000000 0.00000000 0.00000000 0.00000000 0.00000000 0.000000000 0.000000000 0.000000000 0.0000000000 0.0000000000 0.000000000
  100    1      1      0    0      1      26      26     5  5.000000000 0.0000000 0.0000000 0.00000000 0.00000000 0.00000000 0.00000000 0.00000000 0.00000000 0.000000000 0.000000000 0.000000000 0.0000000000 0.0000000000 0.000000000
  100    1      1      0    0      1      27      27     4  4.000000000 0.0000000 0.0000000 0.00000000 0.00000000 0.00000000 0.00000000 0.00000000 0.00000000 0.000000000 0.000000000 0.000000000 0.0000000000 0.0000000000 0.000000000
  100    1      1      0    0      1      28      28     1  1.000000000 0.0000000 0.0000000 0.00000000 0.00000000 0.00000000 0.00000000 0.00000000 0.00000000 0.000000000 0.000000000 0.000000000 0.0000000000 0.0000000000 0.000000000
  100    1      1      0    0      1      29      29     3  1.000000000 2.0000000 0.0000000 0.00000000 0.00000000 0.00000000 0.00000000 0.00000000 0.00000000 0.000000000 0.000000000 0.000000000 0.0000000000 0.0000000000 0.000000000
  100    1      1      0    0      1      30      30     8  3.000000000 5.0000000 0.0000000 0.00000000 0.00000000 0.00000000 0.00000000 0.00000000 0.00000000 0.000000000 0.000000000 0.000000000 0.0000000000 0.0000000000 0.000000000
  100    1      1      0    0      1      32      32     6  0.000000000 6.0000000 0.0000000 0.00000000 0.00000000 0.00000000 0.00000000 0.00000000 0.00000000 0.000000000 0.000000000 0.000000000 0.0000000000 0.0000000000 0.000000000
  100    1      1      0    0      1      37      37     1  0.000000000 1.0000000 0.0000000 0.00000000 0.00000000 0.00000000 0.00000000 0.00000000 0.00000000 0.000000000 0.000000000 0.000000000 0.0000000000 0.0000000000 0.000000000
  100    1      1      0    0      1      41      41     1  0.000000000 1.0000000 0.0000000 0.00000000 0.00000000 0.00000000 0.00000000 0.00000000 0.00000000 0.000000000 0.000000000 0.000000000 0.0000000000 0.0000000000 0.000000000
0 #_N_MeanSize_at_Age_obs
0 #_N_environ_variables
0 #_N_environ_obs
0 #_N_sizefreq_methods
0 #_do_tags
0 #_morphcomp_data
#
999
