#C data file created using the SS_writedat function in the R package r4ss
#C should work with SS version: 
#C file write time: 2015-02-11 18:23:41
#
1 #_styr
100 #_endyr
1 #_nseas
12 #_months_per_seas
1 #_spawn_seas
1 #_Nfleet
2 #_Nsurveys
1 #_N_areas
Fishery%Survey%CPUE #_fleetnames
0.5 0.5 0.5 #_surveytiming_in_season
1 1 1 #_area_assignments_for_each_fishery_and_survey
1 #_units of catch:  1=bio; 2=num
0.01 #_se of log(catch) only used for init_eq_catch and for Fmethod 2 and 3
1 #_Ngenders
25 #_Nages
0 #_init_equil_catch_for_each_fishery
100 #_N_lines_of_catch_to_read
 #_Fishery year seas
         0    1    1
         0    2    1
         0    3    1
         0    4    1
         0    5    1
         0    6    1
         0    7    1
         0    8    1
         0    9    1
         0   10    1
         0   11    1
         0   12    1
         0   13    1
         0   14    1
         0   15    1
         0   16    1
         0   17    1
         0   18    1
         0   19    1
         0   20    1
         0   21    1
         0   22    1
         0   23    1
         0   24    1
         0   25    1
 444646000   26    1
 397608000   27    1
 357583000   28    1
 324161000   29    1
 296656000   30    1
 274240000   31    1
 256057000   32    1
 241314000   33    1
 229322000   34    1
 219511000   35    1
 211426000   36    1
 204710000   37    1
 199088000   38    1
 194347000   39    1
 190324000   40    1
 186891000   41    1
 183948000   42    1
 181416000   43    1
 179230000   44    1
 177337000   45    1
 175694000   46    1
 174266000   47    1
 173022000   48    1
 171937000   49    1
 170990000   50    1
 170161000   51    1
 169436000   52    1
 168801000   53    1
 168243000   54    1
 167755000   55    1
 167325000   56    1
 166948000   57    1
 166617000   58    1
 166326000   59    1
 166070000   60    1
 165844000   61    1
 165646000   62    1
 165471000   63    1
 165317000   64    1
 165182000   65    1
 165063000   66    1
 164958000   67    1
 164865000   68    1
 164784000   69    1
 164712000   70    1
 164649000   71    1
 164593000   72    1
 164544000   73    1
 164500000   74    1
 164462000   75    1
 164429000   76    1
 164399000   77    1
 164373000   78    1
 164350000   79    1
 164329000   80    1
 164311000   81    1
 164296000   82    1
 164282000   83    1
 164269000   84    1
 164258000   85    1
 164249000   86    1
 164240000   87    1
 164233000   88    1
 164227000   89    1
 164221000   90    1
 164216000   91    1
 164211000   92    1
 164207000   93    1
 164204000   94    1
 164201000   95    1
 164198000   96    1
 164195000   97    1
 164193000   98    1
 164192000   99    1
 164190000  100    1
13 #_N_cpue
 #_Fleet Units Errtype
       1     1       0
       2     1       0
       3     1       0
 #_year seas index        obs se_log
     76    1     2 1279698558    0.2
     78    1     2 1633900693    0.2
     80    1     2 1659889569    0.2
     82    1     2 1311933728    0.2
     84    1     2 1064014093    0.2
     86    1     2 1498746552    0.2
     88    1     2 1738965931    0.2
     90    1     2 1399241373    0.2
     92    1     2  960295048    0.2
     94    1     2  803045014    0.2
     96    1     2 1574507396    0.2
     98    1     2 1602359031    0.2
    100    1     2 1110623869    0.2
0 #_N_discard_fleets
#_discard_units (1=same_as_catchunits(bio/num); 2=fraction; 3=numbers)
#_discard_errtype:  >0 for DF of T-dist(read CV below); 0 for normal with CV; -1 for normal with se; -2 for lognormal
0 #_N_discard
0 #_N_meanbodywt
1 #_DF_for_meanbodywt_T-distribution_like
2 # length bin method: 1=use databins; 2=generate from binwidth,min,max below; 3=read vector
1 # binwidth for population size comp
10 # minimum size in the population (lower edge of first bin and size at age 0.00)
200 # maximum size in the population (lower edge of last bin)
-0.001 #_comp_tail_compression
1e-05 #_add_to_comp
0 #_combine males into females at or below this bin number
45 #_N_lbins
#_lbin_vector
20 23 26 29 32 35 38 41 44 47 50 53 56 59 62 65 68 71 74 77 80 83 86 89 92 95 98 101 104 107 110 113 116 119 122 125 128 131 134 137 140 143 146 149 152
28 #_N_Length_comp_observations
 #_Yr Seas FltSvy Gender Part Nsamp           l20          l23          l26         l29          l32          l35          l38         l41        l44        l47        l50        l53        l56        l59        l62        l65        l68        l71        l74        l77         l80        l83        l86         l89        l92        l95        l98       l101        l104        l107       l110        l113        l116        l119         l122         l125        l128         l131         l134         l137         l140         l143         l146         l149         l152
   26    1      1      0    0   125 2.480466e-265 9.757087e-41 2.371859e-05 0.009739041 0.0104900457 0.0048932283 5.807990e-09 0.020737666 0.03142649 0.03479517 0.04584071 0.03336976 0.02332540 0.06837423 0.02215346 0.02055073 0.06512445 0.03205423 0.03216271 0.04461942 0.013236619 0.04165935 0.02148857 0.007619182 0.04299992 0.01237445 0.02164340 0.06180941 0.063814145 0.015502228 0.01142544 0.019945057 0.017900246 0.018145679 0.0216768096 0.0218559272 0.030647363 2.224193e-02 1.139056e-02 1.908649e-03 1.391299e-03 1.676997e-05 1.568262e-04 2.181113e-04 1.925157e-02
   36    1      1      0    0   125 1.684764e-320 1.310964e-15 5.236737e-04 0.015567616 0.0209718800 0.0006695215 8.502326e-03 0.015593114 0.07252650 0.10951336 0.04003779 0.03251798 0.02993644 0.04867263 0.05207811 0.06627018 0.03125262 0.02248086 0.04532160 0.02404518 0.022847974 0.03910303 0.03737324 0.006728989 0.01269630 0.05974549 0.03913145 0.01350845 0.020719849 0.022193175 0.01583490 0.011535464 0.012164972 0.019773730 0.0164003810 0.0040891514 0.001210187 2.456854e-03 8.261493e-04 1.928509e-03 1.292317e-03 2.708185e-04 1.584446e-03 6.175289e-05 4.102782e-05
   46    1      1      0    0   125 9.358146e-129 2.063586e-53 2.353906e-07 0.001772582 0.0294977548 0.0024564867 1.739398e-05 0.036527982 0.02962837 0.12003600 0.05081416 0.06317138 0.03631879 0.03077160 0.05229334 0.03160926 0.04892900 0.03087086 0.03557987 0.02361358 0.041296814 0.02871290 0.02675638 0.042673786 0.04080608 0.01700739 0.03105945 0.01998186 0.004005330 0.023448344 0.01036037 0.023204797 0.034059330 0.003934944 0.0091411333 0.0005059108 0.004304194 3.198758e-05 5.281389e-05 1.414418e-02 5.077945e-04 3.970906e-06 5.828648e-09 1.345247e-14 9.159333e-05
   56    1      1      0    0   125 1.215674e-214 1.452555e-19 2.436634e-04 0.012706476 0.0150944541 0.0113208388 2.570716e-03 0.035957534 0.06149147 0.05466427 0.04365514 0.06519511 0.01065448 0.03260077 0.03521803 0.02724572 0.04718654 0.02483114 0.03946925 0.02196663 0.031917463 0.02472426 0.04428438 0.041519367 0.01529656 0.01829152 0.04091329 0.05035661 0.039786139 0.039567752 0.03142336 0.001778768 0.002863419 0.016160951 0.0143801023 0.0017609523 0.007866927 2.655617e-03 2.918393e-03 1.970882e-02 9.254613e-03 2.220554e-07 4.161728e-04 3.399171e-07 8.175525e-05
   60    1      1      0    0   125  5.306933e-19 2.726860e-15 1.469678e-03 0.024427905 0.0079037371 0.0343650482 3.333831e-03 0.016387921 0.02124535 0.07710935 0.07239039 0.03570468 0.02448581 0.04236370 0.03962177 0.03403825 0.05942193 0.02875375 0.04512917 0.03326551 0.023107890 0.02129718 0.05225211 0.049575970 0.01862907 0.04204334 0.02730132 0.02846661 0.031459321 0.027821188 0.02111606 0.003440572 0.006137233 0.013883919 0.0029025372 0.0052337056 0.014516305 6.074670e-03 2.893861e-03 1.589290e-04 1.019851e-04 1.673578e-04 1.219073e-07 2.918004e-08 9.590370e-07
   64    1      1      0    0   125 4.909900e-180 3.674333e-08 1.221444e-03 0.014232561 0.0330637647 0.0019364323 1.525058e-03 0.009664098 0.04828032 0.08617259 0.05995184 0.03162345 0.04847486 0.06990951 0.06283188 0.03716739 0.04176000 0.03001675 0.04240816 0.02283225 0.048698861 0.02134375 0.02285258 0.034196157 0.01278136 0.05016634 0.03478154 0.03059999 0.017421245 0.005572080 0.02026542 0.010277571 0.007240085 0.005063103 0.0076686860 0.0012983595 0.008333431 6.432141e-03 6.539065e-03 1.144841e-04 5.107991e-03 1.786211e-06 1.715937e-04 1.387536e-21 1.329186e-11
   68    1      1      0    0   125  2.649901e-94 4.529347e-06 7.659732e-03 0.022908690 0.0071922324 0.0040248779 5.776783e-03 0.009181723 0.03791339 0.06170063 0.03854365 0.06195185 0.06920957 0.02174045 0.06043189 0.07200486 0.04890394 0.03560422 0.03864072 0.04083581 0.043258956 0.01269121 0.03470576 0.046365866 0.05737491 0.01223781 0.02780305 0.02048637 0.014636259 0.009577690 0.01787411 0.017539685 0.011856654 0.005518243 0.0002851801 0.0016870438 0.000134879 2.117856e-05 8.086253e-03 5.326379e-03 3.207874e-04 8.896667e-07 2.311245e-23 7.810827e-03 1.704640e-04
   72    1      1      0    0   125  1.738102e-34 1.602634e-31 7.843240e-04 0.005079264 0.0280126937 0.0068346253 1.456415e-03 0.012696767 0.05373231 0.08620941 0.04105744 0.08155505 0.03300320 0.02622522 0.03110593 0.04606947 0.02555158 0.01298877 0.04613819 0.02924121 0.035685742 0.03247659 0.06094505 0.047675960 0.01864706 0.04635719 0.01995950 0.01554542 0.031108242 0.007416177 0.02848978 0.023551550 0.006022821 0.003017623 0.0142710624 0.0168128156 0.002902465 1.178611e-02 4.211231e-03 2.560233e-03 2.006884e-03 7.526660e-04 1.495307e-05 3.190142e-05 9.082971e-06
   76    1      1      0    0   125  0.000000e+00 1.124698e-04 5.766813e-04 0.013063866 0.0060144407 0.0046876790 1.832881e-02 0.043923339 0.02839818 0.05409368 0.07922648 0.05365784 0.01528447 0.02815686 0.01531797 0.08385378 0.02445762 0.03565000 0.01891019 0.05239465 0.041590721 0.04098662 0.03757902 0.009882546 0.04819528 0.01617394 0.03538628 0.01490489 0.017952238 0.019939858 0.01726496 0.032230917 0.014130785 0.031965764 0.0069605062 0.0168057932 0.005039055 1.904201e-03 4.087156e-03 2.547525e-06 1.052988e-02 6.440225e-05 2.123519e-05 3.484565e-07 2.920584e-04
   80    1      1      0    0   125  1.829324e-04 1.876131e-15 3.799643e-03 0.015817188 0.0116349888 0.0067570025 6.016886e-03 0.011477894 0.02862775 0.06579046 0.03502791 0.03378750 0.03229012 0.01387733 0.07000570 0.08427875 0.01690977 0.05652233 0.01907209 0.03218338 0.051057013 0.01834977 0.06592985 0.022652609 0.01370385 0.03175793 0.01217898 0.03896661 0.044288798 0.034495639 0.02159998 0.011506107 0.016317025 0.032745688 0.0148972802 0.0086735248 0.010254876 2.250763e-03 1.629557e-04 9.683389e-04 1.440498e-03 4.776613e-04 1.031600e-03 4.785972e-22 2.330403e-04
   84    1      1      0    0   125  7.171391e-45 6.940296e-26 1.630901e-02 0.013064139 0.0174234642 0.0028548318 4.998432e-05 0.025002590 0.02993083 0.10152623 0.06551817 0.04393845 0.06277508 0.03924952 0.04547316 0.06318782 0.03418030 0.01909544 0.02533858 0.03047905 0.009614006 0.01495352 0.01726691 0.056849621 0.02750667 0.01147657 0.02816248 0.03066606 0.030727849 0.015228481 0.01411241 0.015397957 0.020287981 0.024666258 0.0018810621 0.0214194109 0.014149953 8.725357e-03 2.887879e-04 8.756647e-05 2.043500e-04 9.300752e-04 3.585117e-14 5.766177e-26 2.193571e-24
   88    1      1      0    0   125 8.623895e-149 2.388974e-03 1.752649e-04 0.018833043 0.0073155793 0.0157062722 2.321114e-03 0.018987573 0.04880597 0.07789211 0.04488154 0.04099281 0.04881620 0.04780585 0.07551256 0.02437587 0.06347077 0.04545658 0.03275598 0.03985060 0.021418152 0.01559369 0.03372908 0.042931317 0.02399870 0.02662049 0.02213076 0.02280882 0.011413838 0.034311301 0.03647194 0.009708671 0.008651310 0.007636451 0.0043788261 0.0090996281 0.009221327 3.778097e-04 1.226326e-04 2.375887e-05 2.661479e-03 2.556678e-04 5.469330e-07 3.256268e-13 8.915876e-05
   92    1      1      0    0   125 3.718480e-215 6.895789e-11 1.700595e-03 0.012963584 0.0176641133 0.0070470866 3.879092e-03 0.006045727 0.04310883 0.07575359 0.04270984 0.02349415 0.04293775 0.03960183 0.02378225 0.02917697 0.02492767 0.03751397 0.03545729 0.02995361 0.020821209 0.05834504 0.10695304 0.016215432 0.05659476 0.02010597 0.01451718 0.03621705 0.033123994 0.016396303 0.01127249 0.015955619 0.010788184 0.004736345 0.0178492980 0.0037132729 0.005878768 1.891963e-04 3.107521e-02 7.039547e-03 1.187074e-03 3.662592e-04 1.273984e-02 1.010034e-06 1.999461e-04
   96    1      1      0    0   125 2.841726e-179 3.544923e-15 7.422021e-06 0.005759055 0.0137051090 0.0038190780 1.578292e-03 0.006871361 0.03238119 0.06414548 0.09332534 0.05774855 0.02517807 0.04492631 0.04045172 0.04126167 0.04377638 0.03081405 0.06197306 0.03953486 0.018041513 0.04127263 0.01828782 0.013572943 0.01811308 0.02598792 0.03317556 0.03329867 0.028042426 0.017716849 0.03527662 0.021372987 0.017925454 0.012605104 0.0274684222 0.0184432788 0.001092679 5.640221e-03 2.213955e-04 4.982302e-03 1.012202e-05 1.936539e-04 1.298259e-06 7.031163e-08 1.995661e-12
  100    1      1      0    0   125 5.663779e-154 6.326789e-15 1.816506e-02 0.003436746 0.0009528116 0.0015881735 2.634310e-03 0.018114435 0.05525925 0.03410193 0.07783360 0.05392969 0.01904892 0.02459639 0.01748272 0.05691365 0.03270382 0.02932885 0.03057170 0.03835675 0.028626573 0.05250096 0.02997903 0.014545077 0.06064960 0.06308407 0.04055326 0.02918134 0.017324902 0.018103751 0.02318460 0.041526761 0.012329114 0.029804526 0.0029269768 0.0015037353 0.008953848 4.801831e-04 4.479706e-03 5.020466e-03 2.536704e-06 1.935246e-07 2.184634e-04 1.531655e-06 5.285729e-09
   76    1      2      0    0   500  1.440050e-12 2.671812e-03 1.706587e-02 0.047488084 0.0519746359 0.0172574361 8.756502e-03 0.033610992 0.04227103 0.05468561 0.04976506 0.04677942 0.03925153 0.02935995 0.03725192 0.03204414 0.03185597 0.02617952 0.02312489 0.03258759 0.052797548 0.02484529 0.02527627 0.025570206 0.03036191 0.01786431 0.02650724 0.03280139 0.012343783 0.013888142 0.01849944 0.026076032 0.008080264 0.017649830 0.0105474276 0.0049130028 0.006058111 3.526061e-03 4.127795e-03 2.320186e-03 3.706638e-03 3.553431e-04 7.560600e-03 3.828622e-05 3.029226e-04
   78    1      2      0    0   500  4.719682e-05 2.989115e-03 2.262712e-02 0.048459311 0.0662460880 0.0183671117 1.393103e-02 0.019215920 0.04549531 0.05360897 0.04052919 0.03590436 0.03061087 0.02287725 0.03018811 0.02752535 0.03485898 0.02200028 0.04283443 0.03023392 0.035143403 0.02269185 0.03380756 0.033996264 0.04087308 0.03630105 0.02646327 0.02249154 0.021837653 0.015063681 0.02035566 0.018195072 0.010421837 0.008555884 0.0117401806 0.0143370377 0.007077662 1.030557e-03 5.406506e-03 1.673375e-03 9.402891e-05 1.017485e-05 3.850014e-03 4.502813e-06 2.825769e-05
   80    1      2      0    0   500  3.617801e-23 2.659239e-05 1.176064e-02 0.066957813 0.0327932540 0.0223555043 1.394962e-02 0.015031564 0.06050702 0.06115832 0.05572618 0.03100570 0.02335621 0.04347377 0.04289143 0.04089088 0.05064077 0.02815107 0.02321267 0.03020172 0.039262998 0.03122239 0.02471723 0.025580084 0.01809755 0.02036448 0.02975280 0.02046416 0.024391773 0.018932956 0.01357148 0.012885293 0.008221141 0.017136572 0.0021455813 0.0151709927 0.013020209 3.462581e-03 2.090203e-03 2.156255e-03 1.464931e-03 1.551430e-03 1.558074e-05 2.259354e-04 4.666784e-06
   82    1      2      0    0   500  2.766156e-18 8.409366e-04 3.049425e-02 0.041176732 0.0370890528 0.0110588253 8.432226e-03 0.015998330 0.03775846 0.04324842 0.04878635 0.03250861 0.02636941 0.03081260 0.04582640 0.04480176 0.04626277 0.04224917 0.02939829 0.02539824 0.026179577 0.04312608 0.02658272 0.041310818 0.02577864 0.02017696 0.03065567 0.04817518 0.017312556 0.009752692 0.02269783 0.018031768 0.024141704 0.007628305 0.0093800335 0.0082316891 0.004864328 7.262265e-03 5.150023e-03 6.181977e-04 1.000371e-03 3.916344e-04 5.468936e-04 4.567187e-04 2.036504e-03
   84    1      2      0    0   500  2.422727e-19 1.581041e-03 2.828240e-02 0.052440797 0.0603333948 0.0168929491 5.528704e-03 0.023235845 0.04587332 0.04964951 0.06807592 0.04198981 0.01825831 0.03150271 0.03270267 0.05964190 0.03592905 0.03479194 0.02794408 0.04044999 0.025029843 0.03343126 0.02093558 0.024529202 0.02987075 0.02563518 0.01994630 0.01928422 0.016217975 0.024593524 0.01578216 0.013388094 0.017530906 0.009371484 0.0036639438 0.0104850510 0.001714893 5.050478e-03 1.973483e-03 4.144336e-03 2.487055e-04 6.807713e-04 2.631643e-04 5.284681e-04 5.958825e-04
   86    1      2      0    0   500  1.541146e-26 2.426925e-03 2.329599e-02 0.037642315 0.0458419261 0.0182976064 1.110882e-02 0.020518658 0.05911174 0.04899976 0.03475972 0.03398798 0.04168313 0.02509826 0.03971160 0.04575362 0.03533635 0.03453798 0.01843273 0.03254082 0.026899224 0.02811418 0.03803906 0.040445894 0.03049268 0.02511564 0.04175665 0.02641810 0.021633135 0.020205662 0.01172948 0.020912020 0.018856628 0.014637103 0.0086893694 0.0047628737 0.003070208 3.370790e-04 2.873820e-03 1.386084e-03 1.271863e-03 7.482804e-04 1.766424e-03 4.553272e-04 2.972857e-04
   88    1      2      0    0   500  2.781173e-10 2.149765e-03 1.014066e-02 0.050840134 0.0475749248 0.0231011535 4.740551e-03 0.020213264 0.03929128 0.04055612 0.04764403 0.05184581 0.01940308 0.05000423 0.03467675 0.03700013 0.02977160 0.03968426 0.03253114 0.03200240 0.025872899 0.03089605 0.02960283 0.031733723 0.03509228 0.03083952 0.03628168 0.02257097 0.020283433 0.014048770 0.01872691 0.017644130 0.018091730 0.012018723 0.0089452493 0.0101331409 0.007600106 6.521569e-03 3.899912e-03 4.203275e-03 5.023651e-04 2.069584e-04 1.252098e-04 9.175156e-04 6.976334e-05
   90    1      2      0    0   500  3.688740e-23 8.289278e-03 1.612327e-02 0.059217962 0.0611402538 0.0226492913 6.477007e-03 0.023462957 0.03315215 0.06025726 0.06257187 0.04274179 0.04601115 0.03980267 0.03279716 0.04044527 0.03090038 0.03289244 0.02500520 0.03078967 0.036860567 0.01858818 0.02584747 0.021773992 0.02925728 0.02869799 0.02173980 0.01852043 0.018018763 0.023072369 0.01196023 0.009396808 0.018538842 0.010500799 0.0090827065 0.0056095476 0.007890604 4.515633e-03 1.309265e-03 4.472207e-04 1.526805e-04 2.888451e-04 4.839453e-04 8.196765e-06 2.710795e-03
   92    1      2      0    0   500  6.364846e-11 4.794178e-03 1.894493e-02 0.048492154 0.0681768424 0.0192304883 4.344248e-03 0.030176006 0.02658196 0.06352201 0.04601443 0.04128732 0.04289500 0.03280300 0.04475926 0.03424687 0.03937751 0.02828999 0.03419162 0.05205480 0.028875563 0.03868463 0.02490357 0.023163939 0.02481625 0.02040764 0.01830709 0.01077961 0.007964793 0.021910680 0.01851343 0.006760422 0.007353841 0.023419823 0.0195090393 0.0059892663 0.004082745 6.415733e-03 2.460822e-03 1.457946e-03 4.778034e-04 5.861303e-04 9.845599e-04 7.484948e-04 1.243559e-03
   94    1      2      0    0   500  2.343980e-15 1.296513e-03 1.348124e-02 0.059721705 0.0624863420 0.0319060697 8.946186e-03 0.020119307 0.05239498 0.05623056 0.05761662 0.04795776 0.02734096 0.02983294 0.05646447 0.04831955 0.02346011 0.02241702 0.02270780 0.03006478 0.037333169 0.02307196 0.02529274 0.018908138 0.03412278 0.02527109 0.01425956 0.02661335 0.009447123 0.025851758 0.01780750 0.012971412 0.005106223 0.009079109 0.0093655043 0.0024079225 0.011135868 2.874835e-03 1.201369e-02 4.678338e-04 1.311922e-03 4.644316e-04 1.972138e-03 1.686068e-08 8.500318e-05
   96    1      2      0    0   500  1.096865e-15 9.055375e-04 1.440027e-02 0.043738587 0.0600786566 0.0137148496 1.239730e-02 0.024011080 0.05051677 0.04305363 0.04987782 0.04967336 0.02388607 0.03415271 0.02821436 0.06087492 0.04602726 0.04259491 0.03381126 0.02780460 0.028205135 0.02864078 0.02312410 0.029838837 0.03902767 0.02159374 0.01799416 0.02064220 0.020193036 0.015201618 0.00944179 0.016784422 0.011522858 0.015918377 0.0126392041 0.0066608045 0.005914559 6.863145e-03 2.442014e-03 1.354807e-03 6.047877e-03 4.627997e-05 7.121226e-05 9.120107e-05 6.225854e-06
   98    1      2      0    0   500  1.498812e-19 2.509970e-03 2.551429e-02 0.050651636 0.0536079110 0.0177194095 6.706707e-03 0.013406451 0.04705057 0.07506400 0.05273403 0.04402306 0.04055175 0.03523579 0.02951852 0.04488281 0.04674427 0.04053628 0.02854193 0.01897067 0.024252555 0.02808092 0.02594046 0.026747066 0.03726617 0.01809862 0.02457543 0.02159056 0.012159063 0.015603407 0.02340882 0.007786311 0.014252855 0.010714038 0.0068076561 0.0039343872 0.005743404 8.213612e-03 4.107232e-03 1.268968e-03 5.224701e-04 1.329945e-04 1.922730e-03 1.485654e-03 1.414575e-03
  100    1      2      0    0   500  5.447254e-05 9.528613e-04 1.797796e-02 0.040562062 0.0449762912 0.0195307895 2.899544e-02 0.019566020 0.05825328 0.05665895 0.05795350 0.03370773 0.02683910 0.02796889 0.05784166 0.02077106 0.04844752 0.02145252 0.02230593 0.03938879 0.034121932 0.02274248 0.03686224 0.014482340 0.02230811 0.03807408 0.01917034 0.02404338 0.010812584 0.022277480 0.01748605 0.019820985 0.017402612 0.012297821 0.0105849195 0.0090528390 0.005607342 1.972007e-03 1.607365e-03 5.300495e-03 7.796884e-03 5.818176e-06 1.732813e-03 2.321011e-04 1.674338e-07
15 #_N_agebins
#_agebin_vector
1 2 3 4 5 6 7 8 9 10 11 12 13 14 15
1 #_N_ageerror_definitions
 #_age0   age1   age2   age3   age4   age5   age6   age7   age8   age9  age10  age11  age12  age13  age14  age15  age16  age17  age18  age19  age20  age21  age22  age23  age24  age25
 -1.000 -1.000 -1.000 -1.000 -1.000 -1.000 -1.000 -1.000 -1.000 -1.000 -1.000 -1.000 -1.000 -1.000 -1.000 -1.000 -1.000 -1.000 -1.000 -1.000 -1.000 -1.000 -1.000 -1.000 -1.000 -1.000
  0.001  0.001  0.001  0.001  0.001  0.001  0.001  0.001  0.001  0.001  0.001  0.001  0.001  0.001  0.001  0.001  0.001  0.001  0.001  0.001  0.001  0.001  0.001  0.001  0.001  0.001
86 #_N_agecomp
1 #_Lbin_method: 1=poplenbins; 2=datalenbins; 3=lengths
-1 #_combine males into females at or below this bin number
 #_Yr Seas FltSvy Gender Part Ageerr Lbin_lo Lbin_hi Nsamp           a1        a2        a3         a4         a5         a6         a7         a8          a9         a10         a11         a12          a13          a14          a15
   26    1      1      0    0      1      -1      -1   125  0.026739576 0.1372297 0.2249598 0.07728209 0.06505197 0.14176933 0.04394432 0.05467163 0.033860980 0.058101797 0.004064454 0.003982887 2.476487e-02 0.0177007170 0.0858758607
   36    1      1      0    0      1      -1      -1   125  0.014675325 0.2728756 0.2171955 0.08301623 0.07649947 0.07321503 0.05254094 0.02775025 0.068789786 0.035805914 0.011984937 0.016361232 2.154950e-02 0.0047618867 0.0229783308
   46    1      1      0    0      1      -1      -1   125  0.033781429 0.2788098 0.1443253 0.15026925 0.07785771 0.15167445 0.05278248 0.01243426 0.010648560 0.017174787 0.030214211 0.003992081 2.028241e-02 0.0037756601 0.0119776636
   56    1      1      0    0      1      -1      -1   125  0.028043415 0.2736490 0.1768317 0.14053346 0.12809076 0.06571281 0.03127401 0.04038789 0.006710235 0.027664893 0.013089485 0.011484433 3.350254e-02 0.0040843341 0.0189410176
   60    1      1      0    0      1      -1      -1   125  0.043465705 0.3059511 0.1839759 0.13338867 0.07039880 0.06876009 0.04912244 0.02160586 0.037840822 0.019101963 0.041829091 0.013596770 9.348193e-03 0.0007507055 0.0008638902
   64    1      1      0    0      1      -1      -1   125  0.047918866 0.2397326 0.1355982 0.16011226 0.13013463 0.12527723 0.01532550 0.02684829 0.051669861 0.004535636 0.006461862 0.041632685 3.702331e-03 0.0013122707 0.0097378404
   68    1      1      0    0      1      -1      -1   125  0.021965907 0.1949346 0.2284035 0.14882884 0.10150828 0.09991137 0.06066912 0.03981827 0.019005066 0.012676081 0.023609042 0.039858899 5.028003e-03 0.0003060778 0.0034768661
   72    1      1      0    0      1      -1      -1   125  0.014089341 0.2501948 0.1975007 0.13491544 0.10598195 0.05749443 0.03812027 0.07656668 0.023763182 0.051666754 0.032329867 0.001426858 5.776590e-03 0.0047822392 0.0053909081
   76    1      1      0    0      1      -1      -1   125  0.016411617 0.2855705 0.2239798 0.15633554 0.05785031 0.10058427 0.03833817 0.03995099 0.014949358 0.012311066 0.023486005 0.001112908 4.280015e-03 0.0032755868 0.0215639294
   80    1      1      0    0      1      -1      -1   125  0.058200771 0.1642393 0.1368083 0.19351785 0.09926771 0.10141513 0.11888519 0.04461965 0.019594072 0.011008977 0.011379441 0.013352251 8.199712e-03 0.0056680325 0.0138435918
   84    1      1      0    0      1      -1      -1   125  0.039996474 0.3434218 0.1780084 0.11753177 0.05467768 0.08042063 0.06767200 0.02644330 0.019207352 0.006954627 0.011553696 0.011631550 2.401755e-03 0.0075863681 0.0324925531
   88    1      1      0    0      1      -1      -1   125  0.015489706 0.2600800 0.2183023 0.13354833 0.11938148 0.07776932 0.06991684 0.02287576 0.013949633 0.009695835 0.005914914 0.033644248 3.486463e-03 0.0027432361 0.0132019038
   92    1      1      0    0      1      -1      -1   125  0.035719573 0.2078708 0.1630593 0.15352647 0.15338189 0.10061633 0.05036485 0.04122395 0.011702744 0.040417210 0.016162121 0.003713954 5.374593e-05 0.0051031061 0.0170839963
   96    1      1      0    0      1      -1      -1   125  0.029015114 0.1752248 0.2958197 0.09488844 0.13043394 0.07234560 0.06705104 0.06611094 0.018419877 0.005403845 0.007136568 0.006991780 9.516443e-03 0.0019392243 0.0197026785
  100    1      1      0    0      1      -1      -1   125  0.009521397 0.3323834 0.1661007 0.11267363 0.08647751 0.10271227 0.04661140 0.05424641 0.021305305 0.018033544 0.004919815 0.003983368 1.196479e-03 0.0029177943 0.0369169933
   76    1      2      0    0      1      -1      -1   500  0.138402318 0.2320480 0.1866377 0.12951444 0.07778915 0.05993057 0.05221776 0.02909168 0.026706862 0.020536210 0.010891691 0.012060156 8.214428e-03 0.0064242851 0.0095347790
   78    1      2      0    0      1      -1      -1   500  0.137740169 0.2276851 0.1841429 0.13149394 0.10061654 0.04624845 0.04724162 0.02620824 0.026828677 0.030127929 0.009600854 0.009377290 4.902413e-03 0.0040569539 0.0137289684
   80    1      2      0    0      1      -1      -1   500  0.160775797 0.2481404 0.1846941 0.09835639 0.07602038 0.06633758 0.07241401 0.02332280 0.020034887 0.009765520 0.015667706 0.003120796 6.710282e-03 0.0055078947 0.0091313977
   82    1      2      0    0      1      -1      -1   500  0.136504605 0.2186866 0.1617368 0.12520261 0.09125090 0.06584704 0.04622594 0.03757061 0.028388087 0.023869940 0.022603917 0.014340428 8.989365e-03 0.0071587520 0.0116244347
   84    1      2      0    0      1      -1      -1   500  0.125279273 0.2560682 0.1950726 0.13013544 0.07144026 0.05625374 0.04108428 0.02588010 0.026264873 0.011544207 0.022522475 0.008542359 9.736433e-03 0.0022711995 0.0179045059
   86    1      2      0    0      1      -1      -1   500  0.147333463 0.2288409 0.1550052 0.13567222 0.09001405 0.07018214 0.04119844 0.02131638 0.030589590 0.017314912 0.009008022 0.016748406 1.001773e-02 0.0112538467 0.0155047271
   88    1      2      0    0      1      -1      -1   500  0.127716127 0.2174760 0.1653384 0.15389638 0.07193855 0.06456611 0.06585210 0.05011912 0.026499095 0.017984623 0.008326946 0.011883627 4.134389e-03 0.0037637051 0.0105048256
   90    1      2      0    0      1      -1      -1   500  0.136406586 0.2432275 0.1897787 0.09315547 0.09801549 0.06586409 0.05006770 0.03844933 0.035886832 0.010298221 0.009535649 0.010619618 6.119955e-03 0.0045944320 0.0079804177
   92    1      2      0    0      1      -1      -1   500  0.122760330 0.2240171 0.1860438 0.14963005 0.07176689 0.06202062 0.04116066 0.02835958 0.045474873 0.026859419 0.009012389 0.008900411 7.041976e-03 0.0014841257 0.0154678090
   94    1      2      0    0      1      -1      -1   500  0.137795108 0.2445906 0.1532010 0.14195273 0.07745600 0.04564144 0.05142619 0.03324623 0.031408211 0.019908387 0.020422025 0.006819695 3.782625e-03 0.0134072370 0.0189424577
   96    1      2      0    0      1      -1      -1   500  0.147163159 0.2426249 0.1836334 0.12628812 0.10392553 0.05230730 0.03330046 0.03143648 0.012227402 0.016311997 0.014190953 0.010372233 5.451003e-03 0.0019466624 0.0188204383
   98    1      2      0    0      1      -1      -1   500  0.128487152 0.2250737 0.1757999 0.11005851 0.08478709 0.09261241 0.04420199 0.05518356 0.036430312 0.012763619 0.013868651 0.002116250 4.610489e-03 0.0003576445 0.0136487257
  100    1      2      0    0      1      -1      -1   500  0.139044455 0.2124837 0.1817366 0.11002559 0.09879665 0.06767887 0.06017029 0.02773820 0.022792265 0.020849935 0.012429397 0.009198407 8.555504e-03 0.0116993730 0.0168007782
   60    1      1      0    0      1       4       4     1  1.000000000 0.0000000 0.0000000 0.00000000 0.00000000 0.00000000 0.00000000 0.00000000 0.000000000 0.000000000 0.000000000 0.000000000 0.000000e+00 0.0000000000 0.0000000000
   60    1      1      0    0      1       5       5     2  2.000000000 0.0000000 0.0000000 0.00000000 0.00000000 0.00000000 0.00000000 0.00000000 0.000000000 0.000000000 0.000000000 0.000000000 0.000000e+00 0.0000000000 0.0000000000
   60    1      1      0    0      1       6       6     4  4.000000000 0.0000000 0.0000000 0.00000000 0.00000000 0.00000000 0.00000000 0.00000000 0.000000000 0.000000000 0.000000000 0.000000000 0.000000e+00 0.0000000000 0.0000000000
   60    1      1      0    0      1       9       9     4  4.000000000 0.0000000 0.0000000 0.00000000 0.00000000 0.00000000 0.00000000 0.00000000 0.000000000 0.000000000 0.000000000 0.000000000 0.000000e+00 0.0000000000 0.0000000000
   60    1      1      0    0      1      10      10     8  8.000000000 0.0000000 0.0000000 0.00000000 0.00000000 0.00000000 0.00000000 0.00000000 0.000000000 0.000000000 0.000000000 0.000000000 0.000000e+00 0.0000000000 0.0000000000
   60    1      1      0    0      1      11      11     5  5.000000000 0.0000000 0.0000000 0.00000000 0.00000000 0.00000000 0.00000000 0.00000000 0.000000000 0.000000000 0.000000000 0.000000000 0.000000e+00 0.0000000000 0.0000000000
   60    1      1      0    0      1      12      12     4  4.000000000 0.0000000 0.0000000 0.00000000 0.00000000 0.00000000 0.00000000 0.00000000 0.000000000 0.000000000 0.000000000 0.000000000 0.000000e+00 0.0000000000 0.0000000000
   60    1      1      0    0      1      13      13     2  2.000000000 0.0000000 0.0000000 0.00000000 0.00000000 0.00000000 0.00000000 0.00000000 0.000000000 0.000000000 0.000000000 0.000000000 0.000000e+00 0.0000000000 0.0000000000
   60    1      1      0    0      1      14      14     4  4.000000000 0.0000000 0.0000000 0.00000000 0.00000000 0.00000000 0.00000000 0.00000000 0.000000000 0.000000000 0.000000000 0.000000000 0.000000e+00 0.0000000000 0.0000000000
   60    1      1      0    0      1      15      15     2  2.000000000 0.0000000 0.0000000 0.00000000 0.00000000 0.00000000 0.00000000 0.00000000 0.000000000 0.000000000 0.000000000 0.000000000 0.000000e+00 0.0000000000 0.0000000000
   60    1      1      0    0      1      16      16     4  4.000000000 0.0000000 0.0000000 0.00000000 0.00000000 0.00000000 0.00000000 0.00000000 0.000000000 0.000000000 0.000000000 0.000000000 0.000000e+00 0.0000000000 0.0000000000
   60    1      1      0    0      1      17      17     6  6.000000000 0.0000000 0.0000000 0.00000000 0.00000000 0.00000000 0.00000000 0.00000000 0.000000000 0.000000000 0.000000000 0.000000000 0.000000e+00 0.0000000000 0.0000000000
   60    1      1      0    0      1      18      18     4  4.000000000 0.0000000 0.0000000 0.00000000 0.00000000 0.00000000 0.00000000 0.00000000 0.000000000 0.000000000 0.000000000 0.000000000 0.000000e+00 0.0000000000 0.0000000000
   60    1      1      0    0      1      19      19     5  5.000000000 0.0000000 0.0000000 0.00000000 0.00000000 0.00000000 0.00000000 0.00000000 0.000000000 0.000000000 0.000000000 0.000000000 0.000000e+00 0.0000000000 0.0000000000
   60    1      1      0    0      1      20      20     3  3.000000000 0.0000000 0.0000000 0.00000000 0.00000000 0.00000000 0.00000000 0.00000000 0.000000000 0.000000000 0.000000000 0.000000000 0.000000e+00 0.0000000000 0.0000000000
   60    1      1      0    0      1      22      22     4  4.000000000 0.0000000 0.0000000 0.00000000 0.00000000 0.00000000 0.00000000 0.00000000 0.000000000 0.000000000 0.000000000 0.000000000 0.000000e+00 0.0000000000 0.0000000000
   60    1      1      0    0      1      23      23     8  8.000000000 0.0000000 0.0000000 0.00000000 0.00000000 0.00000000 0.00000000 0.00000000 0.000000000 0.000000000 0.000000000 0.000000000 0.000000e+00 0.0000000000 0.0000000000
   60    1      1      0    0      1      24      24     2  2.000000000 0.0000000 0.0000000 0.00000000 0.00000000 0.00000000 0.00000000 0.00000000 0.000000000 0.000000000 0.000000000 0.000000000 0.000000e+00 0.0000000000 0.0000000000
   60    1      1      0    0      1      26      26     5  5.000000000 0.0000000 0.0000000 0.00000000 0.00000000 0.00000000 0.00000000 0.00000000 0.000000000 0.000000000 0.000000000 0.000000000 0.000000e+00 0.0000000000 0.0000000000
   60    1      1      0    0      1      27      27     3  3.000000000 0.0000000 0.0000000 0.00000000 0.00000000 0.00000000 0.00000000 0.00000000 0.000000000 0.000000000 0.000000000 0.000000000 0.000000e+00 0.0000000000 0.0000000000
   60    1      1      0    0      1      28      28     3  2.000000000 1.0000000 0.0000000 0.00000000 0.00000000 0.00000000 0.00000000 0.00000000 0.000000000 0.000000000 0.000000000 0.000000000 0.000000e+00 0.0000000000 0.0000000000
   60    1      1      0    0      1      29      29     4  2.000000000 2.0000000 0.0000000 0.00000000 0.00000000 0.00000000 0.00000000 0.00000000 0.000000000 0.000000000 0.000000000 0.000000000 0.000000e+00 0.0000000000 0.0000000000
   60    1      1      0    0      1      30      30     5  2.000000000 3.0000000 0.0000000 0.00000000 0.00000000 0.00000000 0.00000000 0.00000000 0.000000000 0.000000000 0.000000000 0.000000000 0.000000e+00 0.0000000000 0.0000000000
   60    1      1      0    0      1      31      31     1  0.000000000 1.0000000 0.0000000 0.00000000 0.00000000 0.00000000 0.00000000 0.00000000 0.000000000 0.000000000 0.000000000 0.000000000 0.000000e+00 0.0000000000 0.0000000000
   60    1      1      0    0      1      33      33     1  0.000000000 1.0000000 0.0000000 0.00000000 0.00000000 0.00000000 0.00000000 0.00000000 0.000000000 0.000000000 0.000000000 0.000000000 0.000000e+00 0.0000000000 0.0000000000
   60    1      1      0    0      1      34      34     2  0.000000000 2.0000000 0.0000000 0.00000000 0.00000000 0.00000000 0.00000000 0.00000000 0.000000000 0.000000000 0.000000000 0.000000000 0.000000e+00 0.0000000000 0.0000000000
   60    1      1      0    0      1      37      37     3  0.000000000 3.0000000 0.0000000 0.00000000 0.00000000 0.00000000 0.00000000 0.00000000 0.000000000 0.000000000 0.000000000 0.000000000 0.000000e+00 0.0000000000 0.0000000000
   60    1      1      0    0      1      38      38     1  0.000000000 1.0000000 0.0000000 0.00000000 0.00000000 0.00000000 0.00000000 0.00000000 0.000000000 0.000000000 0.000000000 0.000000000 0.000000e+00 0.0000000000 0.0000000000
  100    1      1      0    0      1       3       3     1  1.000000000 0.0000000 0.0000000 0.00000000 0.00000000 0.00000000 0.00000000 0.00000000 0.000000000 0.000000000 0.000000000 0.000000000 0.000000e+00 0.0000000000 0.0000000000
  100    1      1      0    0      1       8       8     2  2.000000000 0.0000000 0.0000000 0.00000000 0.00000000 0.00000000 0.00000000 0.00000000 0.000000000 0.000000000 0.000000000 0.000000000 0.000000e+00 0.0000000000 0.0000000000
  100    1      1      0    0      1       9       9     3  3.000000000 0.0000000 0.0000000 0.00000000 0.00000000 0.00000000 0.00000000 0.00000000 0.000000000 0.000000000 0.000000000 0.000000000 0.000000e+00 0.0000000000 0.0000000000
  100    1      1      0    0      1      10      10     2  2.000000000 0.0000000 0.0000000 0.00000000 0.00000000 0.00000000 0.00000000 0.00000000 0.000000000 0.000000000 0.000000000 0.000000000 0.000000e+00 0.0000000000 0.0000000000
  100    1      1      0    0      1      11      11     8  8.000000000 0.0000000 0.0000000 0.00000000 0.00000000 0.00000000 0.00000000 0.00000000 0.000000000 0.000000000 0.000000000 0.000000000 0.000000e+00 0.0000000000 0.0000000000
  100    1      1      0    0      1      12      12     6  6.000000000 0.0000000 0.0000000 0.00000000 0.00000000 0.00000000 0.00000000 0.00000000 0.000000000 0.000000000 0.000000000 0.000000000 0.000000e+00 0.0000000000 0.0000000000
  100    1      1      0    0      1      13      13     1  1.000000000 0.0000000 0.0000000 0.00000000 0.00000000 0.00000000 0.00000000 0.00000000 0.000000000 0.000000000 0.000000000 0.000000000 0.000000e+00 0.0000000000 0.0000000000
  100    1      1      0    0      1      14      14     5  5.000000000 0.0000000 0.0000000 0.00000000 0.00000000 0.00000000 0.00000000 0.00000000 0.000000000 0.000000000 0.000000000 0.000000000 0.000000e+00 0.0000000000 0.0000000000
  100    1      1      0    0      1      15      15     1  1.000000000 0.0000000 0.0000000 0.00000000 0.00000000 0.00000000 0.00000000 0.00000000 0.000000000 0.000000000 0.000000000 0.000000000 0.000000e+00 0.0000000000 0.0000000000
  100    1      1      0    0      1      16      16     5  5.000000000 0.0000000 0.0000000 0.00000000 0.00000000 0.00000000 0.00000000 0.00000000 0.000000000 0.000000000 0.000000000 0.000000000 0.000000e+00 0.0000000000 0.0000000000
  100    1      1      0    0      1      17      17     2  2.000000000 0.0000000 0.0000000 0.00000000 0.00000000 0.00000000 0.00000000 0.00000000 0.000000000 0.000000000 0.000000000 0.000000000 0.000000e+00 0.0000000000 0.0000000000
  100    1      1      0    0      1      18      18     4  4.000000000 0.0000000 0.0000000 0.00000000 0.00000000 0.00000000 0.00000000 0.00000000 0.000000000 0.000000000 0.000000000 0.000000000 0.000000e+00 0.0000000000 0.0000000000
  100    1      1      0    0      1      19      19     1  1.000000000 0.0000000 0.0000000 0.00000000 0.00000000 0.00000000 0.00000000 0.00000000 0.000000000 0.000000000 0.000000000 0.000000000 0.000000e+00 0.0000000000 0.0000000000
  100    1      1      0    0      1      20      20     1  1.000000000 0.0000000 0.0000000 0.00000000 0.00000000 0.00000000 0.00000000 0.00000000 0.000000000 0.000000000 0.000000000 0.000000000 0.000000e+00 0.0000000000 0.0000000000
  100    1      1      0    0      1      21      21     2  2.000000000 0.0000000 0.0000000 0.00000000 0.00000000 0.00000000 0.00000000 0.00000000 0.000000000 0.000000000 0.000000000 0.000000000 0.000000e+00 0.0000000000 0.0000000000
  100    1      1      0    0      1      22      22     3  3.000000000 0.0000000 0.0000000 0.00000000 0.00000000 0.00000000 0.00000000 0.00000000 0.000000000 0.000000000 0.000000000 0.000000000 0.000000e+00 0.0000000000 0.0000000000
  100    1      1      0    0      1      23      23     4  4.000000000 0.0000000 0.0000000 0.00000000 0.00000000 0.00000000 0.00000000 0.00000000 0.000000000 0.000000000 0.000000000 0.000000000 0.000000e+00 0.0000000000 0.0000000000
  100    1      1      0    0      1      24      24     1  1.000000000 0.0000000 0.0000000 0.00000000 0.00000000 0.00000000 0.00000000 0.00000000 0.000000000 0.000000000 0.000000000 0.000000000 0.000000e+00 0.0000000000 0.0000000000
  100    1      1      0    0      1      25      25     4  4.000000000 0.0000000 0.0000000 0.00000000 0.00000000 0.00000000 0.00000000 0.00000000 0.000000000 0.000000000 0.000000000 0.000000000 0.000000e+00 0.0000000000 0.0000000000
  100    1      1      0    0      1      26      26    10 10.000000000 0.0000000 0.0000000 0.00000000 0.00000000 0.00000000 0.00000000 0.00000000 0.000000000 0.000000000 0.000000000 0.000000000 0.000000e+00 0.0000000000 0.0000000000
  100    1      1      0    0      1      27      27     6  6.000000000 0.0000000 0.0000000 0.00000000 0.00000000 0.00000000 0.00000000 0.00000000 0.000000000 0.000000000 0.000000000 0.000000000 0.000000e+00 0.0000000000 0.0000000000
  100    1      1      0    0      1      28      28     6  5.000000000 1.0000000 0.0000000 0.00000000 0.00000000 0.00000000 0.00000000 0.00000000 0.000000000 0.000000000 0.000000000 0.000000000 0.000000e+00 0.0000000000 0.0000000000
  100    1      1      0    0      1      29      29     1  1.000000000 0.0000000 0.0000000 0.00000000 0.00000000 0.00000000 0.00000000 0.00000000 0.000000000 0.000000000 0.000000000 0.000000000 0.000000e+00 0.0000000000 0.0000000000
  100    1      1      0    0      1      30      30     2  0.000000000 2.0000000 0.0000000 0.00000000 0.00000000 0.00000000 0.00000000 0.00000000 0.000000000 0.000000000 0.000000000 0.000000000 0.000000e+00 0.0000000000 0.0000000000
  100    1      1      0    0      1      31      31     2  0.000000000 2.0000000 0.0000000 0.00000000 0.00000000 0.00000000 0.00000000 0.00000000 0.000000000 0.000000000 0.000000000 0.000000000 0.000000e+00 0.0000000000 0.0000000000
  100    1      1      0    0      1      32      32    10  1.000000000 9.0000000 0.0000000 0.00000000 0.00000000 0.00000000 0.00000000 0.00000000 0.000000000 0.000000000 0.000000000 0.000000000 0.000000e+00 0.0000000000 0.0000000000
  100    1      1      0    0      1      33      33     1  0.000000000 1.0000000 0.0000000 0.00000000 0.00000000 0.00000000 0.00000000 0.00000000 0.000000000 0.000000000 0.000000000 0.000000000 0.000000e+00 0.0000000000 0.0000000000
  100    1      1      0    0      1      34      34     3  0.000000000 3.0000000 0.0000000 0.00000000 0.00000000 0.00000000 0.00000000 0.00000000 0.000000000 0.000000000 0.000000000 0.000000000 0.000000e+00 0.0000000000 0.0000000000
  100    1      1      0    0      1      37      37     2  0.000000000 2.0000000 0.0000000 0.00000000 0.00000000 0.00000000 0.00000000 0.00000000 0.000000000 0.000000000 0.000000000 0.000000000 0.000000e+00 0.0000000000 0.0000000000
  100    1      1      0    0      1      39      39     1  0.000000000 1.0000000 0.0000000 0.00000000 0.00000000 0.00000000 0.00000000 0.00000000 0.000000000 0.000000000 0.000000000 0.000000000 0.000000e+00 0.0000000000 0.0000000000
0 #_N_MeanSize_at_Age_obs
0 #_N_environ_variables
0 #_N_environ_obs
0 #_N_sizefreq_methods
0 #_do_tags
0 #_morphcomp_data
#
999
