#C data file created using the SS_writedat function in the R package r4ss
#C should work with SS version: 
#C file write time: 2015-02-11 18:31:24
#
1 #_styr
100 #_endyr
1 #_nseas
12 #_months_per_seas
1 #_spawn_seas
1 #_Nfleet
2 #_Nsurveys
1 #_N_areas
Fishery%Survey%CPUE #_fleetnames
0.5 0.5 0.5 #_surveytiming_in_season
1 1 1 #_area_assignments_for_each_fishery_and_survey
1 #_units of catch:  1=bio; 2=num
0.01 #_se of log(catch) only used for init_eq_catch and for Fmethod 2 and 3
1 #_Ngenders
25 #_Nages
0 #_init_equil_catch_for_each_fishery
100 #_N_lines_of_catch_to_read
 #_Fishery year seas
         0    1    1
         0    2    1
         0    3    1
         0    4    1
         0    5    1
         0    6    1
         0    7    1
         0    8    1
         0    9    1
         0   10    1
         0   11    1
         0   12    1
         0   13    1
         0   14    1
         0   15    1
         0   16    1
         0   17    1
         0   18    1
         0   19    1
         0   20    1
         0   21    1
         0   22    1
         0   23    1
         0   24    1
         0   25    1
 444646000   26    1
 397608000   27    1
 357583000   28    1
 324161000   29    1
 296656000   30    1
 274240000   31    1
 256057000   32    1
 241314000   33    1
 229322000   34    1
 219511000   35    1
 211426000   36    1
 204710000   37    1
 199088000   38    1
 194347000   39    1
 190324000   40    1
 186891000   41    1
 183948000   42    1
 181416000   43    1
 179230000   44    1
 177337000   45    1
 175694000   46    1
 174266000   47    1
 173022000   48    1
 171937000   49    1
 170990000   50    1
 170161000   51    1
 169436000   52    1
 168801000   53    1
 168243000   54    1
 167755000   55    1
 167325000   56    1
 166948000   57    1
 166617000   58    1
 166326000   59    1
 166070000   60    1
 165844000   61    1
 165646000   62    1
 165471000   63    1
 165317000   64    1
 165182000   65    1
 165063000   66    1
 164958000   67    1
 164865000   68    1
 164784000   69    1
 164712000   70    1
 164649000   71    1
 164593000   72    1
 164544000   73    1
 164500000   74    1
 164462000   75    1
 164429000   76    1
 164399000   77    1
 164373000   78    1
 164350000   79    1
 164329000   80    1
 164311000   81    1
 164296000   82    1
 164282000   83    1
 164269000   84    1
 164258000   85    1
 164249000   86    1
 164240000   87    1
 164233000   88    1
 164227000   89    1
 164221000   90    1
 164216000   91    1
 164211000   92    1
 164207000   93    1
 164204000   94    1
 164201000   95    1
 164198000   96    1
 164195000   97    1
 164193000   98    1
 164192000   99    1
 164190000  100    1
13 #_N_cpue
 #_Fleet Units Errtype
       1     1       0
       2     1       0
       3     1       0
 #_year seas index        obs se_log
     76    1     2 1525036480    0.2
     78    1     2 1381729455    0.2
     80    1     2 1410185648    0.2
     82    1     2 1139702892    0.2
     84    1     2 1446528327    0.2
     86    1     2 1089195124    0.2
     88    1     2 1581185239    0.2
     90    1     2 1206448568    0.2
     92    1     2 1421465815    0.2
     94    1     2 1704548446    0.2
     96    1     2 1277290178    0.2
     98    1     2 1373168707    0.2
    100    1     2  805846095    0.2
0 #_N_discard_fleets
#_discard_units (1=same_as_catchunits(bio/num); 2=fraction; 3=numbers)
#_discard_errtype:  >0 for DF of T-dist(read CV below); 0 for normal with CV; -1 for normal with se; -2 for lognormal
0 #_N_discard
0 #_N_meanbodywt
1 #_DF_for_meanbodywt_T-distribution_like
2 # length bin method: 1=use databins; 2=generate from binwidth,min,max below; 3=read vector
1 # binwidth for population size comp
10 # minimum size in the population (lower edge of first bin and size at age 0.00)
200 # maximum size in the population (lower edge of last bin)
-0.001 #_comp_tail_compression
1e-05 #_add_to_comp
0 #_combine males into females at or below this bin number
45 #_N_lbins
#_lbin_vector
20 23 26 29 32 35 38 41 44 47 50 53 56 59 62 65 68 71 74 77 80 83 86 89 92 95 98 101 104 107 110 113 116 119 122 125 128 131 134 137 140 143 146 149 152
28 #_N_Length_comp_observations
 #_Yr Seas FltSvy Gender Part Nsamp           l20          l23          l26          l29          l32          l35          l38         l41         l44        l47        l50        l53        l56        l59        l62        l65        l68        l71        l74        l77        l80        l83         l86        l89        l92         l95        l98       l101        l104        l107        l110        l113        l116        l119        l122         l125         l128         l131         l134         l137         l140         l143         l146         l149         l152
   26    1      1      0    0   125  1.841650e-46 3.317818e-08 3.980263e-05 0.0079803970 0.0568756957 1.254880e-04 0.0036351206 0.010101445 0.008160877 0.05698359 0.01026209 0.01928996 0.01759702 0.01530890 0.03299093 0.03313342 0.02391996 0.02709989 0.01845755 0.04422757 0.04089579 0.04819892 0.033481642 0.02293864 0.09994184 0.023615903 0.02110860 0.04998825 0.008263889 0.041362062 0.037052869 0.025105817 0.014162074 0.030069708 0.015731518 0.0028652824 0.0049332167 0.0225679005 1.184844e-02 3.228203e-02 5.342394e-03 2.953232e-05 1.662352e-04 1.534248e-05 2.184234e-02
   36    1      1      0    0   125 1.655659e-236 1.175257e-12 1.439651e-03 0.0127636910 0.0109154815 2.119456e-02 0.0124198939 0.006492219 0.015927313 0.09111887 0.05447753 0.04729384 0.05482300 0.02965017 0.03513509 0.04769149 0.03807876 0.03715878 0.03056219 0.02367072 0.05314294 0.02853001 0.026717427 0.03205863 0.03086849 0.043765739 0.01778822 0.03046493 0.015574107 0.022660251 0.008561435 0.022221355 0.022909520 0.015873512 0.005377167 0.0167618293 0.0127001506 0.0058598904 1.428896e-02 6.329666e-04 7.961561e-05 5.689287e-07 2.152097e-12 2.347865e-15 2.349043e-03
   46    1      1      0    0   125 1.530607e-138 1.387835e-23 3.103007e-03 0.0233720317 0.0143953392 8.521676e-03 0.0025902783 0.015488673 0.031437628 0.05197967 0.05228331 0.05393666 0.03722323 0.04363785 0.02742222 0.04140164 0.04640416 0.07914030 0.02521684 0.01001896 0.04185635 0.03388826 0.063840129 0.03483884 0.04500440 0.048743990 0.01220885 0.02185823 0.031654751 0.011352049 0.020942925 0.011404883 0.008359420 0.022960453 0.005171108 0.0019197096 0.0029721037 0.0123336570 6.861639e-04 3.597886e-04 1.623935e-07 3.566665e-05 3.461497e-05 2.338962e-08 1.090470e-08
   56    1      1      0    0   125  0.000000e+00 1.190490e-08 4.595952e-04 0.0064290350 0.0066219247 4.818013e-03 0.0026740976 0.013670515 0.035136305 0.04764887 0.13079853 0.06963060 0.04039056 0.05160430 0.01717938 0.03999617 0.02522455 0.02829428 0.03945155 0.04431572 0.03965413 0.03781889 0.008106313 0.03023250 0.06171444 0.006341311 0.02811156 0.03312740 0.031794068 0.030135984 0.027225128 0.008003180 0.016387703 0.011188387 0.006876727 0.0049172088 0.0003038266 0.0023206120 7.414857e-03 1.049475e-03 3.783707e-06 6.874682e-06 2.474927e-06 1.151478e-06 2.917996e-03
   60    1      1      0    0   125 1.860656e-176 3.404307e-12 1.225388e-04 0.0128743386 0.0093164760 1.553406e-03 0.0013651698 0.003623036 0.056583947 0.04759057 0.07825298 0.02155890 0.03482691 0.08339979 0.07261965 0.06131973 0.03959673 0.02956988 0.03135467 0.01403952 0.04266653 0.04260806 0.018007784 0.02091804 0.06132888 0.027192000 0.02048016 0.02023620 0.022973735 0.026487236 0.008457553 0.013433316 0.005715764 0.016307539 0.009040730 0.0095252243 0.0064927129 0.0057495120 1.764835e-02 4.876708e-03 3.082261e-10 2.428535e-04 3.113426e-06 3.975060e-05 4.911300e-13
   64    1      1      0    0   125 8.825530e-287 3.117788e-03 2.580862e-03 0.0035795369 0.0008201945 1.271960e-02 0.0086104996 0.013316109 0.042298742 0.06048406 0.06226997 0.04163910 0.01408318 0.04550318 0.02962546 0.03523279 0.03596088 0.05467744 0.02819061 0.04605684 0.02245615 0.01927237 0.057358632 0.02925996 0.02718463 0.034737310 0.04688037 0.03201689 0.012744111 0.026625969 0.035889804 0.018369678 0.015363170 0.010996917 0.004338695 0.0072397518 0.0005989777 0.0004676674 9.145381e-04 2.460552e-02 6.383797e-03 6.439548e-05 2.533309e-02 2.697104e-07 1.304919e-04
   68    1      1      0    0   125 6.442173e-176 1.486428e-36 2.525668e-02 0.0100718668 0.0011616691 6.810359e-05 0.0042129594 0.009623809 0.027600839 0.04756297 0.08547616 0.05041585 0.05675700 0.01634398 0.02860766 0.03349479 0.07787902 0.06763170 0.03226247 0.01797337 0.02797545 0.03864194 0.049690976 0.02715909 0.02361880 0.026806819 0.02647059 0.02079262 0.039143611 0.024367823 0.010721839 0.026170592 0.014132901 0.006795753 0.019054536 0.0062931455 0.0052451935 0.0008306716 1.806614e-05 3.620527e-03 3.985384e-04 2.268484e-04 7.479467e-04 8.389643e-04 7.835860e-03
   72    1      1      0    0   125 2.662272e-205 4.299786e-15 1.855389e-04 0.0092594888 0.0038105448 4.213113e-05 0.0001086435 0.006661243 0.031344625 0.09399270 0.05470478 0.07385355 0.05394932 0.04496064 0.02345585 0.05851092 0.02097039 0.04870535 0.05485302 0.02596786 0.02622858 0.02792286 0.032897407 0.07103986 0.02149752 0.035667307 0.02967026 0.01852624 0.019785295 0.013040091 0.029252569 0.015469693 0.013219109 0.008509920 0.007374032 0.0068902044 0.0045659012 0.0083288047 2.551093e-03 1.105957e-05 2.081151e-03 1.330887e-04 1.412585e-07 3.755647e-15 1.221502e-06
   76    1      1      0    0   125  6.262896e-26 1.632521e-15 5.704145e-04 0.0102574844 0.0053013233 9.047643e-03 0.0085461271 0.005959805 0.065057462 0.05845313 0.03665501 0.04365441 0.03744475 0.04049412 0.06270467 0.02411222 0.05195432 0.02491567 0.02300448 0.06512694 0.03249389 0.03608714 0.036814234 0.05598170 0.04688580 0.016374900 0.03337957 0.03154241 0.029851358 0.008335610 0.017925647 0.027289149 0.016778893 0.008832811 0.001322131 0.0118462746 0.0009242763 0.0013903558 7.954314e-04 1.606766e-05 2.645983e-04 1.090322e-02 2.988093e-13 1.695547e-23 7.045477e-04
   80    1      1      0    0   125  9.509478e-67 1.911595e-06 2.886432e-03 0.0086008726 0.0117823136 1.042943e-02 0.0008564522 0.031601630 0.024537283 0.11533673 0.06689471 0.04743724 0.03118034 0.03239481 0.02468060 0.03877300 0.06484007 0.03409692 0.05450362 0.02791271 0.02505142 0.02531843 0.017183869 0.03116635 0.02684070 0.035298184 0.03150354 0.03452314 0.013807684 0.014879197 0.013695820 0.028132285 0.011041597 0.016411204 0.001482766 0.0069053472 0.0012153163 0.0046487630 2.773245e-03 2.704646e-02 2.288509e-03 3.714087e-05 1.973983e-06 2.890430e-12 4.397139e-09
   84    1      1      0    0   125  3.608214e-52 3.133695e-13 3.480628e-03 0.0097325372 0.0154212818 1.157097e-05 0.0040652724 0.010451115 0.057149290 0.08043501 0.03607459 0.04812200 0.04886741 0.02374714 0.06015331 0.06641793 0.08421773 0.01801343 0.05851909 0.01419960 0.03855425 0.03191651 0.027103678 0.04197731 0.03901954 0.034815012 0.02116777 0.01146730 0.006512830 0.024062895 0.025337845 0.007143890 0.018279360 0.002604676 0.005803914 0.0035271473 0.0129572804 0.0023219839 5.405382e-03 8.031035e-04 1.902274e-05 7.302193e-05 4.732094e-05 7.150628e-13 3.466760e-08
   88    1      1      0    0   125 3.378584e-107 9.729613e-35 2.957142e-05 0.0014322130 0.0161139693 1.815974e-02 0.0083521315 0.008762124 0.045116086 0.03636555 0.10105050 0.03602198 0.06530537 0.02998103 0.03246361 0.04238603 0.03345175 0.05166908 0.02704842 0.05311439 0.03579482 0.02977387 0.016534263 0.03421862 0.01250054 0.059231378 0.02076886 0.03211895 0.009305275 0.028918078 0.022099902 0.027184048 0.021959376 0.003237542 0.001128861 0.0004496737 0.0114070977 0.0049475438 1.839061e-02 1.380193e-03 1.563287e-06 3.876496e-04 8.225308e-06 2.608728e-04 1.168638e-03
   92    1      1      0    0   125  3.295982e-35 2.056788e-04 4.798230e-03 0.0057876503 0.0114705057 1.777681e-02 0.0021194476 0.012891446 0.025761653 0.05806837 0.05226280 0.04509606 0.03687357 0.03586402 0.01133525 0.07133990 0.03047149 0.02570145 0.02985787 0.03189600 0.03806613 0.03221229 0.040216812 0.03641685 0.03476429 0.040491856 0.04668771 0.01098706 0.026468747 0.018511921 0.017603295 0.009916444 0.030166163 0.058070686 0.003275297 0.0197811484 0.0145783670 0.0049375658 1.142246e-03 1.043299e-03 1.433697e-04 4.940205e-03 2.234457e-11 5.109845e-08 4.032817e-11
   96    1      1      0    0   125  4.227510e-07 9.631847e-09 1.888712e-04 0.0002755157 0.0225180337 6.340069e-03 0.0071605421 0.032947393 0.025129370 0.05798441 0.04180838 0.05818889 0.03386898 0.04362268 0.05359186 0.05457381 0.07531290 0.03469552 0.02893472 0.03216957 0.02832112 0.06374453 0.032306374 0.01722986 0.01684423 0.021779243 0.05233655 0.01161830 0.023627204 0.035143676 0.011112672 0.016432956 0.008501955 0.003372409 0.016177632 0.0148674840 0.0075323599 0.0006872946 3.516628e-03 2.692360e-03 7.307980e-11 2.768218e-03 7.496462e-05 1.181409e-09 2.880232e-08
  100    1      1      0    0   125 2.380923e-140 9.545157e-27 2.934841e-03 0.0212736741 0.0210536106 1.064050e-02 0.0002292477 0.015914705 0.048496277 0.08265498 0.06454154 0.04353908 0.03333888 0.01942333 0.01698323 0.03133998 0.04458450 0.04752445 0.05669758 0.08010739 0.01844728 0.02250147 0.046229418 0.01281853 0.01531897 0.025823420 0.01686595 0.01616124 0.022699230 0.036716256 0.020346013 0.006824211 0.030615728 0.021212130 0.010862355 0.0115202587 0.0070514949 0.0119967412 4.372888e-03 2.337344e-07 2.700656e-05 1.491719e-04 1.073879e-05 1.512369e-04 2.191415e-07
   76    1      2      0    0   500  1.241296e-06 5.063349e-05 1.158082e-02 0.0435947077 0.0780722660 1.823391e-02 0.0084731872 0.021046624 0.053819194 0.04721722 0.06358509 0.03913393 0.04136669 0.01932612 0.03037173 0.04192174 0.04704355 0.02458019 0.02370453 0.02709708 0.04901764 0.04303939 0.031356447 0.02755466 0.01152387 0.023245752 0.02614924 0.01252611 0.026138674 0.019150357 0.011279293 0.012555190 0.016277186 0.011320787 0.012127963 0.0058829493 0.0043671690 0.0021978820 2.438104e-03 4.702255e-03 6.269294e-03 1.379539e-05 1.179943e-05 6.129318e-04 2.080384e-05
   78    1      2      0    0   500  4.194797e-05 6.512589e-03 1.360901e-02 0.0523154259 0.0372800333 2.354795e-02 0.0225053633 0.024832710 0.033426581 0.05885998 0.05532703 0.04790467 0.02809997 0.02851191 0.02533269 0.03106893 0.03497380 0.03930116 0.03810713 0.03876774 0.02416798 0.02635866 0.020029794 0.03930416 0.02264495 0.024168424 0.02781206 0.02408582 0.021770234 0.022288711 0.018070350 0.021657973 0.012418418 0.015937060 0.017529365 0.0067082028 0.0029659655 0.0004495396 1.165281e-03 2.975833e-03 9.059968e-04 6.178352e-03 2.836694e-06 4.007758e-05 3.733617e-05
   80    1      2      0    0   500  4.285483e-18 2.330733e-04 2.108122e-02 0.0532446845 0.0458894766 1.749533e-02 0.0171384170 0.036020979 0.042038922 0.05952934 0.04925409 0.03699030 0.02049078 0.03845440 0.03989104 0.04191810 0.02846387 0.03014249 0.03849841 0.03110109 0.02710966 0.04429614 0.024259316 0.03026090 0.02981555 0.018958271 0.03116509 0.01609099 0.014799087 0.011256368 0.014158392 0.011917262 0.020245511 0.015737034 0.011841917 0.0148061529 0.0060690713 0.0044588630 1.266746e-03 2.910661e-04 1.156866e-03 3.115816e-07 3.946770e-05 1.839842e-03 2.841158e-04
   82    1      2      0    0   500  1.798985e-22 2.331426e-03 2.506854e-02 0.0468938800 0.0401332652 2.924788e-02 0.0077353156 0.021237569 0.046961055 0.05965079 0.04897367 0.04134074 0.03556792 0.04082153 0.04228904 0.04372590 0.04345474 0.03677846 0.01924032 0.01997628 0.03053037 0.03575468 0.025629798 0.03930665 0.01946126 0.030715051 0.03029975 0.02057157 0.013711862 0.008615368 0.010580159 0.014246853 0.023413134 0.009701835 0.010052573 0.0051337686 0.0026992887 0.0052870172 3.828604e-03 9.510020e-05 1.325465e-03 7.537105e-04 1.967813e-03 8.245187e-05 4.807563e-03
   84    1      2      0    0   500  8.418093e-19 9.871416e-04 1.837416e-02 0.0723796376 0.0383376199 1.545465e-02 0.0063929719 0.032049106 0.039453046 0.08239620 0.03712368 0.03955253 0.03551188 0.02506419 0.04158638 0.03612395 0.01800181 0.04618917 0.04691856 0.03998750 0.02610639 0.01863377 0.026957594 0.03146826 0.02219499 0.033331612 0.03020699 0.01542533 0.027800249 0.019792654 0.011888742 0.011226753 0.013888906 0.007962580 0.006675029 0.0060288086 0.0018012662 0.0073442107 2.002758e-03 5.651842e-03 1.753675e-04 5.128781e-04 3.183943e-05 1.004198e-03 2.779725e-06
   86    1      2      0    0   500  6.546820e-20 9.963122e-04 2.393561e-02 0.0293196376 0.0507437094 1.755869e-02 0.0215430636 0.040644800 0.045946941 0.05057334 0.06102970 0.04338408 0.04503523 0.03775815 0.03679505 0.03870546 0.03355882 0.03891549 0.02124005 0.02278678 0.03419146 0.03192106 0.022714527 0.02930649 0.01488799 0.023733712 0.02613432 0.02348875 0.015543697 0.021995759 0.016088986 0.004249391 0.005856008 0.014199317 0.016963997 0.0214952188 0.0012440641 0.0051981206 2.660986e-03 5.886997e-03 1.268852e-04 4.291754e-04 5.999246e-04 6.015851e-05 5.520894e-04
   88    1      2      0    0   500  4.320516e-23 2.930532e-03 1.572113e-02 0.0489171328 0.0428358631 1.731005e-02 0.0237848159 0.020257121 0.044672986 0.04706089 0.06014567 0.04143914 0.03146977 0.02896684 0.03182670 0.04986984 0.05780452 0.02770251 0.02774984 0.04017962 0.03062933 0.02097213 0.037458877 0.01645849 0.02699626 0.015445712 0.02537822 0.03291484 0.022646876 0.022519643 0.018831644 0.015150057 0.009188313 0.009824134 0.011716692 0.0073879346 0.0027582026 0.0023729417 7.479441e-04 5.950738e-03 1.236237e-03 9.097996e-04 1.122380e-03 7.188710e-04 1.877347e-05
   90    1      2      0    0   500  1.373322e-07 1.196191e-03 1.823653e-02 0.0486817073 0.0546317922 1.926924e-02 0.0028182931 0.024339876 0.058901521 0.04435216 0.06445681 0.04696781 0.03170175 0.03003509 0.02453902 0.03557643 0.04562102 0.03832476 0.03649914 0.02270872 0.02614731 0.02894632 0.020748275 0.02454616 0.01963470 0.014176437 0.03927838 0.02740868 0.015025762 0.007717731 0.022451645 0.022121065 0.026004794 0.013608584 0.008146617 0.0085126156 0.0052966234 0.0067333578 1.189350e-02 7.687255e-04 1.832811e-03 1.309466e-04 6.908484e-06 6.406698e-07 3.392402e-06
   92    1      2      0    0   500  5.215534e-24 2.991828e-03 2.045052e-02 0.0495383275 0.0512299100 1.073350e-02 0.0136809445 0.020400663 0.061916246 0.07286447 0.06709278 0.04394018 0.02754646 0.05934980 0.03689651 0.03428164 0.02094770 0.03257962 0.04255520 0.02150859 0.02433543 0.02331008 0.011387064 0.02745291 0.01975538 0.026628383 0.01931589 0.03600430 0.018163410 0.024068016 0.015342610 0.012668335 0.015736093 0.006542523 0.010681378 0.0063598730 0.0038530448 0.0013508087 1.626370e-03 1.190640e-03 1.007626e-03 6.489179e-04 4.490228e-06 1.626824e-03 4.347208e-04
   94    1      2      0    0   500  7.979100e-23 1.398444e-03 1.946036e-02 0.0501980657 0.0452705633 1.651146e-02 0.0217457839 0.030860186 0.045807477 0.04816681 0.04979781 0.04865302 0.04365567 0.03657304 0.02499937 0.04782336 0.03777905 0.02789909 0.04171804 0.03995178 0.03783365 0.03893189 0.036177388 0.01509386 0.02940288 0.016149259 0.02706667 0.01404688 0.017234593 0.018147021 0.017812799 0.007770915 0.013370665 0.009020877 0.007427291 0.0057353357 0.0028553590 0.0020553364 1.096605e-04 1.723941e-03 7.936649e-04 5.811638e-05 1.364263e-03 1.291591e-03 2.567245e-04
   96    1      2      0    0   500  8.798339e-24 4.620145e-04 1.084426e-02 0.0553843605 0.0430913185 1.283304e-02 0.0095013016 0.027391227 0.041215645 0.06512647 0.04964177 0.03097948 0.03274290 0.03112316 0.02242342 0.04618848 0.05141650 0.04325325 0.02445209 0.03015002 0.03596986 0.04875779 0.023716762 0.02502874 0.02155993 0.026520174 0.03028175 0.02702850 0.027919750 0.010104257 0.007825152 0.021374457 0.025101013 0.013493947 0.009266988 0.0035705812 0.0050965743 0.0034789328 1.764849e-03 6.294204e-04 1.354647e-03 6.869184e-04 8.580290e-04 4.933280e-07 3.897921e-04
   98    1      2      0    0   500  6.165471e-08 3.175137e-05 2.055050e-02 0.0580564155 0.0369988367 1.366747e-02 0.0087573731 0.029327924 0.045043030 0.04493854 0.04933076 0.02577609 0.04766283 0.02752470 0.04151746 0.04313319 0.04548235 0.03537732 0.02393385 0.03515305 0.02195767 0.03175675 0.040726524 0.02590998 0.02864945 0.030566832 0.02981802 0.01662943 0.010076189 0.021391160 0.017374388 0.017792916 0.009488863 0.019872782 0.010625666 0.0119645819 0.0043473511 0.0081602295 6.396292e-03 2.198502e-03 1.982005e-03 6.827594e-07 4.876605e-05 3.541469e-08 1.418349e-06
  100    1      2      0    0   500  2.264419e-19 1.410676e-02 1.174920e-02 0.0452350612 0.0476672816 2.085908e-02 0.0106932922 0.023903442 0.061771208 0.06275692 0.05322308 0.03791910 0.03167174 0.03766325 0.02772122 0.02671230 0.02958285 0.03655910 0.04608514 0.03445138 0.01989866 0.01714659 0.022284681 0.04654420 0.01819274 0.017321470 0.02078961 0.01103240 0.019679434 0.024639155 0.018718909 0.021198385 0.018797237 0.034283882 0.002482947 0.0091600030 0.0116610406 0.0032405072 9.521584e-04 1.038858e-03 7.277946e-05 1.824490e-05 9.816121e-05 3.161605e-05 3.849108e-04
15 #_N_agebins
#_agebin_vector
1 2 3 4 5 6 7 8 9 10 11 12 13 14 15
1 #_N_ageerror_definitions
 #_age0   age1   age2   age3   age4   age5   age6   age7   age8   age9  age10  age11  age12  age13  age14  age15  age16  age17  age18  age19  age20  age21  age22  age23  age24  age25
 -1.000 -1.000 -1.000 -1.000 -1.000 -1.000 -1.000 -1.000 -1.000 -1.000 -1.000 -1.000 -1.000 -1.000 -1.000 -1.000 -1.000 -1.000 -1.000 -1.000 -1.000 -1.000 -1.000 -1.000 -1.000 -1.000
  0.001  0.001  0.001  0.001  0.001  0.001  0.001  0.001  0.001  0.001  0.001  0.001  0.001  0.001  0.001  0.001  0.001  0.001  0.001  0.001  0.001  0.001  0.001  0.001  0.001  0.001
94 #_N_agecomp
1 #_Lbin_method: 1=poplenbins; 2=datalenbins; 3=lengths
-1 #_combine males into females at or below this bin number
 #_Yr Seas FltSvy Gender Part Ageerr Lbin_lo Lbin_hi Nsamp           a1        a2        a3         a4         a5         a6         a7         a8          a9         a10         a11         a12          a13          a14         a15
   26    1      1      0    0      1      -1      -1   125  0.022376361 0.1701046 0.1449543 0.13319337 0.08640131 0.05143836 0.07486907 0.03984510 0.045179305 0.056070340 0.052483435 0.021135716 0.0237721928 1.323488e-02 0.064941593
   36    1      1      0    0      1      -1      -1   125  0.039586914 0.2360439 0.2135905 0.11391866 0.09937004 0.06437598 0.04946576 0.02534897 0.044790865 0.017013627 0.018940599 0.004694647 0.0029650561 2.209846e-02 0.047796083
   46    1      1      0    0      1      -1      -1   125  0.053046808 0.2559519 0.1692213 0.11011316 0.10276483 0.07734885 0.04351844 0.09199745 0.020283312 0.013904328 0.026007683 0.017721636 0.0051386792 2.508094e-04 0.012730868
   56    1      1      0    0      1      -1      -1   125  0.030322191 0.2997717 0.2122680 0.14526522 0.10778255 0.08768228 0.04268590 0.03711963 0.004782757 0.001759660 0.005798577 0.008792276 0.0004884232 5.768876e-03 0.009711914
   60    1      1      0    0      1      -1      -1   125  0.045657347 0.2523140 0.1703759 0.10712596 0.11348555 0.09187949 0.07242860 0.06320203 0.029539119 0.004578575 0.011007269 0.002084363 0.0105905817 3.549039e-03 0.022182141
   64    1      1      0    0      1      -1      -1   125  0.044406888 0.3140414 0.2171459 0.10991406 0.06899980 0.07739092 0.03850588 0.04507195 0.008798565 0.023646523 0.012135802 0.013129256 0.0074077930 7.007625e-03 0.012397671
   68    1      1      0    0      1      -1      -1   125  0.051405242 0.2076490 0.2483671 0.14431168 0.08386479 0.08109935 0.04918525 0.03546781 0.026675277 0.017830914 0.022893520 0.015931007 0.0003748012 3.945163e-03 0.010999139
   72    1      1      0    0      1      -1      -1   125  0.030449169 0.2586142 0.1514870 0.10411380 0.13528000 0.07659262 0.06729285 0.05035792 0.041188917 0.021313365 0.045114405 0.000429506 0.0069271609 2.105801e-03 0.008733233
   76    1      1      0    0      1      -1      -1   125  0.009590810 0.2178563 0.1798479 0.20888659 0.09817452 0.10889556 0.08121114 0.01085548 0.019857359 0.023485090 0.006646604 0.003586959 0.0134253698 2.633027e-03 0.015047352
   80    1      1      0    0      1      -1      -1   125  0.007154344 0.2241974 0.2184391 0.12153069 0.09998575 0.11448097 0.04797744 0.05548720 0.020131381 0.021241803 0.025556228 0.032597352 0.0029818428 1.879616e-04 0.008050541
   84    1      1      0    0      1      -1      -1   125  0.071642120 0.2068909 0.2174343 0.12613106 0.10207024 0.09661048 0.06626965 0.03270526 0.025548563 0.015282038 0.006042847 0.016033077 0.0078246934 6.267211e-05 0.009452085
   88    1      1      0    0      1      -1      -1   125  0.052426004 0.2453026 0.1682754 0.16618404 0.12392440 0.08227627 0.03799882 0.02283127 0.021814448 0.029390452 0.013893742 0.014377386 0.0045000062 6.045682e-03 0.010759411
   92    1      1      0    0      1      -1      -1   125  0.028227830 0.2817014 0.1760841 0.18340883 0.09166863 0.06950869 0.01897392 0.03305920 0.071691702 0.010291394 0.012618458 0.007782830 0.0091352723 3.907202e-04 0.005457024
   96    1      1      0    0      1      -1      -1   125  0.057487592 0.2039464 0.2210432 0.13193368 0.08193591 0.08500600 0.05845432 0.03956220 0.030730627 0.019641444 0.014425197 0.034670670 0.0064596289 6.848728e-03 0.007854345
  100    1      1      0    0      1      -1      -1   125  0.060936734 0.2010743 0.2384217 0.11619489 0.13034347 0.04283038 0.05611813 0.02361864 0.021325020 0.086636652 0.004989675 0.006221761 0.0007018878 4.046487e-03 0.006540315
   76    1      2      0    0      1      -1      -1   500  0.143837531 0.2227676 0.1680480 0.09137126 0.09042925 0.06638737 0.05587143 0.03128164 0.018598574 0.037872358 0.012372541 0.010595193 0.0304694303 4.751179e-03 0.015346644
   78    1      2      0    0      1      -1      -1   500  0.123518198 0.2004022 0.1724510 0.14076382 0.10105355 0.05821602 0.05046144 0.02979975 0.027490950 0.034642793 0.015310353 0.010029922 0.0061448236 9.798836e-03 0.019916371
   80    1      2      0    0      1      -1      -1   500  0.123890731 0.2260408 0.1470383 0.12922586 0.07813723 0.07445562 0.04403503 0.06399168 0.026489946 0.042916329 0.015782827 0.009674386 0.0026000999 1.785043e-03 0.013936070
   82    1      2      0    0      1      -1      -1   500  0.151283819 0.2552949 0.1671419 0.10219370 0.09854158 0.05683338 0.04436308 0.02921372 0.024274123 0.012458547 0.011875110 0.005521575 0.0152757210 2.162057e-03 0.023566752
   84    1      2      0    0      1      -1      -1   500  0.154292446 0.2501544 0.1548657 0.11853531 0.08560981 0.06091306 0.04371470 0.03629978 0.028969526 0.023049621 0.013866624 0.007727236 0.0114819266 3.330381e-03 0.007189512
   86    1      2      0    0      1      -1      -1   500  0.141434824 0.2349749 0.1725768 0.11443042 0.07353751 0.05847164 0.04154572 0.04259333 0.030236518 0.026941594 0.009060267 0.005438280 0.0067771747 4.922467e-03 0.037058526
   88    1      2      0    0      1      -1      -1   500  0.140686248 0.2318436 0.1404240 0.16585015 0.08286656 0.05402270 0.04289452 0.03767621 0.034091411 0.022396612 0.012794622 0.008880736 0.0034588006 4.213011e-03 0.017900794
   90    1      2      0    0      1      -1      -1   500  0.141034032 0.2446935 0.1574724 0.10395785 0.08594051 0.07865080 0.05700805 0.04039708 0.022955258 0.014623255 0.012863381 0.008663321 0.0113545998 2.121904e-03 0.018264033
   92    1      2      0    0      1      -1      -1   500  0.138816726 0.2321457 0.1777466 0.12824026 0.08994340 0.07299651 0.04737075 0.02543855 0.027499717 0.024630216 0.012079194 0.015420954 0.0031738077 1.178802e-03 0.003318839
   94    1      2      0    0      1      -1      -1   500  0.117713244 0.2354261 0.1692095 0.11950532 0.09977552 0.06203705 0.04184777 0.02350210 0.037458081 0.023352291 0.015508544 0.010025617 0.0096627674 1.880621e-02 0.016169932
   96    1      2      0    0      1      -1      -1   500  0.153950481 0.2140747 0.1671006 0.11445279 0.09417959 0.07992941 0.03544588 0.03335419 0.034257034 0.021228689 0.012823249 0.013769834 0.0086728032 2.537341e-03 0.014223403
   98    1      2      0    0      1      -1      -1   500  0.144542236 0.2548705 0.1621839 0.12097284 0.08619315 0.05223347 0.04656574 0.04571770 0.019836615 0.017453580 0.007618169 0.016286585 0.0072843310 6.782715e-03 0.011458514
  100    1      2      0    0      1      -1      -1   500  0.150281059 0.1931238 0.1654996 0.14227827 0.09103452 0.07569351 0.04426686 0.04163427 0.018081572 0.017721375 0.022030577 0.009864426 0.0050141170 3.720138e-03 0.019755935
   60    1      1      0    0      1       4       4     2  2.000000000 0.0000000 0.0000000 0.00000000 0.00000000 0.00000000 0.00000000 0.00000000 0.000000000 0.000000000 0.000000000 0.000000000 0.0000000000 0.000000e+00 0.000000000
   60    1      1      0    0      1       5       5     1  1.000000000 0.0000000 0.0000000 0.00000000 0.00000000 0.00000000 0.00000000 0.00000000 0.000000000 0.000000000 0.000000000 0.000000000 0.0000000000 0.000000e+00 0.000000000
   60    1      1      0    0      1       8       8     2  2.000000000 0.0000000 0.0000000 0.00000000 0.00000000 0.00000000 0.00000000 0.00000000 0.000000000 0.000000000 0.000000000 0.000000000 0.0000000000 0.000000e+00 0.000000000
   60    1      1      0    0      1       9       9    10 10.000000000 0.0000000 0.0000000 0.00000000 0.00000000 0.00000000 0.00000000 0.00000000 0.000000000 0.000000000 0.000000000 0.000000000 0.0000000000 0.000000e+00 0.000000000
   60    1      1      0    0      1      10      10     2  2.000000000 0.0000000 0.0000000 0.00000000 0.00000000 0.00000000 0.00000000 0.00000000 0.000000000 0.000000000 0.000000000 0.000000000 0.0000000000 0.000000e+00 0.000000000
   60    1      1      0    0      1      11      11     8  8.000000000 0.0000000 0.0000000 0.00000000 0.00000000 0.00000000 0.00000000 0.00000000 0.000000000 0.000000000 0.000000000 0.000000000 0.0000000000 0.000000e+00 0.000000000
   60    1      1      0    0      1      12      12     1  1.000000000 0.0000000 0.0000000 0.00000000 0.00000000 0.00000000 0.00000000 0.00000000 0.000000000 0.000000000 0.000000000 0.000000000 0.0000000000 0.000000e+00 0.000000000
   60    1      1      0    0      1      13      13     3  3.000000000 0.0000000 0.0000000 0.00000000 0.00000000 0.00000000 0.00000000 0.00000000 0.000000000 0.000000000 0.000000000 0.000000000 0.0000000000 0.000000e+00 0.000000000
   60    1      1      0    0      1      14      14     2  2.000000000 0.0000000 0.0000000 0.00000000 0.00000000 0.00000000 0.00000000 0.00000000 0.000000000 0.000000000 0.000000000 0.000000000 0.0000000000 0.000000e+00 0.000000000
   60    1      1      0    0      1      15      15     8  8.000000000 0.0000000 0.0000000 0.00000000 0.00000000 0.00000000 0.00000000 0.00000000 0.000000000 0.000000000 0.000000000 0.000000000 0.0000000000 0.000000e+00 0.000000000
   60    1      1      0    0      1      16      16     4  4.000000000 0.0000000 0.0000000 0.00000000 0.00000000 0.00000000 0.00000000 0.00000000 0.000000000 0.000000000 0.000000000 0.000000000 0.0000000000 0.000000e+00 0.000000000
   60    1      1      0    0      1      17      17     3  3.000000000 0.0000000 0.0000000 0.00000000 0.00000000 0.00000000 0.00000000 0.00000000 0.000000000 0.000000000 0.000000000 0.000000000 0.0000000000 0.000000e+00 0.000000000
   60    1      1      0    0      1      18      18     2  2.000000000 0.0000000 0.0000000 0.00000000 0.00000000 0.00000000 0.00000000 0.00000000 0.000000000 0.000000000 0.000000000 0.000000000 0.0000000000 0.000000e+00 0.000000000
   60    1      1      0    0      1      19      19     2  2.000000000 0.0000000 0.0000000 0.00000000 0.00000000 0.00000000 0.00000000 0.00000000 0.000000000 0.000000000 0.000000000 0.000000000 0.0000000000 0.000000e+00 0.000000000
   60    1      1      0    0      1      20      20     1  1.000000000 0.0000000 0.0000000 0.00000000 0.00000000 0.00000000 0.00000000 0.00000000 0.000000000 0.000000000 0.000000000 0.000000000 0.0000000000 0.000000e+00 0.000000000
   60    1      1      0    0      1      21      21     4  4.000000000 0.0000000 0.0000000 0.00000000 0.00000000 0.00000000 0.00000000 0.00000000 0.000000000 0.000000000 0.000000000 0.000000000 0.0000000000 0.000000e+00 0.000000000
   60    1      1      0    0      1      22      22     9  9.000000000 0.0000000 0.0000000 0.00000000 0.00000000 0.00000000 0.00000000 0.00000000 0.000000000 0.000000000 0.000000000 0.000000000 0.0000000000 0.000000e+00 0.000000000
   60    1      1      0    0      1      23      23     1  1.000000000 0.0000000 0.0000000 0.00000000 0.00000000 0.00000000 0.00000000 0.00000000 0.000000000 0.000000000 0.000000000 0.000000000 0.0000000000 0.000000e+00 0.000000000
   60    1      1      0    0      1      24      24     2  2.000000000 0.0000000 0.0000000 0.00000000 0.00000000 0.00000000 0.00000000 0.00000000 0.000000000 0.000000000 0.000000000 0.000000000 0.0000000000 0.000000e+00 0.000000000
   60    1      1      0    0      1      25      25     7  7.000000000 0.0000000 0.0000000 0.00000000 0.00000000 0.00000000 0.00000000 0.00000000 0.000000000 0.000000000 0.000000000 0.000000000 0.0000000000 0.000000e+00 0.000000000
   60    1      1      0    0      1      26      26     5  5.000000000 0.0000000 0.0000000 0.00000000 0.00000000 0.00000000 0.00000000 0.00000000 0.000000000 0.000000000 0.000000000 0.000000000 0.0000000000 0.000000e+00 0.000000000
   60    1      1      0    0      1      27      27     2  1.000000000 1.0000000 0.0000000 0.00000000 0.00000000 0.00000000 0.00000000 0.00000000 0.000000000 0.000000000 0.000000000 0.000000000 0.0000000000 0.000000e+00 0.000000000
   60    1      1      0    0      1      28      28     3  3.000000000 0.0000000 0.0000000 0.00000000 0.00000000 0.00000000 0.00000000 0.00000000 0.000000000 0.000000000 0.000000000 0.000000000 0.0000000000 0.000000e+00 0.000000000
   60    1      1      0    0      1      29      29     3  2.000000000 1.0000000 0.0000000 0.00000000 0.00000000 0.00000000 0.00000000 0.00000000 0.000000000 0.000000000 0.000000000 0.000000000 0.0000000000 0.000000e+00 0.000000000
   60    1      1      0    0      1      30      30     2  0.000000000 2.0000000 0.0000000 0.00000000 0.00000000 0.00000000 0.00000000 0.00000000 0.000000000 0.000000000 0.000000000 0.000000000 0.0000000000 0.000000e+00 0.000000000
   60    1      1      0    0      1      31      31     1  0.000000000 1.0000000 0.0000000 0.00000000 0.00000000 0.00000000 0.00000000 0.00000000 0.000000000 0.000000000 0.000000000 0.000000000 0.0000000000 0.000000e+00 0.000000000
   60    1      1      0    0      1      32      32     2  0.000000000 2.0000000 0.0000000 0.00000000 0.00000000 0.00000000 0.00000000 0.00000000 0.000000000 0.000000000 0.000000000 0.000000000 0.0000000000 0.000000e+00 0.000000000
   60    1      1      0    0      1      34      34     1  0.000000000 1.0000000 0.0000000 0.00000000 0.00000000 0.00000000 0.00000000 0.00000000 0.000000000 0.000000000 0.000000000 0.000000000 0.0000000000 0.000000e+00 0.000000000
   60    1      1      0    0      1      35      35     1  0.000000000 1.0000000 0.0000000 0.00000000 0.00000000 0.00000000 0.00000000 0.00000000 0.000000000 0.000000000 0.000000000 0.000000000 0.0000000000 0.000000e+00 0.000000000
   60    1      1      0    0      1      36      36     2  0.000000000 2.0000000 0.0000000 0.00000000 0.00000000 0.00000000 0.00000000 0.00000000 0.000000000 0.000000000 0.000000000 0.000000000 0.0000000000 0.000000e+00 0.000000000
   60    1      1      0    0      1      38      38     1  0.000000000 1.0000000 0.0000000 0.00000000 0.00000000 0.00000000 0.00000000 0.00000000 0.000000000 0.000000000 0.000000000 0.000000000 0.0000000000 0.000000e+00 0.000000000
   60    1      1      0    0      1      39      39     3  0.000000000 2.0000000 1.0000000 0.00000000 0.00000000 0.00000000 0.00000000 0.00000000 0.000000000 0.000000000 0.000000000 0.000000000 0.0000000000 0.000000e+00 0.000000000
  100    1      1      0    0      1       3       3     1  1.000000000 0.0000000 0.0000000 0.00000000 0.00000000 0.00000000 0.00000000 0.00000000 0.000000000 0.000000000 0.000000000 0.000000000 0.0000000000 0.000000e+00 0.000000000
  100    1      1      0    0      1       4       4     2  2.000000000 0.0000000 0.0000000 0.00000000 0.00000000 0.00000000 0.00000000 0.00000000 0.000000000 0.000000000 0.000000000 0.000000000 0.0000000000 0.000000e+00 0.000000000
  100    1      1      0    0      1       5       5     2  2.000000000 0.0000000 0.0000000 0.00000000 0.00000000 0.00000000 0.00000000 0.00000000 0.000000000 0.000000000 0.000000000 0.000000000 0.0000000000 0.000000e+00 0.000000000
  100    1      1      0    0      1       6       6     3  3.000000000 0.0000000 0.0000000 0.00000000 0.00000000 0.00000000 0.00000000 0.00000000 0.000000000 0.000000000 0.000000000 0.000000000 0.0000000000 0.000000e+00 0.000000000
  100    1      1      0    0      1       8       8     2  2.000000000 0.0000000 0.0000000 0.00000000 0.00000000 0.00000000 0.00000000 0.00000000 0.000000000 0.000000000 0.000000000 0.000000000 0.0000000000 0.000000e+00 0.000000000
  100    1      1      0    0      1       9       9     4  4.000000000 0.0000000 0.0000000 0.00000000 0.00000000 0.00000000 0.00000000 0.00000000 0.000000000 0.000000000 0.000000000 0.000000000 0.0000000000 0.000000e+00 0.000000000
  100    1      1      0    0      1      10      10     8  8.000000000 0.0000000 0.0000000 0.00000000 0.00000000 0.00000000 0.00000000 0.00000000 0.000000000 0.000000000 0.000000000 0.000000000 0.0000000000 0.000000e+00 0.000000000
  100    1      1      0    0      1      11      11     8  8.000000000 0.0000000 0.0000000 0.00000000 0.00000000 0.00000000 0.00000000 0.00000000 0.000000000 0.000000000 0.000000000 0.000000000 0.0000000000 0.000000e+00 0.000000000
  100    1      1      0    0      1      12      12     2  2.000000000 0.0000000 0.0000000 0.00000000 0.00000000 0.00000000 0.00000000 0.00000000 0.000000000 0.000000000 0.000000000 0.000000000 0.0000000000 0.000000e+00 0.000000000
  100    1      1      0    0      1      13      13     1  1.000000000 0.0000000 0.0000000 0.00000000 0.00000000 0.00000000 0.00000000 0.00000000 0.000000000 0.000000000 0.000000000 0.000000000 0.0000000000 0.000000e+00 0.000000000
  100    1      1      0    0      1      14      14     1  1.000000000 0.0000000 0.0000000 0.00000000 0.00000000 0.00000000 0.00000000 0.00000000 0.000000000 0.000000000 0.000000000 0.000000000 0.0000000000 0.000000e+00 0.000000000
  100    1      1      0    0      1      15      15     2  2.000000000 0.0000000 0.0000000 0.00000000 0.00000000 0.00000000 0.00000000 0.00000000 0.000000000 0.000000000 0.000000000 0.000000000 0.0000000000 0.000000e+00 0.000000000
  100    1      1      0    0      1      16      16     4  4.000000000 0.0000000 0.0000000 0.00000000 0.00000000 0.00000000 0.00000000 0.00000000 0.000000000 0.000000000 0.000000000 0.000000000 0.0000000000 0.000000e+00 0.000000000
  100    1      1      0    0      1      17      17     4  4.000000000 0.0000000 0.0000000 0.00000000 0.00000000 0.00000000 0.00000000 0.00000000 0.000000000 0.000000000 0.000000000 0.000000000 0.0000000000 0.000000e+00 0.000000000
  100    1      1      0    0      1      18      18     7  7.000000000 0.0000000 0.0000000 0.00000000 0.00000000 0.00000000 0.00000000 0.00000000 0.000000000 0.000000000 0.000000000 0.000000000 0.0000000000 0.000000e+00 0.000000000
  100    1      1      0    0      1      19      19     6  6.000000000 0.0000000 0.0000000 0.00000000 0.00000000 0.00000000 0.00000000 0.00000000 0.000000000 0.000000000 0.000000000 0.000000000 0.0000000000 0.000000e+00 0.000000000
  100    1      1      0    0      1      20      20    10 10.000000000 0.0000000 0.0000000 0.00000000 0.00000000 0.00000000 0.00000000 0.00000000 0.000000000 0.000000000 0.000000000 0.000000000 0.0000000000 0.000000e+00 0.000000000
  100    1      1      0    0      1      21      21     1  1.000000000 0.0000000 0.0000000 0.00000000 0.00000000 0.00000000 0.00000000 0.00000000 0.000000000 0.000000000 0.000000000 0.000000000 0.0000000000 0.000000e+00 0.000000000
  100    1      1      0    0      1      22      22     2  2.000000000 0.0000000 0.0000000 0.00000000 0.00000000 0.00000000 0.00000000 0.00000000 0.000000000 0.000000000 0.000000000 0.000000000 0.0000000000 0.000000e+00 0.000000000
  100    1      1      0    0      1      23      23     2  2.000000000 0.0000000 0.0000000 0.00000000 0.00000000 0.00000000 0.00000000 0.00000000 0.000000000 0.000000000 0.000000000 0.000000000 0.0000000000 0.000000e+00 0.000000000
  100    1      1      0    0      1      24      24     3  3.000000000 0.0000000 0.0000000 0.00000000 0.00000000 0.00000000 0.00000000 0.00000000 0.000000000 0.000000000 0.000000000 0.000000000 0.0000000000 0.000000e+00 0.000000000
  100    1      1      0    0      1      26      26     1  1.000000000 0.0000000 0.0000000 0.00000000 0.00000000 0.00000000 0.00000000 0.00000000 0.000000000 0.000000000 0.000000000 0.000000000 0.0000000000 0.000000e+00 0.000000000
  100    1      1      0    0      1      27      27     2  2.000000000 0.0000000 0.0000000 0.00000000 0.00000000 0.00000000 0.00000000 0.00000000 0.000000000 0.000000000 0.000000000 0.000000000 0.0000000000 0.000000e+00 0.000000000
  100    1      1      0    0      1      28      28     2  2.000000000 0.0000000 0.0000000 0.00000000 0.00000000 0.00000000 0.00000000 0.00000000 0.000000000 0.000000000 0.000000000 0.000000000 0.0000000000 0.000000e+00 0.000000000
  100    1      1      0    0      1      29      29     3  3.000000000 0.0000000 0.0000000 0.00000000 0.00000000 0.00000000 0.00000000 0.00000000 0.000000000 0.000000000 0.000000000 0.000000000 0.0000000000 0.000000e+00 0.000000000
  100    1      1      0    0      1      30      30     2  0.000000000 2.0000000 0.0000000 0.00000000 0.00000000 0.00000000 0.00000000 0.00000000 0.000000000 0.000000000 0.000000000 0.000000000 0.0000000000 0.000000e+00 0.000000000
  100    1      1      0    0      1      31      31     2  0.000000000 2.0000000 0.0000000 0.00000000 0.00000000 0.00000000 0.00000000 0.00000000 0.000000000 0.000000000 0.000000000 0.000000000 0.0000000000 0.000000e+00 0.000000000
  100    1      1      0    0      1      32      32     1  0.000000000 1.0000000 0.0000000 0.00000000 0.00000000 0.00000000 0.00000000 0.00000000 0.000000000 0.000000000 0.000000000 0.000000000 0.0000000000 0.000000e+00 0.000000000
  100    1      1      0    0      1      33      33     6  0.000000000 6.0000000 0.0000000 0.00000000 0.00000000 0.00000000 0.00000000 0.00000000 0.000000000 0.000000000 0.000000000 0.000000000 0.0000000000 0.000000e+00 0.000000000
  100    1      1      0    0      1      34      34     1  0.000000000 1.0000000 0.0000000 0.00000000 0.00000000 0.00000000 0.00000000 0.00000000 0.000000000 0.000000000 0.000000000 0.000000000 0.0000000000 0.000000e+00 0.000000000
  100    1      1      0    0      1      35      35     2  0.000000000 2.0000000 0.0000000 0.00000000 0.00000000 0.00000000 0.00000000 0.00000000 0.000000000 0.000000000 0.000000000 0.000000000 0.0000000000 0.000000e+00 0.000000000
  100    1      1      0    0      1      37      37     1  0.000000000 1.0000000 0.0000000 0.00000000 0.00000000 0.00000000 0.00000000 0.00000000 0.000000000 0.000000000 0.000000000 0.000000000 0.0000000000 0.000000e+00 0.000000000
  100    1      1      0    0      1      38      38     1  0.000000000 1.0000000 0.0000000 0.00000000 0.00000000 0.00000000 0.00000000 0.00000000 0.000000000 0.000000000 0.000000000 0.000000000 0.0000000000 0.000000e+00 0.000000000
  100    1      1      0    0      1      39      39     1  0.000000000 1.0000000 0.0000000 0.00000000 0.00000000 0.00000000 0.00000000 0.00000000 0.000000000 0.000000000 0.000000000 0.000000000 0.0000000000 0.000000e+00 0.000000000
0 #_N_MeanSize_at_Age_obs
0 #_N_environ_variables
0 #_N_environ_obs
0 #_N_sizefreq_methods
0 #_do_tags
0 #_morphcomp_data
#
999
