#C data file created using the SS_writedat function in the R package r4ss
#C should work with SS version: 
#C file write time: 2015-02-11 18:11:26
#
1 #_styr
100 #_endyr
1 #_nseas
12 #_months_per_seas
1 #_spawn_seas
1 #_Nfleet
2 #_Nsurveys
1 #_N_areas
Fishery%Survey%CPUE #_fleetnames
0.5 0.5 0.5 #_surveytiming_in_season
1 1 1 #_area_assignments_for_each_fishery_and_survey
1 #_units of catch:  1=bio; 2=num
0.01 #_se of log(catch) only used for init_eq_catch and for Fmethod 2 and 3
1 #_Ngenders
25 #_Nages
0 #_init_equil_catch_for_each_fishery
100 #_N_lines_of_catch_to_read
 #_Fishery year seas
         0    1    1
         0    2    1
         0    3    1
         0    4    1
         0    5    1
         0    6    1
         0    7    1
         0    8    1
         0    9    1
         0   10    1
         0   11    1
         0   12    1
         0   13    1
         0   14    1
         0   15    1
         0   16    1
         0   17    1
         0   18    1
         0   19    1
         0   20    1
         0   21    1
         0   22    1
         0   23    1
         0   24    1
         0   25    1
 444646000   26    1
 397608000   27    1
 357583000   28    1
 324161000   29    1
 296656000   30    1
 274240000   31    1
 256057000   32    1
 241314000   33    1
 229322000   34    1
 219511000   35    1
 211426000   36    1
 204710000   37    1
 199088000   38    1
 194347000   39    1
 190324000   40    1
 186891000   41    1
 183948000   42    1
 181416000   43    1
 179230000   44    1
 177337000   45    1
 175694000   46    1
 174266000   47    1
 173022000   48    1
 171937000   49    1
 170990000   50    1
 170161000   51    1
 169436000   52    1
 168801000   53    1
 168243000   54    1
 167755000   55    1
 167325000   56    1
 166948000   57    1
 166617000   58    1
 166326000   59    1
 166070000   60    1
 165844000   61    1
 165646000   62    1
 165471000   63    1
 165317000   64    1
 165182000   65    1
 165063000   66    1
 164958000   67    1
 164865000   68    1
 164784000   69    1
 164712000   70    1
 164649000   71    1
 164593000   72    1
 164544000   73    1
 164500000   74    1
 164462000   75    1
 164429000   76    1
 164399000   77    1
 164373000   78    1
 164350000   79    1
 164329000   80    1
 164311000   81    1
 164296000   82    1
 164282000   83    1
 164269000   84    1
 164258000   85    1
 164249000   86    1
 164240000   87    1
 164233000   88    1
 164227000   89    1
 164221000   90    1
 164216000   91    1
 164211000   92    1
 164207000   93    1
 164204000   94    1
 164201000   95    1
 164198000   96    1
 164195000   97    1
 164193000   98    1
 164192000   99    1
 164190000  100    1
13 #_N_cpue
 #_Fleet Units Errtype
       1     1       0
       2     1       0
       3     1       0
 #_year seas index        obs se_log
     76    1     2 1429473985    0.2
     78    1     2 1318514196    0.2
     80    1     2 1317285142    0.2
     82    1     2 1574208009    0.2
     84    1     2 1856399740    0.2
     86    1     2 1297926227    0.2
     88    1     2 1776944075    0.2
     90    1     2 1421721763    0.2
     92    1     2 2193335211    0.2
     94    1     2 1417969488    0.2
     96    1     2  806378512    0.2
     98    1     2 1111196180    0.2
    100    1     2 1831098661    0.2
0 #_N_discard_fleets
#_discard_units (1=same_as_catchunits(bio/num); 2=fraction; 3=numbers)
#_discard_errtype:  >0 for DF of T-dist(read CV below); 0 for normal with CV; -1 for normal with se; -2 for lognormal
0 #_N_discard
0 #_N_meanbodywt
1 #_DF_for_meanbodywt_T-distribution_like
2 # length bin method: 1=use databins; 2=generate from binwidth,min,max below; 3=read vector
1 # binwidth for population size comp
10 # minimum size in the population (lower edge of first bin and size at age 0.00)
200 # maximum size in the population (lower edge of last bin)
-0.001 #_comp_tail_compression
1e-05 #_add_to_comp
0 #_combine males into females at or below this bin number
45 #_N_lbins
#_lbin_vector
20 23 26 29 32 35 38 41 44 47 50 53 56 59 62 65 68 71 74 77 80 83 86 89 92 95 98 101 104 107 110 113 116 119 122 125 128 131 134 137 140 143 146 149 152
28 #_N_Length_comp_observations
 #_Yr Seas FltSvy Gender Part Nsamp           l20          l23          l26          l29          l32          l35          l38         l41        l44        l47        l50        l53        l56        l59        l62        l65        l68        l71        l74        l77        l80        l83         l86        l89         l92        l95        l98        l101        l104        l107        l110        l113        l116        l119        l122         l125         l128         l131         l134         l137         l140         l143         l146         l149         l152
   26    1      1      0    0   125 1.242030e-125 1.325048e-30 1.145119e-03 0.0008362692 0.0001077226 0.0018584829 0.0069082906 0.002063169 0.03534476 0.01517425 0.04433062 0.01337138 0.02792664 0.02556239 0.02862786 0.06100898 0.05917046 0.02579516 0.03814800 0.02968555 0.02042808 0.04738581 0.038184214 0.01905360 0.037265270 0.03434781 0.03880573 0.027015085 0.036114475 0.001741311 0.014707006 0.064324344 0.006406786 0.067550238 0.014306947 0.0496407156 0.0248669667 4.968935e-03 6.006541e-03 2.345190e-02 1.078131e-03 2.875409e-03 1.529454e-03 4.185795e-04 4.615683e-04
   36    1      1      0    0   125  4.703957e-83 5.444702e-38 1.467077e-04 0.0016650814 0.0352339507 0.0019618326 0.0238937970 0.010405372 0.04136830 0.05119310 0.05471429 0.01674914 0.01275670 0.04472772 0.05163301 0.02767468 0.01826191 0.03517028 0.05993719 0.03163335 0.06154625 0.03723906 0.015060513 0.07282698 0.020146908 0.02707352 0.03644100 0.042895294 0.011961897 0.016677003 0.024288723 0.003312970 0.008463356 0.021319658 0.032808520 0.0017142463 0.0142354720 8.515746e-03 5.654789e-03 5.172334e-03 2.658474e-03 1.084612e-02 6.375390e-08 1.027271e-09 1.469426e-05
   46    1      1      0    0   125 3.827861e-264 2.529326e-06 1.957413e-03 0.0046576048 0.0032000491 0.0090748968 0.0129547683 0.024757221 0.04911999 0.03514566 0.03099613 0.05244747 0.01047844 0.03563619 0.03170848 0.04424400 0.04496076 0.02140455 0.03761105 0.05542310 0.05846255 0.02313379 0.059352574 0.02782462 0.062351598 0.02360178 0.03658918 0.014259988 0.030054547 0.042297317 0.027948610 0.034181120 0.012021123 0.021223914 0.011787547 0.0006483308 0.0015630180 4.990320e-04 8.687574e-04 6.508322e-08 4.356186e-07 4.527043e-04 5.693882e-06 3.183796e-12 5.091409e-03
   56    1      1      0    0   125  7.494816e-83 6.374168e-17 1.428280e-02 0.0092502875 0.0102288003 0.0009213105 0.0027511289 0.031693743 0.03692569 0.03346243 0.06193715 0.05254144 0.05403395 0.05389176 0.06469226 0.04937679 0.03462960 0.03602012 0.01884069 0.02074077 0.01674569 0.04620480 0.025412363 0.04136978 0.009763516 0.04842531 0.02252374 0.029634281 0.032489708 0.067491639 0.007915549 0.010850141 0.005837858 0.012698499 0.016977262 0.0042906265 0.0036576401 7.851657e-03 2.763888e-03 3.079148e-04 1.656202e-05 2.125989e-04 2.969855e-06 2.934840e-08 3.352477e-04
   60    1      1      0    0   125 7.364222e-104 4.451973e-10 9.001526e-03 0.0033848348 0.0032346131 0.0228755676 0.0010934321 0.015137168 0.04745122 0.06798678 0.06057053 0.06337445 0.05434206 0.06008147 0.04181442 0.01716543 0.03765504 0.04097639 0.04886120 0.02766677 0.03908484 0.03943782 0.031277069 0.02705793 0.044949607 0.02790980 0.02554256 0.009007619 0.026193489 0.027116324 0.032571628 0.012262112 0.007599655 0.004489099 0.003990271 0.0019327588 0.0008665617 3.206337e-05 3.566325e-03 9.656383e-03 9.457503e-04 1.260651e-04 4.594916e-05 1.665426e-03 5.241490e-09
   64    1      1      0    0   125  0.000000e+00 1.615228e-10 1.519864e-04 0.0060315389 0.0137894280 0.0029156259 0.0048301456 0.011448666 0.01264363 0.06182682 0.06406952 0.02173041 0.03141281 0.03329045 0.05180701 0.05056415 0.03921534 0.03045704 0.05336504 0.04785029 0.04002097 0.04116527 0.059829666 0.05347965 0.014118282 0.01294867 0.03171325 0.012942648 0.051682336 0.017131771 0.041980867 0.002069070 0.017344525 0.008637348 0.024077472 0.0040172169 0.0061374983 1.065161e-02 1.070265e-03 1.158024e-02 4.305393e-08 1.635362e-10 1.892927e-07 1.134439e-12 1.264472e-06
   68    1      1      0    0   125 2.626780e-270 4.181300e-04 2.830254e-06 0.0112965782 0.0080001894 0.0124095792 0.0017632205 0.036034073 0.03306113 0.03113282 0.05764382 0.07310126 0.01662879 0.04930736 0.05707982 0.08773481 0.01971994 0.03080602 0.03168322 0.04440458 0.04726278 0.03946440 0.046053140 0.01987287 0.017913551 0.04765132 0.03456965 0.036276248 0.011568087 0.010678516 0.013639593 0.018613390 0.009041594 0.009868517 0.019287509 0.0021616042 0.0001425168 6.401380e-04 1.286711e-02 8.866279e-05 2.896497e-06 7.173278e-11 2.156217e-08 2.274377e-06 1.054306e-04
   72    1      1      0    0   125  1.758113e-39 1.148504e-06 1.130114e-02 0.0084173378 0.0030327027 0.0023161145 0.0002775353 0.022520578 0.01941323 0.05689907 0.05787212 0.02901891 0.06087043 0.01934108 0.04417878 0.05196541 0.05065568 0.09555019 0.04427197 0.01737102 0.04344980 0.02545710 0.009491737 0.03068983 0.077663420 0.04523123 0.01151138 0.056758750 0.024810619 0.005433418 0.004879845 0.019565661 0.013693372 0.008944632 0.004652831 0.0021401081 0.0040938872 4.918002e-03 8.188089e-03 9.938249e-05 2.521392e-04 1.496100e-05 8.085433e-12 4.553380e-04 2.330008e-03
   76    1      1      0    0   125 5.276550e-109 7.324689e-47 4.282399e-03 0.0219309582 0.0156648423 0.0121419576 0.0059241783 0.005581220 0.05178639 0.07102842 0.06387619 0.05265299 0.02394161 0.06445618 0.07512941 0.03045705 0.05952411 0.02015199 0.05101953 0.03940332 0.01699609 0.02943416 0.013144757 0.06204733 0.014557056 0.03239180 0.02587660 0.011304420 0.023006746 0.013205770 0.008291191 0.007173081 0.013879464 0.014351968 0.012311891 0.0140335804 0.0075449735 3.182532e-03 3.561323e-05 4.827376e-03 3.363469e-04 6.698673e-07 2.026689e-03 5.546065e-14 1.087150e-03
   80    1      1      0    0   125  4.046600e-94 1.909212e-07 8.844097e-04 0.0017010989 0.0068484020 0.0067034162 0.0062993450 0.028706330 0.05521995 0.07014564 0.05891130 0.05611514 0.06505056 0.03419737 0.06124193 0.04527169 0.06583011 0.02671805 0.01860982 0.04079290 0.01998172 0.03315967 0.042513683 0.04113773 0.014795684 0.03146636 0.02205070 0.013944460 0.038675977 0.021859886 0.026592305 0.003674755 0.001253287 0.003354878 0.008213928 0.0144825225 0.0011667197 5.644101e-03 6.519129e-03 7.015887e-05 1.356950e-05 4.286127e-08 3.144690e-09 1.810728e-04 6.324130e-18
   84    1      1      0    0   125 5.238576e-165 1.416245e-13 5.930180e-03 0.0044940910 0.0119399887 0.0098227188 0.0014002798 0.004377451 0.04111428 0.04629350 0.05709460 0.03200102 0.04596878 0.07296057 0.04969872 0.04221439 0.04489656 0.02577725 0.06132613 0.02093577 0.04196706 0.03085763 0.062853092 0.02722173 0.027158926 0.06333945 0.03646363 0.006081601 0.016527497 0.020201003 0.014085885 0.006347201 0.006341153 0.013328154 0.009008457 0.0072018406 0.0003183541 5.617165e-03 1.480392e-02 9.555789e-03 1.001177e-04 2.210736e-03 1.614720e-04 2.069964e-07 1.650206e-06
   88    1      1      0    0   125 1.439946e-208 2.423924e-05 1.373005e-02 0.0067094205 0.0018256645 0.0071174463 0.0078888291 0.008592393 0.06596549 0.05217056 0.09342305 0.06552323 0.04082857 0.04641558 0.05801539 0.02896160 0.04705779 0.02396540 0.03885012 0.02437704 0.01619917 0.05319932 0.039370043 0.02885863 0.013604784 0.01884500 0.01059016 0.031260403 0.012224398 0.016543856 0.018697302 0.016002610 0.029924200 0.030582214 0.004406626 0.0092433125 0.0023923353 1.445388e-02 2.891786e-05 1.258360e-03 1.675053e-04 2.521010e-05 2.858635e-05 5.163381e-20 6.512975e-04
   92    1      1      0    0   125 1.259396e-272 4.296614e-04 1.407589e-05 0.0054348798 0.0237672619 0.0013082675 0.0026125878 0.009300694 0.04433172 0.06676495 0.04857077 0.06198234 0.04576160 0.03051265 0.03187625 0.05452553 0.05425569 0.03947487 0.02868905 0.02602102 0.06344086 0.01766459 0.026525944 0.05564321 0.023029243 0.02342964 0.02275811 0.040722982 0.013673394 0.009064743 0.031395942 0.011266314 0.022942754 0.016283926 0.025266300 0.0008013377 0.0050014438 3.402347e-04 1.234748e-03 1.328007e-02 5.939612e-04 1.883245e-08 2.186200e-08 1.444361e-09 6.355450e-06
   96    1      1      0    0   125 1.085344e-234 2.501122e-08 5.708619e-05 0.0336630040 0.0040701585 0.0215786223 0.0088779528 0.030533473 0.04574718 0.07581729 0.05900046 0.04237949 0.01362938 0.03688628 0.06343229 0.02696831 0.04076741 0.03980944 0.03451520 0.05517937 0.03740452 0.02478144 0.020752120 0.01878175 0.020476867 0.02455708 0.01229425 0.037273183 0.011952425 0.019161201 0.019789751 0.012241988 0.014183052 0.019869153 0.021269909 0.0133653223 0.0124882479 8.910974e-03 2.015416e-03 2.116353e-03 9.713063e-03 8.490527e-04 8.016383e-10 2.481323e-03 3.591406e-04
  100    1      1      0    0   125 4.148560e-197 3.922167e-14 5.796710e-04 0.0082562766 0.0248077189 0.0104880810 0.0037854089 0.013846650 0.02731051 0.06631683 0.10466241 0.01612462 0.03545611 0.01611758 0.09898092 0.03034782 0.01852304 0.04925908 0.04402309 0.03158187 0.04882574 0.05601192 0.028169244 0.04289348 0.019521953 0.03594715 0.02275430 0.033914735 0.028555784 0.012374455 0.012327054 0.008601840 0.023644263 0.014591795 0.003184134 0.0008340134 0.0044900031 9.972819e-04 4.236665e-05 5.221799e-04 1.228648e-03 3.544105e-05 7.257807e-10 3.055402e-16 6.454904e-05
   76    1      2      0    0   500  2.552782e-42 1.842308e-03 1.687132e-02 0.0471255195 0.0253721457 0.0171661303 0.0087915684 0.044957340 0.04147643 0.07112910 0.05401820 0.05856078 0.05354011 0.02436253 0.03488583 0.02829522 0.02414288 0.03016197 0.02595680 0.02521043 0.02305362 0.03391047 0.026364579 0.02735847 0.021560809 0.03047331 0.01591310 0.025338820 0.015740774 0.025408807 0.015774863 0.014621402 0.020612482 0.022722280 0.005361095 0.0054114163 0.0026277496 5.762405e-03 1.524547e-02 4.902164e-03 8.756563e-04 1.570852e-03 1.178075e-03 1.357365e-04 4.208976e-03
   78    1      2      0    0   500  1.652529e-19 5.786489e-03 2.298032e-02 0.0514048758 0.0429000781 0.0183408086 0.0142705519 0.021327505 0.04443277 0.05133807 0.03626662 0.03863255 0.04770656 0.04050400 0.02403184 0.03288315 0.02631370 0.04015670 0.02053016 0.02041219 0.03903832 0.02490414 0.012960134 0.02518621 0.043966081 0.01997712 0.03029321 0.025669930 0.021186739 0.018655768 0.019148134 0.024990026 0.014720057 0.008758135 0.008698539 0.0174207992 0.0214320107 6.880890e-03 1.356677e-03 1.109092e-02 1.804029e-03 9.503426e-04 5.391300e-04 8.165310e-06 1.455624e-04
   80    1      2      0    0   500  3.265111e-07 6.788986e-04 1.808178e-02 0.0478044065 0.0566572678 0.0150185506 0.0096714893 0.016351104 0.03828263 0.05513402 0.04344215 0.04483747 0.03596434 0.03934733 0.03285445 0.03913695 0.03671592 0.03983468 0.03079036 0.02941785 0.03880706 0.04609852 0.029419409 0.01470927 0.036717904 0.01726576 0.01702059 0.028664473 0.022535310 0.018952891 0.016200147 0.010129456 0.019778764 0.021841871 0.003061178 0.0056735410 0.0010690279 7.312002e-03 4.049376e-03 1.834492e-03 2.456657e-03 2.588937e-03 1.114209e-04 5.377954e-05 3.626187e-03
   82    1      2      0    0   500  1.149046e-04 1.265309e-03 1.940608e-02 0.0373159656 0.0509428147 0.0184689132 0.0067666344 0.027527447 0.05776233 0.06036673 0.04487701 0.04703460 0.03213028 0.03412892 0.03279027 0.04780421 0.03635206 0.03762847 0.03973061 0.02783390 0.01565388 0.03166321 0.023122344 0.01909093 0.039460864 0.01529041 0.02403462 0.044493956 0.019575984 0.017113148 0.013560286 0.016143210 0.012370379 0.014721161 0.004169113 0.0053110633 0.0118379691 3.793773e-03 1.637333e-03 2.005427e-03 7.953524e-04 8.919860e-05 4.446120e-04 5.235406e-04 2.850799e-03
   84    1      2      0    0   500  2.140088e-08 6.399660e-03 2.692939e-02 0.0473608061 0.0678728481 0.0258365286 0.0105601783 0.022005827 0.04246769 0.07450712 0.04174076 0.03527533 0.03692883 0.04016251 0.03187002 0.03744356 0.03175954 0.04595563 0.03269712 0.02427927 0.03708360 0.02599893 0.015766489 0.02393505 0.027276920 0.02606379 0.01509228 0.011035228 0.007782632 0.020483424 0.019177335 0.015657888 0.015644531 0.002747555 0.012940324 0.0061695818 0.0148423595 3.076421e-03 4.085442e-03 2.836059e-03 9.432762e-03 9.871599e-05 4.020878e-05 6.215308e-11 6.798469e-04
   86    1      2      0    0   500  8.569840e-11 3.160427e-03 1.383716e-02 0.0464371524 0.0690824157 0.0176850108 0.0090498613 0.024919411 0.03969684 0.06272038 0.05110945 0.03652709 0.02560294 0.02391374 0.04183790 0.03028148 0.02848828 0.04319452 0.02907947 0.02517651 0.03059320 0.03130086 0.032711229 0.02158644 0.021162904 0.02295209 0.01794440 0.032186553 0.019482838 0.032678764 0.031199493 0.010322053 0.021902195 0.013668180 0.012914122 0.0033175666 0.0129240112 8.458528e-04 1.089485e-03 4.952871e-03 2.248779e-03 4.512314e-05 3.699933e-06 1.921969e-05 1.480229e-04
   88    1      2      0    0   500  9.845493e-11 7.438506e-05 8.678245e-03 0.0512501451 0.0639851828 0.0191881511 0.0041390886 0.015302036 0.04846097 0.05542894 0.05397934 0.04977392 0.04105784 0.03838868 0.03830346 0.03185152 0.05966221 0.03040871 0.03344443 0.03935998 0.02400818 0.02158432 0.028685150 0.02566903 0.030632812 0.03012351 0.02675735 0.010516934 0.029003601 0.022968824 0.010767486 0.009456174 0.006995943 0.011222929 0.008610579 0.0039379162 0.0085987444 2.565536e-03 7.386968e-04 2.733809e-03 6.579227e-04 2.970486e-05 1.228490e-04 8.329966e-04 4.175795e-05
   90    1      2      0    0   500  2.667444e-20 2.116711e-03 2.645334e-02 0.0541815734 0.0428311944 0.0126571281 0.0107749986 0.033932309 0.05650235 0.04984474 0.07226247 0.03347780 0.02114020 0.03931479 0.03463851 0.03739413 0.02468712 0.03056481 0.04164253 0.04797678 0.03771737 0.03844219 0.015463393 0.02008886 0.035614376 0.02200943 0.02137430 0.015836695 0.028005003 0.017779478 0.004663516 0.011941556 0.012798284 0.010091340 0.010116975 0.0079359344 0.0043375456 8.059802e-03 2.901941e-04 2.559887e-03 2.293894e-03 7.464074e-06 3.264235e-07 2.215418e-07 1.784918e-04
   92    1      2      0    0   500  1.013378e-14 5.666419e-03 1.597307e-02 0.0444326252 0.0486376314 0.0088749888 0.0132345807 0.018142458 0.04093395 0.04155966 0.05860819 0.03686725 0.03611766 0.01933892 0.02762026 0.03280376 0.02717286 0.04999462 0.04702536 0.02841236 0.03648690 0.04074421 0.037434093 0.03907948 0.021025771 0.01930130 0.01751034 0.016620749 0.020739346 0.026038051 0.015477279 0.030329633 0.013290084 0.018136835 0.009578149 0.0061093865 0.0013405196 6.106392e-03 5.404543e-03 2.774490e-03 1.202710e-02 7.355182e-04 1.462166e-03 1.006184e-06 8.300243e-04
   94    1      2      0    0   500  1.106675e-23 1.671544e-03 1.981081e-02 0.0507095509 0.0479364131 0.0155255421 0.0077047690 0.027297941 0.05493538 0.03076789 0.04159659 0.03724534 0.02953369 0.06817794 0.06123125 0.02970795 0.03380830 0.03274586 0.02855718 0.02177451 0.02272273 0.02165986 0.020197134 0.02249909 0.024059884 0.02922700 0.02503595 0.029484025 0.031069408 0.019763333 0.026810098 0.006355908 0.009589962 0.016382182 0.018675913 0.0075729444 0.0168226384 6.077110e-03 1.222646e-03 2.944213e-03 4.927327e-04 2.884863e-04 2.350222e-04 6.017405e-05 1.309307e-05
   96    1      2      0    0   500  3.442684e-28 2.126454e-03 2.863300e-02 0.0600032112 0.0396326743 0.0139589702 0.0091264116 0.025020243 0.03920497 0.07060822 0.04752459 0.04510731 0.03501077 0.02971606 0.03377471 0.04030544 0.03088600 0.02885872 0.03554684 0.02637286 0.04824716 0.02698697 0.031251918 0.02797496 0.023949730 0.02063391 0.02056443 0.033614398 0.029433874 0.010220165 0.013441894 0.012553834 0.008760910 0.011013001 0.015571591 0.0088159414 0.0033916684 7.714542e-03 1.969182e-03 9.063776e-04 1.495811e-03 4.971838e-05 6.071400e-06 1.100782e-06 1.335877e-05
   98    1      2      0    0   500  3.081316e-04 7.336916e-03 1.682694e-02 0.0484084396 0.0521981901 0.0359927448 0.0134621974 0.021683425 0.03243350 0.05327458 0.04797937 0.04533392 0.04947877 0.03494833 0.03536732 0.02672742 0.04870268 0.02416170 0.02676036 0.01472982 0.02253161 0.04094328 0.022788418 0.02540951 0.027895809 0.03175387 0.01638676 0.023087217 0.016089231 0.023949485 0.030317809 0.012907500 0.024570820 0.009492623 0.005291187 0.0125963042 0.0070116254 2.266694e-03 1.576874e-03 1.252627e-03 2.277060e-03 1.249181e-04 2.738727e-03 1.844216e-04 4.408767e-04
  100    1      2      0    0   500  7.669708e-17 2.900096e-03 1.549435e-02 0.0480258838 0.0499413672 0.0106493143 0.0029437639 0.027339584 0.03141155 0.06012503 0.04743524 0.04181629 0.03737289 0.03861460 0.06046843 0.04783390 0.03678940 0.02855551 0.02698294 0.02065199 0.02580830 0.04603971 0.023011203 0.03809600 0.026251070 0.02418301 0.01730726 0.027837417 0.018730038 0.012649267 0.020945289 0.008799369 0.007008043 0.017154424 0.007486976 0.0051595844 0.0070811915 1.378751e-02 2.662278e-04 3.121920e-03 2.660067e-03 9.409222e-07 2.025641e-03 9.188386e-03 4.903735e-05
15 #_N_agebins
#_agebin_vector
1 2 3 4 5 6 7 8 9 10 11 12 13 14 15
1 #_N_ageerror_definitions
 #_age0   age1   age2   age3   age4   age5   age6   age7   age8   age9  age10  age11  age12  age13  age14  age15  age16  age17  age18  age19  age20  age21  age22  age23  age24  age25
 -1.000 -1.000 -1.000 -1.000 -1.000 -1.000 -1.000 -1.000 -1.000 -1.000 -1.000 -1.000 -1.000 -1.000 -1.000 -1.000 -1.000 -1.000 -1.000 -1.000 -1.000 -1.000 -1.000 -1.000 -1.000 -1.000
  0.001  0.001  0.001  0.001  0.001  0.001  0.001  0.001  0.001  0.001  0.001  0.001  0.001  0.001  0.001  0.001  0.001  0.001  0.001  0.001  0.001  0.001  0.001  0.001  0.001  0.001
88 #_N_agecomp
1 #_Lbin_method: 1=poplenbins; 2=datalenbins; 3=lengths
-1 #_combine males into females at or below this bin number
 #_Yr Seas FltSvy Gender Part Ageerr Lbin_lo Lbin_hi Nsamp          a1        a2        a3        a4         a5         a6         a7         a8          a9         a10         a11         a12          a13          a14         a15
   26    1      1      0    0      1      -1      -1   125  0.03957782 0.1527983 0.1489763 0.1678278 0.10769365 0.06469236 0.05050669 0.05147068 0.048225478 0.033420257 0.015443847 0.012395143 0.0116468487 0.0121452500 0.083179626
   36    1      1      0    0      1      -1      -1   125  0.01850209 0.1721352 0.2373968 0.1568651 0.11139713 0.04571263 0.07666933 0.06371434 0.031936074 0.032856970 0.017476000 0.010302087 0.0033157393 0.0017804424 0.019940029
   46    1      1      0    0      1      -1      -1   125  0.04074559 0.2149704 0.1847682 0.1505711 0.15245513 0.06618645 0.05348132 0.04182504 0.037124466 0.018600027 0.011805716 0.005641777 0.0041055740 0.0088450355 0.008874217
   56    1      1      0    0      1      -1      -1   125  0.04252607 0.2225124 0.1509567 0.1462094 0.08026722 0.10117584 0.07728118 0.07938105 0.015861569 0.026564940 0.008055540 0.009912732 0.0012383159 0.0050996160 0.032957469
   60    1      1      0    0      1      -1      -1   125  0.02244285 0.2020374 0.1854417 0.1572334 0.06728500 0.10899349 0.05747258 0.06995323 0.028036073 0.008629332 0.046973092 0.013631212 0.0058904069 0.0060763951 0.019903850
   64    1      1      0    0      1      -1      -1   125  0.01818351 0.1800568 0.2217645 0.1174716 0.14324411 0.05954173 0.07339798 0.08182127 0.026174288 0.022142625 0.010919248 0.003805830 0.0015991913 0.0056497986 0.034227492
   68    1      1      0    0      1      -1      -1   125  0.03790036 0.2529403 0.2108918 0.1219538 0.07675611 0.10586788 0.06008982 0.01792357 0.014391062 0.041759548 0.028038392 0.007389724 0.0026631170 0.0003506148 0.021083803
   72    1      1      0    0      1      -1      -1   125  0.02776131 0.2127903 0.2093170 0.1850518 0.07362981 0.09285557 0.06985221 0.02417756 0.014780319 0.012205522 0.019195793 0.009358400 0.0250480820 0.0002434659 0.023732858
   76    1      1      0    0      1      -1      -1   125  0.06542335 0.2328427 0.1767929 0.1129347 0.11735210 0.12205163 0.04618543 0.02652081 0.029217125 0.025895783 0.004958148 0.003949782 0.0116619317 0.0057814603 0.018432134
   80    1      1      0    0      1      -1      -1   125  0.01962297 0.2483905 0.2661775 0.1815156 0.04677898 0.09736192 0.06584461 0.01700332 0.009039494 0.006412953 0.003793894 0.014958008 0.0033896551 0.0048479048 0.014862584
   84    1      1      0    0      1      -1      -1   125  0.03673645 0.2469734 0.1957821 0.1409595 0.08470561 0.07483035 0.10776522 0.02247348 0.021999267 0.018567791 0.011551460 0.017023589 0.0028484433 0.0033079846 0.014475340
   88    1      1      0    0      1      -1      -1   125  0.04248406 0.2383624 0.1781920 0.1547918 0.11846381 0.07455167 0.05789947 0.05876738 0.004883948 0.035755699 0.011064797 0.005236017 0.0068985002 0.0115074575 0.001141033
   92    1      1      0    0      1      -1      -1   125  0.04498508 0.2606027 0.2174953 0.1401044 0.08206161 0.04902374 0.05871158 0.04626681 0.018202945 0.021118790 0.011488246 0.002772277 0.0177135194 0.0175653281 0.011887625
   96    1      1      0    0      1      -1      -1   125  0.02352956 0.2692565 0.1929624 0.1037402 0.07934593 0.06843053 0.07508417 0.03583285 0.010658606 0.016301200 0.031753026 0.073235101 0.0042786198 0.0090995257 0.006491732
  100    1      1      0    0      1      -1      -1   125  0.03966480 0.2459244 0.2057127 0.1017433 0.12292656 0.06880115 0.07317403 0.02219431 0.038709446 0.018711436 0.016155290 0.026665272 0.0101317551 0.0047338478 0.004751689
   76    1      2      0    0      1      -1      -1   500  0.11399465 0.2132368 0.1802098 0.1547412 0.06936938 0.06765979 0.04035838 0.04618054 0.048384593 0.016100425 0.013769112 0.011843601 0.0008191083 0.0012936494 0.022039019
   78    1      2      0    0      1      -1      -1   500  0.11252436 0.2588420 0.1734699 0.1286569 0.09079218 0.06023143 0.04792926 0.02553583 0.025846965 0.019720094 0.026540896 0.007621840 0.0060156835 0.0021647354 0.014107856
   80    1      2      0    0      1      -1      -1   500  0.13157549 0.2157221 0.1818846 0.1501290 0.07515639 0.06411880 0.04323512 0.03212389 0.037359669 0.020922383 0.006363690 0.013694698 0.0076798094 0.0036565746 0.016377783
   82    1      2      0    0      1      -1      -1   500  0.12437739 0.2488188 0.1755069 0.1177654 0.10525077 0.06755289 0.04385457 0.03189055 0.021818396 0.016601454 0.015427543 0.003935745 0.0059386498 0.0052915045 0.015969452
   84    1      2      0    0      1      -1      -1   500  0.11439867 0.2422300 0.1861103 0.1238498 0.11356454 0.05045216 0.03467451 0.04186788 0.014995991 0.025712058 0.020322170 0.008390143 0.0107474298 0.0032966660 0.009387756
   86    1      2      0    0      1      -1      -1   500  0.12592421 0.2099210 0.1871408 0.1200639 0.10451931 0.06893644 0.03367958 0.04455888 0.017175741 0.039015927 0.015444710 0.008073997 0.0046709891 0.0034265936 0.017447951
   88    1      2      0    0      1      -1      -1   500  0.13711278 0.2393914 0.1821335 0.1193927 0.08025140 0.07575210 0.04569813 0.02861501 0.020348772 0.013724339 0.008696594 0.007541379 0.0152993631 0.0043560094 0.021686553
   90    1      2      0    0      1      -1      -1   500  0.12949478 0.2225475 0.1835294 0.1299960 0.08611275 0.06152388 0.05467089 0.05095421 0.015543627 0.014885991 0.008681595 0.012998506 0.0022438675 0.0036455216 0.023171448
   92    1      2      0    0      1      -1      -1   500  0.15190829 0.2081361 0.1662557 0.1231399 0.08685700 0.07952518 0.05504558 0.04413785 0.019870096 0.017727897 0.009666292 0.007858439 0.0069148842 0.0046663177 0.018290400
   94    1      2      0    0      1      -1      -1   500  0.12510667 0.2199836 0.2102519 0.1240157 0.09639674 0.06870756 0.04278433 0.03143640 0.015128634 0.017565229 0.008345550 0.006704018 0.0084543318 0.0097391128 0.015380212
   96    1      2      0    0      1      -1      -1   500  0.12797547 0.2477854 0.1707422 0.1339931 0.09157280 0.03816011 0.06485104 0.03095001 0.036522565 0.011227122 0.013397117 0.008949161 0.0053885894 0.0057377170 0.012747593
   98    1      2      0    0      1      -1      -1   500  0.15618160 0.2208242 0.1699176 0.1283626 0.08837672 0.06013254 0.03675035 0.03992882 0.032054790 0.014136873 0.013246355 0.014346428 0.0088084323 0.0082590729 0.008673626
  100    1      2      0    0      1      -1      -1   500  0.14466757 0.2536580 0.1683075 0.1103513 0.08879451 0.05553182 0.03392216 0.02996151 0.034087660 0.013341147 0.019778595 0.010473803 0.0154312966 0.0077577856 0.013935386
   60    1      1      0    0      1       3       3     2  2.00000000 0.0000000 0.0000000 0.0000000 0.00000000 0.00000000 0.00000000 0.00000000 0.000000000 0.000000000 0.000000000 0.000000000 0.0000000000 0.0000000000 0.000000000
   60    1      1      0    0      1       5       5     1  1.00000000 0.0000000 0.0000000 0.0000000 0.00000000 0.00000000 0.00000000 0.00000000 0.000000000 0.000000000 0.000000000 0.000000000 0.0000000000 0.0000000000 0.000000000
   60    1      1      0    0      1       6       6     3  3.00000000 0.0000000 0.0000000 0.0000000 0.00000000 0.00000000 0.00000000 0.00000000 0.000000000 0.000000000 0.000000000 0.000000000 0.0000000000 0.0000000000 0.000000000
   60    1      1      0    0      1       7       7     1  1.00000000 0.0000000 0.0000000 0.0000000 0.00000000 0.00000000 0.00000000 0.00000000 0.000000000 0.000000000 0.000000000 0.000000000 0.0000000000 0.0000000000 0.000000000
   60    1      1      0    0      1       8       8     1  1.00000000 0.0000000 0.0000000 0.0000000 0.00000000 0.00000000 0.00000000 0.00000000 0.000000000 0.000000000 0.000000000 0.000000000 0.0000000000 0.0000000000 0.000000000
   60    1      1      0    0      1       9       9     3  3.00000000 0.0000000 0.0000000 0.0000000 0.00000000 0.00000000 0.00000000 0.00000000 0.000000000 0.000000000 0.000000000 0.000000000 0.0000000000 0.0000000000 0.000000000
   60    1      1      0    0      1      10      10     3  3.00000000 0.0000000 0.0000000 0.0000000 0.00000000 0.00000000 0.00000000 0.00000000 0.000000000 0.000000000 0.000000000 0.000000000 0.0000000000 0.0000000000 0.000000000
   60    1      1      0    0      1      11      11    13 13.00000000 0.0000000 0.0000000 0.0000000 0.00000000 0.00000000 0.00000000 0.00000000 0.000000000 0.000000000 0.000000000 0.000000000 0.0000000000 0.0000000000 0.000000000
   60    1      1      0    0      1      12      12     4  4.00000000 0.0000000 0.0000000 0.0000000 0.00000000 0.00000000 0.00000000 0.00000000 0.000000000 0.000000000 0.000000000 0.000000000 0.0000000000 0.0000000000 0.000000000
   60    1      1      0    0      1      13      13     2  2.00000000 0.0000000 0.0000000 0.0000000 0.00000000 0.00000000 0.00000000 0.00000000 0.000000000 0.000000000 0.000000000 0.000000000 0.0000000000 0.0000000000 0.000000000
   60    1      1      0    0      1      14      14     2  2.00000000 0.0000000 0.0000000 0.0000000 0.00000000 0.00000000 0.00000000 0.00000000 0.000000000 0.000000000 0.000000000 0.000000000 0.0000000000 0.0000000000 0.000000000
   60    1      1      0    0      1      15      15     7  7.00000000 0.0000000 0.0000000 0.0000000 0.00000000 0.00000000 0.00000000 0.00000000 0.000000000 0.000000000 0.000000000 0.000000000 0.0000000000 0.0000000000 0.000000000
   60    1      1      0    0      1      17      17     3  3.00000000 0.0000000 0.0000000 0.0000000 0.00000000 0.00000000 0.00000000 0.00000000 0.000000000 0.000000000 0.000000000 0.000000000 0.0000000000 0.0000000000 0.000000000
   60    1      1      0    0      1      18      18     3  3.00000000 0.0000000 0.0000000 0.0000000 0.00000000 0.00000000 0.00000000 0.00000000 0.000000000 0.000000000 0.000000000 0.000000000 0.0000000000 0.0000000000 0.000000000
   60    1      1      0    0      1      19      19     4  4.00000000 0.0000000 0.0000000 0.0000000 0.00000000 0.00000000 0.00000000 0.00000000 0.000000000 0.000000000 0.000000000 0.000000000 0.0000000000 0.0000000000 0.000000000
   60    1      1      0    0      1      20      20     7  7.00000000 0.0000000 0.0000000 0.0000000 0.00000000 0.00000000 0.00000000 0.00000000 0.000000000 0.000000000 0.000000000 0.000000000 0.0000000000 0.0000000000 0.000000000
   60    1      1      0    0      1      21      21     3  3.00000000 0.0000000 0.0000000 0.0000000 0.00000000 0.00000000 0.00000000 0.00000000 0.000000000 0.000000000 0.000000000 0.000000000 0.0000000000 0.0000000000 0.000000000
   60    1      1      0    0      1      22      22     2  2.00000000 0.0000000 0.0000000 0.0000000 0.00000000 0.00000000 0.00000000 0.00000000 0.000000000 0.000000000 0.000000000 0.000000000 0.0000000000 0.0000000000 0.000000000
   60    1      1      0    0      1      23      23     4  4.00000000 0.0000000 0.0000000 0.0000000 0.00000000 0.00000000 0.00000000 0.00000000 0.000000000 0.000000000 0.000000000 0.000000000 0.0000000000 0.0000000000 0.000000000
   60    1      1      0    0      1      24      24     4  4.00000000 0.0000000 0.0000000 0.0000000 0.00000000 0.00000000 0.00000000 0.00000000 0.000000000 0.000000000 0.000000000 0.000000000 0.0000000000 0.0000000000 0.000000000
   60    1      1      0    0      1      25      25     4  4.00000000 0.0000000 0.0000000 0.0000000 0.00000000 0.00000000 0.00000000 0.00000000 0.000000000 0.000000000 0.000000000 0.000000000 0.0000000000 0.0000000000 0.000000000
   60    1      1      0    0      1      26      26     2  2.00000000 0.0000000 0.0000000 0.0000000 0.00000000 0.00000000 0.00000000 0.00000000 0.000000000 0.000000000 0.000000000 0.000000000 0.0000000000 0.0000000000 0.000000000
   60    1      1      0    0      1      27      27     2  2.00000000 0.0000000 0.0000000 0.0000000 0.00000000 0.00000000 0.00000000 0.00000000 0.000000000 0.000000000 0.000000000 0.000000000 0.0000000000 0.0000000000 0.000000000
   60    1      1      0    0      1      28      28     2  2.00000000 0.0000000 0.0000000 0.0000000 0.00000000 0.00000000 0.00000000 0.00000000 0.000000000 0.000000000 0.000000000 0.000000000 0.0000000000 0.0000000000 0.000000000
   60    1      1      0    0      1      29      29     5  3.00000000 2.0000000 0.0000000 0.0000000 0.00000000 0.00000000 0.00000000 0.00000000 0.000000000 0.000000000 0.000000000 0.000000000 0.0000000000 0.0000000000 0.000000000
   60    1      1      0    0      1      30      30     5  1.00000000 4.0000000 0.0000000 0.0000000 0.00000000 0.00000000 0.00000000 0.00000000 0.000000000 0.000000000 0.000000000 0.000000000 0.0000000000 0.0000000000 0.000000000
   60    1      1      0    0      1      31      31     2  0.00000000 2.0000000 0.0000000 0.0000000 0.00000000 0.00000000 0.00000000 0.00000000 0.000000000 0.000000000 0.000000000 0.000000000 0.0000000000 0.0000000000 0.000000000
   60    1      1      0    0      1      32      32     1  0.00000000 1.0000000 0.0000000 0.0000000 0.00000000 0.00000000 0.00000000 0.00000000 0.000000000 0.000000000 0.000000000 0.000000000 0.0000000000 0.0000000000 0.000000000
   60    1      1      0    0      1      33      33     2  0.00000000 2.0000000 0.0000000 0.0000000 0.00000000 0.00000000 0.00000000 0.00000000 0.000000000 0.000000000 0.000000000 0.000000000 0.0000000000 0.0000000000 0.000000000
   60    1      1      0    0      1      39      39     1  0.00000000 1.0000000 0.0000000 0.0000000 0.00000000 0.00000000 0.00000000 0.00000000 0.000000000 0.000000000 0.000000000 0.000000000 0.0000000000 0.0000000000 0.000000000
   60    1      1      0    0      1      40      40     1  0.00000000 1.0000000 0.0000000 0.0000000 0.00000000 0.00000000 0.00000000 0.00000000 0.000000000 0.000000000 0.000000000 0.000000000 0.0000000000 0.0000000000 0.000000000
   60    1      1      0    0      1      44      44     1  0.00000000 1.0000000 0.0000000 0.0000000 0.00000000 0.00000000 0.00000000 0.00000000 0.000000000 0.000000000 0.000000000 0.000000000 0.0000000000 0.0000000000 0.000000000
  100    1      1      0    0      1       4       4     1  1.00000000 0.0000000 0.0000000 0.0000000 0.00000000 0.00000000 0.00000000 0.00000000 0.000000000 0.000000000 0.000000000 0.000000000 0.0000000000 0.0000000000 0.000000000
  100    1      1      0    0      1       5       5     4  4.00000000 0.0000000 0.0000000 0.0000000 0.00000000 0.00000000 0.00000000 0.00000000 0.000000000 0.000000000 0.000000000 0.000000000 0.0000000000 0.0000000000 0.000000000
  100    1      1      0    0      1       6       6     1  1.00000000 0.0000000 0.0000000 0.0000000 0.00000000 0.00000000 0.00000000 0.00000000 0.000000000 0.000000000 0.000000000 0.000000000 0.0000000000 0.0000000000 0.000000000
  100    1      1      0    0      1       8       8     4  4.00000000 0.0000000 0.0000000 0.0000000 0.00000000 0.00000000 0.00000000 0.00000000 0.000000000 0.000000000 0.000000000 0.000000000 0.0000000000 0.0000000000 0.000000000
  100    1      1      0    0      1       9       9     1  1.00000000 0.0000000 0.0000000 0.0000000 0.00000000 0.00000000 0.00000000 0.00000000 0.000000000 0.000000000 0.000000000 0.000000000 0.0000000000 0.0000000000 0.000000000
  100    1      1      0    0      1      10      10     6  6.00000000 0.0000000 0.0000000 0.0000000 0.00000000 0.00000000 0.00000000 0.00000000 0.000000000 0.000000000 0.000000000 0.000000000 0.0000000000 0.0000000000 0.000000000
  100    1      1      0    0      1      11      11     9  9.00000000 0.0000000 0.0000000 0.0000000 0.00000000 0.00000000 0.00000000 0.00000000 0.000000000 0.000000000 0.000000000 0.000000000 0.0000000000 0.0000000000 0.000000000
  100    1      1      0    0      1      13      13    12 12.00000000 0.0000000 0.0000000 0.0000000 0.00000000 0.00000000 0.00000000 0.00000000 0.000000000 0.000000000 0.000000000 0.000000000 0.0000000000 0.0000000000 0.000000000
  100    1      1      0    0      1      14      14     2  2.00000000 0.0000000 0.0000000 0.0000000 0.00000000 0.00000000 0.00000000 0.00000000 0.000000000 0.000000000 0.000000000 0.000000000 0.0000000000 0.0000000000 0.000000000
  100    1      1      0    0      1      15      15    11 11.00000000 0.0000000 0.0000000 0.0000000 0.00000000 0.00000000 0.00000000 0.00000000 0.000000000 0.000000000 0.000000000 0.000000000 0.0000000000 0.0000000000 0.000000000
  100    1      1      0    0      1      16      16     3  3.00000000 0.0000000 0.0000000 0.0000000 0.00000000 0.00000000 0.00000000 0.00000000 0.000000000 0.000000000 0.000000000 0.000000000 0.0000000000 0.0000000000 0.000000000
  100    1      1      0    0      1      17      17     1  1.00000000 0.0000000 0.0000000 0.0000000 0.00000000 0.00000000 0.00000000 0.00000000 0.000000000 0.000000000 0.000000000 0.000000000 0.0000000000 0.0000000000 0.000000000
  100    1      1      0    0      1      18      18     1  1.00000000 0.0000000 0.0000000 0.0000000 0.00000000 0.00000000 0.00000000 0.00000000 0.000000000 0.000000000 0.000000000 0.000000000 0.0000000000 0.0000000000 0.000000000
  100    1      1      0    0      1      19      19     8  8.00000000 0.0000000 0.0000000 0.0000000 0.00000000 0.00000000 0.00000000 0.00000000 0.000000000 0.000000000 0.000000000 0.000000000 0.0000000000 0.0000000000 0.000000000
  100    1      1      0    0      1      20      20     4  4.00000000 0.0000000 0.0000000 0.0000000 0.00000000 0.00000000 0.00000000 0.00000000 0.000000000 0.000000000 0.000000000 0.000000000 0.0000000000 0.0000000000 0.000000000
  100    1      1      0    0      1      21      21     5  5.00000000 0.0000000 0.0000000 0.0000000 0.00000000 0.00000000 0.00000000 0.00000000 0.000000000 0.000000000 0.000000000 0.000000000 0.0000000000 0.0000000000 0.000000000
  100    1      1      0    0      1      22      22     2  2.00000000 0.0000000 0.0000000 0.0000000 0.00000000 0.00000000 0.00000000 0.00000000 0.000000000 0.000000000 0.000000000 0.000000000 0.0000000000 0.0000000000 0.000000000
  100    1      1      0    0      1      23      23     2  2.00000000 0.0000000 0.0000000 0.0000000 0.00000000 0.00000000 0.00000000 0.00000000 0.000000000 0.000000000 0.000000000 0.000000000 0.0000000000 0.0000000000 0.000000000
  100    1      1      0    0      1      24      24     9  9.00000000 0.0000000 0.0000000 0.0000000 0.00000000 0.00000000 0.00000000 0.00000000 0.000000000 0.000000000 0.000000000 0.000000000 0.0000000000 0.0000000000 0.000000000
  100    1      1      0    0      1      25      25     2  2.00000000 0.0000000 0.0000000 0.0000000 0.00000000 0.00000000 0.00000000 0.00000000 0.000000000 0.000000000 0.000000000 0.000000000 0.0000000000 0.0000000000 0.000000000
  100    1      1      0    0      1      26      26     2  2.00000000 0.0000000 0.0000000 0.0000000 0.00000000 0.00000000 0.00000000 0.00000000 0.000000000 0.000000000 0.000000000 0.000000000 0.0000000000 0.0000000000 0.000000000
  100    1      1      0    0      1      28      28     2  2.00000000 0.0000000 0.0000000 0.0000000 0.00000000 0.00000000 0.00000000 0.00000000 0.000000000 0.000000000 0.000000000 0.000000000 0.0000000000 0.0000000000 0.000000000
  100    1      1      0    0      1      29      29     1  0.00000000 1.0000000 0.0000000 0.0000000 0.00000000 0.00000000 0.00000000 0.00000000 0.000000000 0.000000000 0.000000000 0.000000000 0.0000000000 0.0000000000 0.000000000
  100    1      1      0    0      1      30      30     2  0.00000000 2.0000000 0.0000000 0.0000000 0.00000000 0.00000000 0.00000000 0.00000000 0.000000000 0.000000000 0.000000000 0.000000000 0.0000000000 0.0000000000 0.000000000
  100    1      1      0    0      1      32      32     1  0.00000000 1.0000000 0.0000000 0.0000000 0.00000000 0.00000000 0.00000000 0.00000000 0.000000000 0.000000000 0.000000000 0.000000000 0.0000000000 0.0000000000 0.000000000
  100    1      1      0    0      1      33      33     1  0.00000000 1.0000000 0.0000000 0.0000000 0.00000000 0.00000000 0.00000000 0.00000000 0.000000000 0.000000000 0.000000000 0.000000000 0.0000000000 0.0000000000 0.000000000
  100    1      1      0    0      1      34      34     2  0.00000000 2.0000000 0.0000000 0.0000000 0.00000000 0.00000000 0.00000000 0.00000000 0.000000000 0.000000000 0.000000000 0.000000000 0.0000000000 0.0000000000 0.000000000
  100    1      1      0    0      1      35      35     1  0.00000000 1.0000000 0.0000000 0.0000000 0.00000000 0.00000000 0.00000000 0.00000000 0.000000000 0.000000000 0.000000000 0.000000000 0.0000000000 0.0000000000 0.000000000
0 #_N_MeanSize_at_Age_obs
0 #_N_environ_variables
0 #_N_environ_obs
0 #_N_sizefreq_methods
0 #_do_tags
0 #_morphcomp_data
#
999
