#C data file created using the SS_writedat function in the R package r4ss
#C should work with SS version: 
#C file write time: 2015-02-11 18:27:48
#
1 #_styr
100 #_endyr
1 #_nseas
12 #_months_per_seas
1 #_spawn_seas
1 #_Nfleet
2 #_Nsurveys
1 #_N_areas
Fishery%Survey%CPUE #_fleetnames
0.5 0.5 0.5 #_surveytiming_in_season
1 1 1 #_area_assignments_for_each_fishery_and_survey
1 #_units of catch:  1=bio; 2=num
0.01 #_se of log(catch) only used for init_eq_catch and for Fmethod 2 and 3
1 #_Ngenders
25 #_Nages
0 #_init_equil_catch_for_each_fishery
100 #_N_lines_of_catch_to_read
 #_Fishery year seas
         0    1    1
         0    2    1
         0    3    1
         0    4    1
         0    5    1
         0    6    1
         0    7    1
         0    8    1
         0    9    1
         0   10    1
         0   11    1
         0   12    1
         0   13    1
         0   14    1
         0   15    1
         0   16    1
         0   17    1
         0   18    1
         0   19    1
         0   20    1
         0   21    1
         0   22    1
         0   23    1
         0   24    1
         0   25    1
 444646000   26    1
 397608000   27    1
 357583000   28    1
 324161000   29    1
 296656000   30    1
 274240000   31    1
 256057000   32    1
 241314000   33    1
 229322000   34    1
 219511000   35    1
 211426000   36    1
 204710000   37    1
 199088000   38    1
 194347000   39    1
 190324000   40    1
 186891000   41    1
 183948000   42    1
 181416000   43    1
 179230000   44    1
 177337000   45    1
 175694000   46    1
 174266000   47    1
 173022000   48    1
 171937000   49    1
 170990000   50    1
 170161000   51    1
 169436000   52    1
 168801000   53    1
 168243000   54    1
 167755000   55    1
 167325000   56    1
 166948000   57    1
 166617000   58    1
 166326000   59    1
 166070000   60    1
 165844000   61    1
 165646000   62    1
 165471000   63    1
 165317000   64    1
 165182000   65    1
 165063000   66    1
 164958000   67    1
 164865000   68    1
 164784000   69    1
 164712000   70    1
 164649000   71    1
 164593000   72    1
 164544000   73    1
 164500000   74    1
 164462000   75    1
 164429000   76    1
 164399000   77    1
 164373000   78    1
 164350000   79    1
 164329000   80    1
 164311000   81    1
 164296000   82    1
 164282000   83    1
 164269000   84    1
 164258000   85    1
 164249000   86    1
 164240000   87    1
 164233000   88    1
 164227000   89    1
 164221000   90    1
 164216000   91    1
 164211000   92    1
 164207000   93    1
 164204000   94    1
 164201000   95    1
 164198000   96    1
 164195000   97    1
 164193000   98    1
 164192000   99    1
 164190000  100    1
13 #_N_cpue
 #_Fleet Units Errtype
       1     1       0
       2     1       0
       3     1       0
 #_year seas index        obs se_log
     76    1     2 1565998241    0.2
     78    1     2 1247899850    0.2
     80    1     2 1731659899    0.2
     82    1     2 1681808681    0.2
     84    1     2 1164951995    0.2
     86    1     2 1610123040    0.2
     88    1     2 1380575068    0.2
     90    1     2 1378312027    0.2
     92    1     2 1602849878    0.2
     94    1     2 1350068856    0.2
     96    1     2 1328211282    0.2
     98    1     2 1393848363    0.2
    100    1     2 1426100607    0.2
0 #_N_discard_fleets
#_discard_units (1=same_as_catchunits(bio/num); 2=fraction; 3=numbers)
#_discard_errtype:  >0 for DF of T-dist(read CV below); 0 for normal with CV; -1 for normal with se; -2 for lognormal
0 #_N_discard
0 #_N_meanbodywt
1 #_DF_for_meanbodywt_T-distribution_like
2 # length bin method: 1=use databins; 2=generate from binwidth,min,max below; 3=read vector
1 # binwidth for population size comp
10 # minimum size in the population (lower edge of first bin and size at age 0.00)
200 # maximum size in the population (lower edge of last bin)
-0.001 #_comp_tail_compression
1e-05 #_add_to_comp
0 #_combine males into females at or below this bin number
45 #_N_lbins
#_lbin_vector
20 23 26 29 32 35 38 41 44 47 50 53 56 59 62 65 68 71 74 77 80 83 86 89 92 95 98 101 104 107 110 113 116 119 122 125 128 131 134 137 140 143 146 149 152
28 #_N_Length_comp_observations
 #_Yr Seas FltSvy Gender Part Nsamp           l20          l23          l26          l29         l32          l35          l38         l41        l44        l47        l50        l53        l56         l59        l62        l65        l68        l71        l74        l77        l80         l83         l86         l89        l92        l95        l98        l101        l104        l107        l110        l113        l116        l119        l122         l125         l128         l131         l134         l137         l140         l143         l146         l149         l152
   26    1      1      0    0   125 5.791672e-134 3.239030e-60 1.315853e-03 0.0096541669 0.007934961 6.270662e-03 3.811214e-03 0.009409727 0.01539146 0.04400530 0.10106441 0.03069754 0.02169488 0.006065461 0.04086563 0.02991374 0.05352899 0.04248456 0.02742749 0.02024989 0.01910116 0.009226229 0.022743328 0.034973417 0.05851076 0.01030454 0.03584168 0.008703375 0.020101238 0.065509524 0.019683556 0.010615185 0.042935259 0.030428989 0.045118858 0.0150171520 1.630692e-02 0.0057907688 3.499030e-02 1.083117e-02 9.501919e-03 1.831331e-06 1.960588e-03 2.238957e-06 1.406775e-05
   36    1      1      0    0   125  7.750909e-04 1.636920e-29 4.402302e-04 0.0002750722 0.008223162 4.882039e-03 2.448770e-03 0.024244719 0.07829007 0.06404745 0.04799389 0.01797589 0.03067493 0.028788263 0.02243248 0.03086947 0.03439354 0.04356950 0.05512880 0.02867714 0.02312016 0.071376779 0.010692364 0.046481388 0.05383809 0.01822363 0.03714856 0.042645640 0.027917016 0.028228626 0.023521290 0.009810448 0.012254015 0.006239940 0.003787156 0.0047272232 1.224889e-02 0.0091546099 4.503546e-03 9.714185e-03 6.031382e-04 4.158753e-03 1.192965e-02 7.761048e-13 3.544385e-03
   46    1      1      0    0   125  1.644373e-46 8.257370e-09 1.534697e-04 0.0151580029 0.003358745 1.484081e-02 3.830844e-03 0.045288677 0.04664920 0.06150884 0.08488913 0.04816646 0.02358961 0.037852181 0.03180727 0.04488991 0.04948288 0.04818734 0.03237899 0.03587407 0.02600688 0.033650464 0.031620332 0.023779130 0.01821672 0.02271439 0.02840666 0.020049767 0.009710699 0.017766141 0.011701527 0.001335405 0.034376563 0.017557386 0.034746413 0.0153066230 4.685715e-03 0.0003221695 7.839131e-03 1.040995e-02 1.521247e-04 1.504900e-09 2.212914e-13 9.337689e-06 1.730014e-03
   56    1      1      0    0   125 5.179987e-100 2.664618e-15 2.543038e-03 0.0122424225 0.022394123 6.902341e-04 1.255219e-02 0.020217729 0.03783921 0.09672230 0.05806929 0.01001680 0.01819455 0.053103980 0.01557519 0.01533259 0.02820040 0.02643884 0.03197986 0.05033686 0.03402077 0.024422783 0.057475955 0.043968955 0.03776234 0.05667159 0.02367270 0.042969459 0.015057517 0.048477311 0.016992158 0.027486429 0.013452383 0.002647612 0.028488756 0.0018218422 1.495552e-03 0.0030742366 1.467248e-05 3.686341e-03 4.752746e-04 2.156241e-03 2.061750e-04 1.104201e-05 1.042301e-03
   60    1      1      0    0   125 5.992714e-155 1.460645e-08 4.869396e-04 0.0323447248 0.015721976 4.664065e-03 3.472032e-04 0.011626788 0.03713766 0.06261317 0.06758461 0.03498331 0.04271772 0.009491270 0.05349073 0.07104398 0.02757635 0.01617487 0.02465879 0.02660680 0.03262431 0.086249879 0.021867766 0.017009075 0.02619968 0.02014499 0.03566169 0.063640462 0.017427423 0.025352882 0.022391721 0.009983289 0.005844454 0.010620130 0.005469445 0.0299361769 5.929462e-05 0.0118021085 1.813932e-02 9.343703e-05 2.056022e-04 2.418970e-07 1.467488e-09 7.006042e-07 4.955716e-06
   64    1      1      0    0   125 3.146993e-238 5.482447e-04 1.377699e-03 0.0106965040 0.010553199 7.467503e-03 1.002193e-02 0.021825144 0.08473022 0.03498384 0.04473890 0.05553876 0.02906072 0.054985094 0.05940609 0.05866109 0.01602962 0.03232131 0.04317997 0.01864650 0.02253998 0.049969684 0.013517842 0.006229642 0.01496912 0.03571244 0.02221123 0.007475349 0.020810703 0.016827538 0.007861952 0.035448770 0.018322508 0.024610124 0.030351269 0.0160720221 3.098824e-02 0.0001889087 6.646033e-03 8.595225e-03 3.465718e-03 1.425726e-03 1.737938e-06 1.092511e-02 6.080954e-05
   68    1      1      0    0   125  4.083215e-36 3.887878e-14 9.680566e-03 0.0042530252 0.010756003 4.761886e-03 2.457684e-03 0.018074064 0.04700642 0.03875460 0.04229128 0.05146493 0.02778963 0.040065791 0.07078163 0.04909421 0.01772251 0.04042678 0.03368319 0.03278518 0.05888520 0.051888518 0.024204916 0.026053623 0.04387366 0.02907861 0.02225355 0.036601276 0.039455675 0.031459762 0.011850821 0.004920280 0.008994915 0.018241257 0.016943636 0.0204418573 7.731468e-03 0.0030667672 9.901859e-04 6.383074e-04 2.587110e-06 8.777933e-05 4.527954e-04 1.918670e-14 3.316274e-05
   72    1      1      0    0   125  1.374052e-42 1.222126e-06 5.898029e-03 0.0247001503 0.002259590 4.576888e-03 1.017437e-02 0.016454767 0.05158943 0.09565544 0.03145455 0.03435600 0.01813248 0.046727337 0.03994307 0.02032680 0.03958878 0.02905190 0.05256258 0.04105541 0.03189515 0.021628130 0.094936303 0.008973967 0.01523774 0.01717383 0.05878656 0.010869266 0.022068506 0.016603253 0.013515279 0.037475121 0.012866692 0.021900542 0.003333244 0.0106560481 5.939558e-03 0.0142761467 6.712583e-03 3.541567e-03 4.608525e-03 1.904737e-03 5.864912e-04 6.275281e-10 1.976410e-06
   76    1      1      0    0   125  9.022907e-25 2.354175e-07 9.338936e-03 0.0142819439 0.003691905 1.533611e-02 7.331777e-03 0.016935928 0.07133144 0.03981857 0.04510109 0.03900805 0.02667740 0.058155046 0.04168906 0.06599464 0.02835564 0.02997904 0.03836820 0.04328640 0.05370170 0.033488874 0.018411287 0.017436282 0.02551618 0.05011422 0.01604372 0.025245880 0.027441049 0.007067200 0.018623838 0.035294815 0.005791066 0.028828244 0.006977021 0.0021415817 5.074441e-03 0.0265610955 8.897385e-04 2.067764e-04 2.341561e-04 7.581736e-05 1.401796e-04 5.213936e-08 1.337482e-05
   80    1      1      0    0   125  1.101318e-03 6.112198e-04 5.859972e-04 0.0104211659 0.017310584 1.572864e-02 1.485358e-03 0.017233206 0.03417033 0.07685503 0.07389262 0.04196035 0.04321687 0.043341709 0.05750451 0.02780236 0.05131996 0.06421288 0.03183949 0.03975160 0.01716167 0.015781233 0.016384231 0.037780315 0.02784832 0.01470806 0.02886840 0.006338462 0.017174731 0.030782175 0.005536805 0.023659644 0.012130536 0.046912821 0.016273461 0.0059755665 3.317956e-03 0.0210798712 3.578663e-04 3.370972e-04 1.111700e-03 4.073599e-05 3.545575e-08 7.812003e-05 1.498328e-05
   84    1      1      0    0   125 8.369598e-112 2.435405e-04 1.382237e-07 0.0130639822 0.005102468 2.898798e-05 1.265693e-04 0.023514150 0.02377372 0.06314700 0.07401502 0.01607049 0.02640900 0.032830011 0.06299569 0.05787164 0.05110057 0.04536027 0.05958307 0.04185730 0.02482289 0.037492708 0.030021564 0.018886117 0.02927971 0.03888845 0.01179912 0.007647543 0.024488746 0.013391865 0.021906957 0.029010050 0.034970751 0.005053801 0.031064631 0.0140746685 1.455158e-03 0.0178693344 1.274044e-03 8.594372e-03 1.712653e-04 2.418233e-05 2.834819e-04 4.349736e-04 7.138738e-09
   88    1      1      0    0   125  1.169886e-24 6.711223e-27 1.614695e-02 0.0152259549 0.025684052 1.482882e-03 4.873606e-03 0.046761604 0.03460108 0.07208881 0.04065342 0.06692959 0.01914395 0.034026511 0.01251743 0.07404079 0.04610861 0.02156783 0.04771140 0.02028496 0.04557410 0.024823992 0.009406972 0.053454656 0.03327589 0.01110102 0.04244833 0.015585474 0.018019725 0.032104066 0.013799192 0.019179728 0.018287864 0.011884391 0.020581157 0.0157407801 5.974951e-03 0.0001827806 5.893746e-03 1.644200e-05 1.549435e-07 1.626829e-03 1.013134e-03 1.750812e-04 1.173012e-07
   92    1      1      0    0   125 2.014320e-206 1.136065e-05 4.007494e-03 0.0088598931 0.014251539 5.511533e-03 7.048018e-05 0.017642724 0.08294196 0.05892711 0.03347287 0.02808833 0.02421554 0.064366551 0.04057783 0.04098536 0.04357844 0.02604557 0.06277678 0.04501934 0.05907987 0.054317948 0.017389156 0.050502482 0.04483906 0.02306888 0.01051691 0.045762461 0.015031613 0.025041436 0.008989716 0.004567940 0.013669432 0.012299130 0.003642747 0.0009007838 2.723538e-03 0.0025198513 5.692307e-04 3.380604e-04 8.992597e-04 1.887118e-03 1.690080e-07 9.250739e-05 3.664406e-28
   96    1      1      0    0   125 4.479605e-104 1.097844e-20 1.092170e-04 0.0282324584 0.018972142 9.859216e-03 5.383218e-03 0.024160735 0.03933995 0.03846154 0.07571450 0.04140450 0.02577391 0.075610727 0.03379871 0.03596867 0.03981213 0.03338773 0.03409363 0.03628662 0.04728414 0.065489513 0.029091285 0.019169941 0.01567489 0.06343335 0.02002209 0.013418208 0.032260538 0.005156160 0.021441661 0.017917099 0.002029575 0.011220483 0.003491151 0.0067451046 5.365308e-03 0.0020217894 2.517453e-05 9.659731e-03 1.113984e-02 1.544483e-03 1.902329e-05 9.845416e-06 4.419556e-09
  100    1      1      0    0   125  7.932965e-11 1.013739e-09 2.529888e-05 0.0027709712 0.026556740 4.542656e-03 1.120662e-02 0.011940875 0.01510639 0.04289667 0.07627042 0.04145449 0.04299200 0.030475354 0.03162125 0.03383638 0.03090534 0.03188857 0.03730136 0.04608380 0.04611460 0.039433893 0.061452690 0.032822238 0.03226897 0.01821551 0.02189880 0.018334360 0.032327030 0.027723689 0.039780058 0.025123958 0.025394256 0.015102175 0.020370815 0.0027794206 4.381551e-03 0.0055487212 8.396707e-03 7.022889e-04 5.870294e-04 3.366051e-03 1.054662e-10 2.064779e-15 5.782879e-14
   76    1      2      0    0   500  1.650563e-12 3.153406e-03 2.201641e-02 0.0706483960 0.050427122 1.197399e-02 9.600524e-03 0.014163506 0.05717396 0.05919271 0.04481861 0.05340947 0.02115956 0.031063482 0.02571540 0.04275401 0.03527878 0.02612556 0.03155786 0.03789545 0.04591299 0.024224799 0.019305255 0.025452459 0.02967484 0.03612693 0.01935208 0.023598523 0.018187587 0.015665208 0.017806718 0.007557891 0.014267429 0.007312782 0.005746610 0.0086557395 5.442469e-03 0.0099353197 2.212964e-03 6.009511e-03 3.010474e-03 5.268045e-03 2.038998e-05 1.028522e-03 9.625859e-05
   78    1      2      0    0   500  2.405443e-03 4.683040e-03 3.020726e-02 0.0430021509 0.051849217 1.602246e-02 1.031660e-02 0.021369374 0.03866347 0.04002595 0.06011030 0.03873068 0.04299871 0.022406485 0.04123345 0.03625064 0.03110946 0.03500722 0.03374124 0.03355077 0.05393914 0.023858702 0.029510536 0.021813425 0.03159563 0.01782393 0.03039244 0.026965633 0.023238924 0.016341401 0.015588095 0.017830788 0.008075775 0.004602950 0.008613764 0.0036238785 1.427177e-02 0.0012375208 3.838737e-03 6.058341e-03 4.018429e-03 2.092227e-03 7.916690e-06 9.341814e-04 4.193677e-05
   80    1      2      0    0   500  1.611771e-06 2.942690e-03 1.156782e-02 0.0508918207 0.056551689 1.809190e-02 1.392324e-02 0.030649447 0.02116904 0.04801628 0.06690256 0.04411221 0.04790378 0.028329269 0.05383672 0.05555280 0.02821486 0.03302814 0.03581367 0.04065393 0.02275694 0.028892786 0.022378971 0.027171192 0.01386558 0.03247562 0.02001100 0.017231511 0.023640968 0.016903910 0.021179912 0.016481065 0.008919501 0.002011521 0.007851518 0.0119262960 7.311125e-03 0.0043710374 4.433018e-03 9.378295e-04 1.241205e-04 3.433466e-04 5.363080e-04 9.073558e-05 6.873144e-07
   82    1      2      0    0   500  6.146435e-17 2.116552e-03 2.132137e-02 0.0431845779 0.054676352 1.532758e-02 1.483457e-02 0.015234700 0.03945103 0.05129781 0.07047809 0.03133550 0.03843002 0.038491855 0.03471618 0.04215263 0.02480572 0.03597907 0.03081560 0.02044205 0.03546212 0.031767017 0.030394935 0.030859012 0.04049023 0.03018488 0.03457246 0.016261494 0.020094954 0.012891009 0.009888862 0.010129944 0.013524570 0.008792429 0.012621710 0.0086483290 1.602155e-02 0.0042984068 3.697657e-03 1.172920e-04 2.455585e-03 1.203414e-03 4.103582e-04 5.863713e-05 6.189268e-05
   84    1      2      0    0   500  9.628071e-11 2.042097e-03 2.039173e-02 0.0528706802 0.049731117 1.740317e-02 1.428982e-02 0.024757504 0.04022238 0.05253717 0.04713152 0.05014753 0.04338872 0.034549288 0.04064136 0.05514888 0.04595102 0.02691408 0.02343722 0.02630054 0.01976105 0.020974564 0.037019296 0.023952792 0.01994572 0.03786807 0.02419604 0.015497288 0.024095069 0.024624886 0.010946125 0.021871147 0.014349552 0.007969938 0.008467364 0.0062832924 1.588478e-03 0.0041076443 5.418211e-03 1.368615e-03 9.286612e-04 1.196424e-05 8.949283e-04 6.037851e-08 3.435250e-06
   86    1      2      0    0   500  3.480878e-05 8.159961e-04 1.526102e-02 0.0630477546 0.039313768 1.444191e-02 6.924875e-03 0.015557911 0.03422789 0.05443820 0.05779581 0.03435159 0.03845463 0.027914370 0.03019315 0.04805138 0.04761584 0.02939738 0.04171968 0.03558227 0.02220198 0.042307566 0.030000638 0.029787821 0.01985406 0.03070856 0.01303856 0.038864352 0.018319092 0.013666838 0.007142780 0.027038187 0.020456321 0.006023828 0.011196615 0.0073686412 5.733023e-03 0.0107758810 7.973068e-04 1.698219e-03 6.252544e-04 6.683500e-03 3.733825e-06 1.677063e-04 3.993143e-04
   88    1      2      0    0   500  2.434561e-32 1.010039e-03 2.140270e-02 0.0556526170 0.054550016 1.862273e-02 1.865806e-02 0.011728988 0.03848594 0.05478901 0.04001621 0.04564811 0.03450400 0.028636721 0.04636032 0.04438642 0.03849132 0.04451870 0.04659821 0.03420920 0.02195031 0.018621046 0.026020009 0.019777754 0.02721024 0.03039941 0.02168399 0.012938321 0.020032276 0.017965751 0.013954143 0.013228986 0.009772042 0.015683448 0.008258236 0.0036724445 1.045868e-02 0.0095074894 9.949998e-03 2.033512e-03 4.172923e-03 3.693373e-03 2.411673e-04 1.126989e-06 5.039829e-04
   90    1      2      0    0   500  1.586462e-34 5.444305e-03 1.864080e-02 0.0481048477 0.036228070 1.235890e-02 1.319759e-02 0.017414200 0.05536610 0.06157236 0.04994767 0.04490250 0.02354071 0.026886978 0.04437960 0.03708756 0.03851586 0.03974402 0.04687383 0.03997652 0.03098428 0.020707735 0.026940257 0.024352577 0.02241934 0.02605720 0.02678135 0.019393499 0.017723088 0.019741856 0.010114738 0.023791425 0.020878191 0.006116468 0.008458101 0.0143487327 4.898363e-03 0.0042139813 2.018899e-03 4.388697e-03 1.496864e-03 3.741614e-03 1.563194e-05 1.957152e-04 3.895945e-05
   92    1      2      0    0   500  1.748137e-11 1.043408e-03 1.833218e-02 0.0612204629 0.040403318 1.602921e-02 1.001884e-02 0.034097159 0.05268890 0.06371474 0.05220941 0.02614697 0.02642952 0.037191482 0.03693109 0.04871711 0.04075098 0.03363227 0.03548268 0.02746780 0.02697230 0.030440008 0.026712861 0.017170365 0.02046529 0.03908026 0.01998090 0.035768794 0.017135447 0.017760103 0.014446266 0.005214965 0.011864145 0.014045603 0.004619872 0.0053040055 7.847170e-03 0.0047364605 1.937563e-03 4.590356e-03 1.289199e-03 3.571461e-03 1.472188e-03 2.147559e-04 4.852144e-03
   94    1      2      0    0   500  1.652539e-20 2.584752e-04 1.886743e-02 0.0398474849 0.063782032 1.184439e-02 1.999086e-02 0.028966671 0.03507978 0.05210208 0.05797083 0.04713433 0.03003728 0.028266998 0.03602557 0.04721666 0.03276463 0.03435730 0.03041749 0.04096323 0.03628959 0.027204418 0.025847350 0.036148918 0.01433534 0.03096477 0.01953604 0.019990495 0.017012065 0.023489870 0.013056269 0.014188686 0.011163042 0.008308432 0.015251824 0.0129518730 4.357175e-03 0.0071651737 2.983879e-04 4.419889e-03 1.442130e-03 2.121097e-04 4.480877e-04 2.551998e-06 2.198766e-05
   96    1      2      0    0   500  1.719122e-04 2.444406e-03 2.202981e-02 0.0517610394 0.044132148 1.889080e-02 5.103958e-03 0.015718497 0.02414821 0.05536936 0.06367525 0.04316040 0.03476632 0.023943011 0.03435015 0.05024375 0.04160794 0.04790308 0.03456109 0.03484121 0.01933229 0.032194010 0.031957858 0.030666062 0.03258585 0.02952419 0.01640876 0.019721652 0.020228223 0.007944764 0.018335739 0.017435793 0.017236448 0.013775861 0.011577970 0.0167313663 3.055022e-03 0.0017404014 1.244344e-03 3.360033e-04 7.286476e-03 9.791772e-05 1.712570e-03 4.675207e-05 1.350727e-06
   98    1      2      0    0   500  1.370887e-05 1.666193e-03 1.954030e-02 0.0359884943 0.050467787 1.804023e-02 2.104670e-02 0.023185185 0.04876145 0.06961866 0.06135018 0.06434322 0.02317043 0.028956786 0.03422696 0.03370004 0.03206633 0.02637873 0.04287659 0.02385045 0.02632420 0.026662299 0.032598329 0.020916506 0.02285875 0.02335332 0.02384506 0.023542444 0.014475601 0.017340943 0.012000051 0.015534431 0.019133447 0.018263805 0.005401884 0.0074372251 7.830577e-03 0.0106821246 4.196120e-03 3.756184e-03 8.285727e-04 4.405093e-04 2.909344e-03 1.480831e-04 2.717719e-04
  100    1      2      0    0   500  1.255265e-07 1.984207e-03 1.470692e-02 0.0446700292 0.065180621 1.707092e-02 5.718333e-03 0.025172147 0.04426545 0.05310285 0.04431172 0.04414359 0.02535857 0.052050789 0.03025308 0.04938495 0.03111986 0.03185892 0.02767479 0.03622328 0.04916306 0.026413167 0.031605239 0.025095936 0.02235721 0.01803754 0.02533529 0.029830716 0.017206056 0.008796122 0.014653533 0.019254981 0.006491221 0.018694356 0.007112709 0.0148871467 8.441929e-03 0.0060914624 2.321364e-03 6.151890e-04 1.306422e-03 9.324638e-04 1.660534e-04 2.178927e-04 7.217813e-04
15 #_N_agebins
#_agebin_vector
1 2 3 4 5 6 7 8 9 10 11 12 13 14 15
1 #_N_ageerror_definitions
 #_age0   age1   age2   age3   age4   age5   age6   age7   age8   age9  age10  age11  age12  age13  age14  age15  age16  age17  age18  age19  age20  age21  age22  age23  age24  age25
 -1.000 -1.000 -1.000 -1.000 -1.000 -1.000 -1.000 -1.000 -1.000 -1.000 -1.000 -1.000 -1.000 -1.000 -1.000 -1.000 -1.000 -1.000 -1.000 -1.000 -1.000 -1.000 -1.000 -1.000 -1.000 -1.000
  0.001  0.001  0.001  0.001  0.001  0.001  0.001  0.001  0.001  0.001  0.001  0.001  0.001  0.001  0.001  0.001  0.001  0.001  0.001  0.001  0.001  0.001  0.001  0.001  0.001  0.001
84 #_N_agecomp
1 #_Lbin_method: 1=poplenbins; 2=datalenbins; 3=lengths
-1 #_combine males into females at or below this bin number
 #_Yr Seas FltSvy Gender Part Ageerr Lbin_lo Lbin_hi Nsamp           a1        a2        a3         a4         a5         a6         a7         a8         a9         a10         a11         a12          a13          a14         a15
   26    1      1      0    0      1      -1      -1   125  0.009978938 0.1446856 0.1141395 0.15652103 0.07191004 0.05624090 0.09589191 0.03862394 0.06179876 0.030101186 0.024534994 0.020145093 0.0283497371 2.121008e-02 0.125868283
   36    1      1      0    0      1      -1      -1   125  0.033775831 0.2561579 0.1912293 0.12354666 0.13059277 0.08055761 0.04263491 0.03373722 0.00789784 0.017596683 0.005954450 0.017572695 0.0042362128 2.761943e-03 0.051748030
   46    1      1      0    0      1      -1      -1   125  0.012739948 0.2633103 0.1664805 0.15048143 0.08639740 0.11523694 0.07125760 0.02893862 0.06063758 0.014133769 0.007129086 0.005932420 0.0056065465 1.277551e-03 0.010440209
   56    1      1      0    0      1      -1      -1   125  0.034291885 0.1815955 0.1834529 0.11752379 0.16953287 0.09665625 0.03280910 0.05040338 0.02755622 0.004935856 0.024733153 0.009621137 0.0299589844 1.408391e-02 0.022845046
   60    1      1      0    0      1      -1      -1   125  0.028754431 0.2914548 0.1776923 0.09980673 0.11856623 0.09579185 0.05355275 0.03382869 0.03121368 0.014525777 0.006251696 0.004566929 0.0082478044 2.905863e-02 0.006687669
   64    1      1      0    0      1      -1      -1   125  0.038166035 0.2942090 0.1428269 0.10301691 0.12986221 0.07027721 0.02794572 0.03115857 0.03835466 0.035280588 0.039968091 0.020632635 0.0110265564 9.144212e-04 0.016360499
   68    1      1      0    0      1      -1      -1   125  0.040782791 0.2716392 0.1895220 0.13467112 0.05938244 0.07483832 0.06692056 0.03047760 0.05461366 0.019484596 0.011463820 0.026541583 0.0009282081 3.614601e-04 0.018372656
   72    1      1      0    0      1      -1      -1   125  0.029369445 0.2092838 0.2239582 0.15146726 0.16825422 0.05897037 0.03904233 0.02362646 0.01993442 0.013166605 0.041687154 0.005272138 0.0099947326 1.476947e-05 0.005958100
   76    1      1      0    0      1      -1      -1   125  0.040436049 0.2141186 0.2136773 0.18675168 0.13028398 0.05983010 0.03398747 0.02829304 0.02444608 0.010691183 0.022462915 0.006130878 0.0009329813 5.309094e-03 0.022648663
   80    1      1      0    0      1      -1      -1   125  0.041923158 0.2050056 0.1761716 0.16712709 0.09694264 0.07331326 0.07900987 0.01864104 0.05939252 0.015933087 0.016019523 0.017301244 0.0034023600 2.195591e-02 0.007861021
   84    1      1      0    0      1      -1      -1   125  0.027486810 0.2266709 0.1789732 0.12671871 0.05882010 0.14283575 0.04411637 0.02193202 0.07259727 0.044744678 0.005632954 0.022658922 0.0030980714 2.026270e-02 0.003451509
   88    1      1      0    0      1      -1      -1   125  0.041244306 0.2124880 0.2137334 0.12246005 0.10869874 0.06981255 0.04890197 0.06194367 0.05194554 0.021554129 0.008165220 0.008614508 0.0127326126 5.042942e-03 0.012662327
   92    1      1      0    0      1      -1      -1   125  0.034705972 0.2622121 0.1988770 0.12984082 0.06591893 0.08675632 0.05975376 0.05973730 0.01137074 0.021159135 0.010770532 0.031360124 0.0157279850 1.078448e-04 0.011701420
   96    1      1      0    0      1      -1      -1   125  0.048915410 0.2284257 0.1674282 0.13379179 0.09570277 0.06039382 0.05170086 0.06309019 0.04005655 0.037972475 0.019773920 0.002999985 0.0314174928 5.409488e-04 0.017789949
  100    1      1      0    0      1      -1      -1   125  0.030955334 0.2207187 0.2555212 0.12866437 0.09612078 0.07077485 0.05204873 0.04791724 0.03024744 0.014601090 0.025804247 0.004133285 0.0182654217 1.308577e-05 0.004214234
   76    1      2      0    0      1      -1      -1   500  0.140330260 0.2265372 0.1690257 0.10773476 0.09022519 0.06511787 0.05642181 0.03839588 0.03295855 0.026404054 0.015155550 0.009872064 0.0060504428 1.958184e-03 0.013812539
   78    1      2      0    0      1      -1      -1   500  0.140317795 0.2218003 0.2000562 0.11071447 0.07325108 0.08395475 0.04190664 0.03260823 0.02360145 0.016409896 0.018548567 0.008345571 0.0064382141 3.309939e-03 0.018736884
   80    1      2      0    0      1      -1      -1   500  0.109920160 0.2463899 0.1898944 0.12552556 0.07169540 0.06791937 0.04019616 0.06261078 0.03037351 0.012105994 0.010393020 0.010923588 0.0030389692 5.746588e-03 0.013266616
   82    1      2      0    0      1      -1      -1   500  0.105194550 0.2429311 0.1577091 0.12983414 0.11496266 0.06858118 0.05727657 0.04342356 0.02116723 0.016953535 0.005556466 0.010760653 0.0066949509 5.533540e-03 0.013420708
   84    1      2      0    0      1      -1      -1   500  0.148337888 0.2424067 0.1808458 0.12586113 0.07914481 0.07145931 0.04170837 0.04463994 0.01665975 0.011594990 0.018991500 0.004162552 0.0040684047 4.096589e-03 0.006022296
   86    1      2      0    0      1      -1      -1   500  0.143052754 0.2123505 0.1937299 0.11796449 0.08171301 0.07756892 0.05083037 0.02891994 0.01936436 0.022772847 0.012970932 0.022259547 0.0050701919 3.806358e-03 0.007625909
   88    1      2      0    0      1      -1      -1   500  0.127908130 0.2324817 0.1768801 0.10810555 0.10076624 0.06985971 0.06881194 0.03091135 0.02144112 0.010390148 0.009906586 0.007439158 0.0131932384 1.978540e-03 0.019926430
   90    1      2      0    0      1      -1      -1   500  0.112149964 0.2046997 0.1901447 0.16845850 0.09337333 0.06920526 0.04443171 0.02822552 0.02432114 0.016506514 0.026458148 0.003160578 0.0038816309 6.637347e-03 0.008345979
   92    1      2      0    0      1      -1      -1   500  0.157667134 0.1969865 0.1873576 0.12008648 0.09899794 0.08742291 0.04443815 0.03377294 0.02940288 0.017085146 0.004044338 0.007688078 0.0076393070 2.228153e-03 0.005182428
   94    1      2      0    0      1      -1      -1   500  0.166063519 0.2278536 0.1696901 0.11485715 0.09155052 0.05981481 0.04839741 0.03605805 0.01845053 0.015580930 0.015291608 0.007392271 0.0118951977 2.187177e-03 0.014917119
   96    1      2      0    0      1      -1      -1   500  0.145176170 0.2029263 0.1714645 0.13823858 0.07322204 0.06308657 0.05108859 0.02434460 0.03342306 0.012083771 0.029383051 0.010085582 0.0262771137 4.590737e-03 0.014609352
   98    1      2      0    0      1      -1      -1   500  0.147623015 0.2420165 0.1396571 0.15912410 0.08800893 0.05343668 0.05101464 0.02903017 0.02103195 0.023656241 0.017384923 0.006195355 0.0111645091 4.824744e-03 0.005831105
  100    1      2      0    0      1      -1      -1   500  0.161092775 0.2404052 0.1471517 0.14072874 0.07820158 0.06092870 0.04847296 0.02806564 0.01867265 0.020039381 0.019261926 0.011463185 0.0068682821 4.292057e-03 0.014355264
   60    1      1      0    0      1       4       4     1  1.000000000 0.0000000 0.0000000 0.00000000 0.00000000 0.00000000 0.00000000 0.00000000 0.00000000 0.000000000 0.000000000 0.000000000 0.0000000000 0.000000e+00 0.000000000
   60    1      1      0    0      1       5       5     3  3.000000000 0.0000000 0.0000000 0.00000000 0.00000000 0.00000000 0.00000000 0.00000000 0.00000000 0.000000000 0.000000000 0.000000000 0.0000000000 0.000000e+00 0.000000000
   60    1      1      0    0      1       8       8     4  4.000000000 0.0000000 0.0000000 0.00000000 0.00000000 0.00000000 0.00000000 0.00000000 0.00000000 0.000000000 0.000000000 0.000000000 0.0000000000 0.000000e+00 0.000000000
   60    1      1      0    0      1       9       9     4  4.000000000 0.0000000 0.0000000 0.00000000 0.00000000 0.00000000 0.00000000 0.00000000 0.00000000 0.000000000 0.000000000 0.000000000 0.0000000000 0.000000e+00 0.000000000
   60    1      1      0    0      1      10      10     4  4.000000000 0.0000000 0.0000000 0.00000000 0.00000000 0.00000000 0.00000000 0.00000000 0.00000000 0.000000000 0.000000000 0.000000000 0.0000000000 0.000000e+00 0.000000000
   60    1      1      0    0      1      11      11     6  6.000000000 0.0000000 0.0000000 0.00000000 0.00000000 0.00000000 0.00000000 0.00000000 0.00000000 0.000000000 0.000000000 0.000000000 0.0000000000 0.000000e+00 0.000000000
   60    1      1      0    0      1      12      12     4  4.000000000 0.0000000 0.0000000 0.00000000 0.00000000 0.00000000 0.00000000 0.00000000 0.00000000 0.000000000 0.000000000 0.000000000 0.0000000000 0.000000e+00 0.000000000
   60    1      1      0    0      1      13      13    10 10.000000000 0.0000000 0.0000000 0.00000000 0.00000000 0.00000000 0.00000000 0.00000000 0.00000000 0.000000000 0.000000000 0.000000000 0.0000000000 0.000000e+00 0.000000000
   60    1      1      0    0      1      14      14     1  1.000000000 0.0000000 0.0000000 0.00000000 0.00000000 0.00000000 0.00000000 0.00000000 0.00000000 0.000000000 0.000000000 0.000000000 0.0000000000 0.000000e+00 0.000000000
   60    1      1      0    0      1      15      15     3  3.000000000 0.0000000 0.0000000 0.00000000 0.00000000 0.00000000 0.00000000 0.00000000 0.00000000 0.000000000 0.000000000 0.000000000 0.0000000000 0.000000e+00 0.000000000
   60    1      1      0    0      1      16      16     7  7.000000000 0.0000000 0.0000000 0.00000000 0.00000000 0.00000000 0.00000000 0.00000000 0.00000000 0.000000000 0.000000000 0.000000000 0.0000000000 0.000000e+00 0.000000000
   60    1      1      0    0      1      17      17     2  2.000000000 0.0000000 0.0000000 0.00000000 0.00000000 0.00000000 0.00000000 0.00000000 0.00000000 0.000000000 0.000000000 0.000000000 0.0000000000 0.000000e+00 0.000000000
   60    1      1      0    0      1      18      18     1  1.000000000 0.0000000 0.0000000 0.00000000 0.00000000 0.00000000 0.00000000 0.00000000 0.00000000 0.000000000 0.000000000 0.000000000 0.0000000000 0.000000e+00 0.000000000
   60    1      1      0    0      1      19      19     3  3.000000000 0.0000000 0.0000000 0.00000000 0.00000000 0.00000000 0.00000000 0.00000000 0.00000000 0.000000000 0.000000000 0.000000000 0.0000000000 0.000000e+00 0.000000000
   60    1      1      0    0      1      20      20     1  1.000000000 0.0000000 0.0000000 0.00000000 0.00000000 0.00000000 0.00000000 0.00000000 0.00000000 0.000000000 0.000000000 0.000000000 0.0000000000 0.000000e+00 0.000000000
   60    1      1      0    0      1      21      21     4  4.000000000 0.0000000 0.0000000 0.00000000 0.00000000 0.00000000 0.00000000 0.00000000 0.00000000 0.000000000 0.000000000 0.000000000 0.0000000000 0.000000e+00 0.000000000
   60    1      1      0    0      1      22      22    12 12.000000000 0.0000000 0.0000000 0.00000000 0.00000000 0.00000000 0.00000000 0.00000000 0.00000000 0.000000000 0.000000000 0.000000000 0.0000000000 0.000000e+00 0.000000000
   60    1      1      0    0      1      23      23     2  2.000000000 0.0000000 0.0000000 0.00000000 0.00000000 0.00000000 0.00000000 0.00000000 0.00000000 0.000000000 0.000000000 0.000000000 0.0000000000 0.000000e+00 0.000000000
   60    1      1      0    0      1      24      24     1  1.000000000 0.0000000 0.0000000 0.00000000 0.00000000 0.00000000 0.00000000 0.00000000 0.00000000 0.000000000 0.000000000 0.000000000 0.0000000000 0.000000e+00 0.000000000
   60    1      1      0    0      1      25      25     3  3.000000000 0.0000000 0.0000000 0.00000000 0.00000000 0.00000000 0.00000000 0.00000000 0.00000000 0.000000000 0.000000000 0.000000000 0.0000000000 0.000000e+00 0.000000000
   60    1      1      0    0      1      26      26     2  2.000000000 0.0000000 0.0000000 0.00000000 0.00000000 0.00000000 0.00000000 0.00000000 0.00000000 0.000000000 0.000000000 0.000000000 0.0000000000 0.000000e+00 0.000000000
   60    1      1      0    0      1      27      27     6  6.000000000 0.0000000 0.0000000 0.00000000 0.00000000 0.00000000 0.00000000 0.00000000 0.00000000 0.000000000 0.000000000 0.000000000 0.0000000000 0.000000e+00 0.000000000
   60    1      1      0    0      1      28      28     6  6.000000000 0.0000000 0.0000000 0.00000000 0.00000000 0.00000000 0.00000000 0.00000000 0.00000000 0.000000000 0.000000000 0.000000000 0.0000000000 0.000000e+00 0.000000000
   60    1      1      0    0      1      30      30     1  1.000000000 0.0000000 0.0000000 0.00000000 0.00000000 0.00000000 0.00000000 0.00000000 0.00000000 0.000000000 0.000000000 0.000000000 0.0000000000 0.000000e+00 0.000000000
   60    1      1      0    0      1      31      31     2  0.000000000 2.0000000 0.0000000 0.00000000 0.00000000 0.00000000 0.00000000 0.00000000 0.00000000 0.000000000 0.000000000 0.000000000 0.0000000000 0.000000e+00 0.000000000
   60    1      1      0    0      1      32      32     1  0.000000000 1.0000000 0.0000000 0.00000000 0.00000000 0.00000000 0.00000000 0.00000000 0.00000000 0.000000000 0.000000000 0.000000000 0.0000000000 0.000000e+00 0.000000000
   60    1      1      0    0      1      36      36     3  0.000000000 3.0000000 0.0000000 0.00000000 0.00000000 0.00000000 0.00000000 0.00000000 0.00000000 0.000000000 0.000000000 0.000000000 0.0000000000 0.000000e+00 0.000000000
   60    1      1      0    0      1      38      38     2  0.000000000 2.0000000 0.0000000 0.00000000 0.00000000 0.00000000 0.00000000 0.00000000 0.00000000 0.000000000 0.000000000 0.000000000 0.0000000000 0.000000e+00 0.000000000
   60    1      1      0    0      1      39      39     1  0.000000000 1.0000000 0.0000000 0.00000000 0.00000000 0.00000000 0.00000000 0.00000000 0.00000000 0.000000000 0.000000000 0.000000000 0.0000000000 0.000000e+00 0.000000000
  100    1      1      0    0      1       5       5     3  3.000000000 0.0000000 0.0000000 0.00000000 0.00000000 0.00000000 0.00000000 0.00000000 0.00000000 0.000000000 0.000000000 0.000000000 0.0000000000 0.000000e+00 0.000000000
  100    1      1      0    0      1       6       6     1  1.000000000 0.0000000 0.0000000 0.00000000 0.00000000 0.00000000 0.00000000 0.00000000 0.00000000 0.000000000 0.000000000 0.000000000 0.0000000000 0.000000e+00 0.000000000
  100    1      1      0    0      1       7       7     3  3.000000000 0.0000000 0.0000000 0.00000000 0.00000000 0.00000000 0.00000000 0.00000000 0.00000000 0.000000000 0.000000000 0.000000000 0.0000000000 0.000000e+00 0.000000000
  100    1      1      0    0      1      10      10     3  3.000000000 0.0000000 0.0000000 0.00000000 0.00000000 0.00000000 0.00000000 0.00000000 0.00000000 0.000000000 0.000000000 0.000000000 0.0000000000 0.000000e+00 0.000000000
  100    1      1      0    0      1      11      11     8  8.000000000 0.0000000 0.0000000 0.00000000 0.00000000 0.00000000 0.00000000 0.00000000 0.00000000 0.000000000 0.000000000 0.000000000 0.0000000000 0.000000e+00 0.000000000
  100    1      1      0    0      1      12      12     3  3.000000000 0.0000000 0.0000000 0.00000000 0.00000000 0.00000000 0.00000000 0.00000000 0.00000000 0.000000000 0.000000000 0.000000000 0.0000000000 0.000000e+00 0.000000000
  100    1      1      0    0      1      13      13     4  4.000000000 0.0000000 0.0000000 0.00000000 0.00000000 0.00000000 0.00000000 0.00000000 0.00000000 0.000000000 0.000000000 0.000000000 0.0000000000 0.000000e+00 0.000000000
  100    1      1      0    0      1      14      14     4  4.000000000 0.0000000 0.0000000 0.00000000 0.00000000 0.00000000 0.00000000 0.00000000 0.00000000 0.000000000 0.000000000 0.000000000 0.0000000000 0.000000e+00 0.000000000
  100    1      1      0    0      1      15      15     2  2.000000000 0.0000000 0.0000000 0.00000000 0.00000000 0.00000000 0.00000000 0.00000000 0.00000000 0.000000000 0.000000000 0.000000000 0.0000000000 0.000000e+00 0.000000000
  100    1      1      0    0      1      16      16     7  7.000000000 0.0000000 0.0000000 0.00000000 0.00000000 0.00000000 0.00000000 0.00000000 0.00000000 0.000000000 0.000000000 0.000000000 0.0000000000 0.000000e+00 0.000000000
  100    1      1      0    0      1      17      17     8  8.000000000 0.0000000 0.0000000 0.00000000 0.00000000 0.00000000 0.00000000 0.00000000 0.00000000 0.000000000 0.000000000 0.000000000 0.0000000000 0.000000e+00 0.000000000
  100    1      1      0    0      1      18      18     4  4.000000000 0.0000000 0.0000000 0.00000000 0.00000000 0.00000000 0.00000000 0.00000000 0.00000000 0.000000000 0.000000000 0.000000000 0.0000000000 0.000000e+00 0.000000000
  100    1      1      0    0      1      19      19     3  3.000000000 0.0000000 0.0000000 0.00000000 0.00000000 0.00000000 0.00000000 0.00000000 0.00000000 0.000000000 0.000000000 0.000000000 0.0000000000 0.000000e+00 0.000000000
  100    1      1      0    0      1      21      21     2  2.000000000 0.0000000 0.0000000 0.00000000 0.00000000 0.00000000 0.00000000 0.00000000 0.00000000 0.000000000 0.000000000 0.000000000 0.0000000000 0.000000e+00 0.000000000
  100    1      1      0    0      1      22      22     5  5.000000000 0.0000000 0.0000000 0.00000000 0.00000000 0.00000000 0.00000000 0.00000000 0.00000000 0.000000000 0.000000000 0.000000000 0.0000000000 0.000000e+00 0.000000000
  100    1      1      0    0      1      23      23     9  9.000000000 0.0000000 0.0000000 0.00000000 0.00000000 0.00000000 0.00000000 0.00000000 0.00000000 0.000000000 0.000000000 0.000000000 0.0000000000 0.000000e+00 0.000000000
  100    1      1      0    0      1      25      25     1  1.000000000 0.0000000 0.0000000 0.00000000 0.00000000 0.00000000 0.00000000 0.00000000 0.00000000 0.000000000 0.000000000 0.000000000 0.0000000000 0.000000e+00 0.000000000
  100    1      1      0    0      1      27      27     3  3.000000000 0.0000000 0.0000000 0.00000000 0.00000000 0.00000000 0.00000000 0.00000000 0.00000000 0.000000000 0.000000000 0.000000000 0.0000000000 0.000000e+00 0.000000000
  100    1      1      0    0      1      29      29     6  0.000000000 6.0000000 0.0000000 0.00000000 0.00000000 0.00000000 0.00000000 0.00000000 0.00000000 0.000000000 0.000000000 0.000000000 0.0000000000 0.000000e+00 0.000000000
  100    1      1      0    0      1      30      30     3  0.000000000 3.0000000 0.0000000 0.00000000 0.00000000 0.00000000 0.00000000 0.00000000 0.00000000 0.000000000 0.000000000 0.000000000 0.0000000000 0.000000e+00 0.000000000
  100    1      1      0    0      1      31      31     5  0.000000000 5.0000000 0.0000000 0.00000000 0.00000000 0.00000000 0.00000000 0.00000000 0.00000000 0.000000000 0.000000000 0.000000000 0.0000000000 0.000000e+00 0.000000000
  100    1      1      0    0      1      32      32     3  0.000000000 3.0000000 0.0000000 0.00000000 0.00000000 0.00000000 0.00000000 0.00000000 0.00000000 0.000000000 0.000000000 0.000000000 0.0000000000 0.000000e+00 0.000000000
  100    1      1      0    0      1      33      33     4  0.000000000 4.0000000 0.0000000 0.00000000 0.00000000 0.00000000 0.00000000 0.00000000 0.00000000 0.000000000 0.000000000 0.000000000 0.0000000000 0.000000e+00 0.000000000
  100    1      1      0    0      1      34      34     3  0.000000000 3.0000000 0.0000000 0.00000000 0.00000000 0.00000000 0.00000000 0.00000000 0.00000000 0.000000000 0.000000000 0.000000000 0.0000000000 0.000000e+00 0.000000000
  100    1      1      0    0      1      37      37     1  0.000000000 1.0000000 0.0000000 0.00000000 0.00000000 0.00000000 0.00000000 0.00000000 0.00000000 0.000000000 0.000000000 0.000000000 0.0000000000 0.000000e+00 0.000000000
  100    1      1      0    0      1      38      38     1  0.000000000 0.0000000 1.0000000 0.00000000 0.00000000 0.00000000 0.00000000 0.00000000 0.00000000 0.000000000 0.000000000 0.000000000 0.0000000000 0.000000e+00 0.000000000
  100    1      1      0    0      1      39      39     1  0.000000000 1.0000000 0.0000000 0.00000000 0.00000000 0.00000000 0.00000000 0.00000000 0.00000000 0.000000000 0.000000000 0.000000000 0.0000000000 0.000000e+00 0.000000000
0 #_N_MeanSize_at_Age_obs
0 #_N_environ_variables
0 #_N_environ_obs
0 #_N_sizefreq_methods
0 #_do_tags
0 #_morphcomp_data
#
999
