#C data file created using the SS_writedat function in the R package r4ss
#C should work with SS version: 
#C file write time: 2015-02-11 18:15:32
#
1 #_styr
100 #_endyr
1 #_nseas
12 #_months_per_seas
1 #_spawn_seas
1 #_Nfleet
2 #_Nsurveys
1 #_N_areas
Fishery%Survey%CPUE #_fleetnames
0.5 0.5 0.5 #_surveytiming_in_season
1 1 1 #_area_assignments_for_each_fishery_and_survey
1 #_units of catch:  1=bio; 2=num
0.01 #_se of log(catch) only used for init_eq_catch and for Fmethod 2 and 3
1 #_Ngenders
25 #_Nages
0 #_init_equil_catch_for_each_fishery
100 #_N_lines_of_catch_to_read
 #_Fishery year seas
         0    1    1
         0    2    1
         0    3    1
         0    4    1
         0    5    1
         0    6    1
         0    7    1
         0    8    1
         0    9    1
         0   10    1
         0   11    1
         0   12    1
         0   13    1
         0   14    1
         0   15    1
         0   16    1
         0   17    1
         0   18    1
         0   19    1
         0   20    1
         0   21    1
         0   22    1
         0   23    1
         0   24    1
         0   25    1
 444646000   26    1
 397608000   27    1
 357583000   28    1
 324161000   29    1
 296656000   30    1
 274240000   31    1
 256057000   32    1
 241314000   33    1
 229322000   34    1
 219511000   35    1
 211426000   36    1
 204710000   37    1
 199088000   38    1
 194347000   39    1
 190324000   40    1
 186891000   41    1
 183948000   42    1
 181416000   43    1
 179230000   44    1
 177337000   45    1
 175694000   46    1
 174266000   47    1
 173022000   48    1
 171937000   49    1
 170990000   50    1
 170161000   51    1
 169436000   52    1
 168801000   53    1
 168243000   54    1
 167755000   55    1
 167325000   56    1
 166948000   57    1
 166617000   58    1
 166326000   59    1
 166070000   60    1
 165844000   61    1
 165646000   62    1
 165471000   63    1
 165317000   64    1
 165182000   65    1
 165063000   66    1
 164958000   67    1
 164865000   68    1
 164784000   69    1
 164712000   70    1
 164649000   71    1
 164593000   72    1
 164544000   73    1
 164500000   74    1
 164462000   75    1
 164429000   76    1
 164399000   77    1
 164373000   78    1
 164350000   79    1
 164329000   80    1
 164311000   81    1
 164296000   82    1
 164282000   83    1
 164269000   84    1
 164258000   85    1
 164249000   86    1
 164240000   87    1
 164233000   88    1
 164227000   89    1
 164221000   90    1
 164216000   91    1
 164211000   92    1
 164207000   93    1
 164204000   94    1
 164201000   95    1
 164198000   96    1
 164195000   97    1
 164193000   98    1
 164192000   99    1
 164190000  100    1
13 #_N_cpue
 #_Fleet Units Errtype
       1     1       0
       2     1       0
       3     1       0
 #_year seas index        obs se_log
     76    1     2 1349107521    0.2
     78    1     2 1555810338    0.2
     80    1     2 1133880743    0.2
     82    1     2 1838701802    0.2
     84    1     2 1894678117    0.2
     86    1     2 2348917399    0.2
     88    1     2 1162278751    0.2
     90    1     2 1026178783    0.2
     92    1     2 1525919412    0.2
     94    1     2 1908150079    0.2
     96    1     2 1236476118    0.2
     98    1     2  793689587    0.2
    100    1     2  920864160    0.2
0 #_N_discard_fleets
#_discard_units (1=same_as_catchunits(bio/num); 2=fraction; 3=numbers)
#_discard_errtype:  >0 for DF of T-dist(read CV below); 0 for normal with CV; -1 for normal with se; -2 for lognormal
0 #_N_discard
0 #_N_meanbodywt
1 #_DF_for_meanbodywt_T-distribution_like
2 # length bin method: 1=use databins; 2=generate from binwidth,min,max below; 3=read vector
1 # binwidth for population size comp
10 # minimum size in the population (lower edge of first bin and size at age 0.00)
200 # maximum size in the population (lower edge of last bin)
-0.001 #_comp_tail_compression
1e-05 #_add_to_comp
0 #_combine males into females at or below this bin number
45 #_N_lbins
#_lbin_vector
20 23 26 29 32 35 38 41 44 47 50 53 56 59 62 65 68 71 74 77 80 83 86 89 92 95 98 101 104 107 110 113 116 119 122 125 128 131 134 137 140 143 146 149 152
28 #_N_Length_comp_observations
 #_Yr Seas FltSvy Gender Part Nsamp           l20          l23          l26         l29          l32          l35          l38         l41        l44        l47        l50        l53        l56        l59        l62        l65        l68         l71        l74        l77        l80        l83        l86        l89        l92        l95         l98       l101        l104        l107        l110        l113        l116        l119         l122         l125        l128         l131         l134         l137         l140         l143         l146         l149         l152
   26    1      1      0    0   125  2.995016e-16 1.787555e-05 1.117904e-05 0.008473532 0.0057877155 0.0008987202 8.696124e-05 0.008878922 0.02101526 0.01990834 0.09007947 0.07130111 0.02784223 0.02577109 0.06843666 0.03912559 0.02027185 0.005821944 0.02306900 0.02250961 0.06874812 0.05381839 0.02352981 0.04772162 0.01755389 0.01852118 0.044030954 0.01125270 0.039512619 0.012391406 0.029737617 0.009371917 0.027599284 0.015392648 0.0386882422 0.0169139889 0.026732252 1.660520e-02 7.541601e-03 1.037115e-02 2.139310e-03 3.579028e-05 1.294472e-03 9.586977e-04 2.301024e-04
   36    1      1      0    0   125 2.572911e-245 1.334973e-46 2.296396e-03 0.014187728 0.0352814015 0.0013382085 4.662828e-04 0.013665612 0.05783820 0.06514051 0.04898573 0.07318345 0.01173195 0.03687722 0.02593695 0.02184994 0.03581580 0.013281483 0.04296579 0.01557287 0.03842119 0.03839838 0.05641408 0.02719160 0.01337417 0.02539878 0.049257912 0.01651551 0.020596372 0.029367075 0.023444800 0.058058253 0.015995502 0.004485557 0.0117555257 0.0069529119 0.006988491 6.321531e-03 3.564807e-04 1.401980e-02 1.481981e-02 1.744624e-03 1.063137e-03 1.207169e-04 2.522276e-03
   46    1      1      0    0   125  0.000000e+00 1.739602e-15 1.848409e-04 0.004020854 0.0118890664 0.0114185699 6.287412e-04 0.006604357 0.05513419 0.07417575 0.06228999 0.03599494 0.04146700 0.04164590 0.04569893 0.02496224 0.07855972 0.035298643 0.04392634 0.05883404 0.02919465 0.06722638 0.02025096 0.02753350 0.01560387 0.01724825 0.021264872 0.02013086 0.007002118 0.026002125 0.003484716 0.016473009 0.007186606 0.006183124 0.0268858959 0.0080956411 0.008039048 2.899947e-02 1.963441e-03 6.346043e-03 8.884076e-05 5.022808e-08 1.999159e-03 6.154908e-05 1.728988e-06
   56    1      1      0    0   125  4.195062e-82 2.402332e-10 1.159551e-02 0.027249734 0.0009155912 0.0030903760 7.923118e-05 0.009970844 0.05641573 0.09442701 0.05147689 0.03910608 0.04061301 0.01330630 0.02466513 0.05361421 0.03206454 0.061153630 0.02999323 0.01697367 0.02323610 0.05929732 0.03910181 0.03098678 0.02587088 0.01425418 0.072609858 0.01823790 0.015258214 0.028505936 0.014182704 0.019177572 0.006838569 0.013889532 0.0039474121 0.0049002548 0.019718140 4.702087e-04 8.552313e-03 1.409273e-02 1.537117e-05 1.288154e-04 2.516371e-10 1.271358e-05 3.968277e-06
   60    1      1      0    0   125 3.344007e-247 2.503783e-14 1.485032e-03 0.030704669 0.0032593444 0.0167456345 4.884307e-03 0.015997845 0.05538426 0.08074807 0.03650712 0.06258252 0.07574826 0.03532753 0.01542931 0.04389889 0.04269934 0.050547710 0.06831154 0.01033693 0.05463418 0.03174718 0.01113871 0.01615776 0.02394064 0.02452747 0.037085623 0.01404061 0.015927749 0.011045235 0.036067420 0.003104678 0.009611790 0.003921665 0.0054413667 0.0044355529 0.022099043 1.350635e-02 1.345532e-05 1.082945e-02 1.078247e-04 1.452733e-06 1.736137e-06 2.055451e-09 1.474173e-05
   64    1      1      0    0   125  1.030077e-24 4.699206e-04 1.359541e-02 0.004706132 0.0167341641 0.0067145357 9.219988e-03 0.024240596 0.01647483 0.05739387 0.05759695 0.04609946 0.03640718 0.03485720 0.07138644 0.05557567 0.03009053 0.060488628 0.02529268 0.04019776 0.04413323 0.03973507 0.02445044 0.04739418 0.01794561 0.01052999 0.015554319 0.03829506 0.026210952 0.026850885 0.025351148 0.013563908 0.019707320 0.007697382 0.0089866543 0.0030622160 0.015095133 6.791779e-03 2.193639e-05 7.159878e-04 2.054791e-04 1.591214e-04 2.633501e-07 5.287688e-17 1.049388e-13
   68    1      1      0    0   125  4.385090e-93 2.278943e-07 1.131602e-03 0.024584724 0.0211882679 0.0032569349 4.635546e-04 0.011365324 0.02042390 0.06987949 0.09881869 0.07319621 0.05606592 0.01185904 0.04463049 0.03934973 0.05436143 0.020441545 0.04132607 0.03862336 0.02169501 0.01345312 0.01434328 0.04863583 0.03559756 0.04320300 0.045480446 0.02592579 0.025528774 0.009040516 0.023930414 0.008356030 0.010667702 0.005188573 0.0056620004 0.0152301257 0.002019851 2.758700e-03 8.859606e-04 4.834579e-05 4.698634e-03 2.788993e-03 5.719918e-06 1.934498e-11 3.889118e-03
   72    1      1      0    0   125  1.176081e-19 1.821522e-06 3.701506e-04 0.001377744 0.0055299152 0.0061140092 4.563118e-03 0.053545072 0.08092471 0.08973313 0.06327712 0.03780601 0.04529792 0.02003548 0.02461982 0.03885816 0.03270758 0.043590164 0.01696210 0.03665545 0.03174520 0.03458943 0.04965386 0.02727954 0.03579404 0.02516682 0.025048811 0.02145403 0.012596211 0.006306801 0.033060020 0.003415533 0.044277946 0.015144052 0.0012890041 0.0020454850 0.007978904 9.641227e-03 6.336813e-04 2.380862e-04 1.136373e-04 3.699719e-03 3.279150e-11 1.702052e-04 6.688307e-03
   76    1      1      0    0   125  1.123199e-35 1.061055e-17 2.781237e-05 0.003843186 0.0071813226 0.0004594734 3.459825e-04 0.018419987 0.04081868 0.05296542 0.05546284 0.04624793 0.07275496 0.05521542 0.03852610 0.05401051 0.01876741 0.035385649 0.04281440 0.02835164 0.02682438 0.04662955 0.05393063 0.03103528 0.01361696 0.03309881 0.003830784 0.04646047 0.012195872 0.026957053 0.043955526 0.038984013 0.011699925 0.015468781 0.0005337923 0.0007788817 0.002451073 1.029967e-02 5.565762e-03 2.650344e-03 8.287440e-04 3.258392e-05 5.723878e-04 5.749126e-12 9.231088e-11
   80    1      1      0    0   125  9.329056e-43 1.135649e-26 4.203934e-06 0.004881823 0.0048855658 0.0016775997 2.238430e-03 0.039344460 0.02584967 0.06572683 0.04848867 0.04757896 0.05576498 0.03439326 0.07773499 0.04159283 0.04531554 0.044731103 0.03361021 0.02488381 0.02964491 0.03706497 0.03404626 0.02507220 0.03029457 0.02954291 0.057281259 0.03465913 0.022807015 0.024443367 0.008775059 0.010125966 0.007916350 0.001253543 0.0075729472 0.0037673614 0.004116901 1.479717e-02 2.849217e-03 1.838497e-08 1.523939e-02 1.142247e-05 7.721593e-14 5.988435e-12 1.511819e-05
   84    1      1      0    0   125  8.096742e-97 2.994443e-05 7.723100e-04 0.028936073 0.0033083088 0.0033376455 1.239518e-02 0.021369351 0.03043109 0.10133813 0.04358768 0.03691858 0.05163389 0.03117820 0.06026260 0.02245290 0.04267724 0.034355095 0.03460962 0.05774038 0.02848540 0.02114385 0.03622826 0.01812710 0.02909911 0.04619553 0.016083491 0.01557523 0.008207589 0.030847387 0.034929736 0.019069748 0.027238163 0.005342952 0.0147222041 0.0029759625 0.020556630 6.588932e-04 9.798592e-04 7.632601e-04 1.845730e-04 4.674089e-03 5.275143e-04 4.923480e-05 6.875186e-12
   88    1      1      0    0   125  3.274475e-36 3.113564e-04 1.468207e-05 0.007307462 0.0061392963 0.0095322214 6.114652e-03 0.012707859 0.06596746 0.06473902 0.05744151 0.06684089 0.02554546 0.04526074 0.03735995 0.03567898 0.04256298 0.012929824 0.03638368 0.02935417 0.05686313 0.03555992 0.08112837 0.03788337 0.01756133 0.06475336 0.015250738 0.02716756 0.020638056 0.011017503 0.010518621 0.003458545 0.005027545 0.006366485 0.0066324727 0.0037501415 0.003741878 2.929296e-03 1.452120e-03 2.731684e-03 1.156841e-03 1.858568e-02 3.359480e-03 7.759286e-20 2.736604e-04
   92    1      1      0    0   125 1.073330e-187 1.370614e-34 3.541260e-07 0.007472262 0.0070890887 0.0058609996 2.028246e-02 0.010559138 0.04368003 0.07619811 0.04742131 0.04227061 0.02213198 0.02562572 0.02529819 0.04023548 0.03601367 0.026403442 0.04892091 0.03320025 0.01899457 0.08936680 0.03728549 0.03139971 0.03829357 0.02640220 0.053771085 0.02007354 0.013786934 0.013320711 0.041896897 0.026250810 0.022229007 0.004170245 0.0096440921 0.0101149232 0.013030000 1.082425e-02 1.966156e-05 6.881393e-05 3.214124e-04 1.377918e-05 5.685004e-05 2.407141e-13 6.509063e-07
   96    1      1      0    0   125  2.388331e-88 6.309891e-15 8.473987e-04 0.007810354 0.0059140649 0.0034970093 1.388699e-03 0.007550937 0.04742921 0.08140891 0.07563073 0.05613143 0.02394639 0.05344609 0.02239339 0.04765820 0.01368997 0.043063618 0.03209954 0.01518478 0.09887598 0.01040623 0.04533672 0.02311798 0.01636574 0.02247445 0.042689883 0.01176084 0.017389272 0.009172528 0.021144629 0.034902664 0.004525612 0.007831753 0.0217667270 0.0022917067 0.030230769 6.573845e-03 2.342620e-02 1.018842e-02 2.857029e-04 7.559664e-06 1.440608e-04 1.139025e-13 7.778803e-10
  100    1      1      0    0   125  3.200974e-36 6.273670e-04 2.481406e-03 0.020731234 0.0048158653 0.0018151176 9.865968e-04 0.008844561 0.05029600 0.07075807 0.06837070 0.04730898 0.03373346 0.04919175 0.02375341 0.02452826 0.02760898 0.090836103 0.01566767 0.02786850 0.04919492 0.04671440 0.02967591 0.01540376 0.02514563 0.01992391 0.023718848 0.02760937 0.048150412 0.019532205 0.009739359 0.018240619 0.041321972 0.009815469 0.0203454808 0.0024493937 0.001721079 9.889362e-05 1.565465e-02 1.908661e-03 3.274774e-06 2.934964e-03 4.510956e-05 2.099812e-04 2.176804e-04
   76    1      2      0    0   500  1.059904e-32 3.722313e-03 1.341044e-02 0.044847728 0.0488655288 0.0239336620 1.828099e-02 0.029126086 0.04324116 0.07707044 0.06307824 0.05177306 0.02196466 0.02386871 0.02934159 0.04147538 0.03346358 0.031310385 0.02321406 0.03100271 0.02961207 0.02057111 0.03137754 0.03113298 0.02760819 0.01852926 0.022799540 0.02978262 0.018685022 0.030803922 0.023160859 0.005522446 0.012728928 0.013344177 0.0094510821 0.0052499947 0.003576980 4.051482e-03 3.889131e-03 5.431188e-04 4.742245e-04 3.054703e-03 1.437952e-04 1.574843e-05 9.003625e-04
   78    1      2      0    0   500  2.461976e-07 3.712521e-04 2.536169e-02 0.061768774 0.0477434905 0.0256415276 1.643798e-02 0.022893731 0.05040614 0.05624100 0.04767332 0.05322559 0.03468728 0.04001639 0.03553929 0.04685665 0.03073002 0.037898749 0.03509769 0.02724248 0.02373497 0.02280956 0.02295946 0.02219178 0.02619707 0.01976728 0.026876374 0.02368537 0.016906794 0.011333837 0.010426186 0.005895654 0.016642233 0.015077113 0.0142544664 0.0038436350 0.003326141 9.279797e-03 4.289098e-03 8.564398e-04 3.436908e-03 5.553759e-05 1.636409e-06 2.770253e-04 4.232994e-05
   80    1      2      0    0   500  3.000900e-18 1.772272e-03 2.234700e-02 0.045411157 0.0539432027 0.0237028977 8.503108e-03 0.024190332 0.05415383 0.06062715 0.06406215 0.03157283 0.02119607 0.03362022 0.04144881 0.04398426 0.03686753 0.038074380 0.03602210 0.02789601 0.03480962 0.02658438 0.02121491 0.02860850 0.03025960 0.02520395 0.018513293 0.02487893 0.027264864 0.011705854 0.010110129 0.011650867 0.011323758 0.013562725 0.0080313513 0.0054066749 0.003356821 2.643807e-03 4.944498e-03 1.800612e-03 5.976039e-03 6.919242e-04 8.530594e-05 1.110831e-03 8.654331e-04
   82    1      2      0    0   500  2.074733e-11 4.475719e-03 8.891163e-03 0.059520753 0.0423234134 0.0192922651 1.457307e-02 0.021598601 0.05695787 0.04124071 0.04499971 0.03463992 0.03039571 0.02243113 0.05432467 0.05035322 0.03206395 0.038851145 0.02458467 0.03902883 0.03358714 0.03100244 0.03389431 0.02627918 0.03846364 0.02786410 0.027031551 0.01967267 0.016583740 0.022957759 0.013624898 0.011828927 0.007445230 0.011165867 0.0031891027 0.0060232619 0.011672071 4.695801e-03 9.545686e-03 9.287636e-04 3.582887e-04 1.433959e-03 1.289603e-04 4.938849e-05 2.676337e-05
   84    1      2      0    0   500  1.458132e-32 6.262907e-03 1.351859e-02 0.042480580 0.0440780590 0.0088432232 3.241570e-03 0.025023107 0.03552811 0.04967172 0.06027087 0.04599898 0.02364278 0.02868740 0.04364434 0.04495983 0.03857865 0.024041219 0.04627994 0.02564103 0.02039620 0.01987570 0.02643592 0.05050158 0.03471648 0.02742684 0.029332208 0.03046407 0.033127374 0.015765362 0.017765023 0.022051831 0.016071797 0.005264737 0.0061144919 0.0119326193 0.002548737 2.291136e-03 1.107827e-02 4.171564e-03 4.811937e-04 2.511809e-04 1.502272e-03 2.003204e-06 3.851007e-05
   86    1      2      0    0   500  1.315860e-17 2.377467e-03 1.422589e-02 0.041844973 0.0474385154 0.0182560389 1.261356e-02 0.020651361 0.03772985 0.05413971 0.04581742 0.03111489 0.02729390 0.02895057 0.03107681 0.04615359 0.02934580 0.041035624 0.03672532 0.04197564 0.03918354 0.01853009 0.02422878 0.02573513 0.03271582 0.01870935 0.023492752 0.01520105 0.021968290 0.017996076 0.022976567 0.016133460 0.017174043 0.023234727 0.0207493144 0.0183434981 0.004157327 6.213170e-03 9.825929e-03 1.338981e-03 9.651358e-03 3.458020e-03 1.860946e-04 9.971678e-06 1.971275e-05
   88    1      2      0    0   500  3.528920e-24 2.792594e-03 1.530815e-02 0.062700717 0.0334349015 0.0268670553 1.361383e-02 0.020482306 0.04742519 0.06503876 0.06958452 0.03775443 0.04085614 0.03165935 0.04763032 0.02453966 0.02729344 0.027709113 0.04426681 0.03018987 0.02708250 0.03250806 0.01626157 0.03470363 0.03308830 0.01766686 0.028326043 0.02011448 0.032390720 0.012891111 0.014887266 0.005612681 0.006225549 0.012048497 0.0053835180 0.0068703882 0.004356957 7.824977e-03 3.907923e-03 7.032092e-04 1.220287e-04 7.886853e-04 1.496019e-06 7.016535e-03 6.986478e-05
   90    1      2      0    0   500  5.983846e-41 9.620542e-04 2.425397e-02 0.035558415 0.0617504738 0.0168327911 1.236665e-02 0.025849584 0.04719679 0.05996658 0.06263587 0.03624542 0.03200063 0.02826191 0.04121381 0.03719769 0.03372925 0.027350940 0.03352948 0.03482628 0.03020531 0.02975179 0.02620359 0.03724102 0.02169672 0.02571322 0.023305595 0.02611522 0.015136956 0.022100548 0.020636178 0.014605329 0.008384448 0.018065104 0.0043104156 0.0050478500 0.005182451 3.317922e-03 4.494363e-03 5.097324e-03 1.298614e-03 3.068514e-04 3.337480e-05 1.016457e-05 1.103816e-05
   92    1      2      0    0   500  1.696045e-62 5.113529e-03 2.056858e-02 0.049101846 0.0422431404 0.0264037077 1.658572e-02 0.033507797 0.03269662 0.07970530 0.04381605 0.03627261 0.03788897 0.02860752 0.04579840 0.04090363 0.02941858 0.034040353 0.02618782 0.02727270 0.03518690 0.02311534 0.02124436 0.01735906 0.03400255 0.01693467 0.020010557 0.02266607 0.026529199 0.024414439 0.019156910 0.015481633 0.009861627 0.023296044 0.0084039447 0.0060583388 0.000554860 5.079527e-03 1.407656e-03 5.640742e-03 8.045403e-04 5.722000e-03 8.946874e-04 2.170897e-05 1.978203e-05
   94    1      2      0    0   500  2.617310e-09 4.065835e-03 2.257780e-02 0.060727570 0.0568905606 0.0137279745 8.294813e-03 0.017060003 0.03762844 0.06512767 0.05412517 0.04330274 0.03958056 0.03380932 0.02623703 0.03076362 0.04623999 0.033581553 0.02435945 0.02058110 0.02663456 0.03526805 0.02813519 0.02502204 0.03180754 0.02341517 0.019485008 0.02841256 0.023823834 0.019112508 0.011310992 0.021992143 0.009187278 0.009359841 0.0140624376 0.0097060308 0.010349886 3.748693e-03 2.474482e-03 1.077745e-03 6.130313e-04 6.060338e-03 2.325574e-05 3.554457e-08 2.361418e-04
   96    1      2      0    0   500  1.641272e-18 4.303477e-05 1.562051e-02 0.050127007 0.0494671787 0.0291245565 1.037003e-02 0.051152688 0.04767942 0.04779140 0.06261381 0.04220617 0.02920398 0.03736314 0.02683812 0.04247847 0.02752698 0.038448153 0.02321818 0.03702680 0.02810254 0.01596738 0.01325442 0.03292662 0.02786390 0.02992444 0.034597760 0.02713148 0.023262002 0.016563710 0.009737341 0.011982211 0.006258503 0.007738867 0.0165299083 0.0045683573 0.010359747 4.771336e-03 4.559238e-03 1.908078e-03 3.113525e-04 1.506910e-03 1.425363e-03 4.462090e-04 2.701661e-06
   98    1      2      0    0   500  9.772487e-17 1.708737e-03 1.529176e-02 0.034375938 0.0547421002 0.0136224405 1.665680e-02 0.022438683 0.04146767 0.06634687 0.05746165 0.04453060 0.02642691 0.03352596 0.04203216 0.04411045 0.03908952 0.029417869 0.02445651 0.04158085 0.02539392 0.02879703 0.03022130 0.02714083 0.03532609 0.01294902 0.018986628 0.01990362 0.021162366 0.014092460 0.029998713 0.012310850 0.015742612 0.014011058 0.0135009806 0.0089436789 0.002500263 6.775994e-03 7.568489e-03 1.538068e-03 8.994855e-05 1.739067e-04 6.258816e-05 3.331398e-03 1.946905e-04
  100    1      2      0    0   500  2.413277e-07 7.271235e-04 1.513509e-02 0.048103590 0.0582597734 0.0085337709 8.635810e-03 0.029529516 0.03687065 0.04962813 0.04167673 0.03660663 0.02991700 0.04054113 0.03944622 0.03561247 0.04910641 0.044951320 0.03459105 0.03933196 0.03056679 0.03645846 0.02703973 0.02022595 0.01992081 0.01347849 0.030710945 0.01906681 0.022199417 0.029937310 0.020521058 0.011159792 0.014924554 0.024537005 0.0102995977 0.0028227016 0.003286303 6.004948e-03 5.287908e-03 8.140281e-04 1.693327e-04 2.980060e-03 2.598640e-05 8.734139e-11 3.573812e-04
15 #_N_agebins
#_agebin_vector
1 2 3 4 5 6 7 8 9 10 11 12 13 14 15
1 #_N_ageerror_definitions
 #_age0   age1   age2   age3   age4   age5   age6   age7   age8   age9  age10  age11  age12  age13  age14  age15  age16  age17  age18  age19  age20  age21  age22  age23  age24  age25
 -1.000 -1.000 -1.000 -1.000 -1.000 -1.000 -1.000 -1.000 -1.000 -1.000 -1.000 -1.000 -1.000 -1.000 -1.000 -1.000 -1.000 -1.000 -1.000 -1.000 -1.000 -1.000 -1.000 -1.000 -1.000 -1.000
  0.001  0.001  0.001  0.001  0.001  0.001  0.001  0.001  0.001  0.001  0.001  0.001  0.001  0.001  0.001  0.001  0.001  0.001  0.001  0.001  0.001  0.001  0.001  0.001  0.001  0.001
85 #_N_agecomp
1 #_Lbin_method: 1=poplenbins; 2=datalenbins; 3=lengths
-1 #_combine males into females at or below this bin number
 #_Yr Seas FltSvy Gender Part Ageerr Lbin_lo Lbin_hi Nsamp          a1        a2        a3         a4         a5         a6         a7         a8          a9         a10         a11         a12          a13          a14         a15
   26    1      1      0    0      1      -1      -1   125  0.02951119 0.1459470 0.1060853 0.16830226 0.09782270 0.07667062 0.06921325 0.05166287 0.073185781 0.038224176 0.016047806 0.019074270 0.0692333992 0.0024694404 0.036549962
   36    1      1      0    0      1      -1      -1   125  0.02573116 0.2324189 0.1834486 0.12991070 0.11104140 0.06200522 0.06430705 0.05022487 0.039563698 0.040048825 0.011808652 0.005246421 0.0014525243 0.0079630919 0.034828805
   46    1      1      0    0      1      -1      -1   125  0.02400877 0.2533870 0.1288854 0.08496587 0.14219516 0.12726022 0.04731720 0.10437580 0.023451012 0.015981172 0.018272497 0.003665412 0.0153308114 0.0035404136 0.007363267
   56    1      1      0    0      1      -1      -1   125  0.03003405 0.2273983 0.2162850 0.15402736 0.10979110 0.07501791 0.05618931 0.04177190 0.024407193 0.014076777 0.004604916 0.037093729 0.0007954597 0.0059223127 0.002584722
   60    1      1      0    0      1      -1      -1   125  0.02610073 0.2562751 0.1769583 0.13889696 0.11407231 0.06150524 0.02933481 0.05563099 0.090448066 0.014052193 0.011522979 0.003013856 0.0196822954 0.0006011834 0.001905024
   64    1      1      0    0      1      -1      -1   125  0.05473427 0.2189251 0.2168730 0.12722918 0.14178926 0.08139199 0.03230375 0.03020470 0.030985779 0.017485662 0.014687118 0.007558795 0.0072978924 0.0070549938 0.011478496
   68    1      1      0    0      1      -1      -1   125  0.04315459 0.2439054 0.2390251 0.12764020 0.08377463 0.04478131 0.02271472 0.04627143 0.029597648 0.026536827 0.019830164 0.008001249 0.0270390889 0.0145612907 0.023166336
   72    1      1      0    0      1      -1      -1   125  0.01954537 0.2350782 0.1814336 0.16472891 0.09193796 0.09075790 0.03984687 0.04029133 0.057838224 0.015325144 0.031590572 0.002833006 0.0183133162 0.0025284026 0.007951132
   76    1      1      0    0      1      -1      -1   125  0.02889994 0.2202503 0.1990588 0.14993811 0.08792866 0.10447633 0.03922434 0.03155368 0.029274051 0.040512954 0.031237007 0.003184307 0.0087565728 0.0022447715 0.023460152
   80    1      1      0    0      1      -1      -1   125  0.07587932 0.2501248 0.2091122 0.14601793 0.07993737 0.09830656 0.04286315 0.04301521 0.025845012 0.004864640 0.008464230 0.001837902 0.0019410993 0.0007987429 0.010991867
   84    1      1      0    0      1      -1      -1   125  0.05038553 0.2323565 0.2078649 0.15717481 0.09575579 0.09782630 0.03319619 0.03642480 0.034387953 0.014438941 0.005446541 0.004647233 0.0156015227 0.0088357402 0.005657322
   88    1      1      0    0      1      -1      -1   125  0.02263671 0.3001149 0.1536212 0.17508107 0.07718987 0.04945076 0.08152738 0.03806363 0.022278860 0.001202730 0.005506842 0.010565703 0.0368129708 0.0011936203 0.024753736
   92    1      1      0    0      1      -1      -1   125  0.06445720 0.1907601 0.1690524 0.18893081 0.14490880 0.06392262 0.03077711 0.04070568 0.005930151 0.036033271 0.026221391 0.008575507 0.0058210518 0.0088759858 0.015027927
   96    1      1      0    0      1      -1      -1   125  0.09465520 0.2231565 0.1381126 0.16233878 0.07529722 0.08267041 0.04503059 0.02209851 0.023642184 0.034736774 0.010871094 0.034770170 0.0086983937 0.0114062712 0.032515288
  100    1      1      0    0      1      -1      -1   125  0.05224231 0.1735271 0.2177150 0.14428782 0.17496326 0.05545087 0.05299565 0.02634358 0.021847769 0.016260410 0.030209276 0.003851615 0.0064491532 0.0078154739 0.016040697
   76    1      2      0    0      1      -1      -1   500  0.15157335 0.2244608 0.1557323 0.13672419 0.08471444 0.05851061 0.05248500 0.03897910 0.024146358 0.031452737 0.013349504 0.005370060 0.0089254852 0.0053575146 0.008218491
   78    1      2      0    0      1      -1      -1   500  0.13302638 0.2337384 0.1650866 0.09868410 0.09030038 0.06386135 0.06217331 0.02522058 0.019254644 0.033940409 0.014614454 0.014487811 0.0158060552 0.0151136796 0.014691908
   80    1      2      0    0      1      -1      -1   500  0.15115866 0.2100789 0.1708814 0.12580432 0.11997819 0.06342001 0.03666044 0.02828625 0.021039092 0.017297622 0.014330981 0.009415474 0.0033249480 0.0044993516 0.023824388
   82    1      2      0    0      1      -1      -1   500  0.13399628 0.2338908 0.1830974 0.12841704 0.07656892 0.06754065 0.04408409 0.02834708 0.030418919 0.017659559 0.013235327 0.006373187 0.0217434549 0.0020796313 0.012547624
   84    1      2      0    0      1      -1      -1   500  0.13903747 0.2297119 0.1514566 0.10544224 0.09253217 0.08190999 0.04631533 0.04210406 0.013124703 0.025291245 0.032680697 0.006329409 0.0067330388 0.0072057900 0.020125322
   86    1      2      0    0      1      -1      -1   500  0.15164511 0.2584380 0.1510148 0.11370268 0.08410408 0.07462016 0.04571162 0.03126861 0.027868795 0.015384871 0.008801710 0.007282458 0.0073092224 0.0060194235 0.016828473
   88    1      2      0    0      1      -1      -1   500  0.14300930 0.2534076 0.1843247 0.11606059 0.10334291 0.04713302 0.04504760 0.03551614 0.021966367 0.008094059 0.014319316 0.008061012 0.0072025840 0.0015876505 0.010927147
   90    1      2      0    0      1      -1      -1   500  0.14646988 0.2144852 0.1885443 0.09250725 0.12659865 0.07422030 0.03512233 0.02921899 0.022182969 0.024044689 0.013011728 0.013680905 0.0036796348 0.0016234432 0.014609733
   92    1      2      0    0      1      -1      -1   500  0.13036358 0.2182447 0.1865123 0.13859087 0.10450643 0.05244261 0.05593176 0.02672177 0.027496932 0.013916074 0.009937610 0.012470279 0.0023426805 0.0058302947 0.014692142
   94    1      2      0    0      1      -1      -1   500  0.14474776 0.2322880 0.1694327 0.14069699 0.11388057 0.04811269 0.04223259 0.03511862 0.025044820 0.015350371 0.006278516 0.009218821 0.0054622478 0.0029921912 0.009143060
   96    1      2      0    0      1      -1      -1   500  0.17165319 0.2267790 0.1692476 0.12092548 0.08310394 0.06599268 0.04578113 0.02531242 0.021729566 0.019347179 0.006715666 0.008987618 0.0088592473 0.0093820449 0.016183204
   98    1      2      0    0      1      -1      -1   500  0.16581498 0.2186573 0.1493503 0.12639850 0.08019911 0.06020153 0.04077141 0.04057154 0.028472067 0.021069176 0.018149580 0.006215244 0.0153519530 0.0088186490 0.019958677
  100    1      2      0    0      1      -1      -1   500  0.12497081 0.2175504 0.1851299 0.12681105 0.10744574 0.06264337 0.04933340 0.03304875 0.028007811 0.014062071 0.015430348 0.008161194 0.0119380102 0.0060587877 0.009408396
   60    1      1      0    0      1       4       4     1  1.00000000 0.0000000 0.0000000 0.00000000 0.00000000 0.00000000 0.00000000 0.00000000 0.000000000 0.000000000 0.000000000 0.000000000 0.0000000000 0.0000000000 0.000000000
   60    1      1      0    0      1       5       5     1  1.00000000 0.0000000 0.0000000 0.00000000 0.00000000 0.00000000 0.00000000 0.00000000 0.000000000 0.000000000 0.000000000 0.000000000 0.0000000000 0.0000000000 0.000000000
   60    1      1      0    0      1       7       7     1  1.00000000 0.0000000 0.0000000 0.00000000 0.00000000 0.00000000 0.00000000 0.00000000 0.000000000 0.000000000 0.000000000 0.000000000 0.0000000000 0.0000000000 0.000000000
   60    1      1      0    0      1       8       8     1  1.00000000 0.0000000 0.0000000 0.00000000 0.00000000 0.00000000 0.00000000 0.00000000 0.000000000 0.000000000 0.000000000 0.000000000 0.0000000000 0.0000000000 0.000000000
   60    1      1      0    0      1       9       9     4  4.00000000 0.0000000 0.0000000 0.00000000 0.00000000 0.00000000 0.00000000 0.00000000 0.000000000 0.000000000 0.000000000 0.000000000 0.0000000000 0.0000000000 0.000000000
   60    1      1      0    0      1      10      10     8  8.00000000 0.0000000 0.0000000 0.00000000 0.00000000 0.00000000 0.00000000 0.00000000 0.000000000 0.000000000 0.000000000 0.000000000 0.0000000000 0.0000000000 0.000000000
   60    1      1      0    0      1      11      11     8  8.00000000 0.0000000 0.0000000 0.00000000 0.00000000 0.00000000 0.00000000 0.00000000 0.000000000 0.000000000 0.000000000 0.000000000 0.0000000000 0.0000000000 0.000000000
   60    1      1      0    0      1      12      12     4  4.00000000 0.0000000 0.0000000 0.00000000 0.00000000 0.00000000 0.00000000 0.00000000 0.000000000 0.000000000 0.000000000 0.000000000 0.0000000000 0.0000000000 0.000000000
   60    1      1      0    0      1      13      13     8  8.00000000 0.0000000 0.0000000 0.00000000 0.00000000 0.00000000 0.00000000 0.00000000 0.000000000 0.000000000 0.000000000 0.000000000 0.0000000000 0.0000000000 0.000000000
   60    1      1      0    0      1      14      14     3  3.00000000 0.0000000 0.0000000 0.00000000 0.00000000 0.00000000 0.00000000 0.00000000 0.000000000 0.000000000 0.000000000 0.000000000 0.0000000000 0.0000000000 0.000000000
   60    1      1      0    0      1      15      15     5  5.00000000 0.0000000 0.0000000 0.00000000 0.00000000 0.00000000 0.00000000 0.00000000 0.000000000 0.000000000 0.000000000 0.000000000 0.0000000000 0.0000000000 0.000000000
   60    1      1      0    0      1      16      16     5  5.00000000 0.0000000 0.0000000 0.00000000 0.00000000 0.00000000 0.00000000 0.00000000 0.000000000 0.000000000 0.000000000 0.000000000 0.0000000000 0.0000000000 0.000000000
   60    1      1      0    0      1      17      17     2  2.00000000 0.0000000 0.0000000 0.00000000 0.00000000 0.00000000 0.00000000 0.00000000 0.000000000 0.000000000 0.000000000 0.000000000 0.0000000000 0.0000000000 0.000000000
   60    1      1      0    0      1      18      18     9  9.00000000 0.0000000 0.0000000 0.00000000 0.00000000 0.00000000 0.00000000 0.00000000 0.000000000 0.000000000 0.000000000 0.000000000 0.0000000000 0.0000000000 0.000000000
   60    1      1      0    0      1      19      19     4  4.00000000 0.0000000 0.0000000 0.00000000 0.00000000 0.00000000 0.00000000 0.00000000 0.000000000 0.000000000 0.000000000 0.000000000 0.0000000000 0.0000000000 0.000000000
   60    1      1      0    0      1      20      20     1  1.00000000 0.0000000 0.0000000 0.00000000 0.00000000 0.00000000 0.00000000 0.00000000 0.000000000 0.000000000 0.000000000 0.000000000 0.0000000000 0.0000000000 0.000000000
   60    1      1      0    0      1      21      21     5  5.00000000 0.0000000 0.0000000 0.00000000 0.00000000 0.00000000 0.00000000 0.00000000 0.000000000 0.000000000 0.000000000 0.000000000 0.0000000000 0.0000000000 0.000000000
   60    1      1      0    0      1      22      22     4  4.00000000 0.0000000 0.0000000 0.00000000 0.00000000 0.00000000 0.00000000 0.00000000 0.000000000 0.000000000 0.000000000 0.000000000 0.0000000000 0.0000000000 0.000000000
   60    1      1      0    0      1      23      23     2  2.00000000 0.0000000 0.0000000 0.00000000 0.00000000 0.00000000 0.00000000 0.00000000 0.000000000 0.000000000 0.000000000 0.000000000 0.0000000000 0.0000000000 0.000000000
   60    1      1      0    0      1      24      24     2  2.00000000 0.0000000 0.0000000 0.00000000 0.00000000 0.00000000 0.00000000 0.00000000 0.000000000 0.000000000 0.000000000 0.000000000 0.0000000000 0.0000000000 0.000000000
   60    1      1      0    0      1      26      26     1  1.00000000 0.0000000 0.0000000 0.00000000 0.00000000 0.00000000 0.00000000 0.00000000 0.000000000 0.000000000 0.000000000 0.000000000 0.0000000000 0.0000000000 0.000000000
   60    1      1      0    0      1      27      27     4  3.00000000 1.0000000 0.0000000 0.00000000 0.00000000 0.00000000 0.00000000 0.00000000 0.000000000 0.000000000 0.000000000 0.000000000 0.0000000000 0.0000000000 0.000000000
   60    1      1      0    0      1      28      28     3  3.00000000 0.0000000 0.0000000 0.00000000 0.00000000 0.00000000 0.00000000 0.00000000 0.000000000 0.000000000 0.000000000 0.000000000 0.0000000000 0.0000000000 0.000000000
   60    1      1      0    0      1      29      29     2  0.00000000 2.0000000 0.0000000 0.00000000 0.00000000 0.00000000 0.00000000 0.00000000 0.000000000 0.000000000 0.000000000 0.000000000 0.0000000000 0.0000000000 0.000000000
   60    1      1      0    0      1      31      31     5  0.00000000 5.0000000 0.0000000 0.00000000 0.00000000 0.00000000 0.00000000 0.00000000 0.000000000 0.000000000 0.000000000 0.000000000 0.0000000000 0.0000000000 0.000000000
   60    1      1      0    0      1      33      33     1  0.00000000 1.0000000 0.0000000 0.00000000 0.00000000 0.00000000 0.00000000 0.00000000 0.000000000 0.000000000 0.000000000 0.000000000 0.0000000000 0.0000000000 0.000000000
   60    1      1      0    0      1      35      35     2  0.00000000 2.0000000 0.0000000 0.00000000 0.00000000 0.00000000 0.00000000 0.00000000 0.000000000 0.000000000 0.000000000 0.000000000 0.0000000000 0.0000000000 0.000000000
   60    1      1      0    0      1      37      37     1  0.00000000 1.0000000 0.0000000 0.00000000 0.00000000 0.00000000 0.00000000 0.00000000 0.000000000 0.000000000 0.000000000 0.000000000 0.0000000000 0.0000000000 0.000000000
   60    1      1      0    0      1      38      38     2  0.00000000 2.0000000 0.0000000 0.00000000 0.00000000 0.00000000 0.00000000 0.00000000 0.000000000 0.000000000 0.000000000 0.000000000 0.0000000000 0.0000000000 0.000000000
   60    1      1      0    0      1      40      40     1  0.00000000 1.0000000 0.0000000 0.00000000 0.00000000 0.00000000 0.00000000 0.00000000 0.000000000 0.000000000 0.000000000 0.000000000 0.0000000000 0.0000000000 0.000000000
  100    1      1      0    0      1       4       4     2  2.00000000 0.0000000 0.0000000 0.00000000 0.00000000 0.00000000 0.00000000 0.00000000 0.000000000 0.000000000 0.000000000 0.000000000 0.0000000000 0.0000000000 0.000000000
  100    1      1      0    0      1       9       9     4  4.00000000 0.0000000 0.0000000 0.00000000 0.00000000 0.00000000 0.00000000 0.00000000 0.000000000 0.000000000 0.000000000 0.000000000 0.0000000000 0.0000000000 0.000000000
  100    1      1      0    0      1      10      10    10 10.00000000 0.0000000 0.0000000 0.00000000 0.00000000 0.00000000 0.00000000 0.00000000 0.000000000 0.000000000 0.000000000 0.000000000 0.0000000000 0.0000000000 0.000000000
  100    1      1      0    0      1      11      11     9  9.00000000 0.0000000 0.0000000 0.00000000 0.00000000 0.00000000 0.00000000 0.00000000 0.000000000 0.000000000 0.000000000 0.000000000 0.0000000000 0.0000000000 0.000000000
  100    1      1      0    0      1      12      12     5  5.00000000 0.0000000 0.0000000 0.00000000 0.00000000 0.00000000 0.00000000 0.00000000 0.000000000 0.000000000 0.000000000 0.000000000 0.0000000000 0.0000000000 0.000000000
  100    1      1      0    0      1      13      13     6  6.00000000 0.0000000 0.0000000 0.00000000 0.00000000 0.00000000 0.00000000 0.00000000 0.000000000 0.000000000 0.000000000 0.000000000 0.0000000000 0.0000000000 0.000000000
  100    1      1      0    0      1      14      14     3  3.00000000 0.0000000 0.0000000 0.00000000 0.00000000 0.00000000 0.00000000 0.00000000 0.000000000 0.000000000 0.000000000 0.000000000 0.0000000000 0.0000000000 0.000000000
  100    1      1      0    0      1      15      15     1  1.00000000 0.0000000 0.0000000 0.00000000 0.00000000 0.00000000 0.00000000 0.00000000 0.000000000 0.000000000 0.000000000 0.000000000 0.0000000000 0.0000000000 0.000000000
  100    1      1      0    0      1      16      16     4  4.00000000 0.0000000 0.0000000 0.00000000 0.00000000 0.00000000 0.00000000 0.00000000 0.000000000 0.000000000 0.000000000 0.000000000 0.0000000000 0.0000000000 0.000000000
  100    1      1      0    0      1      17      17     3  3.00000000 0.0000000 0.0000000 0.00000000 0.00000000 0.00000000 0.00000000 0.00000000 0.000000000 0.000000000 0.000000000 0.000000000 0.0000000000 0.0000000000 0.000000000
  100    1      1      0    0      1      18      18    10 10.00000000 0.0000000 0.0000000 0.00000000 0.00000000 0.00000000 0.00000000 0.00000000 0.000000000 0.000000000 0.000000000 0.000000000 0.0000000000 0.0000000000 0.000000000
  100    1      1      0    0      1      19      19     3  3.00000000 0.0000000 0.0000000 0.00000000 0.00000000 0.00000000 0.00000000 0.00000000 0.000000000 0.000000000 0.000000000 0.000000000 0.0000000000 0.0000000000 0.000000000
  100    1      1      0    0      1      20      20     1  1.00000000 0.0000000 0.0000000 0.00000000 0.00000000 0.00000000 0.00000000 0.00000000 0.000000000 0.000000000 0.000000000 0.000000000 0.0000000000 0.0000000000 0.000000000
  100    1      1      0    0      1      21      21     7  7.00000000 0.0000000 0.0000000 0.00000000 0.00000000 0.00000000 0.00000000 0.00000000 0.000000000 0.000000000 0.000000000 0.000000000 0.0000000000 0.0000000000 0.000000000
  100    1      1      0    0      1      22      22     4  4.00000000 0.0000000 0.0000000 0.00000000 0.00000000 0.00000000 0.00000000 0.00000000 0.000000000 0.000000000 0.000000000 0.000000000 0.0000000000 0.0000000000 0.000000000
  100    1      1      0    0      1      23      23     4  4.00000000 0.0000000 0.0000000 0.00000000 0.00000000 0.00000000 0.00000000 0.00000000 0.000000000 0.000000000 0.000000000 0.000000000 0.0000000000 0.0000000000 0.000000000
  100    1      1      0    0      1      24      24     1  1.00000000 0.0000000 0.0000000 0.00000000 0.00000000 0.00000000 0.00000000 0.00000000 0.000000000 0.000000000 0.000000000 0.000000000 0.0000000000 0.0000000000 0.000000000
  100    1      1      0    0      1      25      25     1  1.00000000 0.0000000 0.0000000 0.00000000 0.00000000 0.00000000 0.00000000 0.00000000 0.000000000 0.000000000 0.000000000 0.000000000 0.0000000000 0.0000000000 0.000000000
  100    1      1      0    0      1      26      26     1  1.00000000 0.0000000 0.0000000 0.00000000 0.00000000 0.00000000 0.00000000 0.00000000 0.000000000 0.000000000 0.000000000 0.000000000 0.0000000000 0.0000000000 0.000000000
  100    1      1      0    0      1      27      27     4  4.00000000 0.0000000 0.0000000 0.00000000 0.00000000 0.00000000 0.00000000 0.00000000 0.000000000 0.000000000 0.000000000 0.000000000 0.0000000000 0.0000000000 0.000000000
  100    1      1      0    0      1      28      28     1  1.00000000 0.0000000 0.0000000 0.00000000 0.00000000 0.00000000 0.00000000 0.00000000 0.000000000 0.000000000 0.000000000 0.000000000 0.0000000000 0.0000000000 0.000000000
  100    1      1      0    0      1      29      29     3  0.00000000 3.0000000 0.0000000 0.00000000 0.00000000 0.00000000 0.00000000 0.00000000 0.000000000 0.000000000 0.000000000 0.000000000 0.0000000000 0.0000000000 0.000000000
  100    1      1      0    0      1      30      30     4  0.00000000 4.0000000 0.0000000 0.00000000 0.00000000 0.00000000 0.00000000 0.00000000 0.000000000 0.000000000 0.000000000 0.000000000 0.0000000000 0.0000000000 0.000000000
  100    1      1      0    0      1      31      31     1  0.00000000 1.0000000 0.0000000 0.00000000 0.00000000 0.00000000 0.00000000 0.00000000 0.000000000 0.000000000 0.000000000 0.000000000 0.0000000000 0.0000000000 0.000000000
  100    1      1      0    0      1      33      33     4  0.00000000 4.0000000 0.0000000 0.00000000 0.00000000 0.00000000 0.00000000 0.00000000 0.000000000 0.000000000 0.000000000 0.000000000 0.0000000000 0.0000000000 0.000000000
  100    1      1      0    0      1      35      35     3  0.00000000 3.0000000 0.0000000 0.00000000 0.00000000 0.00000000 0.00000000 0.00000000 0.000000000 0.000000000 0.000000000 0.000000000 0.0000000000 0.0000000000 0.000000000
  100    1      1      0    0      1      42      42     1  0.00000000 1.0000000 0.0000000 0.00000000 0.00000000 0.00000000 0.00000000 0.00000000 0.000000000 0.000000000 0.000000000 0.000000000 0.0000000000 0.0000000000 0.000000000
0 #_N_MeanSize_at_Age_obs
0 #_N_environ_variables
0 #_N_environ_obs
0 #_N_sizefreq_methods
0 #_do_tags
0 #_morphcomp_data
#
999
