#C data file created using the SS_writedat function in the R package r4ss
#C should work with SS version: 
#C file write time: 2015-02-11 18:11:53
#
1 #_styr
100 #_endyr
1 #_nseas
12 #_months_per_seas
1 #_spawn_seas
1 #_Nfleet
2 #_Nsurveys
1 #_N_areas
Fishery%Survey%CPUE #_fleetnames
0.5 0.5 0.5 #_surveytiming_in_season
1 1 1 #_area_assignments_for_each_fishery_and_survey
1 #_units of catch:  1=bio; 2=num
0.01 #_se of log(catch) only used for init_eq_catch and for Fmethod 2 and 3
1 #_Ngenders
25 #_Nages
0 #_init_equil_catch_for_each_fishery
100 #_N_lines_of_catch_to_read
 #_Fishery year seas
         0    1    1
         0    2    1
         0    3    1
         0    4    1
         0    5    1
         0    6    1
         0    7    1
         0    8    1
         0    9    1
         0   10    1
         0   11    1
         0   12    1
         0   13    1
         0   14    1
         0   15    1
         0   16    1
         0   17    1
         0   18    1
         0   19    1
         0   20    1
         0   21    1
         0   22    1
         0   23    1
         0   24    1
         0   25    1
 444646000   26    1
 397608000   27    1
 357583000   28    1
 324161000   29    1
 296656000   30    1
 274240000   31    1
 256057000   32    1
 241314000   33    1
 229322000   34    1
 219511000   35    1
 211426000   36    1
 204710000   37    1
 199088000   38    1
 194347000   39    1
 190324000   40    1
 186891000   41    1
 183948000   42    1
 181416000   43    1
 179230000   44    1
 177337000   45    1
 175694000   46    1
 174266000   47    1
 173022000   48    1
 171937000   49    1
 170990000   50    1
 170161000   51    1
 169436000   52    1
 168801000   53    1
 168243000   54    1
 167755000   55    1
 167325000   56    1
 166948000   57    1
 166617000   58    1
 166326000   59    1
 166070000   60    1
 165844000   61    1
 165646000   62    1
 165471000   63    1
 165317000   64    1
 165182000   65    1
 165063000   66    1
 164958000   67    1
 164865000   68    1
 164784000   69    1
 164712000   70    1
 164649000   71    1
 164593000   72    1
 164544000   73    1
 164500000   74    1
 164462000   75    1
 164429000   76    1
 164399000   77    1
 164373000   78    1
 164350000   79    1
 164329000   80    1
 164311000   81    1
 164296000   82    1
 164282000   83    1
 164269000   84    1
 164258000   85    1
 164249000   86    1
 164240000   87    1
 164233000   88    1
 164227000   89    1
 164221000   90    1
 164216000   91    1
 164211000   92    1
 164207000   93    1
 164204000   94    1
 164201000   95    1
 164198000   96    1
 164195000   97    1
 164193000   98    1
 164192000   99    1
 164190000  100    1
13 #_N_cpue
 #_Fleet Units Errtype
       1     1       0
       2     1       0
       3     1       0
 #_year seas index        obs se_log
     76    1     2 1205224248    0.2
     78    1     2 1384646526    0.2
     80    1     2 1416930381    0.2
     82    1     2 1466081975    0.2
     84    1     2  973409645    0.2
     86    1     2 1435199606    0.2
     88    1     2 1116854137    0.2
     90    1     2 1745529770    0.2
     92    1     2 1923000729    0.2
     94    1     2 1465357024    0.2
     96    1     2 1147161819    0.2
     98    1     2 1245042481    0.2
    100    1     2 1315834766    0.2
0 #_N_discard_fleets
#_discard_units (1=same_as_catchunits(bio/num); 2=fraction; 3=numbers)
#_discard_errtype:  >0 for DF of T-dist(read CV below); 0 for normal with CV; -1 for normal with se; -2 for lognormal
0 #_N_discard
0 #_N_meanbodywt
1 #_DF_for_meanbodywt_T-distribution_like
2 # length bin method: 1=use databins; 2=generate from binwidth,min,max below; 3=read vector
1 # binwidth for population size comp
10 # minimum size in the population (lower edge of first bin and size at age 0.00)
200 # maximum size in the population (lower edge of last bin)
-0.001 #_comp_tail_compression
1e-05 #_add_to_comp
0 #_combine males into females at or below this bin number
45 #_N_lbins
#_lbin_vector
20 23 26 29 32 35 38 41 44 47 50 53 56 59 62 65 68 71 74 77 80 83 86 89 92 95 98 101 104 107 110 113 116 119 122 125 128 131 134 137 140 143 146 149 152
28 #_N_Length_comp_observations
 #_Yr Seas FltSvy Gender Part Nsamp           l20          l23          l26          l29         l32          l35          l38         l41        l44        l47        l50        l53        l56        l59         l62        l65        l68        l71        l74        l77        l80        l83         l86        l89         l92        l95         l98       l101        l104        l107        l110        l113         l116        l119         l122        l125         l128         l131         l134         l137         l140         l143         l146         l149         l152
   26    1      1      0    0   125  0.000000e+00 1.571550e-19 1.007906e-03 0.0012206136 0.001339073 2.419075e-03 0.0005684885 0.013477408 0.03932964 0.07327855 0.04623905 0.03027013 0.02654177 0.04985779 0.049398693 0.01657802 0.03278706 0.01974641 0.01767282 0.02268105 0.01513323 0.02631163 0.074321341 0.01618172 0.050240624 0.03247249 0.027408719 0.03166175 0.063259058 0.023149935 0.057271327 0.015830642 0.0122453502 0.017894635 0.0096703373 0.011979784 0.0116221811 0.0120503715 1.326154e-02 1.415950e-03 1.981039e-03 5.789712e-05 2.033126e-03 2.777791e-02 3.538552e-04
   36    1      1      0    0   125  0.000000e+00 3.254824e-16 6.150904e-03 0.0177771736 0.006272117 5.356551e-03 0.0065255099 0.031639016 0.01541994 0.05614987 0.03220662 0.05005513 0.09728770 0.03370414 0.008630221 0.01162296 0.04793555 0.00747000 0.06484206 0.05144492 0.02219518 0.02874422 0.020727035 0.03212138 0.004436825 0.02251673 0.051345506 0.06686231 0.017584034 0.010644231 0.023496688 0.046173727 0.0047232973 0.007703562 0.0237143134 0.023565522 0.0199522819 0.0019082036 4.698902e-03 8.452143e-04 1.128604e-02 9.357019e-04 8.126308e-09 3.765243e-04 2.952189e-03
   46    1      1      0    0   125 8.771275e-115 3.372162e-06 2.417706e-03 0.0109801121 0.014863255 6.023633e-06 0.0070087363 0.004266650 0.04105035 0.04892941 0.04699491 0.03853629 0.07087100 0.06709622 0.019409331 0.04570979 0.04888053 0.01535575 0.03658031 0.01847151 0.02081103 0.01230000 0.037176946 0.01983795 0.043477704 0.03242701 0.052716513 0.01330943 0.043273500 0.030779082 0.032643956 0.016263053 0.0147353068 0.034543847 0.0128506179 0.015363120 0.0048083261 0.0029016872 1.572083e-03 7.482503e-03 8.312433e-03 4.601963e-04 1.307238e-12 2.444396e-06 4.519999e-03
   56    1      1      0    0   125  5.111420e-36 4.186357e-09 2.614239e-04 0.0325477159 0.005545802 1.240854e-06 0.0012838624 0.003850284 0.02933225 0.03160549 0.06029235 0.04259508 0.05321940 0.04928127 0.064129646 0.01986411 0.03801277 0.03375520 0.02700054 0.05271823 0.03388878 0.01119523 0.031648170 0.02941027 0.025198902 0.04305090 0.036027810 0.03174137 0.067643548 0.037535295 0.016184123 0.023122473 0.0198949288 0.013173322 0.0095562955 0.012707446 0.0033306896 0.0079136287 2.396469e-04 8.593382e-04 2.951584e-04 4.205113e-09 4.281582e-05 4.316124e-05 4.611541e-08
   60    1      1      0    0   125  1.125679e-22 5.168579e-25 7.937202e-03 0.0302996248 0.031225632 3.532393e-03 0.0001913972 0.020119154 0.03816217 0.05870324 0.09025385 0.03395669 0.03246674 0.02720603 0.071219093 0.03282810 0.03081420 0.03052326 0.01902954 0.01701929 0.01671454 0.02934455 0.062620200 0.02934741 0.031766523 0.02437146 0.007933576 0.02105858 0.029340119 0.009672469 0.035630109 0.047442039 0.0092131440 0.027697500 0.0026851280 0.003870105 0.0019351972 0.0256671517 7.627151e-03 3.414045e-04 1.255268e-06 1.808749e-04 3.929801e-05 1.388885e-07 1.248146e-05
   64    1      1      0    0   125  8.776694e-45 2.210755e-08 2.218929e-03 0.0177733010 0.005764643 1.307260e-03 0.0014860613 0.033763991 0.03134330 0.06196045 0.08537568 0.03430963 0.05367432 0.04281570 0.054839520 0.04797688 0.03908605 0.03162905 0.04606357 0.06314620 0.04835654 0.04555406 0.034859246 0.03446445 0.029804352 0.02335315 0.030625131 0.01323534 0.009363494 0.009537809 0.012816639 0.006598574 0.0049203829 0.007726671 0.0031134474 0.003823863 0.0078828756 0.0169927765 2.252728e-04 1.935836e-04 1.201712e-03 2.160073e-07 5.605464e-04 6.652426e-14 2.553232e-04
   68    1      1      0    0   125  2.816555e-28 5.664715e-04 7.683919e-05 0.0112334830 0.002071762 1.825960e-02 0.0010895127 0.007950165 0.05624702 0.02466136 0.04809839 0.04441507 0.02768544 0.02253852 0.046763082 0.06760017 0.05605758 0.02716136 0.03259110 0.03934272 0.02245990 0.03083577 0.049775158 0.03453050 0.045396159 0.01959744 0.053168524 0.03835625 0.044452576 0.009315586 0.016123684 0.034958050 0.0129103497 0.025568906 0.0021475548 0.003609340 0.0066338682 0.0022556364 1.083632e-02 5.805598e-04 7.726310e-05 1.134138e-03 1.267921e-12 3.088637e-04 5.579622e-04
   72    1      1      0    0   125 9.180303e-189 1.954776e-04 2.202964e-03 0.0048543023 0.004705483 2.376473e-03 0.0189650036 0.015094185 0.01940021 0.04826321 0.10319374 0.06823134 0.05205058 0.02113560 0.029210094 0.03449153 0.01241351 0.02507552 0.02598791 0.02611339 0.05828290 0.07095713 0.018485262 0.03577044 0.012042732 0.03460625 0.042013980 0.01848400 0.060758569 0.023020324 0.028004654 0.006602538 0.0081859982 0.013848577 0.0138626598 0.021112518 0.0004396605 0.0056989073 2.196297e-03 1.122304e-02 1.310443e-05 4.237952e-04 1.132343e-17 3.076070e-07 5.824087e-06
   76    1      1      0    0   125 3.617018e-248 1.277438e-04 9.166250e-05 0.0074264839 0.024598549 8.624856e-03 0.0008300743 0.036380322 0.01074933 0.03189434 0.11568388 0.07138830 0.03992285 0.01444588 0.054526917 0.06156531 0.04603565 0.03366642 0.03275717 0.05807108 0.03808758 0.04145509 0.015464458 0.01833824 0.034334974 0.01767360 0.023906321 0.05612674 0.020740504 0.002850495 0.016844414 0.005587647 0.0026276459 0.008470549 0.0132482418 0.007686443 0.0068056482 0.0150252743 5.728684e-03 3.896743e-08 5.895909e-05 1.393468e-08 3.517569e-07 1.846880e-08 1.512562e-04
   80    1      1      0    0   125 1.935453e-183 1.722900e-06 3.769908e-03 0.0132120212 0.034573129 4.426687e-03 0.0010517635 0.012399414 0.06878323 0.02767338 0.08184945 0.04754327 0.04677203 0.02244529 0.052240463 0.03057442 0.03285501 0.02682326 0.05987347 0.04181939 0.04538557 0.02820950 0.030559635 0.04049356 0.029320069 0.03545075 0.015890060 0.01201955 0.033136552 0.017271789 0.026694304 0.014658025 0.0038873531 0.008387638 0.0218003780 0.001979547 0.0000194793 0.0045502934 1.581637e-02 3.870100e-06 1.398139e-03 2.221449e-09 4.308792e-03 7.147621e-05 1.006545e-17
   84    1      1      0    0   125 4.113179e-263 2.156390e-04 4.704300e-03 0.0184747503 0.015043303 4.619005e-04 0.0001959839 0.026037791 0.05197693 0.08493222 0.07553550 0.03206796 0.03946172 0.02680691 0.020327136 0.03823879 0.02870352 0.06272338 0.02472413 0.06305133 0.04783392 0.02036183 0.033009803 0.03753204 0.032938059 0.04040043 0.028310358 0.02401620 0.003964086 0.006643697 0.029285717 0.005194822 0.0140318463 0.007970330 0.0290148841 0.007125284 0.0133215018 0.0034888526 1.396702e-05 6.153047e-04 1.238464e-04 5.514696e-08 1.068335e-03 4.720472e-05 4.437095e-06
   88    1      1      0    0   125 2.116161e-260 1.982349e-05 1.399002e-03 0.0037773566 0.006830068 3.806727e-03 0.0064343913 0.012481227 0.06317431 0.06337422 0.10269324 0.03120707 0.08297423 0.02738822 0.038291609 0.04952266 0.02878705 0.03454876 0.05059954 0.01854965 0.04210285 0.02832775 0.021822801 0.00863253 0.041281298 0.01365745 0.017545575 0.02498459 0.028732290 0.007592916 0.031416983 0.012427694 0.0124639958 0.004386539 0.0252983178 0.004588955 0.0206515235 0.0008951968 1.657899e-02 1.967281e-03 7.128400e-04 1.413954e-04 2.892976e-04 5.743616e-04 7.067437e-03
   92    1      1      0    0   125 1.844765e-103 2.255422e-47 1.018410e-03 0.0166378662 0.009378306 3.437034e-03 0.0011203651 0.018476147 0.02385731 0.04527125 0.06531918 0.04638733 0.04822349 0.05938666 0.060393416 0.07866822 0.04201939 0.03285781 0.03653758 0.02060044 0.01729739 0.02790217 0.009633701 0.05495360 0.042042678 0.04218324 0.017689161 0.02461533 0.011782012 0.029505234 0.022574797 0.015054609 0.0107302914 0.008384158 0.0007002382 0.005320409 0.0057216913 0.0144868224 1.067589e-02 4.136510e-04 2.535572e-04 1.848220e-02 1.353838e-12 3.353136e-06 3.602809e-06
   96    1      1      0    0   125  8.201378e-35 1.156314e-06 2.409233e-04 0.0001200476 0.002808901 9.347885e-03 0.0045865723 0.022835281 0.05628187 0.12808867 0.06019910 0.06210731 0.03495658 0.03946415 0.028173195 0.04178916 0.06295080 0.02103895 0.06064642 0.03679754 0.03058041 0.03838654 0.011746152 0.01467573 0.019800461 0.01710707 0.034289281 0.03172680 0.029551269 0.014296947 0.005772735 0.017230541 0.0182647712 0.009121605 0.0063010978 0.010756430 0.0068817419 0.0046720223 3.712747e-03 1.136843e-03 2.673230e-06 4.230031e-06 1.103124e-03 1.400972e-10 4.442633e-04
  100    1      1      0    0   125 4.878339e-110 2.511360e-03 2.092596e-04 0.0045575240 0.014274352 6.872614e-03 0.0007953569 0.004947029 0.04037980 0.06135080 0.06064988 0.02248519 0.03325107 0.05817773 0.087994928 0.03642161 0.08492732 0.02974949 0.01951566 0.05885030 0.01786158 0.01512203 0.047726764 0.02197545 0.026957577 0.01423140 0.062756114 0.02936966 0.022586130 0.009168149 0.021907688 0.024053709 0.0006243354 0.017340279 0.0070889471 0.017655951 0.0038639391 0.0093981654 7.947393e-04 1.389353e-03 3.798181e-06 2.392792e-05 1.728506e-04 6.184400e-06 5.471466e-14
   76    1      2      0    0   500  1.796667e-08 1.863537e-04 1.256649e-02 0.0509033444 0.045856943 1.725487e-02 0.0101623832 0.022643022 0.05452202 0.07983968 0.04784133 0.04014686 0.03573185 0.02454372 0.050003562 0.03750620 0.02935268 0.04291107 0.02829798 0.01531009 0.03817354 0.03024779 0.030726532 0.03215982 0.028297872 0.02264712 0.021438086 0.02757048 0.015015606 0.014782423 0.022768575 0.021495526 0.0121911900 0.007471350 0.0123378385 0.002434695 0.0060959647 0.0026084039 3.010210e-03 6.474918e-04 6.391100e-04 1.619273e-05 2.955449e-07 1.337575e-03 3.058493e-04
   78    1      2      0    0   500  3.171130e-37 3.774142e-04 1.803223e-02 0.0520714748 0.038878040 2.115793e-02 0.0111051979 0.017834462 0.03170566 0.05061177 0.04995363 0.05746797 0.02113378 0.04218143 0.041144160 0.03373477 0.03383650 0.04316280 0.02309178 0.03165323 0.03143369 0.03073709 0.027960566 0.02595382 0.023294025 0.03460119 0.017058715 0.03477976 0.019738625 0.014027047 0.006187079 0.023292059 0.0355845516 0.009535665 0.0093695557 0.017695060 0.0043417661 0.0023590693 1.969449e-03 5.395231e-04 5.439523e-03 4.662398e-03 2.852316e-04 3.975829e-06 1.632062e-05
   80    1      2      0    0   500  2.031090e-04 1.144340e-03 1.607987e-02 0.0501691414 0.056032115 2.106513e-02 0.0084793403 0.022552459 0.03677935 0.06253528 0.07554102 0.02885347 0.02585562 0.03256634 0.045546821 0.06145075 0.02965033 0.02172041 0.01524120 0.04592842 0.04647045 0.01860398 0.014757998 0.01875291 0.043853299 0.03150745 0.017255477 0.01516641 0.014443446 0.013038391 0.011198222 0.026052857 0.0236212230 0.008247709 0.0134705463 0.008674483 0.0068212691 0.0017549166 3.343335e-03 9.657541e-04 3.137143e-04 2.699191e-03 3.941384e-04 2.464178e-04 9.518835e-04
   82    1      2      0    0   500  3.883265e-12 4.401000e-03 1.607782e-02 0.0606616251 0.052018776 1.560950e-02 0.0088137545 0.027294338 0.03947835 0.05010441 0.05184771 0.05248734 0.03319162 0.03736480 0.046981112 0.02910104 0.03020951 0.02528150 0.04434684 0.02757535 0.02260917 0.03902657 0.024237950 0.02075567 0.031968824 0.01714948 0.019629981 0.02950737 0.029957251 0.020275397 0.017623640 0.012873563 0.0114335509 0.010253930 0.0096096382 0.005156607 0.0042861180 0.0103169065 2.445224e-03 1.616102e-03 3.228558e-03 7.222962e-04 1.211657e-03 9.457677e-07 1.257213e-03
   84    1      2      0    0   500  4.834562e-25 3.509161e-03 1.423346e-02 0.0460759159 0.047241263 1.941129e-02 0.0118564185 0.013497562 0.04515441 0.06810025 0.03525994 0.04483148 0.03650022 0.03059441 0.049839309 0.03200298 0.03378577 0.03818421 0.03730557 0.03706351 0.03931436 0.04036875 0.027307756 0.02260087 0.031009147 0.01393412 0.026241347 0.01497688 0.018060047 0.020711882 0.005158918 0.012154704 0.0142789840 0.014598793 0.0168112677 0.011101072 0.0053357574 0.0042032168 7.097970e-03 8.888172e-04 2.559934e-03 4.290583e-06 5.893589e-03 5.788523e-04 3.615519e-04
   86    1      2      0    0   500  5.428443e-14 3.629456e-04 2.763322e-02 0.0464374204 0.052520070 1.690812e-02 0.0063214225 0.025590760 0.04269382 0.06238335 0.04786911 0.03601831 0.02985285 0.03721200 0.034690504 0.03185112 0.03613140 0.02345302 0.04299503 0.02103792 0.03417081 0.03477146 0.045091264 0.03515205 0.017786932 0.01340617 0.024512490 0.02714227 0.021400253 0.018802534 0.020267878 0.017076866 0.0174180160 0.010826403 0.0156138748 0.005564701 0.0074950893 0.0068914577 1.998698e-03 5.142809e-04 1.531761e-04 7.204825e-04 2.049083e-04 1.026628e-03 2.891060e-05
   88    1      2      0    0   500  1.771627e-16 4.372719e-03 1.703483e-02 0.0517365077 0.038876398 1.298641e-02 0.0014572038 0.029124716 0.05008142 0.05210568 0.05655342 0.03422678 0.02157415 0.02883256 0.043471878 0.03540369 0.02307609 0.04806651 0.03908505 0.03350044 0.04352241 0.03312949 0.021410610 0.02676293 0.024887822 0.03676284 0.025687131 0.01822665 0.036805936 0.022889596 0.010591709 0.011119208 0.0187822992 0.007046355 0.0103482778 0.006024206 0.0062716074 0.0021583622 1.323725e-02 5.717240e-04 2.466328e-04 1.571086e-04 5.649375e-04 2.659173e-04 9.625474e-04
   90    1      2      0    0   500  1.283655e-13 3.612954e-03 1.947422e-02 0.0613656464 0.053025802 1.786989e-02 0.0112256510 0.023270798 0.03954276 0.06267333 0.05642079 0.03385387 0.02625242 0.02773525 0.040117184 0.03325235 0.04692533 0.03958980 0.02637065 0.02704315 0.02700590 0.04417183 0.019455671 0.03037925 0.028552345 0.02705229 0.013986349 0.01998417 0.013462155 0.023817195 0.018184211 0.013063608 0.0130232171 0.010555657 0.0107767950 0.006550860 0.0090286732 0.0082918231 1.213026e-03 1.056509e-02 3.000407e-04 8.634186e-04 1.458894e-05 3.267905e-06 7.672516e-05
   92    1      2      0    0   500  4.838378e-09 1.617467e-03 1.627724e-02 0.0454661360 0.050351846 1.665676e-02 0.0094645189 0.014925489 0.03991102 0.06842974 0.05119534 0.03847852 0.03373179 0.03313000 0.041027298 0.03945880 0.04568089 0.03718572 0.03944754 0.02017778 0.02526110 0.02899784 0.027820500 0.02500729 0.024527471 0.02649436 0.028972401 0.03342008 0.026301116 0.023148204 0.013944350 0.019696204 0.0110271198 0.009652661 0.0069935885 0.006868421 0.0083786291 0.0033669982 2.159187e-03 2.578650e-03 7.133786e-04 8.789021e-04 2.077022e-05 3.863096e-13 1.156880e-03
   94    1      2      0    0   500  7.298169e-05 4.107099e-03 1.928896e-02 0.0413663791 0.061925794 2.522754e-02 0.0122660054 0.032486648 0.03406866 0.05164315 0.04539853 0.05274797 0.03122487 0.03190418 0.043452184 0.05019472 0.03720101 0.03998034 0.02617484 0.03503610 0.02487100 0.03190551 0.024332340 0.02094281 0.028999872 0.01915892 0.017226838 0.01675708 0.022714519 0.010714348 0.011855818 0.017688150 0.0073259220 0.020345490 0.0099574563 0.019535288 0.0030755419 0.0104906820 1.485468e-03 5.313120e-05 4.107393e-03 3.355274e-04 1.545324e-04 2.840325e-05 1.700179e-04
   96    1      2      0    0   500  4.097340e-04 4.976680e-04 1.249830e-02 0.0555669417 0.037500344 8.839224e-03 0.0191142744 0.020833218 0.04329888 0.04859545 0.05072482 0.05979424 0.05167391 0.02990161 0.053852758 0.03570669 0.03581111 0.03046078 0.02836171 0.03132044 0.03396249 0.04643507 0.034155826 0.01875036 0.019401504 0.01601329 0.020824197 0.02088495 0.020533816 0.024387901 0.012960448 0.020309607 0.0160669039 0.011885222 0.0086971955 0.010493451 0.0047082519 0.0007917892 1.349475e-03 1.149132e-03 2.157356e-04 4.704643e-04 7.881875e-04 2.244521e-06 3.826214e-07
   98    1      2      0    0   500  1.028342e-18 2.887525e-04 1.590242e-02 0.0490582897 0.046982536 2.071473e-02 0.0148202794 0.022044104 0.04827926 0.06205423 0.05002717 0.04759907 0.03270323 0.02659465 0.032045211 0.02841518 0.04434908 0.03847122 0.01881889 0.04180934 0.04095565 0.03395605 0.025751927 0.02374613 0.033160459 0.01706919 0.015885234 0.01552937 0.014078952 0.017358255 0.016499099 0.018905865 0.0167150104 0.011936569 0.0173405423 0.004341324 0.0179002104 0.0030969246 8.364971e-03 3.998769e-03 1.462799e-04 1.783495e-03 3.399559e-04 1.585934e-04 3.524487e-06
  100    1      2      0    0   500  8.629634e-15 4.373354e-04 2.088606e-02 0.0423921034 0.048590671 2.056821e-02 0.0118565020 0.017518199 0.03339810 0.04981467 0.05721190 0.04552379 0.02838062 0.04015862 0.036589920 0.04112187 0.04329931 0.04130619 0.03311045 0.04554034 0.03805954 0.02145495 0.033125065 0.02180905 0.043244519 0.02673215 0.022440802 0.02069800 0.020162453 0.017866280 0.015986525 0.015870432 0.0100832337 0.005393121 0.0069563525 0.007265503 0.0032475930 0.0014428757 2.469754e-03 1.525270e-03 7.807435e-04 2.363405e-05 1.746982e-03 8.647660e-04 3.045532e-03
15 #_N_agebins
#_agebin_vector
1 2 3 4 5 6 7 8 9 10 11 12 13 14 15
1 #_N_ageerror_definitions
 #_age0   age1   age2   age3   age4   age5   age6   age7   age8   age9  age10  age11  age12  age13  age14  age15  age16  age17  age18  age19  age20  age21  age22  age23  age24  age25
 -1.000 -1.000 -1.000 -1.000 -1.000 -1.000 -1.000 -1.000 -1.000 -1.000 -1.000 -1.000 -1.000 -1.000 -1.000 -1.000 -1.000 -1.000 -1.000 -1.000 -1.000 -1.000 -1.000 -1.000 -1.000 -1.000
  0.001  0.001  0.001  0.001  0.001  0.001  0.001  0.001  0.001  0.001  0.001  0.001  0.001  0.001  0.001  0.001  0.001  0.001  0.001  0.001  0.001  0.001  0.001  0.001  0.001  0.001
89 #_N_agecomp
1 #_Lbin_method: 1=poplenbins; 2=datalenbins; 3=lengths
-1 #_combine males into females at or below this bin number
 #_Yr Seas FltSvy Gender Part Ageerr Lbin_lo Lbin_hi Nsamp          a1        a2        a3         a4         a5         a6         a7         a8         a9         a10         a11         a12         a13         a14          a15
   26    1      1      0    0      1      -1      -1   125  0.03110112 0.1948343 0.1522962 0.07224244 0.09454297 0.11915953 0.08521268 0.04380957 0.01977089 0.023648356 0.027251707 0.005728574 0.012160026 0.053111483 0.0651301334
   36    1      1      0    0      1      -1      -1   125  0.04390208 0.1633369 0.2531639 0.16113016 0.08784285 0.06154115 0.09425318 0.03442990 0.02805756 0.012935011 0.008949044 0.012910490 0.015555779 0.001015738 0.0209761982
   46    1      1      0    0      1      -1      -1   125  0.01191103 0.2706807 0.2136436 0.14582493 0.08579029 0.10876728 0.02611046 0.02360770 0.05117577 0.015303066 0.011057714 0.006670776 0.013140513 0.002371470 0.0139446876
   56    1      1      0    0      1      -1      -1   125  0.03081127 0.2088747 0.1779803 0.15015517 0.12403588 0.07291774 0.07091901 0.03130939 0.02695323 0.013734347 0.020057707 0.006797272 0.010274685 0.002241213 0.0529380530
   60    1      1      0    0      1      -1      -1   125  0.03203600 0.1721602 0.1654888 0.17101450 0.14086556 0.07712924 0.03440279 0.03556795 0.02557065 0.023864345 0.041939010 0.020667532 0.005297802 0.009468712 0.0445269343
   64    1      1      0    0      1      -1      -1   125  0.04324829 0.2660812 0.2407501 0.12408909 0.07548583 0.08636266 0.07481020 0.01587535 0.02886625 0.003473845 0.006676794 0.007454816 0.004346878 0.007054338 0.0154243114
   68    1      1      0    0      1      -1      -1   125  0.05870781 0.2706601 0.1778319 0.12555573 0.10768181 0.06557348 0.06232257 0.04018142 0.01160733 0.042541678 0.004077636 0.014317116 0.006956921 0.002077009 0.0099074776
   72    1      1      0    0      1      -1      -1   125  0.03370445 0.2877262 0.1924526 0.13614202 0.07609297 0.06823857 0.01767567 0.05298693 0.05006258 0.032172919 0.009621582 0.006092727 0.007970567 0.003078796 0.0259814273
   76    1      1      0    0      1      -1      -1   125  0.04886492 0.2844946 0.2210920 0.10982869 0.10859604 0.06934142 0.03717760 0.02949370 0.03167660 0.004437847 0.028543872 0.003660138 0.001407275 0.002165767 0.0192195642
   80    1      1      0    0      1      -1      -1   125  0.04380173 0.1841971 0.2342504 0.12737147 0.11753956 0.11025988 0.05744212 0.02096462 0.01497306 0.025801220 0.036304490 0.009572625 0.003835221 0.010365849 0.0033206401
   84    1      1      0    0      1      -1      -1   125  0.03512680 0.2064488 0.2472082 0.14991085 0.11962834 0.05911764 0.06832469 0.03666630 0.03568548 0.010197282 0.005060863 0.006639941 0.013727228 0.005526847 0.0007307825
   88    1      1      0    0      1      -1      -1   125  0.05771977 0.2229998 0.2280747 0.15663218 0.10830233 0.06414579 0.03485037 0.02999680 0.03576851 0.035525136 0.008241208 0.001010290 0.005916399 0.003064934 0.0077517600
   92    1      1      0    0      1      -1      -1   125  0.04996362 0.1919347 0.2420643 0.16583657 0.06418670 0.12081180 0.04958183 0.03136088 0.04238448 0.008639863 0.002942348 0.001310633 0.011485756 0.006551740 0.0109448532
   96    1      1      0    0      1      -1      -1   125  0.05297724 0.1963236 0.2343656 0.17511698 0.09570716 0.05535249 0.04227751 0.01492859 0.04492578 0.036817598 0.015560728 0.015883228 0.004964450 0.006882729 0.0079162995
  100    1      1      0    0      1      -1      -1   125  0.03413167 0.2603583 0.2099119 0.10777029 0.08218463 0.04818689 0.06987450 0.04171994 0.03894404 0.018500447 0.031689276 0.042697613 0.005001399 0.001515276 0.0075138125
   76    1      2      0    0      1      -1      -1   500  0.15190252 0.2548633 0.1331385 0.12906793 0.08900104 0.05440233 0.03932163 0.04194784 0.03224197 0.020001207 0.012573284 0.009776405 0.005289891 0.007165999 0.0193062361
   78    1      2      0    0      1      -1      -1   500  0.14294796 0.2381214 0.1645136 0.13668654 0.08716645 0.06633902 0.04357770 0.03141398 0.02002452 0.010517743 0.015547543 0.009839615 0.009226497 0.008354621 0.0157228077
   80    1      2      0    0      1      -1      -1   500  0.14499959 0.2257779 0.1904207 0.12675444 0.09241555 0.07216537 0.04138063 0.02579681 0.02265379 0.008971136 0.012023687 0.003788420 0.007887952 0.007012887 0.0179511336
   82    1      2      0    0      1      -1      -1   500  0.13250184 0.2395101 0.1745183 0.13723579 0.07907950 0.04456913 0.03330497 0.03100484 0.04765557 0.019432194 0.027419272 0.009467692 0.005907766 0.003289457 0.0151036176
   84    1      2      0    0      1      -1      -1   500  0.12535614 0.2435448 0.1748679 0.12213579 0.09233078 0.05529662 0.05918112 0.05792973 0.01807753 0.013135367 0.009129002 0.006172490 0.002413092 0.003129502 0.0173001155
   86    1      2      0    0      1      -1      -1   500  0.18539577 0.2158151 0.1682996 0.11908493 0.09594598 0.04919926 0.02854336 0.04826773 0.02339198 0.013114240 0.015678352 0.011490653 0.005770902 0.003969374 0.0160328359
   88    1      2      0    0      1      -1      -1   500  0.13022379 0.2365608 0.1712653 0.12496418 0.09355729 0.06462982 0.05151944 0.02903588 0.02418523 0.026442045 0.010581554 0.010770951 0.004790384 0.005853869 0.0156194628
   90    1      2      0    0      1      -1      -1   500  0.14680242 0.2742048 0.1596677 0.10989598 0.08013187 0.08138089 0.03169447 0.03372537 0.02774154 0.021047591 0.006306518 0.012588925 0.002447169 0.004039462 0.0083252245
   92    1      2      0    0      1      -1      -1   500  0.13295292 0.2169958 0.1748930 0.13113778 0.11134507 0.08846295 0.03574418 0.03215187 0.02254023 0.013082330 0.006438516 0.011028285 0.002717602 0.002560107 0.0179493323
   94    1      2      0    0      1      -1      -1   500  0.15324793 0.2577770 0.1481382 0.12026776 0.07971674 0.05731830 0.04754918 0.03477714 0.03312226 0.014057867 0.013206858 0.006378491 0.014519068 0.004489412 0.0154338073
   96    1      2      0    0      1      -1      -1   500  0.14585585 0.2086919 0.1752925 0.14587284 0.09226777 0.05361813 0.04303946 0.03103212 0.03042251 0.017238830 0.016772285 0.007657438 0.010949326 0.001839389 0.0194496235
   98    1      2      0    0      1      -1      -1   500  0.14924758 0.2218101 0.1393981 0.13095814 0.08973119 0.10146191 0.05668341 0.03585949 0.02038132 0.013980000 0.015636560 0.004724389 0.004419038 0.007032772 0.0086760149
  100    1      2      0    0      1      -1      -1   500  0.11892448 0.2043571 0.1781859 0.12094743 0.09515060 0.06050775 0.08210231 0.04232340 0.02427854 0.015839616 0.015929649 0.007438584 0.004835235 0.001673423 0.0275059213
   60    1      1      0    0      1       3       3     1  1.00000000 0.0000000 0.0000000 0.00000000 0.00000000 0.00000000 0.00000000 0.00000000 0.00000000 0.000000000 0.000000000 0.000000000 0.000000000 0.000000000 0.0000000000
   60    1      1      0    0      1       4       4     2  2.00000000 0.0000000 0.0000000 0.00000000 0.00000000 0.00000000 0.00000000 0.00000000 0.00000000 0.000000000 0.000000000 0.000000000 0.000000000 0.000000000 0.0000000000
   60    1      1      0    0      1       5       5     4  4.00000000 0.0000000 0.0000000 0.00000000 0.00000000 0.00000000 0.00000000 0.00000000 0.00000000 0.000000000 0.000000000 0.000000000 0.000000000 0.000000000 0.0000000000
   60    1      1      0    0      1       8       8     4  4.00000000 0.0000000 0.0000000 0.00000000 0.00000000 0.00000000 0.00000000 0.00000000 0.00000000 0.000000000 0.000000000 0.000000000 0.000000000 0.000000000 0.0000000000
   60    1      1      0    0      1       9       9     3  3.00000000 0.0000000 0.0000000 0.00000000 0.00000000 0.00000000 0.00000000 0.00000000 0.00000000 0.000000000 0.000000000 0.000000000 0.000000000 0.000000000 0.0000000000
   60    1      1      0    0      1      10      10     6  6.00000000 0.0000000 0.0000000 0.00000000 0.00000000 0.00000000 0.00000000 0.00000000 0.00000000 0.000000000 0.000000000 0.000000000 0.000000000 0.000000000 0.0000000000
   60    1      1      0    0      1      11      11    16 16.00000000 0.0000000 0.0000000 0.00000000 0.00000000 0.00000000 0.00000000 0.00000000 0.00000000 0.000000000 0.000000000 0.000000000 0.000000000 0.000000000 0.0000000000
   60    1      1      0    0      1      12      12     4  4.00000000 0.0000000 0.0000000 0.00000000 0.00000000 0.00000000 0.00000000 0.00000000 0.00000000 0.000000000 0.000000000 0.000000000 0.000000000 0.000000000 0.0000000000
   60    1      1      0    0      1      13      13     2  2.00000000 0.0000000 0.0000000 0.00000000 0.00000000 0.00000000 0.00000000 0.00000000 0.00000000 0.000000000 0.000000000 0.000000000 0.000000000 0.000000000 0.0000000000
   60    1      1      0    0      1      14      14     3  3.00000000 0.0000000 0.0000000 0.00000000 0.00000000 0.00000000 0.00000000 0.00000000 0.00000000 0.000000000 0.000000000 0.000000000 0.000000000 0.000000000 0.0000000000
   60    1      1      0    0      1      15      15    12 12.00000000 0.0000000 0.0000000 0.00000000 0.00000000 0.00000000 0.00000000 0.00000000 0.00000000 0.000000000 0.000000000 0.000000000 0.000000000 0.000000000 0.0000000000
   60    1      1      0    0      1      16      16     2  2.00000000 0.0000000 0.0000000 0.00000000 0.00000000 0.00000000 0.00000000 0.00000000 0.00000000 0.000000000 0.000000000 0.000000000 0.000000000 0.000000000 0.0000000000
   60    1      1      0    0      1      17      17     3  3.00000000 0.0000000 0.0000000 0.00000000 0.00000000 0.00000000 0.00000000 0.00000000 0.00000000 0.000000000 0.000000000 0.000000000 0.000000000 0.000000000 0.0000000000
   60    1      1      0    0      1      18      18     2  2.00000000 0.0000000 0.0000000 0.00000000 0.00000000 0.00000000 0.00000000 0.00000000 0.00000000 0.000000000 0.000000000 0.000000000 0.000000000 0.000000000 0.0000000000
   60    1      1      0    0      1      19      19     2  2.00000000 0.0000000 0.0000000 0.00000000 0.00000000 0.00000000 0.00000000 0.00000000 0.00000000 0.000000000 0.000000000 0.000000000 0.000000000 0.000000000 0.0000000000
   60    1      1      0    0      1      20      20     1  1.00000000 0.0000000 0.0000000 0.00000000 0.00000000 0.00000000 0.00000000 0.00000000 0.00000000 0.000000000 0.000000000 0.000000000 0.000000000 0.000000000 0.0000000000
   60    1      1      0    0      1      21      21     3  3.00000000 0.0000000 0.0000000 0.00000000 0.00000000 0.00000000 0.00000000 0.00000000 0.00000000 0.000000000 0.000000000 0.000000000 0.000000000 0.000000000 0.0000000000
   60    1      1      0    0      1      22      22     2  2.00000000 0.0000000 0.0000000 0.00000000 0.00000000 0.00000000 0.00000000 0.00000000 0.00000000 0.000000000 0.000000000 0.000000000 0.000000000 0.000000000 0.0000000000
   60    1      1      0    0      1      23      23     2  2.00000000 0.0000000 0.0000000 0.00000000 0.00000000 0.00000000 0.00000000 0.00000000 0.00000000 0.000000000 0.000000000 0.000000000 0.000000000 0.000000000 0.0000000000
   60    1      1      0    0      1      24      24     2  2.00000000 0.0000000 0.0000000 0.00000000 0.00000000 0.00000000 0.00000000 0.00000000 0.00000000 0.000000000 0.000000000 0.000000000 0.000000000 0.000000000 0.0000000000
   60    1      1      0    0      1      25      25     5  5.00000000 0.0000000 0.0000000 0.00000000 0.00000000 0.00000000 0.00000000 0.00000000 0.00000000 0.000000000 0.000000000 0.000000000 0.000000000 0.000000000 0.0000000000
   60    1      1      0    0      1      26      26     1  1.00000000 0.0000000 0.0000000 0.00000000 0.00000000 0.00000000 0.00000000 0.00000000 0.00000000 0.000000000 0.000000000 0.000000000 0.000000000 0.000000000 0.0000000000
   60    1      1      0    0      1      27      27     2  2.00000000 0.0000000 0.0000000 0.00000000 0.00000000 0.00000000 0.00000000 0.00000000 0.00000000 0.000000000 0.000000000 0.000000000 0.000000000 0.000000000 0.0000000000
   60    1      1      0    0      1      29      29     1  0.00000000 1.0000000 0.0000000 0.00000000 0.00000000 0.00000000 0.00000000 0.00000000 0.00000000 0.000000000 0.000000000 0.000000000 0.000000000 0.000000000 0.0000000000
   60    1      1      0    0      1      30      30     1  0.00000000 1.0000000 0.0000000 0.00000000 0.00000000 0.00000000 0.00000000 0.00000000 0.00000000 0.000000000 0.000000000 0.000000000 0.000000000 0.000000000 0.0000000000
   60    1      1      0    0      1      31      31     2  1.00000000 1.0000000 0.0000000 0.00000000 0.00000000 0.00000000 0.00000000 0.00000000 0.00000000 0.000000000 0.000000000 0.000000000 0.000000000 0.000000000 0.0000000000
   60    1      1      0    0      1      32      32     6  0.00000000 6.0000000 0.0000000 0.00000000 0.00000000 0.00000000 0.00000000 0.00000000 0.00000000 0.000000000 0.000000000 0.000000000 0.000000000 0.000000000 0.0000000000
   60    1      1      0    0      1      34      34     3  0.00000000 3.0000000 0.0000000 0.00000000 0.00000000 0.00000000 0.00000000 0.00000000 0.00000000 0.000000000 0.000000000 0.000000000 0.000000000 0.000000000 0.0000000000
   60    1      1      0    0      1      37      37     1  0.00000000 1.0000000 0.0000000 0.00000000 0.00000000 0.00000000 0.00000000 0.00000000 0.00000000 0.000000000 0.000000000 0.000000000 0.000000000 0.000000000 0.0000000000
   60    1      1      0    0      1      38      38     2  0.00000000 2.0000000 0.0000000 0.00000000 0.00000000 0.00000000 0.00000000 0.00000000 0.00000000 0.000000000 0.000000000 0.000000000 0.000000000 0.000000000 0.0000000000
  100    1      1      0    0      1       4       4     2  2.00000000 0.0000000 0.0000000 0.00000000 0.00000000 0.00000000 0.00000000 0.00000000 0.00000000 0.000000000 0.000000000 0.000000000 0.000000000 0.000000000 0.0000000000
  100    1      1      0    0      1       5       5     3  3.00000000 0.0000000 0.0000000 0.00000000 0.00000000 0.00000000 0.00000000 0.00000000 0.00000000 0.000000000 0.000000000 0.000000000 0.000000000 0.000000000 0.0000000000
  100    1      1      0    0      1       6       6     2  2.00000000 0.0000000 0.0000000 0.00000000 0.00000000 0.00000000 0.00000000 0.00000000 0.00000000 0.000000000 0.000000000 0.000000000 0.000000000 0.000000000 0.0000000000
  100    1      1      0    0      1       7       7     1  1.00000000 0.0000000 0.0000000 0.00000000 0.00000000 0.00000000 0.00000000 0.00000000 0.00000000 0.000000000 0.000000000 0.000000000 0.000000000 0.000000000 0.0000000000
  100    1      1      0    0      1       8       8     1  1.00000000 0.0000000 0.0000000 0.00000000 0.00000000 0.00000000 0.00000000 0.00000000 0.00000000 0.000000000 0.000000000 0.000000000 0.000000000 0.000000000 0.0000000000
  100    1      1      0    0      1       9       9     4  4.00000000 0.0000000 0.0000000 0.00000000 0.00000000 0.00000000 0.00000000 0.00000000 0.00000000 0.000000000 0.000000000 0.000000000 0.000000000 0.000000000 0.0000000000
  100    1      1      0    0      1      10      10     2  2.00000000 0.0000000 0.0000000 0.00000000 0.00000000 0.00000000 0.00000000 0.00000000 0.00000000 0.000000000 0.000000000 0.000000000 0.000000000 0.000000000 0.0000000000
  100    1      1      0    0      1      11      11     2  2.00000000 0.0000000 0.0000000 0.00000000 0.00000000 0.00000000 0.00000000 0.00000000 0.00000000 0.000000000 0.000000000 0.000000000 0.000000000 0.000000000 0.0000000000
  100    1      1      0    0      1      12      12     1  1.00000000 0.0000000 0.0000000 0.00000000 0.00000000 0.00000000 0.00000000 0.00000000 0.00000000 0.000000000 0.000000000 0.000000000 0.000000000 0.000000000 0.0000000000
  100    1      1      0    0      1      13      13     3  3.00000000 0.0000000 0.0000000 0.00000000 0.00000000 0.00000000 0.00000000 0.00000000 0.00000000 0.000000000 0.000000000 0.000000000 0.000000000 0.000000000 0.0000000000
  100    1      1      0    0      1      14      14     7  7.00000000 0.0000000 0.0000000 0.00000000 0.00000000 0.00000000 0.00000000 0.00000000 0.00000000 0.000000000 0.000000000 0.000000000 0.000000000 0.000000000 0.0000000000
  100    1      1      0    0      1      15      15    13 13.00000000 0.0000000 0.0000000 0.00000000 0.00000000 0.00000000 0.00000000 0.00000000 0.00000000 0.000000000 0.000000000 0.000000000 0.000000000 0.000000000 0.0000000000
  100    1      1      0    0      1      16      16     5  5.00000000 0.0000000 0.0000000 0.00000000 0.00000000 0.00000000 0.00000000 0.00000000 0.00000000 0.000000000 0.000000000 0.000000000 0.000000000 0.000000000 0.0000000000
  100    1      1      0    0      1      17      17     6  6.00000000 0.0000000 0.0000000 0.00000000 0.00000000 0.00000000 0.00000000 0.00000000 0.00000000 0.000000000 0.000000000 0.000000000 0.000000000 0.000000000 0.0000000000
  100    1      1      0    0      1      18      18     5  5.00000000 0.0000000 0.0000000 0.00000000 0.00000000 0.00000000 0.00000000 0.00000000 0.00000000 0.000000000 0.000000000 0.000000000 0.000000000 0.000000000 0.0000000000
  100    1      1      0    0      1      19      19     4  4.00000000 0.0000000 0.0000000 0.00000000 0.00000000 0.00000000 0.00000000 0.00000000 0.00000000 0.000000000 0.000000000 0.000000000 0.000000000 0.000000000 0.0000000000
  100    1      1      0    0      1      20      20     4  4.00000000 0.0000000 0.0000000 0.00000000 0.00000000 0.00000000 0.00000000 0.00000000 0.00000000 0.000000000 0.000000000 0.000000000 0.000000000 0.000000000 0.0000000000
  100    1      1      0    0      1      22      22     2  2.00000000 0.0000000 0.0000000 0.00000000 0.00000000 0.00000000 0.00000000 0.00000000 0.00000000 0.000000000 0.000000000 0.000000000 0.000000000 0.000000000 0.0000000000
  100    1      1      0    0      1      23      23     2  2.00000000 0.0000000 0.0000000 0.00000000 0.00000000 0.00000000 0.00000000 0.00000000 0.00000000 0.000000000 0.000000000 0.000000000 0.000000000 0.000000000 0.0000000000
  100    1      1      0    0      1      24      24     2  1.00000000 1.0000000 0.0000000 0.00000000 0.00000000 0.00000000 0.00000000 0.00000000 0.00000000 0.000000000 0.000000000 0.000000000 0.000000000 0.000000000 0.0000000000
  100    1      1      0    0      1      25      25     5  5.00000000 0.0000000 0.0000000 0.00000000 0.00000000 0.00000000 0.00000000 0.00000000 0.00000000 0.000000000 0.000000000 0.000000000 0.000000000 0.000000000 0.0000000000
  100    1      1      0    0      1      27      27     5  4.00000000 1.0000000 0.0000000 0.00000000 0.00000000 0.00000000 0.00000000 0.00000000 0.00000000 0.000000000 0.000000000 0.000000000 0.000000000 0.000000000 0.0000000000
  100    1      1      0    0      1      28      28     6  4.00000000 2.0000000 0.0000000 0.00000000 0.00000000 0.00000000 0.00000000 0.00000000 0.00000000 0.000000000 0.000000000 0.000000000 0.000000000 0.000000000 0.0000000000
  100    1      1      0    0      1      29      29     4  1.00000000 3.0000000 0.0000000 0.00000000 0.00000000 0.00000000 0.00000000 0.00000000 0.00000000 0.000000000 0.000000000 0.000000000 0.000000000 0.000000000 0.0000000000
  100    1      1      0    0      1      30      30     1  0.00000000 1.0000000 0.0000000 0.00000000 0.00000000 0.00000000 0.00000000 0.00000000 0.00000000 0.000000000 0.000000000 0.000000000 0.000000000 0.000000000 0.0000000000
  100    1      1      0    0      1      31      31     1  0.00000000 1.0000000 0.0000000 0.00000000 0.00000000 0.00000000 0.00000000 0.00000000 0.00000000 0.000000000 0.000000000 0.000000000 0.000000000 0.000000000 0.0000000000
  100    1      1      0    0      1      32      32     2  0.00000000 2.0000000 0.0000000 0.00000000 0.00000000 0.00000000 0.00000000 0.00000000 0.00000000 0.000000000 0.000000000 0.000000000 0.000000000 0.000000000 0.0000000000
  100    1      1      0    0      1      34      34     1  0.00000000 1.0000000 0.0000000 0.00000000 0.00000000 0.00000000 0.00000000 0.00000000 0.00000000 0.000000000 0.000000000 0.000000000 0.000000000 0.000000000 0.0000000000
  100    1      1      0    0      1      35      35     1  0.00000000 1.0000000 0.0000000 0.00000000 0.00000000 0.00000000 0.00000000 0.00000000 0.00000000 0.000000000 0.000000000 0.000000000 0.000000000 0.000000000 0.0000000000
  100    1      1      0    0      1      37      37     1  0.00000000 1.0000000 0.0000000 0.00000000 0.00000000 0.00000000 0.00000000 0.00000000 0.00000000 0.000000000 0.000000000 0.000000000 0.000000000 0.000000000 0.0000000000
  100    1      1      0    0      1      38      38     2  0.00000000 2.0000000 0.0000000 0.00000000 0.00000000 0.00000000 0.00000000 0.00000000 0.00000000 0.000000000 0.000000000 0.000000000 0.000000000 0.000000000 0.0000000000
0 #_N_MeanSize_at_Age_obs
0 #_N_environ_variables
0 #_N_environ_obs
0 #_N_sizefreq_methods
0 #_do_tags
0 #_morphcomp_data
#
999
