#C data file created using the SS_writedat function in the R package r4ss
#C should work with SS version: 
#C file write time: 2015-02-11 18:10:05
#
1 #_styr
100 #_endyr
1 #_nseas
12 #_months_per_seas
1 #_spawn_seas
1 #_Nfleet
2 #_Nsurveys
1 #_N_areas
Fishery%Survey%CPUE #_fleetnames
0.5 0.5 0.5 #_surveytiming_in_season
1 1 1 #_area_assignments_for_each_fishery_and_survey
1 #_units of catch:  1=bio; 2=num
0.01 #_se of log(catch) only used for init_eq_catch and for Fmethod 2 and 3
1 #_Ngenders
25 #_Nages
0 #_init_equil_catch_for_each_fishery
100 #_N_lines_of_catch_to_read
 #_Fishery year seas
         0    1    1
         0    2    1
         0    3    1
         0    4    1
         0    5    1
         0    6    1
         0    7    1
         0    8    1
         0    9    1
         0   10    1
         0   11    1
         0   12    1
         0   13    1
         0   14    1
         0   15    1
         0   16    1
         0   17    1
         0   18    1
         0   19    1
         0   20    1
         0   21    1
         0   22    1
         0   23    1
         0   24    1
         0   25    1
 444646000   26    1
 397608000   27    1
 357583000   28    1
 324161000   29    1
 296656000   30    1
 274240000   31    1
 256057000   32    1
 241314000   33    1
 229322000   34    1
 219511000   35    1
 211426000   36    1
 204710000   37    1
 199088000   38    1
 194347000   39    1
 190324000   40    1
 186891000   41    1
 183948000   42    1
 181416000   43    1
 179230000   44    1
 177337000   45    1
 175694000   46    1
 174266000   47    1
 173022000   48    1
 171937000   49    1
 170990000   50    1
 170161000   51    1
 169436000   52    1
 168801000   53    1
 168243000   54    1
 167755000   55    1
 167325000   56    1
 166948000   57    1
 166617000   58    1
 166326000   59    1
 166070000   60    1
 165844000   61    1
 165646000   62    1
 165471000   63    1
 165317000   64    1
 165182000   65    1
 165063000   66    1
 164958000   67    1
 164865000   68    1
 164784000   69    1
 164712000   70    1
 164649000   71    1
 164593000   72    1
 164544000   73    1
 164500000   74    1
 164462000   75    1
 164429000   76    1
 164399000   77    1
 164373000   78    1
 164350000   79    1
 164329000   80    1
 164311000   81    1
 164296000   82    1
 164282000   83    1
 164269000   84    1
 164258000   85    1
 164249000   86    1
 164240000   87    1
 164233000   88    1
 164227000   89    1
 164221000   90    1
 164216000   91    1
 164211000   92    1
 164207000   93    1
 164204000   94    1
 164201000   95    1
 164198000   96    1
 164195000   97    1
 164193000   98    1
 164192000   99    1
 164190000  100    1
13 #_N_cpue
 #_Fleet Units Errtype
       1     1       0
       2     1       0
       3     1       0
 #_year seas index        obs se_log
     76    1     2 1065903061    0.2
     78    1     2 1525087163    0.2
     80    1     2 1311263209    0.2
     82    1     2 1778750988    0.2
     84    1     2 1638456081    0.2
     86    1     2 1049249428    0.2
     88    1     2 1572282372    0.2
     90    1     2 1317434735    0.2
     92    1     2 1586731489    0.2
     94    1     2 1381034972    0.2
     96    1     2 1168442053    0.2
     98    1     2 1257698423    0.2
    100    1     2 1109680545    0.2
0 #_N_discard_fleets
#_discard_units (1=same_as_catchunits(bio/num); 2=fraction; 3=numbers)
#_discard_errtype:  >0 for DF of T-dist(read CV below); 0 for normal with CV; -1 for normal with se; -2 for lognormal
0 #_N_discard
0 #_N_meanbodywt
1 #_DF_for_meanbodywt_T-distribution_like
2 # length bin method: 1=use databins; 2=generate from binwidth,min,max below; 3=read vector
1 # binwidth for population size comp
10 # minimum size in the population (lower edge of first bin and size at age 0.00)
200 # maximum size in the population (lower edge of last bin)
-0.001 #_comp_tail_compression
1e-05 #_add_to_comp
0 #_combine males into females at or below this bin number
45 #_N_lbins
#_lbin_vector
20 23 26 29 32 35 38 41 44 47 50 53 56 59 62 65 68 71 74 77 80 83 86 89 92 95 98 101 104 107 110 113 116 119 122 125 128 131 134 137 140 143 146 149 152
28 #_N_Length_comp_observations
 #_Yr Seas FltSvy Gender Part Nsamp           l20          l23          l26          l29         l32          l35          l38         l41         l44        l47        l50        l53        l56        l59        l62        l65        l68        l71        l74         l77        l80        l83        l86         l89         l92        l95         l98        l101        l104        l107        l110        l113        l116        l119        l122         l125         l128         l131         l134         l137         l140         l143         l146         l149         l152
   26    1      1      0    0   125  0.000000e+00 5.666991e-10 1.912721e-06 0.0216584134 0.010417533 0.0003465790 0.0039754369 0.001033300 0.006542036 0.07869821 0.03338816 0.05010901 0.01843810 0.02163961 0.06228018 0.05607551 0.01913726 0.02030981 0.05175937 0.020234883 0.04023603 0.02260613 0.07184439 0.031550649 0.042122328 0.01395471 0.045100090 0.021757243 0.026049761 0.032857953 0.042545685 0.034016294 0.028892347 0.015053760 0.012766577 0.0072312254 0.0067441674 0.0099758308 6.479817e-03 2.740701e-03 4.182750e-03 1.406805e-03 1.417026e-03 2.421455e-03 9.505440e-07
   36    1      1      0    0   125 7.597101e-116 7.238087e-12 8.048425e-06 0.0027564427 0.023505439 0.0308907020 0.0227908805 0.006369182 0.020569674 0.06768056 0.06870408 0.03590692 0.02989019 0.03915904 0.01283726 0.04273461 0.01679134 0.02168325 0.05697139 0.014689356 0.02737040 0.05710562 0.01887663 0.015811772 0.033100611 0.03803702 0.041412362 0.010457637 0.015993005 0.073493772 0.035950264 0.012124527 0.027871486 0.011674905 0.005171242 0.0015641968 0.0205233850 0.0035371134 5.152200e-03 8.942287e-03 6.535655e-05 4.823602e-03 2.866376e-06 4.038945e-03 1.296043e-02
   46    1      1      0    0   125  1.775061e-04 5.408196e-14 6.562129e-05 0.0136678821 0.008544005 0.0026352425 0.0587598534 0.025631115 0.043183004 0.05004517 0.03760692 0.10419166 0.03834572 0.02710850 0.03810017 0.07046988 0.02092362 0.03482331 0.05033391 0.011510143 0.04976036 0.01795925 0.03208242 0.018395572 0.023148016 0.02617617 0.017097879 0.015707087 0.029110356 0.035479206 0.006311941 0.025866393 0.012768756 0.011560526 0.029075155 0.0110711668 0.0012497045 0.0003242423 4.891048e-04 1.845007e-04 1.074222e-05 1.739846e-05 6.833472e-07 5.154875e-09 3.012003e-05
   56    1      1      0    0   125  1.770124e-07 8.440623e-04 3.093498e-04 0.0073835314 0.024831226 0.0041571300 0.0171916366 0.023648617 0.024639800 0.02558842 0.07667195 0.06452846 0.04663687 0.05601513 0.01355583 0.04668851 0.02966621 0.04099180 0.06601349 0.023372490 0.03375617 0.04183268 0.01725939 0.017703725 0.012257384 0.03275764 0.021434577 0.057764446 0.025978949 0.040104504 0.019452036 0.018867921 0.029644207 0.016325222 0.001871033 0.0040107323 0.0046791526 0.0035643687 4.847601e-04 2.159998e-04 6.725110e-03 2.195218e-04 1.091334e-05 3.448754e-04 1.213632e-09
   60    1      1      0    0   125  1.402777e-86 4.607217e-05 4.184846e-05 0.0005765834 0.013966478 0.0059313434 0.0023177070 0.008660213 0.011819339 0.11467942 0.05086197 0.01997336 0.01925704 0.01432112 0.02591492 0.04782863 0.03640834 0.05974741 0.05360716 0.025772750 0.05539112 0.05182396 0.01671813 0.040239072 0.008927716 0.03079355 0.048979622 0.038992381 0.021257678 0.030164090 0.016653964 0.030512722 0.006218783 0.016517053 0.013284723 0.0164242194 0.0092079221 0.0107975300 7.995285e-03 1.713064e-02 1.430751e-13 1.826379e-04 3.110692e-05 1.282685e-05 1.157747e-05
   64    1      1      0    0   125  0.000000e+00 4.906898e-20 7.179574e-05 0.0047380093 0.010610240 0.0043971778 0.0011791714 0.025508236 0.027934884 0.07291528 0.09890969 0.03480622 0.01764014 0.05171022 0.06162473 0.04019747 0.02901248 0.03502041 0.04207896 0.035602601 0.03302530 0.02632627 0.05338851 0.026707737 0.053840714 0.01788449 0.028332844 0.015993058 0.011840981 0.014109413 0.016818055 0.020464497 0.032505075 0.003610396 0.003806398 0.0185583064 0.0021451636 0.0002760502 8.789754e-04 6.181093e-03 3.038082e-03 5.028413e-04 1.553800e-02 1.322866e-05 2.568130e-04
   68    1      1      0    0   125 6.090761e-145 5.265834e-03 3.822639e-03 0.0028724381 0.001100692 0.0039981117 0.0056715840 0.009513333 0.021703814 0.05489323 0.05037869 0.03408399 0.05113602 0.05916154 0.04029388 0.08109839 0.08057804 0.01594285 0.04928774 0.047069830 0.04034687 0.05862858 0.01370017 0.057753777 0.021723401 0.02784289 0.013469978 0.007664579 0.015951361 0.007685606 0.015707384 0.015931143 0.013535488 0.023180103 0.019749951 0.0104325662 0.0087905741 0.0002229685 4.611627e-04 1.028293e-03 6.991849e-05 3.269945e-04 3.165255e-04 2.022317e-03 5.584721e-03
   72    1      1      0    0   125  0.000000e+00 1.859647e-12 4.537709e-06 0.0116351560 0.017363969 0.0015512609 0.0044933372 0.007382334 0.036222856 0.08774936 0.06991036 0.04950727 0.04496626 0.02932342 0.03000057 0.06370756 0.03700882 0.02960427 0.03682193 0.016251140 0.04333060 0.02338002 0.06357145 0.014684876 0.044904235 0.01401326 0.045769481 0.028562160 0.012861204 0.015710728 0.006035776 0.025144659 0.009157973 0.033232339 0.008088116 0.0323459069 0.0023422298 0.0000249280 1.572730e-03 1.496404e-03 1.530267e-06 1.579346e-04 4.188829e-07 4.684625e-05 5.977997e-05
   76    1      1      0    0   125 1.981493e-133 1.847463e-07 8.328337e-03 0.0105271266 0.013014529 0.0038231100 0.0064032818 0.002265268 0.023820556 0.07302322 0.05910326 0.05009721 0.05248620 0.01522130 0.06059880 0.02875769 0.03170554 0.04957443 0.12784144 0.039912979 0.01267701 0.03816300 0.01972518 0.010194390 0.034912638 0.03805639 0.013805298 0.008439419 0.022998710 0.014931743 0.013369808 0.008105400 0.012169871 0.016528806 0.001243223 0.0321998843 0.0047400131 0.0015485801 1.226011e-02 2.726034e-02 1.426273e-04 2.400686e-08 2.171256e-17 1.656520e-05 6.500726e-06
   80    1      1      0    0   125  5.937290e-63 1.449150e-23 6.176159e-03 0.0213664494 0.019051205 0.0069182277 0.0031096810 0.011725068 0.044982329 0.04427564 0.06874800 0.06188494 0.04664819 0.01414123 0.06863032 0.02469382 0.04712760 0.02794178 0.01894398 0.024721067 0.05072763 0.05371245 0.02663868 0.048232602 0.015290997 0.01589481 0.006835570 0.091982945 0.060226853 0.016205182 0.009526616 0.014249009 0.004515063 0.007072036 0.001407020 0.0013208660 0.0137986555 0.0001137560 8.854397e-05 2.932750e-04 1.205590e-06 2.883826e-07 3.343966e-06 7.756309e-04 1.281125e-06
   84    1      1      0    0   125 3.048611e-104 5.898857e-05 1.758317e-03 0.0004234323 0.017168662 0.0051888242 0.0039050509 0.026997937 0.059188895 0.03183466 0.05346433 0.09463110 0.05127405 0.04576591 0.04878755 0.02457272 0.04835685 0.08180654 0.03960998 0.070958226 0.04821007 0.03074996 0.01606115 0.005389035 0.034743587 0.02031771 0.005838257 0.023030742 0.013066437 0.028066883 0.010110958 0.008182700 0.005644382 0.007945767 0.007756669 0.0036917734 0.0022629217 0.0012499320 2.074718e-02 4.739944e-05 2.474249e-08 1.134298e-03 7.887292e-08 9.853655e-09 6.456523e-08
   88    1      1      0    0   125  0.000000e+00 1.930063e-39 4.961981e-04 0.0115445025 0.007476014 0.0018860048 0.0107234079 0.007869626 0.025112494 0.05723423 0.02808934 0.07663927 0.04218005 0.06719757 0.05279738 0.07647845 0.04939625 0.05422236 0.02591479 0.029467712 0.01577106 0.03213850 0.03076481 0.016397465 0.013546781 0.04174298 0.042577749 0.006246413 0.034514856 0.055003517 0.009128840 0.006611621 0.001327556 0.015003121 0.026875233 0.0008219632 0.0056674819 0.0120834906 2.346534e-03 5.918072e-03 4.200390e-06 3.083170e-04 1.769492e-09 1.593725e-29 4.737852e-04
   92    1      1      0    0   125  0.000000e+00 2.963256e-20 7.064649e-04 0.0025110406 0.013272438 0.0026280124 0.0006555443 0.013269979 0.008895236 0.08535115 0.04362098 0.04384447 0.03173254 0.06873017 0.04653795 0.05829688 0.05694436 0.05484036 0.03132555 0.005440086 0.02327778 0.06455543 0.03354240 0.051942311 0.021271991 0.03595239 0.021582486 0.003909479 0.041477815 0.028019541 0.029642373 0.011636176 0.014949677 0.008056588 0.008673515 0.0086100363 0.0059692750 0.0111954088 3.174773e-04 2.034745e-03 5.548367e-04 1.533988e-05 4.107609e-03 1.495831e-11 1.021141e-04
   96    1      1      0    0   125  0.000000e+00 1.601592e-24 8.065376e-03 0.0098931562 0.013282424 0.0009850283 0.0085301724 0.011143062 0.068410358 0.03125012 0.05475921 0.02550890 0.03986825 0.03054862 0.07932597 0.06220131 0.03389532 0.04970842 0.02474228 0.034240108 0.06063185 0.02784328 0.03608617 0.028620721 0.028710359 0.02911436 0.032795872 0.019795663 0.034101076 0.011894353 0.018714509 0.009339717 0.032454252 0.013197894 0.012036562 0.0075513694 0.0056040065 0.0002444487 4.731924e-03 2.780094e-06 4.302516e-05 2.848638e-08 1.259587e-04 1.736329e-06 2.241856e-10
  100    1      1      0    0   125  1.115444e-10 1.696178e-04 3.333356e-04 0.0057360837 0.003280416 0.0026918333 0.0007149233 0.015226655 0.050516019 0.09043181 0.04914304 0.06903216 0.03534063 0.02348658 0.02160503 0.04483226 0.01911613 0.02788143 0.04288004 0.013805723 0.03304290 0.02136275 0.05529513 0.034790935 0.018883903 0.02826014 0.031940688 0.014266742 0.035010540 0.041012095 0.050514871 0.002873246 0.029712105 0.009848188 0.048386745 0.0008717657 0.0062069982 0.0039381879 3.898074e-05 2.930333e-05 1.733491e-02 1.784408e-05 1.372393e-04 8.804090e-08 1.397682e-10
   76    1      2      0    0   500  1.616262e-22 2.962864e-03 7.472530e-03 0.0396507224 0.064532249 0.0343587327 0.0122654238 0.018690135 0.037298309 0.04277986 0.05787842 0.02710547 0.03200433 0.02808913 0.04289380 0.05430609 0.03639202 0.03770467 0.02873427 0.030071804 0.03159852 0.04789561 0.02712240 0.031991825 0.029691337 0.02370935 0.028382550 0.025773685 0.018922750 0.024747369 0.004921944 0.006901055 0.025226719 0.004780956 0.002928825 0.0147695732 0.0015143598 0.0049622741 1.683532e-03 1.119876e-04 2.900796e-04 4.790753e-04 1.001341e-03 4.412370e-07 5.401596e-03
   78    1      2      0    0   500  3.760753e-05 4.499856e-04 1.491523e-02 0.0567241011 0.047373825 0.0163601245 0.0094402607 0.011936675 0.035201973 0.04586250 0.05597909 0.06827611 0.03736657 0.04512441 0.03033805 0.05206867 0.03570112 0.01918747 0.03381882 0.024315546 0.04167906 0.02474383 0.02383230 0.025290200 0.028209030 0.02897635 0.025845888 0.021514612 0.022858416 0.030798600 0.015178935 0.012126634 0.009334826 0.018829926 0.004952383 0.0084385674 0.0045423952 0.0033398646 1.082425e-03 5.211953e-03 1.336472e-03 2.939920e-04 9.832150e-04 4.116527e-07 1.215683e-04
   80    1      2      0    0   500  6.145349e-05 1.261421e-03 7.938164e-03 0.0340636095 0.064199117 0.0096546521 0.0058040959 0.022946164 0.037673379 0.04587356 0.06926670 0.03306619 0.02927636 0.03101939 0.03810334 0.05451639 0.03738500 0.03687130 0.03230232 0.024653078 0.03119759 0.02244145 0.03736702 0.025993924 0.019496388 0.03031501 0.026973845 0.019586375 0.028414152 0.021035527 0.008088176 0.023052468 0.012169563 0.012901423 0.013213130 0.0241527914 0.0105824596 0.0057588369 5.104468e-03 2.930972e-03 2.834982e-03 3.480526e-04 3.667865e-05 6.894284e-05 8.650350e-08
   82    1      2      0    0   500  9.938836e-05 2.361383e-03 1.897982e-02 0.0498877760 0.059970752 0.0151175069 0.0126688517 0.022762328 0.060941533 0.03913213 0.05405663 0.02875408 0.03016213 0.03061556 0.03529599 0.03883254 0.03754422 0.02744130 0.02257960 0.042074798 0.01822374 0.03805909 0.05145041 0.035100544 0.034428295 0.01595042 0.032630367 0.019558191 0.020531840 0.007489747 0.008368163 0.011869684 0.014521205 0.012960170 0.023823199 0.0082848924 0.0016418514 0.0023853703 2.254301e-03 3.009979e-03 6.329826e-03 7.177315e-04 5.417940e-04 5.908419e-04 2.578787e-08
   84    1      2      0    0   500  1.036658e-06 2.732006e-03 2.404504e-02 0.0492153911 0.055918235 0.0206723784 0.0071968410 0.021411719 0.034080114 0.05183065 0.04720492 0.04038625 0.02661454 0.03289392 0.03732678 0.03761260 0.04002486 0.02763942 0.04069424 0.027240348 0.03460846 0.02789166 0.02991471 0.025857960 0.025206246 0.01723861 0.037770208 0.020960834 0.027815444 0.025345260 0.019795851 0.014381643 0.023265866 0.008569246 0.008519246 0.0060739879 0.0034983836 0.0095765245 1.176704e-03 2.587872e-03 3.144709e-03 1.360891e-03 5.312998e-04 9.502953e-05 7.206778e-05
   86    1      2      0    0   500  3.085991e-15 1.816648e-03 3.521958e-02 0.0528787458 0.040674617 0.0125229594 0.0077191785 0.024151327 0.040743528 0.04504081 0.04663844 0.03028225 0.02752322 0.02137438 0.02897341 0.03858075 0.03395999 0.04154376 0.04297909 0.074775016 0.03524932 0.01468149 0.03610867 0.021488215 0.021717554 0.03441621 0.028615878 0.021340198 0.016335171 0.014439992 0.018329623 0.012722708 0.018943817 0.017138887 0.003672282 0.0090974849 0.0090528880 0.0072400356 3.862709e-03 8.997755e-04 1.980951e-04 3.188974e-03 3.845458e-03 5.764684e-07 1.630569e-05
   88    1      2      0    0   500  2.612087e-05 3.048283e-03 1.595909e-02 0.0361441226 0.049784744 0.0232746108 0.0104042924 0.007142029 0.040082112 0.05452008 0.06210638 0.02858719 0.03147101 0.03349596 0.04207907 0.03650127 0.04312286 0.04132988 0.03530154 0.049839826 0.03149978 0.02554290 0.02601891 0.022885383 0.020329302 0.01557151 0.019873195 0.023643351 0.031278761 0.030428848 0.017448268 0.022458071 0.013666751 0.011494018 0.014441249 0.0136306314 0.0006638535 0.0080407850 1.594857e-03 8.842791e-04 2.078366e-03 5.654050e-05 2.227769e-03 1.632606e-05 5.823748e-06
   90    1      2      0    0   500  3.181538e-07 2.276622e-03 1.771155e-02 0.0376129056 0.047232968 0.0122366160 0.0085654178 0.024256965 0.040536203 0.07302581 0.06201402 0.02193021 0.04401834 0.04305370 0.04111370 0.03085946 0.05135798 0.04767473 0.02483465 0.027766263 0.01739389 0.04916912 0.01421544 0.018437642 0.027993388 0.02581375 0.016192969 0.020800551 0.037662460 0.016139479 0.008519936 0.016409685 0.022241033 0.009964941 0.009235445 0.0138483285 0.0064324598 0.0027445613 1.470305e-03 1.932757e-03 5.281955e-04 8.015203e-05 1.203603e-04 4.244947e-03 3.297743e-04
   92    1      2      0    0   500  5.076447e-12 1.711053e-03 2.324059e-02 0.0470744228 0.060989085 0.0144053745 0.0080577827 0.025264866 0.029379248 0.05090018 0.05067752 0.04504386 0.03742694 0.05571386 0.03624958 0.03975047 0.03389570 0.03229563 0.05085113 0.039999057 0.04114437 0.03652730 0.02811854 0.028455716 0.020596267 0.01562199 0.017323088 0.022205947 0.008304196 0.009163064 0.008902332 0.022408183 0.011469930 0.008217127 0.008957821 0.0090386257 0.0076599251 0.0011006576 1.145479e-03 4.131169e-03 1.993277e-04 5.371969e-03 5.178566e-04 3.097702e-05 4.617837e-04
   94    1      2      0    0   500  1.078024e-07 1.232161e-03 8.732278e-03 0.0564049660 0.079201992 0.0121058357 0.0103354573 0.029055444 0.043226368 0.05700015 0.05251479 0.04145535 0.03433118 0.03089342 0.04223067 0.02787478 0.04632726 0.02886401 0.02659429 0.030815264 0.04140528 0.04259836 0.01360045 0.028135383 0.032744223 0.02463063 0.018807796 0.017650107 0.024742682 0.019283548 0.018033893 0.005768925 0.014529061 0.010143072 0.006647210 0.0080749883 0.0018140315 0.0023693624 4.885065e-03 5.191805e-04 5.739124e-04 2.306768e-04 2.186257e-03 5.563834e-04 8.737524e-04
   96    1      2      0    0   500  2.792310e-04 1.799386e-03 2.115832e-02 0.0513785842 0.047113959 0.0163477998 0.0052609578 0.021191959 0.043197013 0.07223143 0.05302010 0.04817980 0.03434844 0.04967712 0.03453614 0.03634486 0.03743190 0.04942717 0.03499876 0.021219486 0.03030527 0.03694639 0.02820750 0.025631652 0.017501164 0.01797304 0.017447069 0.027462041 0.019813161 0.011282086 0.009600774 0.010634650 0.008661448 0.011461350 0.012020579 0.0079202614 0.0055701935 0.0038770784 7.793474e-04 3.035439e-04 1.904279e-03 5.792980e-04 7.570874e-03 1.695829e-03 5.708717e-03
   98    1      2      0    0   500  1.344002e-03 2.262770e-03 2.099624e-02 0.0565938614 0.042121583 0.0190084346 0.0172109942 0.018724245 0.034600937 0.06042883 0.05114519 0.05114903 0.04021190 0.02573545 0.03312675 0.04940360 0.04109207 0.02717785 0.02567875 0.026367568 0.03069498 0.03895606 0.03925941 0.037926785 0.025446337 0.01699250 0.016097295 0.031403108 0.018551493 0.009637682 0.018165296 0.014290204 0.013346189 0.010986370 0.006868155 0.0089105605 0.0090355943 0.0012432917 2.294762e-03 2.207407e-03 4.996677e-04 2.117717e-04 2.597507e-04 2.081150e-03 2.541114e-04
  100    1      2      0    0   500  5.913327e-08 2.415957e-04 2.470622e-02 0.0498395468 0.045321682 0.0264869491 0.0136385529 0.013064057 0.035198928 0.06571655 0.05089995 0.05004447 0.04182560 0.02909978 0.03313157 0.02998125 0.05648177 0.03124036 0.02730976 0.045554614 0.02716343 0.03937333 0.03013319 0.026026227 0.031716896 0.02101401 0.014788691 0.021265408 0.025317839 0.021760722 0.011279314 0.009376308 0.007778150 0.004538501 0.005703745 0.0063624389 0.0038792251 0.0120692661 1.781988e-03 2.377825e-03 4.429514e-03 1.921945e-03 2.865112e-06 1.015836e-04 5.431029e-05
15 #_N_agebins
#_agebin_vector
1 2 3 4 5 6 7 8 9 10 11 12 13 14 15
1 #_N_ageerror_definitions
 #_age0   age1   age2   age3   age4   age5   age6   age7   age8   age9  age10  age11  age12  age13  age14  age15  age16  age17  age18  age19  age20  age21  age22  age23  age24  age25
 -1.000 -1.000 -1.000 -1.000 -1.000 -1.000 -1.000 -1.000 -1.000 -1.000 -1.000 -1.000 -1.000 -1.000 -1.000 -1.000 -1.000 -1.000 -1.000 -1.000 -1.000 -1.000 -1.000 -1.000 -1.000 -1.000
  0.001  0.001  0.001  0.001  0.001  0.001  0.001  0.001  0.001  0.001  0.001  0.001  0.001  0.001  0.001  0.001  0.001  0.001  0.001  0.001  0.001  0.001  0.001  0.001  0.001  0.001
81 #_N_agecomp
1 #_Lbin_method: 1=poplenbins; 2=datalenbins; 3=lengths
-1 #_combine males into females at or below this bin number
 #_Yr Seas FltSvy Gender Part Ageerr Lbin_lo Lbin_hi Nsamp          a1         a2        a3         a4         a5         a6         a7         a8          a9         a10         a11         a12          a13         a14         a15
   26    1      1      0    0      1      -1      -1   125  0.02005465 0.09278636 0.1563421 0.18191330 0.11875884 0.09973706 0.06735860 0.05234799 0.031381242 0.039843233 0.009934563 0.032100090 0.0118675235 0.002753811 0.082820639
   36    1      1      0    0      1      -1      -1   125  0.05293522 0.24407185 0.1758030 0.10446536 0.12139731 0.07022492 0.06068907 0.03871408 0.029023617 0.010327340 0.020990336 0.031115654 0.0127705981 0.004930901 0.022540727
   46    1      1      0    0      1      -1      -1   125  0.02317956 0.21850569 0.1335508 0.18608955 0.15180879 0.07678808 0.05042955 0.03001826 0.026386107 0.014165631 0.006463511 0.039251342 0.0283121567 0.006283972 0.008766996
   56    1      1      0    0      1      -1      -1   125  0.02315778 0.21096112 0.2210743 0.14946461 0.14151515 0.05073038 0.03315128 0.05509974 0.039375366 0.016137717 0.001124117 0.026110906 0.0015396270 0.006853575 0.023704330
   60    1      1      0    0      1      -1      -1   125  0.02232446 0.29118286 0.1980252 0.11182786 0.06556748 0.06876956 0.05248918 0.03122818 0.026601739 0.066941313 0.018022445 0.028399226 0.0049305308 0.005891566 0.007798439
   64    1      1      0    0      1      -1      -1   125  0.02147728 0.26736180 0.2355619 0.14422202 0.07390762 0.09306103 0.04755422 0.02418416 0.019622772 0.002804804 0.011401961 0.010734351 0.0150801046 0.011885030 0.021140993
   68    1      1      0    0      1      -1      -1   125  0.03881553 0.23768252 0.1763361 0.15203922 0.09615897 0.08189715 0.05297207 0.03963915 0.049788123 0.021726116 0.003021887 0.023830883 0.0047159622 0.006510030 0.014866281
   72    1      1      0    0      1      -1      -1   125  0.02985765 0.26109268 0.2111531 0.14616184 0.12233034 0.06418124 0.03421534 0.03134673 0.031665693 0.025318445 0.005939400 0.004344053 0.0025482372 0.001720340 0.028124882
   76    1      1      0    0      1      -1      -1   125  0.03739688 0.25103673 0.1921647 0.11350080 0.07534517 0.08933673 0.06452072 0.06211163 0.012199301 0.055104219 0.006792642 0.011536733 0.0068697132 0.019177662 0.002906394
   80    1      1      0    0      1      -1      -1   125  0.04974087 0.28865802 0.1750879 0.17320573 0.08143530 0.04765108 0.03015908 0.02722290 0.052861201 0.020425613 0.029627653 0.004823370 0.0083574967 0.005491141 0.005252687
   84    1      1      0    0      1      -1      -1   125  0.06841691 0.21297747 0.2305820 0.12501899 0.15096507 0.05963369 0.02914059 0.03002670 0.018454756 0.003548744 0.018099947 0.012393935 0.0227282631 0.012404543 0.005608372
   88    1      1      0    0      1      -1      -1   125  0.03750687 0.25026164 0.1772106 0.15453614 0.10360553 0.09923017 0.05581594 0.02276449 0.008499532 0.035038785 0.011257680 0.009502298 0.0080726255 0.005470331 0.021227381
   92    1      1      0    0      1      -1      -1   125  0.02076673 0.23635858 0.1711017 0.16608926 0.06915130 0.07770374 0.07563117 0.06289178 0.036073271 0.047250940 0.007641833 0.002030701 0.0088691765 0.015618057 0.002821769
   96    1      1      0    0      1      -1      -1   125  0.08101926 0.22895854 0.2204646 0.11610633 0.09989515 0.06282590 0.05016294 0.03602651 0.039162532 0.006465175 0.016274260 0.005712694 0.0001031046 0.003303326 0.033519676
  100    1      1      0    0      1      -1      -1   125  0.05070195 0.29949432 0.1426494 0.07077085 0.09025354 0.08821154 0.10482416 0.03859917 0.026822947 0.009574682 0.009006739 0.008299156 0.0063132215 0.021752828 0.032725480
   76    1      2      0    0      1      -1      -1   500  0.12253321 0.22668320 0.1671900 0.10298090 0.13287782 0.06815655 0.03845046 0.04102611 0.024016619 0.020124787 0.016093231 0.010956502 0.0101052153 0.011210370 0.007595012
   78    1      2      0    0      1      -1      -1   500  0.13395922 0.24027050 0.1562593 0.11886974 0.09613157 0.08267271 0.03176925 0.05828615 0.027677307 0.014116644 0.010638034 0.005837811 0.0039511678 0.005698705 0.013861939
   80    1      2      0    0      1      -1      -1   500  0.16369758 0.24202946 0.1473473 0.14787735 0.07435728 0.07428646 0.02877520 0.02827415 0.022657031 0.024292773 0.022986930 0.007245775 0.0046639342 0.001258139 0.010250683
   82    1      2      0    0      1      -1      -1   500  0.11783661 0.23964593 0.1805217 0.13297569 0.07549426 0.06195659 0.05089926 0.04811753 0.027303880 0.012493527 0.013622244 0.013384515 0.0065902722 0.004095236 0.015062783
   84    1      2      0    0      1      -1      -1   500  0.10723085 0.25496505 0.1645989 0.11580680 0.10015463 0.06816783 0.04501845 0.03205632 0.030706855 0.015720697 0.025662759 0.016029106 0.0060772105 0.003256810 0.014547686
   86    1      2      0    0      1      -1      -1   500  0.14027769 0.25244701 0.1524394 0.12972984 0.07655112 0.07053825 0.04612188 0.03814340 0.023889279 0.020642114 0.015267078 0.008848437 0.0142678468 0.003089599 0.007747080
   88    1      2      0    0      1      -1      -1   500  0.12753176 0.24473459 0.1534564 0.15494225 0.07846191 0.05867061 0.06278363 0.03440520 0.015019916 0.016568634 0.018705607 0.004765653 0.0117308967 0.002207384 0.016015550
   90    1      2      0    0      1      -1      -1   500  0.12703079 0.20919063 0.1848376 0.11227230 0.07821593 0.07450389 0.05549309 0.04497959 0.046313753 0.019036624 0.014558669 0.016699706 0.0069556322 0.002123378 0.007788424
   92    1      2      0    0      1      -1      -1   500  0.16286964 0.23747849 0.1752634 0.12508933 0.08660127 0.05494613 0.04474573 0.03655624 0.018975525 0.014910108 0.018548916 0.005151525 0.0052998268 0.002243403 0.011320440
   94    1      2      0    0      1      -1      -1   500  0.13313422 0.20019909 0.1910797 0.13308715 0.07820101 0.06145127 0.04479630 0.03303931 0.040333821 0.022976654 0.022387219 0.009525626 0.0144938621 0.004306767 0.010988031
   96    1      2      0    0      1      -1      -1   500  0.14422120 0.20530785 0.1919174 0.11366671 0.07619984 0.06034529 0.05099322 0.04569926 0.018451009 0.024102515 0.027816146 0.011024832 0.0040512601 0.002832158 0.023371260
   98    1      2      0    0      1      -1      -1   500  0.12121828 0.22540113 0.1603572 0.12425004 0.11189332 0.05998236 0.03862616 0.05377637 0.021786675 0.021210563 0.025172843 0.009536846 0.0040182447 0.008924955 0.013845028
  100    1      2      0    0      1      -1      -1   500  0.14857509 0.24063411 0.1509080 0.12729229 0.08699325 0.06604864 0.04759422 0.03106166 0.018885772 0.021324804 0.017141236 0.010671470 0.0019186509 0.015674477 0.015276322
   60    1      1      0    0      1       5       5     1  1.00000000 0.00000000 0.0000000 0.00000000 0.00000000 0.00000000 0.00000000 0.00000000 0.000000000 0.000000000 0.000000000 0.000000000 0.0000000000 0.000000000 0.000000000
   60    1      1      0    0      1      10      10    14 14.00000000 0.00000000 0.0000000 0.00000000 0.00000000 0.00000000 0.00000000 0.00000000 0.000000000 0.000000000 0.000000000 0.000000000 0.0000000000 0.000000000 0.000000000
   60    1      1      0    0      1      11      11     5  5.00000000 0.00000000 0.0000000 0.00000000 0.00000000 0.00000000 0.00000000 0.00000000 0.000000000 0.000000000 0.000000000 0.000000000 0.0000000000 0.000000000 0.000000000
   60    1      1      0    0      1      12      12     2  2.00000000 0.00000000 0.0000000 0.00000000 0.00000000 0.00000000 0.00000000 0.00000000 0.000000000 0.000000000 0.000000000 0.000000000 0.0000000000 0.000000000 0.000000000
   60    1      1      0    0      1      13      13     1  1.00000000 0.00000000 0.0000000 0.00000000 0.00000000 0.00000000 0.00000000 0.00000000 0.000000000 0.000000000 0.000000000 0.000000000 0.0000000000 0.000000000 0.000000000
   60    1      1      0    0      1      14      14     3  3.00000000 0.00000000 0.0000000 0.00000000 0.00000000 0.00000000 0.00000000 0.00000000 0.000000000 0.000000000 0.000000000 0.000000000 0.0000000000 0.000000000 0.000000000
   60    1      1      0    0      1      15      15     5  5.00000000 0.00000000 0.0000000 0.00000000 0.00000000 0.00000000 0.00000000 0.00000000 0.000000000 0.000000000 0.000000000 0.000000000 0.0000000000 0.000000000 0.000000000
   60    1      1      0    0      1      16      16     7  7.00000000 0.00000000 0.0000000 0.00000000 0.00000000 0.00000000 0.00000000 0.00000000 0.000000000 0.000000000 0.000000000 0.000000000 0.0000000000 0.000000000 0.000000000
   60    1      1      0    0      1      17      17     3  3.00000000 0.00000000 0.0000000 0.00000000 0.00000000 0.00000000 0.00000000 0.00000000 0.000000000 0.000000000 0.000000000 0.000000000 0.0000000000 0.000000000 0.000000000
   60    1      1      0    0      1      18      18     4  4.00000000 0.00000000 0.0000000 0.00000000 0.00000000 0.00000000 0.00000000 0.00000000 0.000000000 0.000000000 0.000000000 0.000000000 0.0000000000 0.000000000 0.000000000
   60    1      1      0    0      1      19      19     5  5.00000000 0.00000000 0.0000000 0.00000000 0.00000000 0.00000000 0.00000000 0.00000000 0.000000000 0.000000000 0.000000000 0.000000000 0.0000000000 0.000000000 0.000000000
   60    1      1      0    0      1      20      20     6  6.00000000 0.00000000 0.0000000 0.00000000 0.00000000 0.00000000 0.00000000 0.00000000 0.000000000 0.000000000 0.000000000 0.000000000 0.0000000000 0.000000000 0.000000000
   60    1      1      0    0      1      21      21     7  7.00000000 0.00000000 0.0000000 0.00000000 0.00000000 0.00000000 0.00000000 0.00000000 0.000000000 0.000000000 0.000000000 0.000000000 0.0000000000 0.000000000 0.000000000
   60    1      1      0    0      1      22      22     6  6.00000000 0.00000000 0.0000000 0.00000000 0.00000000 0.00000000 0.00000000 0.00000000 0.000000000 0.000000000 0.000000000 0.000000000 0.0000000000 0.000000000 0.000000000
   60    1      1      0    0      1      23      23     1  1.00000000 0.00000000 0.0000000 0.00000000 0.00000000 0.00000000 0.00000000 0.00000000 0.000000000 0.000000000 0.000000000 0.000000000 0.0000000000 0.000000000 0.000000000
   60    1      1      0    0      1      24      24     3  3.00000000 0.00000000 0.0000000 0.00000000 0.00000000 0.00000000 0.00000000 0.00000000 0.000000000 0.000000000 0.000000000 0.000000000 0.0000000000 0.000000000 0.000000000
   60    1      1      0    0      1      26      26     3  3.00000000 0.00000000 0.0000000 0.00000000 0.00000000 0.00000000 0.00000000 0.00000000 0.000000000 0.000000000 0.000000000 0.000000000 0.0000000000 0.000000000 0.000000000
   60    1      1      0    0      1      27      27     6  6.00000000 0.00000000 0.0000000 0.00000000 0.00000000 0.00000000 0.00000000 0.00000000 0.000000000 0.000000000 0.000000000 0.000000000 0.0000000000 0.000000000 0.000000000
   60    1      1      0    0      1      28      28     2  1.00000000 1.00000000 0.0000000 0.00000000 0.00000000 0.00000000 0.00000000 0.00000000 0.000000000 0.000000000 0.000000000 0.000000000 0.0000000000 0.000000000 0.000000000
   60    1      1      0    0      1      29      29     5  1.00000000 4.00000000 0.0000000 0.00000000 0.00000000 0.00000000 0.00000000 0.00000000 0.000000000 0.000000000 0.000000000 0.000000000 0.0000000000 0.000000000 0.000000000
   60    1      1      0    0      1      31      31     4  0.00000000 4.00000000 0.0000000 0.00000000 0.00000000 0.00000000 0.00000000 0.00000000 0.000000000 0.000000000 0.000000000 0.000000000 0.0000000000 0.000000000 0.000000000
   60    1      1      0    0      1      34      34     2  0.00000000 2.00000000 0.0000000 0.00000000 0.00000000 0.00000000 0.00000000 0.00000000 0.000000000 0.000000000 0.000000000 0.000000000 0.0000000000 0.000000000 0.000000000
   60    1      1      0    0      1      36      36     1  0.00000000 1.00000000 0.0000000 0.00000000 0.00000000 0.00000000 0.00000000 0.00000000 0.000000000 0.000000000 0.000000000 0.000000000 0.0000000000 0.000000000 0.000000000
   60    1      1      0    0      1      37      37     2  0.00000000 2.00000000 0.0000000 0.00000000 0.00000000 0.00000000 0.00000000 0.00000000 0.000000000 0.000000000 0.000000000 0.000000000 0.0000000000 0.000000000 0.000000000
   60    1      1      0    0      1      38      38     2  0.00000000 2.00000000 0.0000000 0.00000000 0.00000000 0.00000000 0.00000000 0.00000000 0.000000000 0.000000000 0.000000000 0.000000000 0.0000000000 0.000000000 0.000000000
  100    1      1      0    0      1       4       4     1  1.00000000 0.00000000 0.0000000 0.00000000 0.00000000 0.00000000 0.00000000 0.00000000 0.000000000 0.000000000 0.000000000 0.000000000 0.0000000000 0.000000000 0.000000000
  100    1      1      0    0      1       8       8     1  1.00000000 0.00000000 0.0000000 0.00000000 0.00000000 0.00000000 0.00000000 0.00000000 0.000000000 0.000000000 0.000000000 0.000000000 0.0000000000 0.000000000 0.000000000
  100    1      1      0    0      1       9       9     7  7.00000000 0.00000000 0.0000000 0.00000000 0.00000000 0.00000000 0.00000000 0.00000000 0.000000000 0.000000000 0.000000000 0.000000000 0.0000000000 0.000000000 0.000000000
  100    1      1      0    0      1      10      10     8  8.00000000 0.00000000 0.0000000 0.00000000 0.00000000 0.00000000 0.00000000 0.00000000 0.000000000 0.000000000 0.000000000 0.000000000 0.0000000000 0.000000000 0.000000000
  100    1      1      0    0      1      11      11     3  3.00000000 0.00000000 0.0000000 0.00000000 0.00000000 0.00000000 0.00000000 0.00000000 0.000000000 0.000000000 0.000000000 0.000000000 0.0000000000 0.000000000 0.000000000
  100    1      1      0    0      1      12      12     4  4.00000000 0.00000000 0.0000000 0.00000000 0.00000000 0.00000000 0.00000000 0.00000000 0.000000000 0.000000000 0.000000000 0.000000000 0.0000000000 0.000000000 0.000000000
  100    1      1      0    0      1      13      13     7  7.00000000 0.00000000 0.0000000 0.00000000 0.00000000 0.00000000 0.00000000 0.00000000 0.000000000 0.000000000 0.000000000 0.000000000 0.0000000000 0.000000000 0.000000000
  100    1      1      0    0      1      14      14     2  2.00000000 0.00000000 0.0000000 0.00000000 0.00000000 0.00000000 0.00000000 0.00000000 0.000000000 0.000000000 0.000000000 0.000000000 0.0000000000 0.000000000 0.000000000
  100    1      1      0    0      1      15      15     1  1.00000000 0.00000000 0.0000000 0.00000000 0.00000000 0.00000000 0.00000000 0.00000000 0.000000000 0.000000000 0.000000000 0.000000000 0.0000000000 0.000000000 0.000000000
  100    1      1      0    0      1      16      16     1  1.00000000 0.00000000 0.0000000 0.00000000 0.00000000 0.00000000 0.00000000 0.00000000 0.000000000 0.000000000 0.000000000 0.000000000 0.0000000000 0.000000000 0.000000000
  100    1      1      0    0      1      17      17     3  3.00000000 0.00000000 0.0000000 0.00000000 0.00000000 0.00000000 0.00000000 0.00000000 0.000000000 0.000000000 0.000000000 0.000000000 0.0000000000 0.000000000 0.000000000
  100    1      1      0    0      1      18      18     4  4.00000000 0.00000000 0.0000000 0.00000000 0.00000000 0.00000000 0.00000000 0.00000000 0.000000000 0.000000000 0.000000000 0.000000000 0.0000000000 0.000000000 0.000000000
  100    1      1      0    0      1      19      19     6  6.00000000 0.00000000 0.0000000 0.00000000 0.00000000 0.00000000 0.00000000 0.00000000 0.000000000 0.000000000 0.000000000 0.000000000 0.0000000000 0.000000000 0.000000000
  100    1      1      0    0      1      21      21     5  5.00000000 0.00000000 0.0000000 0.00000000 0.00000000 0.00000000 0.00000000 0.00000000 0.000000000 0.000000000 0.000000000 0.000000000 0.0000000000 0.000000000 0.000000000
  100    1      1      0    0      1      22      22     1  1.00000000 0.00000000 0.0000000 0.00000000 0.00000000 0.00000000 0.00000000 0.00000000 0.000000000 0.000000000 0.000000000 0.000000000 0.0000000000 0.000000000 0.000000000
  100    1      1      0    0      1      23      23    10 10.00000000 0.00000000 0.0000000 0.00000000 0.00000000 0.00000000 0.00000000 0.00000000 0.000000000 0.000000000 0.000000000 0.000000000 0.0000000000 0.000000000 0.000000000
  100    1      1      0    0      1      24      24     6  6.00000000 0.00000000 0.0000000 0.00000000 0.00000000 0.00000000 0.00000000 0.00000000 0.000000000 0.000000000 0.000000000 0.000000000 0.0000000000 0.000000000 0.000000000
  100    1      1      0    0      1      25      25     1  1.00000000 0.00000000 0.0000000 0.00000000 0.00000000 0.00000000 0.00000000 0.00000000 0.000000000 0.000000000 0.000000000 0.000000000 0.0000000000 0.000000000 0.000000000
  100    1      1      0    0      1      26      26     2  2.00000000 0.00000000 0.0000000 0.00000000 0.00000000 0.00000000 0.00000000 0.00000000 0.000000000 0.000000000 0.000000000 0.000000000 0.0000000000 0.000000000 0.000000000
  100    1      1      0    0      1      27      27     3  3.00000000 0.00000000 0.0000000 0.00000000 0.00000000 0.00000000 0.00000000 0.00000000 0.000000000 0.000000000 0.000000000 0.000000000 0.0000000000 0.000000000 0.000000000
  100    1      1      0    0      1      28      28     1  1.00000000 0.00000000 0.0000000 0.00000000 0.00000000 0.00000000 0.00000000 0.00000000 0.000000000 0.000000000 0.000000000 0.000000000 0.0000000000 0.000000000 0.000000000
  100    1      1      0    0      1      29      29     5  1.00000000 4.00000000 0.0000000 0.00000000 0.00000000 0.00000000 0.00000000 0.00000000 0.000000000 0.000000000 0.000000000 0.000000000 0.0000000000 0.000000000 0.000000000
  100    1      1      0    0      1      30      30     4  1.00000000 3.00000000 0.0000000 0.00000000 0.00000000 0.00000000 0.00000000 0.00000000 0.000000000 0.000000000 0.000000000 0.000000000 0.0000000000 0.000000000 0.000000000
  100    1      1      0    0      1      31      31     6  0.00000000 6.00000000 0.0000000 0.00000000 0.00000000 0.00000000 0.00000000 0.00000000 0.000000000 0.000000000 0.000000000 0.000000000 0.0000000000 0.000000000 0.000000000
  100    1      1      0    0      1      33      33     2  0.00000000 2.00000000 0.0000000 0.00000000 0.00000000 0.00000000 0.00000000 0.00000000 0.000000000 0.000000000 0.000000000 0.000000000 0.0000000000 0.000000000 0.000000000
  100    1      1      0    0      1      34      34     1  0.00000000 1.00000000 0.0000000 0.00000000 0.00000000 0.00000000 0.00000000 0.00000000 0.000000000 0.000000000 0.000000000 0.000000000 0.0000000000 0.000000000 0.000000000
  100    1      1      0    0      1      35      35     3  0.00000000 3.00000000 0.0000000 0.00000000 0.00000000 0.00000000 0.00000000 0.00000000 0.000000000 0.000000000 0.000000000 0.000000000 0.0000000000 0.000000000 0.000000000
  100    1      1      0    0      1      37      37     2  0.00000000 1.00000000 1.0000000 0.00000000 0.00000000 0.00000000 0.00000000 0.00000000 0.000000000 0.000000000 0.000000000 0.000000000 0.0000000000 0.000000000 0.000000000
0 #_N_MeanSize_at_Age_obs
0 #_N_environ_variables
0 #_N_environ_obs
0 #_N_sizefreq_methods
0 #_do_tags
0 #_morphcomp_data
#
999
