#C data file created using the SS_writedat function in the R package r4ss
#C should work with SS version: 
#C file write time: 2015-02-11 18:36:48
#
1 #_styr
100 #_endyr
1 #_nseas
12 #_months_per_seas
1 #_spawn_seas
1 #_Nfleet
2 #_Nsurveys
1 #_N_areas
Fishery%Survey%CPUE #_fleetnames
0.5 0.5 0.5 #_surveytiming_in_season
1 1 1 #_area_assignments_for_each_fishery_and_survey
1 #_units of catch:  1=bio; 2=num
0.01 #_se of log(catch) only used for init_eq_catch and for Fmethod 2 and 3
1 #_Ngenders
25 #_Nages
0 #_init_equil_catch_for_each_fishery
100 #_N_lines_of_catch_to_read
 #_Fishery year seas
         0    1    1
         0    2    1
         0    3    1
         0    4    1
         0    5    1
         0    6    1
         0    7    1
         0    8    1
         0    9    1
         0   10    1
         0   11    1
         0   12    1
         0   13    1
         0   14    1
         0   15    1
         0   16    1
         0   17    1
         0   18    1
         0   19    1
         0   20    1
         0   21    1
         0   22    1
         0   23    1
         0   24    1
         0   25    1
 444646000   26    1
 397608000   27    1
 357583000   28    1
 324161000   29    1
 296656000   30    1
 274240000   31    1
 256057000   32    1
 241314000   33    1
 229322000   34    1
 219511000   35    1
 211426000   36    1
 204710000   37    1
 199088000   38    1
 194347000   39    1
 190324000   40    1
 186891000   41    1
 183948000   42    1
 181416000   43    1
 179230000   44    1
 177337000   45    1
 175694000   46    1
 174266000   47    1
 173022000   48    1
 171937000   49    1
 170990000   50    1
 170161000   51    1
 169436000   52    1
 168801000   53    1
 168243000   54    1
 167755000   55    1
 167325000   56    1
 166948000   57    1
 166617000   58    1
 166326000   59    1
 166070000   60    1
 165844000   61    1
 165646000   62    1
 165471000   63    1
 165317000   64    1
 165182000   65    1
 165063000   66    1
 164958000   67    1
 164865000   68    1
 164784000   69    1
 164712000   70    1
 164649000   71    1
 164593000   72    1
 164544000   73    1
 164500000   74    1
 164462000   75    1
 164429000   76    1
 164399000   77    1
 164373000   78    1
 164350000   79    1
 164329000   80    1
 164311000   81    1
 164296000   82    1
 164282000   83    1
 164269000   84    1
 164258000   85    1
 164249000   86    1
 164240000   87    1
 164233000   88    1
 164227000   89    1
 164221000   90    1
 164216000   91    1
 164211000   92    1
 164207000   93    1
 164204000   94    1
 164201000   95    1
 164198000   96    1
 164195000   97    1
 164193000   98    1
 164192000   99    1
 164190000  100    1
13 #_N_cpue
 #_Fleet Units Errtype
       1     1       0
       2     1       0
       3     1       0
 #_year seas index        obs se_log
     76    1     2 1236845113    0.2
     78    1     2 1327862115    0.2
     80    1     2 2146980721    0.2
     82    1     2 1484348006    0.2
     84    1     2 1412035321    0.2
     86    1     2 1150709240    0.2
     88    1     2 1290596576    0.2
     90    1     2 2124783736    0.2
     92    1     2 1180078068    0.2
     94    1     2 1571114388    0.2
     96    1     2 1571588603    0.2
     98    1     2 1994608199    0.2
    100    1     2 1469986202    0.2
0 #_N_discard_fleets
#_discard_units (1=same_as_catchunits(bio/num); 2=fraction; 3=numbers)
#_discard_errtype:  >0 for DF of T-dist(read CV below); 0 for normal with CV; -1 for normal with se; -2 for lognormal
0 #_N_discard
0 #_N_meanbodywt
1 #_DF_for_meanbodywt_T-distribution_like
2 # length bin method: 1=use databins; 2=generate from binwidth,min,max below; 3=read vector
1 # binwidth for population size comp
10 # minimum size in the population (lower edge of first bin and size at age 0.00)
200 # maximum size in the population (lower edge of last bin)
-0.001 #_comp_tail_compression
1e-05 #_add_to_comp
0 #_combine males into females at or below this bin number
45 #_N_lbins
#_lbin_vector
20 23 26 29 32 35 38 41 44 47 50 53 56 59 62 65 68 71 74 77 80 83 86 89 92 95 98 101 104 107 110 113 116 119 122 125 128 131 134 137 140 143 146 149 152
28 #_N_Length_comp_observations
 #_Yr Seas FltSvy Gender Part Nsamp           l20          l23          l26          l29         l32          l35          l38         l41        l44        l47        l50        l53        l56        l59        l62        l65        l68        l71        l74        l77         l80        l83        l86        l89        l92        l95         l98        l101       l104        l107        l110        l113        l116        l119        l122        l125         l128         l131         l134         l137         l140         l143         l146         l149         l152
   26    1      1      0    0   125 6.038963e-156 2.397230e-10 8.859899e-05 0.0034270999 0.002428063 0.0062385500 5.880247e-04 0.018315646 0.01583723 0.02456095 0.02573177 0.04208438 0.03177337 0.03529464 0.01086397 0.03235309 0.05084903 0.00964837 0.03932310 0.03820576 0.057128221 0.01663677 0.02026550 0.03653001 0.05506264 0.05271930 0.018231500 0.028979433 0.02911583 0.032357944 0.031420114 0.059008648 0.021131370 0.079355105 0.018009318 0.006166717 7.333665e-03 0.0091299223 1.557846e-02 6.189164e-03 1.979554e-03 1.408791e-03 1.281948e-03 2.852962e-05 7.339899e-03
   36    1      1      0    0   125  5.732130e-53 8.200935e-35 2.334975e-03 0.0108060521 0.012023811 0.0082997556 1.500621e-03 0.032381545 0.03057868 0.05895692 0.02131108 0.03501713 0.02734968 0.03017306 0.02337627 0.02273517 0.06109043 0.05332480 0.06317055 0.02623017 0.022203119 0.05308267 0.05402866 0.01612395 0.02868473 0.03437090 0.063108763 0.023042352 0.02140666 0.026171484 0.031681704 0.013282316 0.024914865 0.006617946 0.012205653 0.006232330 6.723773e-03 0.0048981358 6.937260e-03 1.896360e-02 3.610743e-03 6.872951e-05 1.877386e-06 2.828110e-09 9.770694e-04
   46    1      1      0    0   125 1.253572e-175 3.719966e-05 8.235960e-04 0.0040350573 0.033784102 0.0025558984 4.611643e-03 0.011210638 0.05382388 0.07263162 0.07307968 0.03855749 0.02411086 0.03589655 0.02446296 0.04764745 0.02692053 0.04980821 0.09032510 0.03222162 0.006236606 0.03990606 0.02199475 0.05568109 0.04274251 0.01307364 0.012418168 0.020229812 0.03041663 0.024055960 0.009797884 0.029219467 0.019408442 0.011737210 0.002688584 0.006336480 5.586475e-03 0.0135446855 2.281131e-04 8.258023e-05 5.604404e-03 6.685089e-05 2.399324e-03 1.993876e-07 1.690399e-10
   56    1      1      0    0   125  1.448570e-37 3.127099e-23 2.122821e-08 0.0122660336 0.027249999 0.0140440464 1.097246e-02 0.010393439 0.01073684 0.07906710 0.06330461 0.04837711 0.03668946 0.02858452 0.04927071 0.06834499 0.01406731 0.05690836 0.02782570 0.02810284 0.052032966 0.03345679 0.01954812 0.07268287 0.02357251 0.03484571 0.028141363 0.005670397 0.04667903 0.012519555 0.017694412 0.005760974 0.012772476 0.007364182 0.001875230 0.007997764 1.257440e-02 0.0139619123 1.878985e-07 3.684586e-04 7.879410e-10 4.275146e-03 2.026117e-12 4.505783e-18 2.361244e-27
   60    1      1      0    0   125  2.834600e-06 1.205759e-10 3.718184e-05 0.0000166547 0.004872719 0.0037804077 4.830136e-03 0.007756778 0.03005645 0.11557925 0.08992516 0.03450245 0.01853419 0.03660668 0.02093079 0.08106309 0.01618751 0.04310284 0.01912757 0.01518520 0.050781195 0.04838907 0.02200759 0.03702864 0.02723252 0.04862254 0.014417117 0.011338397 0.01041614 0.002350067 0.019129271 0.036600456 0.002755739 0.001192033 0.019835205 0.034767443 2.962191e-03 0.0433262118 2.657180e-03 2.144073e-03 1.897309e-02 9.588476e-04 5.662133e-07 6.840738e-21 1.651216e-05
   64    1      1      0    0   125 2.663912e-213 3.034923e-09 2.106571e-07 0.0119724243 0.002021310 0.0006004336 9.370525e-04 0.010465115 0.02957163 0.04185596 0.06275545 0.04584659 0.07882875 0.04683384 0.03715726 0.04407958 0.03320741 0.05747405 0.03246540 0.04614577 0.020509330 0.03135983 0.02304559 0.04097747 0.01715174 0.02474745 0.027769808 0.034728746 0.02623022 0.029488504 0.023436397 0.035279810 0.033177670 0.020129192 0.014002495 0.003939496 3.947429e-03 0.0027212138 2.417601e-03 6.930252e-04 2.407991e-06 3.659511e-12 6.984256e-17 1.035694e-12 2.026342e-03
   68    1      1      0    0   125  0.000000e+00 2.431729e-22 3.378392e-03 0.0016436833 0.017532656 0.0008186141 3.405694e-04 0.011571194 0.02914356 0.07325511 0.07386524 0.03774711 0.03289589 0.04849408 0.04029883 0.04209414 0.06337455 0.02728098 0.01456582 0.02606919 0.063122888 0.03211453 0.07306947 0.04263172 0.01352063 0.02439671 0.027292226 0.030255127 0.04709353 0.007891080 0.014079304 0.021897900 0.011281574 0.008461785 0.005524678 0.012131507 5.296948e-03 0.0018770320 1.160430e-02 4.946119e-04 5.504971e-05 1.719077e-17 1.343977e-03 1.458413e-04 4.796522e-05
   72    1      1      0    0   125 1.212101e-186 3.480719e-10 3.345258e-03 0.0118473030 0.013246562 0.0025036264 4.511945e-03 0.020093351 0.10424360 0.01406240 0.04027346 0.05861098 0.02725191 0.03750790 0.06015335 0.02779099 0.03499567 0.05030496 0.03283945 0.01851602 0.014747224 0.05059569 0.01193125 0.03306129 0.02654328 0.01371250 0.043056399 0.056312122 0.02955516 0.015298931 0.018680561 0.034661488 0.017381113 0.018300228 0.006026813 0.011103078 2.157574e-02 0.0095519725 2.064430e-03 2.634853e-06 2.969820e-03 7.694810e-04 2.111312e-12 6.925029e-12 5.311891e-08
   76    1      1      0    0   125 1.324896e-284 2.784752e-15 3.065205e-03 0.0269672228 0.008262459 0.0063326933 2.580609e-03 0.014469801 0.04364090 0.05996774 0.05252669 0.03853978 0.06009200 0.04412218 0.05764673 0.06103133 0.05686877 0.01991291 0.01759173 0.02378698 0.023678070 0.05428809 0.02739247 0.01200298 0.01044875 0.03764606 0.045763747 0.003497035 0.01779450 0.062555735 0.027406010 0.019551745 0.030660566 0.009730132 0.007072691 0.003801328 1.864289e-04 0.0066791543 1.900220e-03 1.707892e-04 2.527657e-07 3.666725e-04 7.642165e-07 6.133357e-08 1.206379e-09
   80    1      1      0    0   125  1.791744e-10 3.153745e-19 2.063958e-02 0.0005318342 0.006572966 0.0049748484 7.147159e-05 0.010140900 0.04259049 0.08507029 0.02692275 0.08488093 0.03248165 0.03962139 0.06989067 0.06051954 0.03706563 0.04931991 0.01097779 0.03598379 0.028043165 0.04973991 0.03325699 0.02546694 0.04091950 0.01991059 0.029549704 0.007879798 0.02773151 0.016412126 0.015403117 0.035540491 0.015264820 0.011172810 0.001257784 0.004644753 3.564078e-05 0.0010831840 1.225103e-03 4.552897e-03 1.555867e-05 1.250759e-02 5.852463e-07 1.259935e-04 3.007950e-06
   84    1      1      0    0   125 2.529695e-109 2.137605e-15 3.245429e-05 0.0150783920 0.023599803 0.0066650818 8.417908e-03 0.015146404 0.04705345 0.04721168 0.03367593 0.05395571 0.01917041 0.04487778 0.04996751 0.03961477 0.03839123 0.07845010 0.01561507 0.04819422 0.035544882 0.03940933 0.04914074 0.05392016 0.01034546 0.02526409 0.013407615 0.011084336 0.02427422 0.007644465 0.028734342 0.023923173 0.002642727 0.011540509 0.019718882 0.002409363 3.071635e-02 0.0008190603 3.482362e-04 2.109582e-02 1.914560e-03 6.125661e-04 2.958379e-05 1.149986e-13 3.416250e-04
   88    1      1      0    0   125  2.206666e-63 3.886264e-19 1.433224e-02 0.0110752090 0.021940605 0.0006784278 2.401681e-03 0.016473977 0.02472542 0.07109627 0.08054840 0.06067992 0.01836959 0.03558039 0.05284375 0.02083363 0.02014861 0.03117736 0.02403741 0.03471731 0.041510788 0.02185786 0.05723255 0.02723224 0.06165626 0.03687820 0.018316815 0.014974866 0.02946043 0.017515460 0.014753136 0.041849174 0.009589293 0.012120850 0.010513873 0.015868567 3.029155e-03 0.0181142282 3.145492e-03 6.606088e-04 6.305933e-04 4.201010e-05 1.200009e-04 1.230312e-03 3.706450e-05
   92    1      1      0    0   125 9.322455e-139 3.615917e-07 1.877722e-03 0.0181641572 0.015763535 0.0060165578 5.922120e-03 0.015599715 0.03061087 0.03264464 0.08940850 0.03692004 0.05414420 0.03759079 0.07673092 0.05763476 0.04103043 0.08336793 0.02261132 0.02270973 0.069952944 0.01284081 0.01593895 0.01735402 0.02032519 0.04035140 0.047454282 0.025385165 0.01083992 0.014855884 0.019076721 0.009063566 0.012947451 0.003933649 0.011482631 0.005813503 4.569179e-03 0.0002524185 9.764101e-04 1.325424e-04 6.411742e-03 2.198251e-06 1.286542e-03 3.595500e-11 4.599178e-06
   96    1      1      0    0   125  1.172211e-07 2.058708e-09 3.103112e-03 0.0103010694 0.013853378 0.0013570975 7.675019e-03 0.010843118 0.06337649 0.03750304 0.07809352 0.05978723 0.06133653 0.04275618 0.07476887 0.05612926 0.06324734 0.03380460 0.02306711 0.01933721 0.036076840 0.01274817 0.03093717 0.04037081 0.04040837 0.01843892 0.014954888 0.051513225 0.00568760 0.015454493 0.004675199 0.009018222 0.006369186 0.017128165 0.009083025 0.008322413 2.918244e-03 0.0069390703 7.030059e-04 5.708056e-03 3.026831e-07 1.469904e-03 5.066128e-05 3.150788e-08 6.837302e-04
  100    1      1      0    0   125 2.895783e-247 1.210074e-10 2.993070e-03 0.0014675504 0.013591764 0.0012827143 7.270080e-03 0.034357015 0.04160670 0.03322953 0.05564407 0.07949582 0.07126270 0.04402880 0.01501805 0.03783694 0.02271279 0.07413822 0.03986823 0.02323808 0.029185331 0.04979628 0.06138630 0.02831961 0.04010814 0.02434832 0.008225413 0.019649035 0.02594096 0.015886033 0.014270842 0.017619382 0.004953691 0.011120834 0.011101075 0.011434128 6.456195e-03 0.0024937537 9.536088e-03 3.924547e-04 5.332438e-06 7.931243e-06 8.208142e-03 2.386421e-19 5.126159e-04
   76    1      2      0    0   500  9.233157e-19 3.212929e-03 1.938016e-02 0.0440212155 0.051231213 0.0146312595 5.008835e-03 0.026539365 0.04233560 0.06127174 0.06585747 0.03286723 0.03233088 0.02664112 0.03861023 0.04273785 0.04433876 0.03073024 0.02667684 0.03453001 0.031963127 0.03428763 0.03841113 0.02443656 0.02817696 0.01901459 0.014557665 0.016699472 0.03335473 0.025974611 0.009429101 0.017379155 0.018825435 0.017962269 0.005733933 0.007065944 5.354677e-03 0.0015277795 2.256726e-03 1.390042e-03 3.097693e-04 3.846899e-04 5.434692e-06 4.070489e-05 2.504901e-03
   78    1      2      0    0   500  6.854552e-12 6.096628e-04 1.005759e-02 0.0500145620 0.054056359 0.0433475470 1.588240e-02 0.021817911 0.05182218 0.04340308 0.06695794 0.04221466 0.02084395 0.02340798 0.03385593 0.03750684 0.04827671 0.04150731 0.02153332 0.02704348 0.031878079 0.02892103 0.03002930 0.03172000 0.02281219 0.02258841 0.035602570 0.023013776 0.01582442 0.035903669 0.013276721 0.010060758 0.014511145 0.008965183 0.003136800 0.003459255 3.243208e-03 0.0019609836 5.191168e-04 4.816372e-03 1.303649e-03 4.915216e-04 1.231825e-04 1.669117e-03 1.014719e-05
   80    1      2      0    0   500  2.661106e-06 1.192728e-03 2.168794e-02 0.0674862992 0.056016781 0.0192061222 1.399432e-02 0.011822388 0.03511644 0.06263674 0.05115142 0.03018589 0.03437384 0.06014559 0.05839203 0.03547455 0.02042823 0.03023337 0.03836325 0.03026786 0.030660225 0.02206548 0.04297904 0.02589839 0.01626359 0.02691096 0.018340703 0.019842086 0.02158136 0.014389878 0.011005301 0.018550532 0.011787354 0.005886711 0.009194873 0.005051001 3.956611e-03 0.0093810284 2.964894e-03 2.899909e-03 5.634287e-04 1.738290e-04 1.105916e-05 7.016128e-04 7.616910e-04
   82    1      2      0    0   500  2.707281e-11 8.198683e-04 1.794652e-02 0.0446384674 0.036142125 0.0111712287 1.600297e-02 0.015361979 0.05009128 0.06727790 0.05885763 0.04617707 0.02268763 0.04869268 0.04200102 0.04413645 0.04189825 0.02681044 0.01519922 0.03935444 0.046580853 0.04469179 0.02493700 0.03214686 0.01672283 0.01654473 0.021198476 0.024807748 0.01410598 0.018788377 0.015446545 0.021136282 0.009557266 0.007999584 0.012421852 0.009809197 2.808561e-03 0.0028858614 2.600291e-03 4.958605e-03 1.396990e-03 2.850765e-03 1.469431e-04 1.894478e-04 1.109504e-10
   84    1      2      0    0   500  1.527268e-06 2.248829e-04 1.392611e-02 0.0535358629 0.059626341 0.0187532259 8.029723e-03 0.019338730 0.06022965 0.06631847 0.07873921 0.04603602 0.02871026 0.03212754 0.02400787 0.04480259 0.02820642 0.02759722 0.03428093 0.03259786 0.037074104 0.01578403 0.02323824 0.01830034 0.02699586 0.03309690 0.018321025 0.013848513 0.02061207 0.026639436 0.013530636 0.015075428 0.016615165 0.012723503 0.008927974 0.004655253 2.253722e-03 0.0071873695 4.479920e-03 2.092079e-03 6.128548e-05 1.292034e-03 1.563896e-05 5.389813e-05 3.513392e-05
   86    1      2      0    0   500  5.837194e-12 2.854770e-04 1.778152e-02 0.0674556770 0.056374235 0.0153259104 1.785167e-02 0.023175289 0.05072363 0.05648861 0.04373054 0.03873893 0.02733244 0.03706582 0.03796150 0.03463981 0.04779850 0.02401134 0.02567066 0.04192528 0.025872301 0.01902094 0.02618081 0.02594660 0.03196476 0.02848515 0.025597341 0.011764713 0.01621330 0.014381626 0.016682590 0.020649263 0.023200224 0.007580363 0.012815431 0.007201255 5.475411e-03 0.0070038443 3.795286e-03 1.053115e-03 6.243446e-04 2.693514e-04 5.477834e-04 3.189909e-04 3.018381e-03
   88    1      2      0    0   500  4.624035e-09 1.560479e-03 1.507766e-02 0.0516686077 0.039272349 0.0126593135 6.641011e-03 0.022653872 0.04912274 0.07460284 0.04585943 0.04171947 0.03767611 0.02172148 0.03915239 0.03177226 0.03693000 0.03722367 0.03080071 0.02714123 0.040464254 0.03040619 0.02633731 0.02054030 0.02965726 0.02523781 0.026248039 0.024388962 0.02466646 0.017996138 0.016258826 0.013385802 0.016214052 0.009811421 0.015258679 0.008700591 4.277382e-03 0.0055564452 1.023620e-02 2.647615e-03 2.488881e-03 1.764902e-03 7.849578e-06 4.192324e-03 6.884315e-07
   90    1      2      0    0   500  2.098177e-05 1.803192e-03 1.370362e-02 0.0500406786 0.049681075 0.0177156689 1.845371e-02 0.033788192 0.04263352 0.04967270 0.07559613 0.03377821 0.03348371 0.02581692 0.03950155 0.02761987 0.03910711 0.03616294 0.04101673 0.03982276 0.028780663 0.02584447 0.02127280 0.02489368 0.03126451 0.03773512 0.022560139 0.018189939 0.02003388 0.008857772 0.016835322 0.009741453 0.015151177 0.009496692 0.009094380 0.005498965 7.354945e-03 0.0036275413 1.780897e-03 3.083755e-03 3.037019e-03 7.068842e-06 4.504347e-04 7.717935e-04 5.216293e-03
   92    1      2      0    0   500  2.666500e-24 3.180682e-03 1.460040e-02 0.0563969898 0.043207671 0.0315187549 4.724515e-03 0.021686464 0.03476277 0.04797919 0.05005280 0.05890606 0.03224355 0.04538848 0.04381113 0.03127864 0.02753651 0.04853864 0.02534960 0.02659351 0.051311519 0.01933462 0.02923538 0.02001375 0.01972519 0.02488261 0.028807788 0.018169954 0.02734755 0.013040674 0.012207895 0.013067270 0.023144029 0.015992432 0.015185092 0.003434524 1.158553e-03 0.0046040540 3.057665e-03 1.518625e-03 4.447979e-03 6.175899e-04 1.933947e-03 1.089639e-06 3.858923e-06
   94    1      2      0    0   500  3.258175e-05 5.139904e-04 4.087564e-02 0.0475353022 0.062187138 0.0242506179 7.466369e-03 0.015101932 0.05174368 0.06584417 0.05743698 0.02366992 0.02267572 0.03196989 0.03350822 0.04560987 0.03635135 0.03308257 0.02449315 0.03499913 0.029828090 0.02474997 0.02721739 0.01886204 0.02039187 0.02889787 0.020399364 0.031131328 0.01857041 0.026955020 0.015105141 0.010066140 0.013195097 0.009961788 0.007017965 0.011568182 7.010307e-03 0.0018917045 5.363904e-03 1.408139e-03 5.140981e-04 3.650152e-03 2.638511e-03 5.639367e-05 4.200916e-03
   96    1      2      0    0   500  1.057302e-09 1.921975e-03 1.430364e-02 0.0586050322 0.059885061 0.0073557626 1.654546e-02 0.009873497 0.04894534 0.06214520 0.04814571 0.04480062 0.03611197 0.03006968 0.04025787 0.02628107 0.04519520 0.01869441 0.02039691 0.02350907 0.028937502 0.03407088 0.03456871 0.02303783 0.01956309 0.02712360 0.021158021 0.037309878 0.03354450 0.017697157 0.007992795 0.013381535 0.019976170 0.014235984 0.013869145 0.014774432 4.854634e-03 0.0111626030 1.544918e-03 1.206616e-03 3.809413e-03 2.732217e-03 7.542466e-05 1.231770e-08 3.294711e-04
   98    1      2      0    0   500  1.162112e-06 3.542869e-04 2.053131e-02 0.0727351357 0.050540556 0.0271425031 1.098014e-02 0.015490158 0.04765808 0.05507509 0.04610545 0.04505757 0.03601564 0.02790302 0.03188773 0.04305741 0.03170043 0.04129733 0.02961189 0.02512151 0.025965671 0.02091784 0.03240882 0.04319928 0.04148950 0.02316517 0.016205301 0.012986903 0.02010156 0.017402033 0.009646862 0.019866654 0.010456573 0.016232781 0.008951511 0.008354521 1.463573e-03 0.0047572674 7.178901e-04 6.256564e-03 4.205905e-05 6.753739e-04 1.168286e-04 9.362907e-06 3.437076e-04
  100    1      2      0    0   500  1.289457e-04 6.238727e-04 1.993584e-02 0.0655285564 0.047237428 0.0299357684 5.219164e-03 0.031240426 0.03611549 0.05172655 0.06888099 0.03684631 0.04634249 0.02978096 0.03358246 0.03890291 0.01984931 0.03617285 0.03371101 0.03440647 0.030631219 0.02520219 0.02446034 0.01255499 0.03581575 0.02260660 0.015743305 0.023360187 0.02815416 0.018232448 0.021841063 0.009548619 0.010741237 0.011284661 0.013960470 0.008708707 8.887260e-03 0.0045883645 1.752127e-03 2.565510e-04 3.991343e-04 2.688258e-03 9.133929e-04 4.669343e-04 1.034237e-03
15 #_N_agebins
#_agebin_vector
1 2 3 4 5 6 7 8 9 10 11 12 13 14 15
1 #_N_ageerror_definitions
 #_age0   age1   age2   age3   age4   age5   age6   age7   age8   age9  age10  age11  age12  age13  age14  age15  age16  age17  age18  age19  age20  age21  age22  age23  age24  age25
 -1.000 -1.000 -1.000 -1.000 -1.000 -1.000 -1.000 -1.000 -1.000 -1.000 -1.000 -1.000 -1.000 -1.000 -1.000 -1.000 -1.000 -1.000 -1.000 -1.000 -1.000 -1.000 -1.000 -1.000 -1.000 -1.000
  0.001  0.001  0.001  0.001  0.001  0.001  0.001  0.001  0.001  0.001  0.001  0.001  0.001  0.001  0.001  0.001  0.001  0.001  0.001  0.001  0.001  0.001  0.001  0.001  0.001  0.001
84 #_N_agecomp
1 #_Lbin_method: 1=poplenbins; 2=datalenbins; 3=lengths
-1 #_combine males into females at or below this bin number
 #_Yr Seas FltSvy Gender Part Ageerr Lbin_lo Lbin_hi Nsamp          a1        a2        a3         a4         a5         a6         a7         a8         a9         a10          a11         a12         a13          a14         a15
   26    1      1      0    0      1      -1      -1   125  0.01148205 0.1538055 0.2054786 0.12805343 0.07411331 0.07599494 0.06656999 0.04507987 0.03030402 0.046579793 0.0171098922 0.020151566 0.043775759 0.0054545441 0.076046657
   36    1      1      0    0      1      -1      -1   125  0.01888704 0.1788107 0.1492108 0.14333349 0.07756800 0.10816772 0.05157091 0.04224810 0.01746167 0.093686771 0.0417484412 0.021019766 0.003488525 0.0046422539 0.048155768
   46    1      1      0    0      1      -1      -1   125  0.04270625 0.2072033 0.2178965 0.13426524 0.14464029 0.04989997 0.05937741 0.02533207 0.03100678 0.034117428 0.0113868446 0.016028169 0.005337790 0.0041585248 0.016643431
   56    1      1      0    0      1      -1      -1   125  0.02322857 0.2703698 0.2166471 0.12592952 0.09177866 0.08148079 0.04411949 0.03622563 0.01842577 0.057056969 0.0035527664 0.013014906 0.003503387 0.0020461376 0.012620505
   60    1      1      0    0      1      -1      -1   125  0.02473758 0.1947458 0.2608743 0.08284218 0.12473432 0.08914481 0.06259021 0.06387558 0.02226198 0.046686218 0.0069715399 0.001158440 0.004087001 0.0020756008 0.013214437
   64    1      1      0    0      1      -1      -1   125  0.02337136 0.1894151 0.2576781 0.14519562 0.07370687 0.07611986 0.03245832 0.03815098 0.01480367 0.024742891 0.0558969188 0.028431529 0.002192916 0.0072327164 0.030603092
   68    1      1      0    0      1      -1      -1   125  0.07305072 0.1913174 0.1921047 0.16989062 0.12596249 0.04694750 0.04925169 0.03894670 0.03396858 0.032548353 0.0020566562 0.009601174 0.012397318 0.0100408352 0.011915323
   72    1      1      0    0      1      -1      -1   125  0.05476802 0.2804159 0.1724294 0.10243103 0.12156268 0.12173249 0.04339849 0.01331425 0.02453865 0.022245751 0.0122920296 0.007080643 0.002223404 0.0007211079 0.020846146
   76    1      1      0    0      1      -1      -1   125  0.03546573 0.2918445 0.1572288 0.11694750 0.14973026 0.08917675 0.04216251 0.01997306 0.02219159 0.018555605 0.0189232644 0.013411229 0.003770414 0.0029757800 0.017643037
   80    1      1      0    0      1      -1      -1   125  0.06770709 0.2282489 0.1954554 0.13000370 0.11442850 0.07960881 0.04600972 0.03503105 0.01441919 0.011967426 0.0089697338 0.042097045 0.007761756 0.0017179678 0.016573700
   84    1      1      0    0      1      -1      -1   125  0.04231590 0.1607041 0.2159700 0.16221286 0.13571307 0.05599634 0.07069017 0.03457473 0.03307774 0.026329982 0.0182019511 0.015304620 0.007879047 0.0019715897 0.019057955
   88    1      1      0    0      1      -1      -1   125  0.04675463 0.2831055 0.1492260 0.10321274 0.08714881 0.07999188 0.07692752 0.05613906 0.05990343 0.023626270 0.0007929164 0.006473192 0.014390540 0.0095407355 0.002766847
   92    1      1      0    0      1      -1      -1   125  0.02980996 0.2250584 0.1546851 0.13449988 0.14097983 0.06022679 0.05816435 0.04624242 0.07331465 0.025735134 0.0136057151 0.016894374 0.012689991 0.0036883144 0.004405161
   96    1      1      0    0      1      -1      -1   125  0.04713120 0.2918702 0.2383715 0.12367934 0.07616792 0.03427205 0.05391128 0.03790345 0.03112956 0.016097122 0.0035346651 0.016076807 0.005152871 0.0015806443 0.023121360
  100    1      1      0    0      1      -1      -1   125  0.04958019 0.2299083 0.1604963 0.14638122 0.09639236 0.05926811 0.08462079 0.05279015 0.02931927 0.017666972 0.0221637719 0.004291571 0.007216647 0.0250824246 0.014822024
   76    1      2      0    0      1      -1      -1   500  0.16090573 0.2356464 0.1694441 0.12326206 0.08166126 0.06066592 0.04109197 0.03657657 0.01858236 0.013031895 0.0092916655 0.009117682 0.008714077 0.0057982556 0.026210040
   78    1      2      0    0      1      -1      -1   500  0.16596136 0.2006937 0.1524970 0.11645120 0.11049583 0.06321252 0.07294657 0.02854177 0.01792678 0.015936266 0.0109938447 0.009254925 0.011936836 0.0057857323 0.017365678
   80    1      2      0    0      1      -1      -1   500  0.13749150 0.2556107 0.1753361 0.12115904 0.09401050 0.05528200 0.03676472 0.03719237 0.02135869 0.025904365 0.0054823175 0.013539240 0.009423660 0.0033804685 0.008064346
   82    1      2      0    0      1      -1      -1   500  0.12839797 0.2286099 0.1763954 0.13468526 0.09729819 0.04627251 0.04366284 0.04587263 0.01767698 0.013489309 0.0186300208 0.018516445 0.007502938 0.0014723741 0.021517270
   84    1      2      0    0      1      -1      -1   500  0.14600864 0.2458364 0.1770004 0.11285653 0.10348186 0.05560449 0.04676077 0.03892525 0.02362429 0.011906208 0.0063845109 0.005783142 0.003362612 0.0037534988 0.018711441
   86    1      2      0    0      1      -1      -1   500  0.12432993 0.2461464 0.1730102 0.11950073 0.07805315 0.07118186 0.06295811 0.03551021 0.01945935 0.012243918 0.0082833062 0.018104373 0.012263521 0.0078914799 0.011063489
   88    1      2      0    0      1      -1      -1   500  0.13737000 0.2056243 0.1855135 0.10016963 0.09814433 0.06555771 0.05742314 0.03764308 0.03170121 0.015575892 0.0273275203 0.007642245 0.011331284 0.0010727615 0.017903365
   90    1      2      0    0      1      -1      -1   500  0.13078460 0.2536522 0.1537286 0.14651437 0.08847355 0.06648189 0.04475483 0.03952885 0.01736435 0.019462632 0.0054493109 0.009647301 0.006533437 0.0029573294 0.014666718
   92    1      2      0    0      1      -1      -1   500  0.13122242 0.2494240 0.1667512 0.13236467 0.08670027 0.06341179 0.04351032 0.02602182 0.03152790 0.021046034 0.0162184051 0.013024304 0.003407351 0.0024741580 0.012895344
   94    1      2      0    0      1      -1      -1   500  0.16272696 0.2303678 0.1736232 0.10652565 0.08621746 0.06813024 0.05467743 0.02824577 0.03943255 0.012212265 0.0098671696 0.007072098 0.004293891 0.0011593887 0.015448143
   96    1      2      0    0      1      -1      -1   500  0.14652968 0.2427069 0.1608777 0.10139295 0.08439259 0.08985747 0.06237956 0.03652439 0.02226228 0.007253294 0.0110375240 0.005930747 0.006518484 0.0104884518 0.011847939
   98    1      2      0    0      1      -1      -1   500  0.15257504 0.2388449 0.1410526 0.09751234 0.09963316 0.07438924 0.03742305 0.04766884 0.01805199 0.034813276 0.0098428366 0.004789329 0.011198705 0.0117449659 0.020459722
  100    1      2      0    0      1      -1      -1   500  0.11617713 0.2159745 0.2087136 0.09341089 0.10905099 0.05042334 0.04768888 0.03748496 0.04610365 0.019064003 0.0168040009 0.011703395 0.005361187 0.0041533908 0.017886084
   60    1      1      0    0      1       5       5     1  1.00000000 0.0000000 0.0000000 0.00000000 0.00000000 0.00000000 0.00000000 0.00000000 0.00000000 0.000000000 0.0000000000 0.000000000 0.000000000 0.0000000000 0.000000000
   60    1      1      0    0      1       6       6     1  1.00000000 0.0000000 0.0000000 0.00000000 0.00000000 0.00000000 0.00000000 0.00000000 0.00000000 0.000000000 0.0000000000 0.000000000 0.000000000 0.0000000000 0.000000000
   60    1      1      0    0      1       7       7     1  1.00000000 0.0000000 0.0000000 0.00000000 0.00000000 0.00000000 0.00000000 0.00000000 0.00000000 0.000000000 0.0000000000 0.000000000 0.000000000 0.0000000000 0.000000000
   60    1      1      0    0      1       9       9     1  1.00000000 0.0000000 0.0000000 0.00000000 0.00000000 0.00000000 0.00000000 0.00000000 0.00000000 0.000000000 0.0000000000 0.000000000 0.000000000 0.0000000000 0.000000000
   60    1      1      0    0      1      10      10    13 13.00000000 0.0000000 0.0000000 0.00000000 0.00000000 0.00000000 0.00000000 0.00000000 0.00000000 0.000000000 0.0000000000 0.000000000 0.000000000 0.0000000000 0.000000000
   60    1      1      0    0      1      11      11     6  6.00000000 0.0000000 0.0000000 0.00000000 0.00000000 0.00000000 0.00000000 0.00000000 0.00000000 0.000000000 0.0000000000 0.000000000 0.000000000 0.0000000000 0.000000000
   60    1      1      0    0      1      12      12     6  6.00000000 0.0000000 0.0000000 0.00000000 0.00000000 0.00000000 0.00000000 0.00000000 0.00000000 0.000000000 0.0000000000 0.000000000 0.000000000 0.0000000000 0.000000000
   60    1      1      0    0      1      13      13     4  4.00000000 0.0000000 0.0000000 0.00000000 0.00000000 0.00000000 0.00000000 0.00000000 0.00000000 0.000000000 0.0000000000 0.000000000 0.000000000 0.0000000000 0.000000000
   60    1      1      0    0      1      14      14     2  2.00000000 0.0000000 0.0000000 0.00000000 0.00000000 0.00000000 0.00000000 0.00000000 0.00000000 0.000000000 0.0000000000 0.000000000 0.000000000 0.0000000000 0.000000000
   60    1      1      0    0      1      15      15     1  1.00000000 0.0000000 0.0000000 0.00000000 0.00000000 0.00000000 0.00000000 0.00000000 0.00000000 0.000000000 0.0000000000 0.000000000 0.000000000 0.0000000000 0.000000000
   60    1      1      0    0      1      16      16     8  8.00000000 0.0000000 0.0000000 0.00000000 0.00000000 0.00000000 0.00000000 0.00000000 0.00000000 0.000000000 0.0000000000 0.000000000 0.000000000 0.0000000000 0.000000000
   60    1      1      0    0      1      18      18     8  8.00000000 0.0000000 0.0000000 0.00000000 0.00000000 0.00000000 0.00000000 0.00000000 0.00000000 0.000000000 0.0000000000 0.000000000 0.000000000 0.0000000000 0.000000000
   60    1      1      0    0      1      19      19     2  2.00000000 0.0000000 0.0000000 0.00000000 0.00000000 0.00000000 0.00000000 0.00000000 0.00000000 0.000000000 0.0000000000 0.000000000 0.000000000 0.0000000000 0.000000000
   60    1      1      0    0      1      20      20     3  3.00000000 0.0000000 0.0000000 0.00000000 0.00000000 0.00000000 0.00000000 0.00000000 0.00000000 0.000000000 0.0000000000 0.000000000 0.000000000 0.0000000000 0.000000000
   60    1      1      0    0      1      21      21     2  2.00000000 0.0000000 0.0000000 0.00000000 0.00000000 0.00000000 0.00000000 0.00000000 0.00000000 0.000000000 0.0000000000 0.000000000 0.000000000 0.0000000000 0.000000000
   60    1      1      0    0      1      22      22     3  3.00000000 0.0000000 0.0000000 0.00000000 0.00000000 0.00000000 0.00000000 0.00000000 0.00000000 0.000000000 0.0000000000 0.000000000 0.000000000 0.0000000000 0.000000000
   60    1      1      0    0      1      23      23     1  1.00000000 0.0000000 0.0000000 0.00000000 0.00000000 0.00000000 0.00000000 0.00000000 0.00000000 0.000000000 0.0000000000 0.000000000 0.000000000 0.0000000000 0.000000000
   60    1      1      0    0      1      24      24     5  5.00000000 0.0000000 0.0000000 0.00000000 0.00000000 0.00000000 0.00000000 0.00000000 0.00000000 0.000000000 0.0000000000 0.000000000 0.000000000 0.0000000000 0.000000000
   60    1      1      0    0      1      25      25     5  5.00000000 0.0000000 0.0000000 0.00000000 0.00000000 0.00000000 0.00000000 0.00000000 0.00000000 0.000000000 0.0000000000 0.000000000 0.000000000 0.0000000000 0.000000000
   60    1      1      0    0      1      26      26     6  5.00000000 1.0000000 0.0000000 0.00000000 0.00000000 0.00000000 0.00000000 0.00000000 0.00000000 0.000000000 0.0000000000 0.000000000 0.000000000 0.0000000000 0.000000000
   60    1      1      0    0      1      27      27     1  1.00000000 0.0000000 0.0000000 0.00000000 0.00000000 0.00000000 0.00000000 0.00000000 0.00000000 0.000000000 0.0000000000 0.000000000 0.000000000 0.0000000000 0.000000000
   60    1      1      0    0      1      31      31     3  0.00000000 3.0000000 0.0000000 0.00000000 0.00000000 0.00000000 0.00000000 0.00000000 0.00000000 0.000000000 0.0000000000 0.000000000 0.000000000 0.0000000000 0.000000000
   60    1      1      0    0      1      32      32     2  0.00000000 2.0000000 0.0000000 0.00000000 0.00000000 0.00000000 0.00000000 0.00000000 0.00000000 0.000000000 0.0000000000 0.000000000 0.000000000 0.0000000000 0.000000000
   60    1      1      0    0      1      35      35     3  0.00000000 3.0000000 0.0000000 0.00000000 0.00000000 0.00000000 0.00000000 0.00000000 0.00000000 0.000000000 0.0000000000 0.000000000 0.000000000 0.0000000000 0.000000000
   60    1      1      0    0      1      36      36     4  0.00000000 4.0000000 0.0000000 0.00000000 0.00000000 0.00000000 0.00000000 0.00000000 0.00000000 0.000000000 0.0000000000 0.000000000 0.000000000 0.0000000000 0.000000000
   60    1      1      0    0      1      38      38     6  0.00000000 6.0000000 0.0000000 0.00000000 0.00000000 0.00000000 0.00000000 0.00000000 0.00000000 0.000000000 0.0000000000 0.000000000 0.000000000 0.0000000000 0.000000000
   60    1      1      0    0      1      41      41     2  0.00000000 2.0000000 0.0000000 0.00000000 0.00000000 0.00000000 0.00000000 0.00000000 0.00000000 0.000000000 0.0000000000 0.000000000 0.000000000 0.0000000000 0.000000000
  100    1      1      0    0      1       3       3     1  1.00000000 0.0000000 0.0000000 0.00000000 0.00000000 0.00000000 0.00000000 0.00000000 0.00000000 0.000000000 0.0000000000 0.000000000 0.000000000 0.0000000000 0.000000000
  100    1      1      0    0      1       8       8     2  2.00000000 0.0000000 0.0000000 0.00000000 0.00000000 0.00000000 0.00000000 0.00000000 0.00000000 0.000000000 0.0000000000 0.000000000 0.000000000 0.0000000000 0.000000000
  100    1      1      0    0      1       9       9     2  2.00000000 0.0000000 0.0000000 0.00000000 0.00000000 0.00000000 0.00000000 0.00000000 0.00000000 0.000000000 0.0000000000 0.000000000 0.000000000 0.0000000000 0.000000000
  100    1      1      0    0      1      10      10     1  1.00000000 0.0000000 0.0000000 0.00000000 0.00000000 0.00000000 0.00000000 0.00000000 0.00000000 0.000000000 0.0000000000 0.000000000 0.000000000 0.0000000000 0.000000000
  100    1      1      0    0      1      11      11     6  6.00000000 0.0000000 0.0000000 0.00000000 0.00000000 0.00000000 0.00000000 0.00000000 0.00000000 0.000000000 0.0000000000 0.000000000 0.000000000 0.0000000000 0.000000000
  100    1      1      0    0      1      12      12     9  9.00000000 0.0000000 0.0000000 0.00000000 0.00000000 0.00000000 0.00000000 0.00000000 0.00000000 0.000000000 0.0000000000 0.000000000 0.000000000 0.0000000000 0.000000000
  100    1      1      0    0      1      13      13     6  6.00000000 0.0000000 0.0000000 0.00000000 0.00000000 0.00000000 0.00000000 0.00000000 0.00000000 0.000000000 0.0000000000 0.000000000 0.000000000 0.0000000000 0.000000000
  100    1      1      0    0      1      14      14     2  2.00000000 0.0000000 0.0000000 0.00000000 0.00000000 0.00000000 0.00000000 0.00000000 0.00000000 0.000000000 0.0000000000 0.000000000 0.000000000 0.0000000000 0.000000000
  100    1      1      0    0      1      15      15     2  2.00000000 0.0000000 0.0000000 0.00000000 0.00000000 0.00000000 0.00000000 0.00000000 0.00000000 0.000000000 0.0000000000 0.000000000 0.000000000 0.0000000000 0.000000000
  100    1      1      0    0      1      16      16     7  7.00000000 0.0000000 0.0000000 0.00000000 0.00000000 0.00000000 0.00000000 0.00000000 0.00000000 0.000000000 0.0000000000 0.000000000 0.000000000 0.0000000000 0.000000000
  100    1      1      0    0      1      17      17     4  4.00000000 0.0000000 0.0000000 0.00000000 0.00000000 0.00000000 0.00000000 0.00000000 0.00000000 0.000000000 0.0000000000 0.000000000 0.000000000 0.0000000000 0.000000000
  100    1      1      0    0      1      18      18     9  9.00000000 0.0000000 0.0000000 0.00000000 0.00000000 0.00000000 0.00000000 0.00000000 0.00000000 0.000000000 0.0000000000 0.000000000 0.000000000 0.0000000000 0.000000000
  100    1      1      0    0      1      19      19     4  4.00000000 0.0000000 0.0000000 0.00000000 0.00000000 0.00000000 0.00000000 0.00000000 0.00000000 0.000000000 0.0000000000 0.000000000 0.000000000 0.0000000000 0.000000000
  100    1      1      0    0      1      21      21     1  1.00000000 0.0000000 0.0000000 0.00000000 0.00000000 0.00000000 0.00000000 0.00000000 0.00000000 0.000000000 0.0000000000 0.000000000 0.000000000 0.0000000000 0.000000000
  100    1      1      0    0      1      22      22     2  2.00000000 0.0000000 0.0000000 0.00000000 0.00000000 0.00000000 0.00000000 0.00000000 0.00000000 0.000000000 0.0000000000 0.000000000 0.000000000 0.0000000000 0.000000000
  100    1      1      0    0      1      23      23     4  4.00000000 0.0000000 0.0000000 0.00000000 0.00000000 0.00000000 0.00000000 0.00000000 0.00000000 0.000000000 0.0000000000 0.000000000 0.000000000 0.0000000000 0.000000000
  100    1      1      0    0      1      24      24     2  2.00000000 0.0000000 0.0000000 0.00000000 0.00000000 0.00000000 0.00000000 0.00000000 0.00000000 0.000000000 0.0000000000 0.000000000 0.000000000 0.0000000000 0.000000000
  100    1      1      0    0      1      25      25     6  6.00000000 0.0000000 0.0000000 0.00000000 0.00000000 0.00000000 0.00000000 0.00000000 0.00000000 0.000000000 0.0000000000 0.000000000 0.000000000 0.0000000000 0.000000000
  100    1      1      0    0      1      26      26     3  3.00000000 0.0000000 0.0000000 0.00000000 0.00000000 0.00000000 0.00000000 0.00000000 0.00000000 0.000000000 0.0000000000 0.000000000 0.000000000 0.0000000000 0.000000000
  100    1      1      0    0      1      27      27     2  2.00000000 0.0000000 0.0000000 0.00000000 0.00000000 0.00000000 0.00000000 0.00000000 0.00000000 0.000000000 0.0000000000 0.000000000 0.000000000 0.0000000000 0.000000000
  100    1      1      0    0      1      29      29     6  4.00000000 2.0000000 0.0000000 0.00000000 0.00000000 0.00000000 0.00000000 0.00000000 0.00000000 0.000000000 0.0000000000 0.000000000 0.000000000 0.0000000000 0.000000000
  100    1      1      0    0      1      30      30     5  0.00000000 5.0000000 0.0000000 0.00000000 0.00000000 0.00000000 0.00000000 0.00000000 0.00000000 0.000000000 0.0000000000 0.000000000 0.000000000 0.0000000000 0.000000000
  100    1      1      0    0      1      31      31     1  1.00000000 0.0000000 0.0000000 0.00000000 0.00000000 0.00000000 0.00000000 0.00000000 0.00000000 0.000000000 0.0000000000 0.000000000 0.000000000 0.0000000000 0.000000000
  100    1      1      0    0      1      32      32     3  0.00000000 3.0000000 0.0000000 0.00000000 0.00000000 0.00000000 0.00000000 0.00000000 0.00000000 0.000000000 0.0000000000 0.000000000 0.000000000 0.0000000000 0.000000000
  100    1      1      0    0      1      34      34     1  0.00000000 1.0000000 0.0000000 0.00000000 0.00000000 0.00000000 0.00000000 0.00000000 0.00000000 0.000000000 0.0000000000 0.000000000 0.000000000 0.0000000000 0.000000000
  100    1      1      0    0      1      35      35     3  0.00000000 2.0000000 1.0000000 0.00000000 0.00000000 0.00000000 0.00000000 0.00000000 0.00000000 0.000000000 0.0000000000 0.000000000 0.000000000 0.0000000000 0.000000000
  100    1      1      0    0      1      36      36     1  0.00000000 1.0000000 0.0000000 0.00000000 0.00000000 0.00000000 0.00000000 0.00000000 0.00000000 0.000000000 0.0000000000 0.000000000 0.000000000 0.0000000000 0.000000000
  100    1      1      0    0      1      39      39     3  0.00000000 3.0000000 0.0000000 0.00000000 0.00000000 0.00000000 0.00000000 0.00000000 0.00000000 0.000000000 0.0000000000 0.000000000 0.000000000 0.0000000000 0.000000000
  100    1      1      0    0      1      43      43     2  0.00000000 2.0000000 0.0000000 0.00000000 0.00000000 0.00000000 0.00000000 0.00000000 0.00000000 0.000000000 0.0000000000 0.000000000 0.000000000 0.0000000000 0.000000000
0 #_N_MeanSize_at_Age_obs
0 #_N_environ_variables
0 #_N_environ_obs
0 #_N_sizefreq_methods
0 #_do_tags
0 #_morphcomp_data
#
999
