#C data file created using the SS_writedat function in the R package r4ss
#C should work with SS version: 
#C file write time: 2015-02-11 18:37:15
#
1 #_styr
100 #_endyr
1 #_nseas
12 #_months_per_seas
1 #_spawn_seas
1 #_Nfleet
2 #_Nsurveys
1 #_N_areas
Fishery%Survey%CPUE #_fleetnames
0.5 0.5 0.5 #_surveytiming_in_season
1 1 1 #_area_assignments_for_each_fishery_and_survey
1 #_units of catch:  1=bio; 2=num
0.01 #_se of log(catch) only used for init_eq_catch and for Fmethod 2 and 3
1 #_Ngenders
25 #_Nages
0 #_init_equil_catch_for_each_fishery
100 #_N_lines_of_catch_to_read
 #_Fishery year seas
         0    1    1
         0    2    1
         0    3    1
         0    4    1
         0    5    1
         0    6    1
         0    7    1
         0    8    1
         0    9    1
         0   10    1
         0   11    1
         0   12    1
         0   13    1
         0   14    1
         0   15    1
         0   16    1
         0   17    1
         0   18    1
         0   19    1
         0   20    1
         0   21    1
         0   22    1
         0   23    1
         0   24    1
         0   25    1
 444646000   26    1
 397608000   27    1
 357583000   28    1
 324161000   29    1
 296656000   30    1
 274240000   31    1
 256057000   32    1
 241314000   33    1
 229322000   34    1
 219511000   35    1
 211426000   36    1
 204710000   37    1
 199088000   38    1
 194347000   39    1
 190324000   40    1
 186891000   41    1
 183948000   42    1
 181416000   43    1
 179230000   44    1
 177337000   45    1
 175694000   46    1
 174266000   47    1
 173022000   48    1
 171937000   49    1
 170990000   50    1
 170161000   51    1
 169436000   52    1
 168801000   53    1
 168243000   54    1
 167755000   55    1
 167325000   56    1
 166948000   57    1
 166617000   58    1
 166326000   59    1
 166070000   60    1
 165844000   61    1
 165646000   62    1
 165471000   63    1
 165317000   64    1
 165182000   65    1
 165063000   66    1
 164958000   67    1
 164865000   68    1
 164784000   69    1
 164712000   70    1
 164649000   71    1
 164593000   72    1
 164544000   73    1
 164500000   74    1
 164462000   75    1
 164429000   76    1
 164399000   77    1
 164373000   78    1
 164350000   79    1
 164329000   80    1
 164311000   81    1
 164296000   82    1
 164282000   83    1
 164269000   84    1
 164258000   85    1
 164249000   86    1
 164240000   87    1
 164233000   88    1
 164227000   89    1
 164221000   90    1
 164216000   91    1
 164211000   92    1
 164207000   93    1
 164204000   94    1
 164201000   95    1
 164198000   96    1
 164195000   97    1
 164193000   98    1
 164192000   99    1
 164190000  100    1
13 #_N_cpue
 #_Fleet Units Errtype
       1     1       0
       2     1       0
       3     1       0
 #_year seas index        obs se_log
     76    1     2 1400145165    0.2
     78    1     2 1913923369    0.2
     80    1     2 1844903391    0.2
     82    1     2 1329211161    0.2
     84    1     2 1722168329    0.2
     86    1     2 1053692539    0.2
     88    1     2 1275776665    0.2
     90    1     2 1433604808    0.2
     92    1     2 1504490722    0.2
     94    1     2 1631274915    0.2
     96    1     2  909497463    0.2
     98    1     2 1734349673    0.2
    100    1     2 1285244797    0.2
0 #_N_discard_fleets
#_discard_units (1=same_as_catchunits(bio/num); 2=fraction; 3=numbers)
#_discard_errtype:  >0 for DF of T-dist(read CV below); 0 for normal with CV; -1 for normal with se; -2 for lognormal
0 #_N_discard
0 #_N_meanbodywt
1 #_DF_for_meanbodywt_T-distribution_like
2 # length bin method: 1=use databins; 2=generate from binwidth,min,max below; 3=read vector
1 # binwidth for population size comp
10 # minimum size in the population (lower edge of first bin and size at age 0.00)
200 # maximum size in the population (lower edge of last bin)
-0.001 #_comp_tail_compression
1e-05 #_add_to_comp
0 #_combine males into females at or below this bin number
45 #_N_lbins
#_lbin_vector
20 23 26 29 32 35 38 41 44 47 50 53 56 59 62 65 68 71 74 77 80 83 86 89 92 95 98 101 104 107 110 113 116 119 122 125 128 131 134 137 140 143 146 149 152
28 #_N_Length_comp_observations
 #_Yr Seas FltSvy Gender Part Nsamp           l20          l23          l26         l29         l32          l35          l38          l41        l44        l47        l50        l53        l56         l59        l62        l65        l68        l71        l74         l77         l80         l83         l86         l89         l92         l95         l98        l101        l104        l107        l110        l113        l116         l119         l122         l125         l128         l131         l134         l137         l140         l143         l146         l149         l152
   26    1      1      0    0   125 3.476672e-163 1.188396e-09 1.446674e-04 0.001560602 0.001239610 0.0010794754 0.0007555580 0.0541886683 0.01396000 0.06060676 0.01962779 0.02629854 0.01464285 0.003549571 0.01934930 0.05792966 0.03705127 0.01467792 0.02536977 0.030578618 0.031216599 0.008250649 0.043818097 0.021769858 0.021699605 0.033024944 0.008754792 0.030533304 0.037386502 0.021337828 0.054744714 0.044452609 0.038841300 0.0561473903 0.0154945241 0.0174082645 0.0284815829 0.0345153434 0.0264924797 3.130509e-03 7.358095e-03 1.022479e-04 1.913056e-02 1.223940e-02 1.058177e-03
   36    1      1      0    0   125  0.000000e+00 1.460430e-04 3.751084e-03 0.019842202 0.009631753 0.0031244861 0.0114068665 0.0132298331 0.03866943 0.07904231 0.04225093 0.04686649 0.02893747 0.024696294 0.03534475 0.03356978 0.05524638 0.02984138 0.01994331 0.013236743 0.026751049 0.073930363 0.011762701 0.031208854 0.057366410 0.014038347 0.059601370 0.023808068 0.026882257 0.009944863 0.031475839 0.001683410 0.021865452 0.0129198755 0.0420957599 0.0124938864 0.0026522005 0.0031465032 0.0007616508 4.838273e-03 3.471463e-03 1.807497e-02 1.954052e-04 2.074618e-04 4.601273e-05
   46    1      1      0    0   125 1.776738e-272 1.667887e-13 6.469678e-04 0.006772442 0.028401723 0.0005996131 0.0169790231 0.0186651664 0.03090111 0.05827380 0.05879886 0.04301010 0.02300502 0.028574787 0.05252453 0.02709116 0.03079072 0.04610692 0.05711516 0.030983057 0.027702867 0.033104461 0.041334003 0.034197816 0.033491313 0.022190396 0.034056533 0.021212600 0.026532762 0.050045525 0.007538284 0.040793388 0.019324274 0.0038954303 0.0096602952 0.0168759107 0.0069105890 0.0083880942 0.0007774275 2.784022e-04 4.403471e-05 1.763991e-11 1.318720e-10 4.962772e-14 2.405447e-03
   56    1      1      0    0   125 4.978501e-276 1.545776e-19 2.101473e-03 0.004786990 0.002309024 0.0218423079 0.0071159054 0.0402830494 0.02106548 0.04233435 0.05679062 0.03943558 0.05481029 0.044813006 0.01261903 0.06404025 0.04171082 0.02545010 0.03264030 0.021981604 0.013075346 0.043720169 0.047105815 0.034896692 0.049752291 0.064481326 0.018128686 0.032369286 0.007601685 0.033284783 0.031074632 0.016725064 0.011564583 0.0060035202 0.0048089878 0.0126450908 0.0033867640 0.0015134723 0.0059823357 2.185872e-03 5.460051e-03 8.678835e-03 9.418010e-03 5.391057e-11 6.518780e-06
   60    1      1      0    0   125  6.011473e-37 2.024700e-12 7.010309e-03 0.008381287 0.007119218 0.0052705626 0.0115399087 0.0263928613 0.09695064 0.05065316 0.07968336 0.02891856 0.02847729 0.049830341 0.05133701 0.05582798 0.04263511 0.01378100 0.04470886 0.072575334 0.022185178 0.017034848 0.011897594 0.017425933 0.009702242 0.011592037 0.033968683 0.022889256 0.036786365 0.007109371 0.038932102 0.009419493 0.012006791 0.0118337797 0.0067910291 0.0073221014 0.0205396631 0.0048999520 0.0038085939 5.081021e-03 3.564249e-03 3.624174e-08 5.552458e-08 7.601947e-09 4.116822e-03
   64    1      1      0    0   125 8.617126e-227 1.567403e-05 2.575722e-03 0.015073896 0.020807422 0.0003270018 0.0009856585 0.0130895601 0.06800632 0.04490582 0.06189999 0.06127364 0.01137351 0.031096092 0.02932263 0.03652114 0.02524201 0.01912834 0.02716741 0.011980132 0.070247523 0.019170801 0.009757051 0.037642276 0.021493342 0.078416255 0.055512763 0.022028447 0.040575926 0.010758078 0.021748639 0.044270115 0.042329399 0.0117498440 0.0118867539 0.0074772759 0.0022069490 0.0086140820 0.0002472015 6.432888e-06 1.320315e-03 7.719949e-05 1.671193e-03 1.295169e-07 4.935997e-08
   68    1      1      0    0   125  6.075441e-33 9.337346e-07 2.877792e-06 0.009846086 0.018940441 0.0181903686 0.0097723063 0.0074746680 0.01424464 0.10395130 0.08795975 0.07295254 0.04042404 0.018038118 0.04890552 0.02707815 0.06734371 0.01481035 0.01649958 0.029420676 0.013430267 0.033279944 0.061358732 0.047147919 0.008842459 0.015598028 0.017514601 0.025033391 0.009058051 0.067141891 0.017588092 0.015804589 0.003198443 0.0242441418 0.0006796887 0.0035095390 0.0095442093 0.0133234460 0.0046819265 5.834750e-07 2.206056e-03 1.522106e-10 3.668196e-16 9.543059e-04 3.648251e-06
   72    1      1      0    0   125  1.383296e-58 1.183085e-17 1.393749e-04 0.010733841 0.014204457 0.0019832385 0.0034809744 0.0237288174 0.03603432 0.06516950 0.06326748 0.02390138 0.04746300 0.040160091 0.06731851 0.03184609 0.06864160 0.04576133 0.03224336 0.102327991 0.046874035 0.013901026 0.021018851 0.032686461 0.027153804 0.021217172 0.014807285 0.026276245 0.006348773 0.014825325 0.008981548 0.018078728 0.004229876 0.0053007946 0.0222783023 0.0026888927 0.0000024016 0.0033638105 0.0017202483 4.411710e-04 1.503268e-02 1.863470e-06 4.366172e-06 1.073554e-12 1.436098e-02
   76    1      1      0    0   125  7.211497e-49 1.387109e-08 1.467777e-07 0.008423050 0.027131913 0.0014662505 0.0066246097 0.0368828622 0.05407193 0.06540385 0.04859230 0.06030706 0.01967513 0.038723063 0.04321953 0.04282507 0.03630460 0.05466184 0.02943318 0.033572775 0.021811306 0.019473420 0.041805199 0.061370580 0.039974610 0.029935035 0.021658647 0.015045690 0.028768220 0.020392816 0.014250477 0.013260879 0.016019697 0.0010686827 0.0167603134 0.0071767914 0.0153677191 0.0004237575 0.0061726111 7.134150e-05 1.839465e-03 7.907629e-08 4.716199e-07 1.205639e-07 3.289599e-05
   80    1      1      0    0   125  5.639658e-56 2.424721e-06 3.941409e-04 0.008247799 0.016493926 0.0078808646 0.0491653014 0.0031792248 0.02228122 0.06281407 0.07100002 0.08666799 0.02616933 0.039948525 0.07958722 0.05924341 0.06163930 0.07179083 0.05789417 0.049386213 0.007475583 0.015955773 0.030462302 0.015477747 0.028332749 0.002559127 0.007943701 0.018824026 0.024110026 0.005165630 0.015274883 0.005239700 0.000867048 0.0019215995 0.0051742301 0.0128614821 0.0074272214 0.0088963316 0.0024448408 9.321445e-03 4.785286e-04 1.456355e-08 3.145368e-08 4.181628e-13 1.107079e-08
   84    1      1      0    0   125  0.000000e+00 2.387379e-20 1.319963e-04 0.008910249 0.017161003 0.0031723139 0.0019103352 0.0096952844 0.06328370 0.05281539 0.03034775 0.03381990 0.06540261 0.019787718 0.04382374 0.05074901 0.04349835 0.03036141 0.04299025 0.059652497 0.040249914 0.023513845 0.011413628 0.009740385 0.048586383 0.031400054 0.011551380 0.019597201 0.060686514 0.010268437 0.024591144 0.025591209 0.021872761 0.0179652197 0.0285740874 0.0066513429 0.0114597612 0.0030202728 0.0080456734 7.716018e-04 6.977129e-06 1.107771e-06 6.927587e-03 2.155216e-08 4.074188e-14
   88    1      1      0    0   125  1.233171e-47 7.851998e-23 3.532864e-04 0.012724957 0.012477985 0.0007448488 0.0001786807 0.0232454483 0.01286543 0.08479513 0.08625465 0.05019880 0.02490153 0.054666535 0.06500995 0.03508101 0.02965035 0.05496654 0.01670055 0.033918440 0.048609627 0.032174741 0.054566510 0.012632248 0.018205260 0.013792554 0.040541459 0.039261373 0.016488286 0.018909563 0.011339585 0.004471228 0.005781825 0.0133848413 0.0415084824 0.0036022148 0.0014344801 0.0001667586 0.0078997844 1.859579e-03 9.229998e-04 6.162964e-03 1.198884e-06 1.205928e-05 7.536251e-03
   92    1      1      0    0   125  8.302554e-64 4.465738e-12 4.722968e-04 0.013704963 0.007417666 0.0019804943 0.0035927421 0.0268093828 0.05446433 0.03943227 0.07032591 0.04679113 0.01405704 0.021438004 0.06811443 0.06885481 0.06949367 0.05716395 0.05709975 0.020813902 0.022434382 0.015645681 0.051663328 0.044890977 0.039697808 0.033098833 0.024150603 0.027704202 0.024640597 0.003128428 0.017220965 0.008460017 0.004910931 0.0024836497 0.0015029301 0.0007044726 0.0050951671 0.0155930928 0.0124158242 3.571506e-04 1.878384e-03 1.966413e-04 3.829255e-20 6.222166e-07 9.857053e-05
   96    1      1      0    0   125 9.245396e-162 1.879352e-17 5.516847e-04 0.003379576 0.009621084 0.0034289153 0.0013812119 0.0009664142 0.02747908 0.04522050 0.07026695 0.06826871 0.01716537 0.118173824 0.04266740 0.05701390 0.04454906 0.02210653 0.02070715 0.035675055 0.050293295 0.018094774 0.020864875 0.023277394 0.011925037 0.036396959 0.027602440 0.005548437 0.024122880 0.029929089 0.010692960 0.013999530 0.014778536 0.0006706244 0.0313526998 0.0213763001 0.0071539249 0.0088554898 0.0010580184 1.036858e-02 5.319828e-04 6.065938e-03 3.132702e-02 5.090740e-03 5.958646e-08
  100    1      1      0    0   125 2.212000e-156 1.987956e-09 4.502584e-04 0.031897094 0.005724951 0.0175366692 0.0022282030 0.0041745317 0.05156236 0.10072476 0.07130119 0.03234527 0.04213035 0.038399435 0.03756493 0.07181501 0.02241174 0.02851180 0.03150888 0.006360368 0.038590220 0.023628298 0.037957633 0.020896031 0.035017041 0.018153482 0.034598643 0.011190347 0.021011503 0.064993365 0.004595870 0.019335814 0.027063322 0.0062859068 0.0065321478 0.0080437173 0.0090361259 0.0047803563 0.0001087497 6.977063e-03 1.033492e-03 1.266852e-13 1.063470e-05 3.512377e-03 4.385657e-08
   76    1      2      0    0   500  4.096440e-09 6.449950e-03 3.160703e-02 0.032717099 0.032407166 0.0202773031 0.0135036489 0.0200449051 0.05736442 0.05665881 0.06361036 0.03548848 0.03603596 0.032755929 0.03695589 0.04360242 0.02273716 0.03100507 0.02996451 0.029341811 0.030385430 0.030813007 0.023169574 0.032547710 0.027118804 0.012834283 0.027569118 0.020895150 0.027187928 0.018713468 0.021236598 0.010008792 0.008602007 0.0128929561 0.0125354681 0.0085129671 0.0089639120 0.0080019307 0.0070559541 7.332183e-03 2.729786e-03 1.025518e-03 1.074030e-04 1.028113e-03 6.204012e-03
   78    1      2      0    0   500  2.537087e-31 1.491328e-03 1.921215e-02 0.053861553 0.047632651 0.0158992167 0.0140023302 0.0269177861 0.05443649 0.06846442 0.06974021 0.04391868 0.02959863 0.041221510 0.02527571 0.03935906 0.02958082 0.03423713 0.03984005 0.020368578 0.021452402 0.027595720 0.027708082 0.028519678 0.031890362 0.015744866 0.019599931 0.008714170 0.018713002 0.021999059 0.021947697 0.024050786 0.007754697 0.0087333560 0.0127765704 0.0104265858 0.0020463420 0.0034272104 0.0023764997 1.125300e-03 1.157560e-03 2.268512e-03 1.089351e-03 2.050702e-03 1.773254e-03
   80    1      2      0    0   500  5.228980e-17 1.995618e-03 1.182422e-02 0.040749542 0.028620544 0.0117889900 0.0105060478 0.0183458813 0.04762988 0.08410105 0.05300722 0.04557930 0.02338468 0.030353896 0.03945254 0.03663281 0.04419413 0.06099512 0.02153436 0.032256800 0.033216464 0.035132952 0.037173911 0.024466444 0.021077930 0.027222524 0.023579069 0.020490268 0.022035257 0.014263697 0.017230779 0.004248211 0.022541121 0.0117476555 0.0110889292 0.0047938868 0.0047869137 0.0111918875 0.0068035161 2.162689e-03 9.751557e-04 1.882808e-05 7.352545e-04 4.139255e-05 2.264104e-05
   82    1      2      0    0   500  3.261535e-07 5.551753e-04 1.401064e-02 0.044358992 0.072749163 0.0154387878 0.0076763918 0.0107633726 0.02804476 0.03760106 0.05920687 0.04149250 0.03714462 0.035157663 0.06497320 0.04176187 0.03075143 0.03964987 0.03667529 0.021510907 0.018376378 0.016705935 0.028887435 0.024131938 0.022085666 0.017222329 0.033278154 0.021831297 0.027916951 0.028463764 0.019086920 0.017989122 0.019164079 0.0182353036 0.0089023649 0.0145644188 0.0052342327 0.0107911304 0.0042743342 8.939777e-04 1.681245e-03 6.094360e-04 1.407092e-04 9.673277e-06 3.257020e-07
   84    1      2      0    0   500  8.278613e-07 4.149161e-04 2.599747e-02 0.061100590 0.045524982 0.0319467381 0.0082512735 0.0284652069 0.03883529 0.04687054 0.05909217 0.04347397 0.02435111 0.028025283 0.04613223 0.03862916 0.02409815 0.05441151 0.03737226 0.023559553 0.032338412 0.026253192 0.027939192 0.025793676 0.024756793 0.019129574 0.023501721 0.021737353 0.016610641 0.015833303 0.014771333 0.018196117 0.016619130 0.0056306295 0.0188566843 0.0076524027 0.0029526541 0.0072208719 0.0008513133 3.862039e-03 1.537751e-03 4.114364e-04 3.889610e-07 9.508510e-04 3.930908e-05
   86    1      2      0    0   500  1.152171e-05 5.419564e-03 1.163656e-02 0.054458424 0.054396797 0.0073625952 0.0095324708 0.0295339573 0.05390495 0.04145850 0.04834514 0.02961956 0.03279747 0.040257854 0.02493387 0.03926720 0.03148458 0.03176449 0.02277299 0.046059865 0.029145347 0.023449053 0.027294545 0.041089650 0.028698335 0.031556313 0.028553196 0.023001055 0.022285971 0.022761186 0.011427405 0.012933745 0.024866150 0.0166904647 0.0061834767 0.0125496221 0.0079952839 0.0074811984 0.0008801284 1.260682e-03 4.008777e-03 4.689875e-04 3.970816e-04 3.803314e-07 3.604589e-06
   88    1      2      0    0   500  7.181012e-07 3.889619e-03 1.503908e-02 0.045389753 0.046637058 0.0192437583 0.0056841089 0.0280643425 0.04089120 0.05166016 0.06738939 0.04130912 0.02931350 0.026752083 0.02690693 0.03838149 0.04313034 0.03426365 0.03112988 0.035212299 0.018452016 0.029560368 0.018730950 0.031524072 0.027707514 0.044267710 0.016940888 0.018256794 0.023845673 0.015791831 0.019531574 0.009809264 0.016441903 0.0254529299 0.0066965556 0.0159415084 0.0067369494 0.0094836295 0.0064630972 1.944302e-04 4.896547e-03 1.162444e-05 2.263060e-03 5.620614e-05 6.544405e-04
   90    1      2      0    0   500  1.869260e-36 1.025902e-03 1.026029e-02 0.043453869 0.056212991 0.0345380923 0.0096169613 0.0186278247 0.04057532 0.04424912 0.07252780 0.04445137 0.03007720 0.026521010 0.03698523 0.02644608 0.03919290 0.03215312 0.04123291 0.039827249 0.037005226 0.022016316 0.034122433 0.026618368 0.027672376 0.023617429 0.019039261 0.028202775 0.033742646 0.009830358 0.013453877 0.006333428 0.012995803 0.0233380208 0.0121077814 0.0079084869 0.0067285993 0.0010921180 0.0017103156 3.794372e-04 2.627046e-03 7.391802e-04 3.182128e-04 1.562011e-04 2.690452e-04
   92    1      2      0    0   500  1.600200e-05 4.614793e-04 1.848546e-02 0.053195898 0.045450302 0.0175619356 0.0098467725 0.0362887598 0.05975438 0.07986487 0.04920996 0.03480815 0.03484766 0.023898615 0.03149703 0.03160692 0.03897767 0.03684211 0.03880076 0.022782772 0.019518638 0.029515943 0.019257797 0.030564815 0.021783126 0.031649223 0.032164441 0.030615028 0.028117884 0.015876502 0.013332186 0.015002980 0.011851242 0.0148159074 0.0058818929 0.0046010306 0.0041735785 0.0023773247 0.0014272373 6.836877e-05 1.577502e-04 2.593742e-03 1.558426e-04 2.941900e-04 5.811517e-06
   94    1      2      0    0   500  2.587704e-08 2.810620e-03 2.247364e-02 0.040229615 0.041947567 0.0166929741 0.0125484967 0.0276289745 0.03828852 0.06091051 0.05584874 0.05530333 0.02472899 0.029413742 0.03777115 0.03568916 0.03952474 0.04105468 0.02644059 0.023298174 0.039126081 0.036799055 0.027736455 0.026213581 0.030364475 0.029587096 0.035651554 0.014542299 0.013844818 0.010991603 0.024244950 0.016099685 0.010551023 0.0083807880 0.0199608763 0.0075800513 0.0044924276 0.0039476142 0.0006989939 3.905986e-03 2.344583e-03 1.816363e-04 7.462673e-05 1.788729e-05 5.761034e-05
   96    1      2      0    0   500  2.543824e-12 4.911891e-04 1.639623e-02 0.045661274 0.056665727 0.0255323687 0.0059732830 0.0267270727 0.04364194 0.05765306 0.04374687 0.04858403 0.03594200 0.027380562 0.03302604 0.04169245 0.03661363 0.03004808 0.02571672 0.049127862 0.025356928 0.024876479 0.050958068 0.028193014 0.026460499 0.020106662 0.016045690 0.009516221 0.015740430 0.014503423 0.024820707 0.024071317 0.011247078 0.0144197878 0.0099757044 0.0110995722 0.0089727573 0.0019267052 0.0031977609 3.962440e-03 1.456136e-03 1.159197e-03 7.738198e-04 4.841049e-07 5.387216e-04
   98    1      2      0    0   500  2.123252e-06 3.968451e-03 1.305799e-02 0.051073685 0.054959029 0.0192978955 0.0255547075 0.0312878125 0.04694419 0.04547909 0.04957061 0.05118131 0.02701914 0.044407260 0.02314135 0.04897825 0.02585733 0.04042070 0.04218958 0.048299940 0.024899326 0.017461046 0.028996545 0.024914371 0.029239720 0.018907731 0.018561871 0.022605255 0.015508563 0.014035482 0.009593896 0.007346309 0.015049607 0.0086498398 0.0146549817 0.0135906895 0.0030025275 0.0070986164 0.0050177847 1.063060e-03 2.451602e-04 1.617298e-03 3.271960e-03 1.968802e-03 9.107189e-06
  100    1      2      0    0   500  1.939550e-08 4.481395e-03 2.862754e-02 0.055708594 0.042565562 0.0154803228 0.0040400662 0.0285603521 0.07497756 0.06879454 0.05241532 0.05207426 0.02969001 0.040668230 0.03401947 0.03155818 0.03540874 0.02849656 0.03988142 0.034692510 0.037995039 0.018946170 0.022260442 0.015341284 0.009687476 0.020836329 0.030951154 0.016425533 0.011052123 0.017909405 0.014156593 0.012869842 0.009967293 0.0112795285 0.0156152325 0.0080033105 0.0028185562 0.0044070334 0.0042373522 6.911503e-03 1.848460e-03 1.266739e-04 4.566410e-04 3.738712e-03 1.765619e-05
15 #_N_agebins
#_agebin_vector
1 2 3 4 5 6 7 8 9 10 11 12 13 14 15
1 #_N_ageerror_definitions
 #_age0   age1   age2   age3   age4   age5   age6   age7   age8   age9  age10  age11  age12  age13  age14  age15  age16  age17  age18  age19  age20  age21  age22  age23  age24  age25
 -1.000 -1.000 -1.000 -1.000 -1.000 -1.000 -1.000 -1.000 -1.000 -1.000 -1.000 -1.000 -1.000 -1.000 -1.000 -1.000 -1.000 -1.000 -1.000 -1.000 -1.000 -1.000 -1.000 -1.000 -1.000 -1.000
  0.001  0.001  0.001  0.001  0.001  0.001  0.001  0.001  0.001  0.001  0.001  0.001  0.001  0.001  0.001  0.001  0.001  0.001  0.001  0.001  0.001  0.001  0.001  0.001  0.001  0.001
84 #_N_agecomp
1 #_Lbin_method: 1=poplenbins; 2=datalenbins; 3=lengths
-1 #_combine males into females at or below this bin number
 #_Yr Seas FltSvy Gender Part Ageerr Lbin_lo Lbin_hi Nsamp          a1        a2        a3         a4         a5         a6         a7          a8          a9         a10         a11          a12          a13          a14         a15
   26    1      1      0    0      1      -1      -1   125  0.03295235 0.1366770 0.1096383 0.11188064 0.08789507 0.04862638 0.11225517 0.027805252 0.047989962 0.060595454 0.036708865 0.0265167049 0.0147447346 0.0122941969 0.133419950
   36    1      1      0    0      1      -1      -1   125  0.02486514 0.2546539 0.2254270 0.12045862 0.11438667 0.04386559 0.05065323 0.044895005 0.022418609 0.016785653 0.019357816 0.0154510225 0.0100450657 0.0045954138 0.032141263
   46    1      1      0    0      1      -1      -1   125  0.03766073 0.2658324 0.1486166 0.16959996 0.08567164 0.07008573 0.05783704 0.052497542 0.031405472 0.004168087 0.004581506 0.0374656579 0.0146898684 0.0001254477 0.019762310
   56    1      1      0    0      1      -1      -1   125  0.03306998 0.2322533 0.2654515 0.11365113 0.09708561 0.09809119 0.02709987 0.041094630 0.005638913 0.026576319 0.004003551 0.0023113747 0.0009517319 0.0100118029 0.042709137
   60    1      1      0    0      1      -1      -1   125  0.02016757 0.2209778 0.1808215 0.14259647 0.13166502 0.10820500 0.03231522 0.049311734 0.058258109 0.018435646 0.011970244 0.0102938777 0.0040120874 0.0058810388 0.005088653
   64    1      1      0    0      1      -1      -1   125  0.03059261 0.2849303 0.1488706 0.15003074 0.09401032 0.03925929 0.09029194 0.034974166 0.025380796 0.036241408 0.013118818 0.0188142049 0.0045301948 0.0119432107 0.017011380
   68    1      1      0    0      1      -1      -1   125  0.02741066 0.2846448 0.1992458 0.13311038 0.07642396 0.07517232 0.06143160 0.031421926 0.018440282 0.049249491 0.025632884 0.0020750158 0.0064930412 0.0009547737 0.008292995
   72    1      1      0    0      1      -1      -1   125  0.02174551 0.2180186 0.2931510 0.14803693 0.07975143 0.05132766 0.09763853 0.009133862 0.024435375 0.006064212 0.010230899 0.0156666004 0.0078537706 0.0011171877 0.015828470
   76    1      1      0    0      1      -1      -1   125  0.02401968 0.2165333 0.1986201 0.09984955 0.15393934 0.07099384 0.04950976 0.026810193 0.037841142 0.048730303 0.035308281 0.0084667873 0.0026448639 0.0051827497 0.021550160
   80    1      1      0    0      1      -1      -1   125  0.03821005 0.2620919 0.2263249 0.10217582 0.10352382 0.07131392 0.04159416 0.047526896 0.014815754 0.025559600 0.004088398 0.0128337553 0.0075143325 0.0063254917 0.036101185
   84    1      1      0    0      1      -1      -1   125  0.04666788 0.1644716 0.1775102 0.23621011 0.10077344 0.09810312 0.03711817 0.061703045 0.014924523 0.018564892 0.028293559 0.0011670883 0.0012992359 0.0055150907 0.007678084
   88    1      1      0    0      1      -1      -1   125  0.05621044 0.2363062 0.2250421 0.15686202 0.12179002 0.07232876 0.02825192 0.023165031 0.022665574 0.021411753 0.020726069 0.0039343919 0.0023072443 0.0031386167 0.005859832
   92    1      1      0    0      1      -1      -1   125  0.05057897 0.3093056 0.1919942 0.13584402 0.10281190 0.03324570 0.06600246 0.022005771 0.012372338 0.044518117 0.004948670 0.0011347330 0.0013499240 0.0115472486 0.012340386
   96    1      1      0    0      1      -1      -1   125  0.04103624 0.2323942 0.1911542 0.10393278 0.13877610 0.09814126 0.04864642 0.048220645 0.027003794 0.034765039 0.013559131 0.0074342467 0.0062822728 0.0027289592 0.005924756
  100    1      1      0    0      1      -1      -1   125  0.04460541 0.2341704 0.2139021 0.16572112 0.11659607 0.09278070 0.04650427 0.022337646 0.023997592 0.008786069 0.007826351 0.0006767613 0.0013303653 0.0056531449 0.015112022
   76    1      2      0    0      1      -1      -1   500  0.16428917 0.2306335 0.1462764 0.14455335 0.10286347 0.07056355 0.03699748 0.024361808 0.022531225 0.012418173 0.012394892 0.0094048405 0.0022291375 0.0059479276 0.014535015
   78    1      2      0    0      1      -1      -1   500  0.14667299 0.2249344 0.1539809 0.11249377 0.10309004 0.08107845 0.05796737 0.028697525 0.028057435 0.020498411 0.005890943 0.0121470090 0.0018606141 0.0035264198 0.019103713
   80    1      2      0    0      1      -1      -1   500  0.14658990 0.2197010 0.1552105 0.09985413 0.09141479 0.09615108 0.04634290 0.040512988 0.020900900 0.017838605 0.015596478 0.0126174617 0.0039707104 0.0065474466 0.026751084
   82    1      2      0    0      1      -1      -1   500  0.15181203 0.2553780 0.1767427 0.09739219 0.06829273 0.08359053 0.03490081 0.043982137 0.022442363 0.015941381 0.011610204 0.0199688359 0.0030299484 0.0029558580 0.011960232
   84    1      2      0    0      1      -1      -1   500  0.13534754 0.2088337 0.2081476 0.12576170 0.06674872 0.06087944 0.06346030 0.040491081 0.018956643 0.025081449 0.007939791 0.0201110032 0.0077081285 0.0043649666 0.006167975
   86    1      2      0    0      1      -1      -1   500  0.14306256 0.2526748 0.1741434 0.11020388 0.09518605 0.05517479 0.05142877 0.027777432 0.026366066 0.010389698 0.019355661 0.0052697607 0.0072836771 0.0104103148 0.011273093
   88    1      2      0    0      1      -1      -1   500  0.17767262 0.2165310 0.1473858 0.14621217 0.08714095 0.05475016 0.04710198 0.027419759 0.032791524 0.020479933 0.010998688 0.0075207560 0.0063286741 0.0036895538 0.013976508
   90    1      2      0    0      1      -1      -1   500  0.12523648 0.2067520 0.1823287 0.13757889 0.08359076 0.08163042 0.05463650 0.030186629 0.034747478 0.024762301 0.009542749 0.0086304055 0.0040606270 0.0034333349 0.012882656
   92    1      2      0    0      1      -1      -1   500  0.10864968 0.2497868 0.1883168 0.11940982 0.07709949 0.05804408 0.04167751 0.037392660 0.038963332 0.020867550 0.025615959 0.0074842524 0.0051600964 0.0125563186 0.008975724
   94    1      2      0    0      1      -1      -1   500  0.13283804 0.2472891 0.1671301 0.10555325 0.08754848 0.06514737 0.04965373 0.041204081 0.031708701 0.023201156 0.007511449 0.0108594080 0.0109167240 0.0062601990 0.013178250
   96    1      2      0    0      1      -1      -1   500  0.15882547 0.2339273 0.1520477 0.13490250 0.08808922 0.06215482 0.04880184 0.029560696 0.025467703 0.016734318 0.004712534 0.0166769457 0.0082608003 0.0027524302 0.017085662
   98    1      2      0    0      1      -1      -1   500  0.15944590 0.2261625 0.1845600 0.11010121 0.07688056 0.06544623 0.04051936 0.039605042 0.018328498 0.019414956 0.008971473 0.0078742669 0.0190128804 0.0066940958 0.016982979
  100    1      2      0    0      1      -1      -1   500  0.12784438 0.2122689 0.1650169 0.13268286 0.09713610 0.05699531 0.04219670 0.061248602 0.031498382 0.018938293 0.011303744 0.0080437829 0.0191217892 0.0103049957 0.005399301
   60    1      1      0    0      1       4       4     2  2.00000000 0.0000000 0.0000000 0.00000000 0.00000000 0.00000000 0.00000000 0.000000000 0.000000000 0.000000000 0.000000000 0.0000000000 0.0000000000 0.0000000000 0.000000000
   60    1      1      0    0      1       8       8     3  3.00000000 0.0000000 0.0000000 0.00000000 0.00000000 0.00000000 0.00000000 0.000000000 0.000000000 0.000000000 0.000000000 0.0000000000 0.0000000000 0.0000000000 0.000000000
   60    1      1      0    0      1       9       9    12 12.00000000 0.0000000 0.0000000 0.00000000 0.00000000 0.00000000 0.00000000 0.000000000 0.000000000 0.000000000 0.000000000 0.0000000000 0.0000000000 0.0000000000 0.000000000
   60    1      1      0    0      1      10      10     4  4.00000000 0.0000000 0.0000000 0.00000000 0.00000000 0.00000000 0.00000000 0.000000000 0.000000000 0.000000000 0.000000000 0.0000000000 0.0000000000 0.0000000000 0.000000000
   60    1      1      0    0      1      11      11     9  9.00000000 0.0000000 0.0000000 0.00000000 0.00000000 0.00000000 0.00000000 0.000000000 0.000000000 0.000000000 0.000000000 0.0000000000 0.0000000000 0.0000000000 0.000000000
   60    1      1      0    0      1      12      12     2  2.00000000 0.0000000 0.0000000 0.00000000 0.00000000 0.00000000 0.00000000 0.000000000 0.000000000 0.000000000 0.000000000 0.0000000000 0.0000000000 0.0000000000 0.000000000
   60    1      1      0    0      1      13      13     3  3.00000000 0.0000000 0.0000000 0.00000000 0.00000000 0.00000000 0.00000000 0.000000000 0.000000000 0.000000000 0.000000000 0.0000000000 0.0000000000 0.0000000000 0.000000000
   60    1      1      0    0      1      14      14     9  9.00000000 0.0000000 0.0000000 0.00000000 0.00000000 0.00000000 0.00000000 0.000000000 0.000000000 0.000000000 0.000000000 0.0000000000 0.0000000000 0.0000000000 0.000000000
   60    1      1      0    0      1      15      15     4  4.00000000 0.0000000 0.0000000 0.00000000 0.00000000 0.00000000 0.00000000 0.000000000 0.000000000 0.000000000 0.000000000 0.0000000000 0.0000000000 0.0000000000 0.000000000
   60    1      1      0    0      1      16      16     4  4.00000000 0.0000000 0.0000000 0.00000000 0.00000000 0.00000000 0.00000000 0.000000000 0.000000000 0.000000000 0.000000000 0.0000000000 0.0000000000 0.0000000000 0.000000000
   60    1      1      0    0      1      17      17     2  2.00000000 0.0000000 0.0000000 0.00000000 0.00000000 0.00000000 0.00000000 0.000000000 0.000000000 0.000000000 0.000000000 0.0000000000 0.0000000000 0.0000000000 0.000000000
   60    1      1      0    0      1      18      18     1  1.00000000 0.0000000 0.0000000 0.00000000 0.00000000 0.00000000 0.00000000 0.000000000 0.000000000 0.000000000 0.000000000 0.0000000000 0.0000000000 0.0000000000 0.000000000
   60    1      1      0    0      1      19      19    10 10.00000000 0.0000000 0.0000000 0.00000000 0.00000000 0.00000000 0.00000000 0.000000000 0.000000000 0.000000000 0.000000000 0.0000000000 0.0000000000 0.0000000000 0.000000000
   60    1      1      0    0      1      20      20     7  7.00000000 0.0000000 0.0000000 0.00000000 0.00000000 0.00000000 0.00000000 0.000000000 0.000000000 0.000000000 0.000000000 0.0000000000 0.0000000000 0.0000000000 0.000000000
   60    1      1      0    0      1      21      21     2  2.00000000 0.0000000 0.0000000 0.00000000 0.00000000 0.00000000 0.00000000 0.000000000 0.000000000 0.000000000 0.000000000 0.0000000000 0.0000000000 0.0000000000 0.000000000
   60    1      1      0    0      1      22      22     1  1.00000000 0.0000000 0.0000000 0.00000000 0.00000000 0.00000000 0.00000000 0.000000000 0.000000000 0.000000000 0.000000000 0.0000000000 0.0000000000 0.0000000000 0.000000000
   60    1      1      0    0      1      23      23     2  2.00000000 0.0000000 0.0000000 0.00000000 0.00000000 0.00000000 0.00000000 0.000000000 0.000000000 0.000000000 0.000000000 0.0000000000 0.0000000000 0.0000000000 0.000000000
   60    1      1      0    0      1      24      24     1  1.00000000 0.0000000 0.0000000 0.00000000 0.00000000 0.00000000 0.00000000 0.000000000 0.000000000 0.000000000 0.000000000 0.0000000000 0.0000000000 0.0000000000 0.000000000
   60    1      1      0    0      1      25      25     3  3.00000000 0.0000000 0.0000000 0.00000000 0.00000000 0.00000000 0.00000000 0.000000000 0.000000000 0.000000000 0.000000000 0.0000000000 0.0000000000 0.0000000000 0.000000000
   60    1      1      0    0      1      27      27     4  4.00000000 0.0000000 0.0000000 0.00000000 0.00000000 0.00000000 0.00000000 0.000000000 0.000000000 0.000000000 0.000000000 0.0000000000 0.0000000000 0.0000000000 0.000000000
   60    1      1      0    0      1      28      28     1  1.00000000 0.0000000 0.0000000 0.00000000 0.00000000 0.00000000 0.00000000 0.000000000 0.000000000 0.000000000 0.000000000 0.0000000000 0.0000000000 0.0000000000 0.000000000
   60    1      1      0    0      1      29      29     2  1.00000000 1.0000000 0.0000000 0.00000000 0.00000000 0.00000000 0.00000000 0.000000000 0.000000000 0.000000000 0.000000000 0.0000000000 0.0000000000 0.0000000000 0.000000000
   60    1      1      0    0      1      30      30     1  1.00000000 0.0000000 0.0000000 0.00000000 0.00000000 0.00000000 0.00000000 0.000000000 0.000000000 0.000000000 0.000000000 0.0000000000 0.0000000000 0.0000000000 0.000000000
   60    1      1      0    0      1      31      31     7  0.00000000 7.0000000 0.0000000 0.00000000 0.00000000 0.00000000 0.00000000 0.000000000 0.000000000 0.000000000 0.000000000 0.0000000000 0.0000000000 0.0000000000 0.000000000
   60    1      1      0    0      1      34      34     1  0.00000000 1.0000000 0.0000000 0.00000000 0.00000000 0.00000000 0.00000000 0.000000000 0.000000000 0.000000000 0.000000000 0.0000000000 0.0000000000 0.0000000000 0.000000000
   60    1      1      0    0      1      36      36     1  0.00000000 1.0000000 0.0000000 0.00000000 0.00000000 0.00000000 0.00000000 0.000000000 0.000000000 0.000000000 0.000000000 0.0000000000 0.0000000000 0.0000000000 0.000000000
   60    1      1      0    0      1      37      37     1  0.00000000 1.0000000 0.0000000 0.00000000 0.00000000 0.00000000 0.00000000 0.000000000 0.000000000 0.000000000 0.000000000 0.0000000000 0.0000000000 0.0000000000 0.000000000
   60    1      1      0    0      1      38      38     1  0.00000000 1.0000000 0.0000000 0.00000000 0.00000000 0.00000000 0.00000000 0.000000000 0.000000000 0.000000000 0.000000000 0.0000000000 0.0000000000 0.0000000000 0.000000000
  100    1      1      0    0      1       5       5     1  1.00000000 0.0000000 0.0000000 0.00000000 0.00000000 0.00000000 0.00000000 0.000000000 0.000000000 0.000000000 0.000000000 0.0000000000 0.0000000000 0.0000000000 0.000000000
  100    1      1      0    0      1       6       6     2  2.00000000 0.0000000 0.0000000 0.00000000 0.00000000 0.00000000 0.00000000 0.000000000 0.000000000 0.000000000 0.000000000 0.0000000000 0.0000000000 0.0000000000 0.000000000
  100    1      1      0    0      1       9       9     3  3.00000000 0.0000000 0.0000000 0.00000000 0.00000000 0.00000000 0.00000000 0.000000000 0.000000000 0.000000000 0.000000000 0.0000000000 0.0000000000 0.0000000000 0.000000000
  100    1      1      0    0      1      10      10    15 15.00000000 0.0000000 0.0000000 0.00000000 0.00000000 0.00000000 0.00000000 0.000000000 0.000000000 0.000000000 0.000000000 0.0000000000 0.0000000000 0.0000000000 0.000000000
  100    1      1      0    0      1      11      11     8  8.00000000 0.0000000 0.0000000 0.00000000 0.00000000 0.00000000 0.00000000 0.000000000 0.000000000 0.000000000 0.000000000 0.0000000000 0.0000000000 0.0000000000 0.000000000
  100    1      1      0    0      1      12      12     6  6.00000000 0.0000000 0.0000000 0.00000000 0.00000000 0.00000000 0.00000000 0.000000000 0.000000000 0.000000000 0.000000000 0.0000000000 0.0000000000 0.0000000000 0.000000000
  100    1      1      0    0      1      13      13     2  2.00000000 0.0000000 0.0000000 0.00000000 0.00000000 0.00000000 0.00000000 0.000000000 0.000000000 0.000000000 0.000000000 0.0000000000 0.0000000000 0.0000000000 0.000000000
  100    1      1      0    0      1      14      14     5  5.00000000 0.0000000 0.0000000 0.00000000 0.00000000 0.00000000 0.00000000 0.000000000 0.000000000 0.000000000 0.000000000 0.0000000000 0.0000000000 0.0000000000 0.000000000
  100    1      1      0    0      1      15      15     3  3.00000000 0.0000000 0.0000000 0.00000000 0.00000000 0.00000000 0.00000000 0.000000000 0.000000000 0.000000000 0.000000000 0.0000000000 0.0000000000 0.0000000000 0.000000000
  100    1      1      0    0      1      16      16     6  6.00000000 0.0000000 0.0000000 0.00000000 0.00000000 0.00000000 0.00000000 0.000000000 0.000000000 0.000000000 0.000000000 0.0000000000 0.0000000000 0.0000000000 0.000000000
  100    1      1      0    0      1      17      17     2  2.00000000 0.0000000 0.0000000 0.00000000 0.00000000 0.00000000 0.00000000 0.000000000 0.000000000 0.000000000 0.000000000 0.0000000000 0.0000000000 0.0000000000 0.000000000
  100    1      1      0    0      1      18      18     5  5.00000000 0.0000000 0.0000000 0.00000000 0.00000000 0.00000000 0.00000000 0.000000000 0.000000000 0.000000000 0.000000000 0.0000000000 0.0000000000 0.0000000000 0.000000000
  100    1      1      0    0      1      19      19     4  4.00000000 0.0000000 0.0000000 0.00000000 0.00000000 0.00000000 0.00000000 0.000000000 0.000000000 0.000000000 0.000000000 0.0000000000 0.0000000000 0.0000000000 0.000000000
  100    1      1      0    0      1      21      21     2  2.00000000 0.0000000 0.0000000 0.00000000 0.00000000 0.00000000 0.00000000 0.000000000 0.000000000 0.000000000 0.000000000 0.0000000000 0.0000000000 0.0000000000 0.000000000
  100    1      1      0    0      1      22      22     5  5.00000000 0.0000000 0.0000000 0.00000000 0.00000000 0.00000000 0.00000000 0.000000000 0.000000000 0.000000000 0.000000000 0.0000000000 0.0000000000 0.0000000000 0.000000000
  100    1      1      0    0      1      23      23     2  2.00000000 0.0000000 0.0000000 0.00000000 0.00000000 0.00000000 0.00000000 0.000000000 0.000000000 0.000000000 0.000000000 0.0000000000 0.0000000000 0.0000000000 0.000000000
  100    1      1      0    0      1      24      24     3  3.00000000 0.0000000 0.0000000 0.00000000 0.00000000 0.00000000 0.00000000 0.000000000 0.000000000 0.000000000 0.000000000 0.0000000000 0.0000000000 0.0000000000 0.000000000
  100    1      1      0    0      1      25      25     6  6.00000000 0.0000000 0.0000000 0.00000000 0.00000000 0.00000000 0.00000000 0.000000000 0.000000000 0.000000000 0.000000000 0.0000000000 0.0000000000 0.0000000000 0.000000000
  100    1      1      0    0      1      27      27     4  2.00000000 2.0000000 0.0000000 0.00000000 0.00000000 0.00000000 0.00000000 0.000000000 0.000000000 0.000000000 0.000000000 0.0000000000 0.0000000000 0.0000000000 0.000000000
  100    1      1      0    0      1      29      29     1  0.00000000 1.0000000 0.0000000 0.00000000 0.00000000 0.00000000 0.00000000 0.000000000 0.000000000 0.000000000 0.000000000 0.0000000000 0.0000000000 0.0000000000 0.000000000
  100    1      1      0    0      1      30      30     4  1.00000000 3.0000000 0.0000000 0.00000000 0.00000000 0.00000000 0.00000000 0.000000000 0.000000000 0.000000000 0.000000000 0.0000000000 0.0000000000 0.0000000000 0.000000000
  100    1      1      0    0      1      31      31     1  0.00000000 1.0000000 0.0000000 0.00000000 0.00000000 0.00000000 0.00000000 0.000000000 0.000000000 0.000000000 0.000000000 0.0000000000 0.0000000000 0.0000000000 0.000000000
  100    1      1      0    0      1      32      32     3  0.00000000 3.0000000 0.0000000 0.00000000 0.00000000 0.00000000 0.00000000 0.000000000 0.000000000 0.000000000 0.000000000 0.0000000000 0.0000000000 0.0000000000 0.000000000
  100    1      1      0    0      1      33      33     3  0.00000000 3.0000000 0.0000000 0.00000000 0.00000000 0.00000000 0.00000000 0.000000000 0.000000000 0.000000000 0.000000000 0.0000000000 0.0000000000 0.0000000000 0.000000000
  100    1      1      0    0      1      35      35     1  0.00000000 1.0000000 0.0000000 0.00000000 0.00000000 0.00000000 0.00000000 0.000000000 0.000000000 0.000000000 0.000000000 0.0000000000 0.0000000000 0.0000000000 0.000000000
  100    1      1      0    0      1      37      37     1  0.00000000 1.0000000 0.0000000 0.00000000 0.00000000 0.00000000 0.00000000 0.000000000 0.000000000 0.000000000 0.000000000 0.0000000000 0.0000000000 0.0000000000 0.000000000
  100    1      1      0    0      1      38      38     1  0.00000000 1.0000000 0.0000000 0.00000000 0.00000000 0.00000000 0.00000000 0.000000000 0.000000000 0.000000000 0.000000000 0.0000000000 0.0000000000 0.0000000000 0.000000000
  100    1      1      0    0      1      44      44     1  0.00000000 1.0000000 0.0000000 0.00000000 0.00000000 0.00000000 0.00000000 0.000000000 0.000000000 0.000000000 0.000000000 0.0000000000 0.0000000000 0.0000000000 0.000000000
0 #_N_MeanSize_at_Age_obs
0 #_N_environ_variables
0 #_N_environ_obs
0 #_N_sizefreq_methods
0 #_do_tags
0 #_morphcomp_data
#
999
