#C data file created using the SS_writedat function in the R package r4ss
#C should work with SS version: 
#C file write time: 2015-02-11 18:01:29
#
1 #_styr
100 #_endyr
1 #_nseas
12 #_months_per_seas
1 #_spawn_seas
1 #_Nfleet
2 #_Nsurveys
1 #_N_areas
Fishery%Survey%CPUE #_fleetnames
0.5 0.5 0.5 #_surveytiming_in_season
1 1 1 #_area_assignments_for_each_fishery_and_survey
1 #_units of catch:  1=bio; 2=num
0.01 #_se of log(catch) only used for init_eq_catch and for Fmethod 2 and 3
1 #_Ngenders
25 #_Nages
0 #_init_equil_catch_for_each_fishery
100 #_N_lines_of_catch_to_read
 #_Fishery year seas
         0    1    1
         0    2    1
         0    3    1
         0    4    1
         0    5    1
         0    6    1
         0    7    1
         0    8    1
         0    9    1
         0   10    1
         0   11    1
         0   12    1
         0   13    1
         0   14    1
         0   15    1
         0   16    1
         0   17    1
         0   18    1
         0   19    1
         0   20    1
         0   21    1
         0   22    1
         0   23    1
         0   24    1
         0   25    1
 444646000   26    1
 397608000   27    1
 357583000   28    1
 324161000   29    1
 296656000   30    1
 274240000   31    1
 256057000   32    1
 241314000   33    1
 229322000   34    1
 219511000   35    1
 211426000   36    1
 204710000   37    1
 199088000   38    1
 194347000   39    1
 190324000   40    1
 186891000   41    1
 183948000   42    1
 181416000   43    1
 179230000   44    1
 177337000   45    1
 175694000   46    1
 174266000   47    1
 173022000   48    1
 171937000   49    1
 170990000   50    1
 170161000   51    1
 169436000   52    1
 168801000   53    1
 168243000   54    1
 167755000   55    1
 167325000   56    1
 166948000   57    1
 166617000   58    1
 166326000   59    1
 166070000   60    1
 165844000   61    1
 165646000   62    1
 165471000   63    1
 165317000   64    1
 165182000   65    1
 165063000   66    1
 164958000   67    1
 164865000   68    1
 164784000   69    1
 164712000   70    1
 164649000   71    1
 164593000   72    1
 164544000   73    1
 164500000   74    1
 164462000   75    1
 164429000   76    1
 164399000   77    1
 164373000   78    1
 164350000   79    1
 164329000   80    1
 164311000   81    1
 164296000   82    1
 164282000   83    1
 164269000   84    1
 164258000   85    1
 164249000   86    1
 164240000   87    1
 164233000   88    1
 164227000   89    1
 164221000   90    1
 164216000   91    1
 164211000   92    1
 164207000   93    1
 164204000   94    1
 164201000   95    1
 164198000   96    1
 164195000   97    1
 164193000   98    1
 164192000   99    1
 164190000  100    1
13 #_N_cpue
 #_Fleet Units Errtype
       1     1       0
       2     1       0
       3     1       0
 #_year seas index        obs se_log
     76    1     2 1220130992    0.2
     78    1     2 1271186741    0.2
     80    1     2 1297565984    0.2
     82    1     2 1641150219    0.2
     84    1     2 1572434514    0.2
     86    1     2 1334133210    0.2
     88    1     2 1395379809    0.2
     90    1     2 1779654361    0.2
     92    1     2 1589296936    0.2
     94    1     2 1329275468    0.2
     96    1     2 1451446091    0.2
     98    1     2 1403185857    0.2
    100    1     2 1740821674    0.2
0 #_N_discard_fleets
#_discard_units (1=same_as_catchunits(bio/num); 2=fraction; 3=numbers)
#_discard_errtype:  >0 for DF of T-dist(read CV below); 0 for normal with CV; -1 for normal with se; -2 for lognormal
0 #_N_discard
0 #_N_meanbodywt
1 #_DF_for_meanbodywt_T-distribution_like
2 # length bin method: 1=use databins; 2=generate from binwidth,min,max below; 3=read vector
1 # binwidth for population size comp
10 # minimum size in the population (lower edge of first bin and size at age 0.00)
200 # maximum size in the population (lower edge of last bin)
-0.001 #_comp_tail_compression
1e-05 #_add_to_comp
0 #_combine males into females at or below this bin number
45 #_N_lbins
#_lbin_vector
20 23 26 29 32 35 38 41 44 47 50 53 56 59 62 65 68 71 74 77 80 83 86 89 92 95 98 101 104 107 110 113 116 119 122 125 128 131 134 137 140 143 146 149 152
28 #_N_Length_comp_observations
 #_Yr Seas FltSvy Gender Part Nsamp           l20          l23          l26          l29         l32          l35          l38         l41        l44        l47        l50        l53        l56        l59        l62        l65        l68        l71        l74        l77        l80         l83        l86        l89        l92         l95         l98       l101        l104        l107        l110        l113        l116         l119         l122        l125         l128         l131         l134         l137         l140         l143         l146         l149         l152
   26    1      1      0    0   125  4.541485e-81 5.063207e-03 1.767016e-05 0.0120351995 0.002992512 0.0013577736 0.0018366043 0.018014839 0.01544881 0.02855531 0.01276826 0.03128845 0.01520715 0.04224670 0.01878075 0.06623726 0.02579720 0.02433660 0.01897980 0.03689974 0.02457416 0.008156526 0.03566927 0.03166410 0.07129067 0.040879667 0.042429895 0.03760850 0.071121037 0.022232736 0.051746517 0.014470431 0.022623218 0.0059785634 5.644333e-02 0.029982095 2.876658e-02 4.631765e-03 0.0049727731 3.037124e-03 5.898972e-03 2.780825e-03 6.014418e-04 8.972475e-06 4.566979e-03
   36    1      1      0    0   125  4.193939e-56 2.439290e-15 1.401208e-05 0.0043883485 0.024507394 0.0045680980 0.0042538910 0.017216547 0.01727984 0.06461219 0.07929546 0.06282349 0.02925280 0.04269181 0.04679064 0.01724573 0.01140003 0.01928989 0.02026885 0.02440195 0.02035809 0.055822456 0.08046384 0.03920593 0.06676722 0.011873296 0.015249900 0.02849136 0.035118847 0.020238372 0.004790518 0.033067033 0.010472831 0.0259490990 1.009585e-03 0.003038828 2.712674e-02 2.601248e-02 0.0008192401 2.811469e-04 5.083402e-05 5.262782e-06 1.913914e-03 1.421111e-11 1.572223e-03
   46    1      1      0    0   125 2.160584e-127 9.421366e-44 4.856142e-03 0.0020353823 0.010123748 0.0052993799 0.0062323798 0.019139273 0.01701033 0.04877550 0.04667100 0.06236526 0.06558088 0.02404336 0.03467208 0.03525617 0.02761282 0.02977338 0.03528094 0.03593565 0.02719672 0.055810651 0.04163587 0.02925174 0.06082384 0.016095775 0.023556111 0.04476181 0.019044235 0.014844670 0.038242137 0.006679436 0.019395111 0.0300198627 3.146645e-02 0.006304039 3.763362e-03 3.445106e-03 0.0107920336 5.495508e-03 1.681974e-04 5.432570e-04 4.016143e-07 1.911859e-09 1.742293e-24
   56    1      1      0    0   125  1.021560e-31 9.236552e-07 2.152068e-03 0.0013228579 0.004753529 0.0001175388 0.0078269076 0.046517056 0.04429502 0.06100698 0.04003784 0.05982178 0.01683306 0.05335313 0.06374424 0.03785403 0.03732439 0.03526109 0.08477611 0.02451663 0.02589499 0.057001150 0.06243996 0.03708889 0.03659506 0.009247452 0.019704772 0.01098938 0.040631573 0.011467771 0.009728199 0.007095460 0.004684792 0.0187042324 5.705084e-03 0.008066393 2.666505e-03 2.807819e-04 0.0091638266 7.071478e-04 4.286259e-04 1.234864e-09 1.924595e-04 5.809048e-12 3.306976e-07
   60    1      1      0    0   125 6.892869e-109 8.875003e-11 4.711506e-04 0.0214955229 0.016533143 0.0054065322 0.0058613832 0.003708856 0.04728133 0.07058375 0.06789080 0.06719713 0.07032035 0.01613258 0.03695198 0.07261318 0.03715468 0.05762383 0.03336253 0.02949966 0.02599027 0.073608240 0.01842425 0.01509231 0.03890505 0.035431895 0.026431132 0.01790585 0.019026290 0.018849723 0.018569755 0.005683300 0.011095756 0.0049702936 3.155698e-05 0.005052543 5.516132e-05 5.458299e-04 0.0001079677 3.981310e-03 2.672605e-05 1.107565e-04 8.797180e-15 1.564485e-05 3.334845e-09
   64    1      1      0    0   125  0.000000e+00 1.323678e-03 5.084166e-03 0.0012777806 0.012882015 0.0111388175 0.0287115533 0.021696152 0.03855648 0.05332951 0.09481629 0.07289125 0.02225737 0.02735383 0.04896746 0.03306339 0.04567446 0.03194509 0.04361620 0.04911188 0.02848331 0.019754135 0.04964201 0.05375171 0.01966127 0.028929393 0.016163925 0.01436217 0.013424149 0.028547919 0.017641600 0.009773016 0.001228556 0.0198938691 1.344379e-02 0.005045722 4.643744e-03 4.356491e-03 0.0028202127 2.701056e-05 8.932760e-05 2.903455e-07 2.928203e-03 7.796165e-11 1.690773e-03
   68    1      1      0    0   125  2.938894e-46 1.845155e-06 3.172658e-03 0.0034376253 0.018206691 0.0035470942 0.0032601573 0.013300554 0.03325738 0.07034767 0.04114551 0.03757678 0.02098294 0.03537975 0.02863324 0.10455024 0.04989347 0.04813994 0.03496299 0.02836430 0.03333501 0.036856352 0.05980225 0.05446842 0.03242342 0.028421559 0.011469178 0.03705262 0.015008462 0.011006191 0.011662545 0.016536460 0.014732302 0.0003653077 1.149729e-02 0.021726701 6.584464e-03 8.057005e-03 0.0084691219 7.977770e-04 2.134318e-09 3.850612e-09 5.482860e-06 1.969516e-05 1.541554e-03
   72    1      1      0    0   125  0.000000e+00 1.592755e-19 5.419675e-04 0.0013478475 0.012569688 0.0028459359 0.0003538495 0.012732670 0.01319196 0.05694198 0.11144900 0.03108953 0.02973668 0.02864705 0.03311532 0.07414207 0.05081902 0.03574849 0.04741305 0.02175565 0.04706367 0.024135329 0.05071935 0.05036252 0.04380036 0.044618665 0.025965205 0.03240050 0.030823739 0.002868565 0.015961358 0.019854900 0.011991350 0.0085724575 4.879352e-03 0.008272941 6.112707e-03 1.421591e-03 0.0001883662 5.021007e-03 2.885039e-04 2.263301e-04 1.760140e-13 9.472346e-06 3.618100e-10
   76    1      1      0    0   125  6.091261e-73 9.626572e-05 1.561418e-03 0.0384439531 0.016361039 0.0044312731 0.0223077332 0.028419613 0.03044793 0.12287416 0.08002579 0.02750959 0.03566355 0.01513499 0.03549174 0.02500223 0.03807437 0.07885014 0.03060570 0.03250899 0.05453340 0.017865419 0.01045687 0.03075916 0.01620674 0.027517697 0.029925899 0.01427840 0.026709672 0.009472925 0.006910889 0.008731205 0.019924250 0.0085962261 6.908463e-03 0.005487885 3.022746e-02 4.521217e-03 0.0057374416 1.411795e-03 2.332009e-09 2.384816e-09 6.493574e-06 7.442669e-10 1.768427e-08
   80    1      1      0    0   125 2.254447e-240 5.115145e-06 2.566579e-05 0.0135039827 0.048358433 0.0200587541 0.0120963765 0.004437580 0.04710200 0.08166110 0.05220791 0.05360010 0.03877809 0.02661610 0.02612233 0.03552236 0.05385859 0.05596006 0.03332820 0.01594672 0.02296156 0.020881652 0.03052632 0.02417456 0.03103226 0.025045393 0.029303025 0.01948878 0.025870821 0.017894513 0.009272422 0.014676513 0.024367496 0.0378515477 1.014741e-02 0.027541928 6.569757e-03 7.627141e-04 0.0003438223 1.287970e-04 3.430845e-06 1.842378e-03 1.234046e-04 2.400108e-08 9.650107e-12
   84    1      1      0    0   125 3.394983e-245 3.666058e-04 1.000574e-03 0.0007585054 0.016354400 0.0001083285 0.0024206010 0.002831924 0.04733234 0.04907757 0.04042386 0.06622262 0.03654727 0.05464544 0.04976861 0.06238507 0.04235868 0.08449884 0.02943625 0.05821261 0.02806533 0.027747444 0.01061782 0.03376927 0.03635443 0.013778682 0.022678058 0.01453991 0.009944417 0.025421838 0.017273533 0.008910175 0.008119720 0.0032924467 8.298204e-03 0.019982213 3.348576e-02 6.276590e-03 0.0030716804 1.285880e-03 1.273658e-03 2.334397e-14 2.737648e-03 1.832519e-02 1.689132e-16
   88    1      1      0    0   125 4.965614e-176 1.521277e-08 1.927276e-05 0.0123051615 0.014122461 0.0080260563 0.0047961714 0.013356461 0.05206216 0.06776685 0.05471482 0.04035865 0.03841383 0.03796633 0.02816747 0.04752891 0.02803208 0.09669438 0.03633943 0.03696603 0.03988096 0.021144851 0.01649757 0.03467578 0.02278339 0.039576540 0.017142612 0.02595604 0.004586591 0.070742059 0.014759000 0.005379524 0.020623725 0.0045650117 5.407547e-04 0.006548080 9.693775e-03 1.911781e-03 0.0149563663 7.522268e-04 8.766102e-03 7.219602e-04 1.587556e-04 4.149090e-22 9.983687e-10
   92    1      1      0    0   125  5.207767e-83 1.148059e-21 5.649747e-03 0.0144490304 0.003390151 0.0138341585 0.0016651613 0.018359628 0.04709146 0.08002128 0.06427349 0.03950564 0.01741267 0.07323614 0.02599951 0.05732387 0.02181141 0.02947540 0.08985090 0.05689856 0.02969050 0.025344619 0.02761663 0.01544719 0.02907103 0.014929825 0.004527581 0.01446369 0.012032598 0.027873956 0.045245985 0.023535880 0.020190226 0.0099988335 1.741279e-02 0.004238805 2.160677e-03 8.089138e-05 0.0118025926 2.462665e-04 2.222625e-05 1.921470e-07 3.810043e-03 2.355654e-06 6.429992e-06
   96    1      1      0    0   125 1.558883e-136 7.178352e-05 1.009799e-02 0.0133942124 0.010418582 0.0001845367 0.0048635805 0.036186696 0.04974410 0.05232612 0.06539685 0.06215931 0.06207002 0.02342075 0.06293418 0.05644163 0.04911878 0.01180080 0.03567141 0.04933236 0.03828764 0.040457624 0.02510033 0.02269913 0.04295380 0.013434334 0.007076560 0.01025247 0.016946900 0.027894225 0.017756154 0.018264967 0.001689127 0.0128428863 8.158969e-03 0.003094983 3.641580e-03 3.283823e-03 0.0166440338 5.278534e-03 2.582320e-03 5.023960e-06 6.020907e-03 3.938533e-13 3.709844e-14
  100    1      1      0    0   125  1.924368e-50 4.503863e-42 2.421264e-06 0.0382467613 0.015469831 0.0031811642 0.0008506499 0.006942183 0.04514379 0.04822168 0.04668322 0.01917878 0.02833766 0.03617047 0.03660511 0.06152745 0.01867693 0.02138044 0.04938055 0.07517462 0.03689176 0.054417333 0.01917490 0.04675813 0.02736110 0.042718004 0.064892842 0.05064820 0.041385897 0.011807614 0.001064241 0.008614439 0.004680357 0.0089217451 4.271276e-03 0.009694392 1.140552e-02 2.213658e-03 0.0009262300 2.536244e-07 9.728327e-04 5.379321e-06 4.898847e-19 9.137521e-18 1.738397e-07
   76    1      2      0    0   500  3.381971e-22 1.346529e-04 1.451495e-02 0.0460184089 0.047360062 0.0257804296 0.0073219909 0.035067039 0.05747739 0.04979042 0.04385498 0.04581841 0.03396926 0.02812376 0.04002835 0.04774925 0.03390523 0.02618805 0.04092547 0.03425698 0.03604868 0.039028811 0.02671058 0.03149923 0.02284238 0.025486037 0.016962783 0.01020540 0.014045390 0.020325407 0.017186005 0.009405466 0.019013543 0.0066499479 7.161222e-03 0.013486863 8.680158e-03 5.297680e-03 0.0033433517 2.513947e-03 2.533925e-03 1.781442e-03 1.033826e-03 6.478904e-05 4.080470e-04
   78    1      2      0    0   500  1.342790e-08 7.264129e-04 2.184798e-02 0.0647194311 0.043805154 0.0348385502 0.0095272873 0.016531879 0.03654127 0.07393204 0.03772653 0.03635525 0.04390973 0.02875835 0.04485733 0.04082237 0.04027964 0.04158418 0.03161792 0.02718081 0.03205251 0.035295669 0.02399933 0.01663359 0.02783441 0.026859252 0.013611067 0.01552584 0.018087776 0.027611194 0.016073113 0.016346450 0.011175981 0.0060202210 1.637820e-02 0.002697716 9.569354e-03 2.709326e-03 0.0029905477 2.711072e-04 8.420540e-04 1.112292e-03 2.505416e-04 4.760414e-04 1.427341e-05
   80    1      2      0    0   500  2.008460e-25 2.662239e-03 1.343700e-02 0.0307028656 0.044958639 0.0166126878 0.0138510833 0.023344111 0.05261962 0.05298984 0.05594908 0.04612379 0.03671552 0.03804203 0.03950066 0.04970034 0.04061594 0.03502252 0.04594696 0.02335783 0.02722900 0.031529094 0.03708505 0.02982961 0.02106487 0.024925790 0.035122190 0.02556390 0.009404746 0.015729448 0.014884622 0.015780665 0.014993477 0.0069764526 8.864272e-03 0.006352415 4.370190e-03 1.424675e-03 0.0051004137 8.740686e-04 5.201253e-04 1.914399e-05 1.124552e-04 1.043088e-05 8.014246e-05
   82    1      2      0    0   500  1.596063e-33 4.427322e-04 2.244739e-02 0.0709884359 0.055178187 0.0183658453 0.0079220107 0.020403313 0.03905050 0.05467557 0.04869277 0.03804502 0.04428982 0.03654443 0.03692953 0.03559141 0.03178382 0.04760083 0.02316716 0.03435601 0.03282802 0.028093602 0.02205563 0.02948181 0.02741595 0.017850384 0.020582272 0.02448984 0.023358106 0.015451641 0.012612931 0.005403239 0.018584935 0.0107884392 6.566793e-03 0.001826731 9.023882e-03 9.972496e-03 0.0065196780 1.429461e-03 2.937854e-03 3.225644e-03 1.097329e-04 3.818314e-05 2.877949e-03
   84    1      2      0    0   500  1.305254e-05 7.811422e-04 2.085321e-02 0.0370805498 0.050179765 0.0245045360 0.0089561942 0.021063679 0.05674987 0.05045008 0.05348024 0.04161952 0.02257558 0.05549561 0.04689575 0.04380020 0.04041836 0.02859096 0.02960322 0.01984289 0.04002802 0.034610580 0.04255685 0.01914869 0.02533215 0.024655347 0.021852366 0.01924884 0.014687008 0.016745614 0.017906416 0.014151795 0.011563760 0.0067687120 9.392892e-03 0.005560060 8.868620e-03 7.233015e-03 0.0005761552 4.258825e-03 4.588536e-04 3.347902e-04 7.282831e-04 1.817024e-05 3.597759e-04
   86    1      2      0    0   500  2.093208e-10 1.352286e-02 1.881661e-02 0.0645807859 0.045114448 0.0228022684 0.0074148589 0.038369454 0.03259524 0.04924534 0.04333128 0.03462788 0.02778816 0.04004638 0.04013370 0.03728419 0.03980780 0.04013432 0.02931294 0.02972287 0.03785090 0.028390636 0.03336122 0.03427402 0.01309295 0.017169870 0.026886907 0.01482324 0.010986812 0.020361542 0.016952214 0.015155581 0.013659204 0.0125378367 1.667644e-02 0.013252842 4.258993e-03 9.125376e-03 0.0015655632 3.476153e-03 2.195747e-04 2.120303e-04 3.280472e-04 8.720994e-07 7.297923e-04
   88    1      2      0    0   500  5.576263e-08 1.629217e-03 7.686445e-03 0.0477340198 0.042708889 0.0130043378 0.0076841215 0.032696237 0.05637648 0.03997091 0.05563944 0.03595150 0.02394644 0.02224094 0.05167940 0.03851100 0.03674834 0.05463008 0.02483185 0.02854086 0.04379094 0.038000933 0.02385020 0.03434480 0.03152137 0.018749404 0.024169036 0.03083883 0.025502336 0.018367928 0.013199366 0.013108841 0.015056284 0.0134165478 9.567979e-03 0.003584224 2.879477e-03 7.722041e-03 0.0050616390 1.171459e-03 4.642916e-04 2.049631e-03 3.339077e-05 1.338324e-03 1.592159e-07
   90    1      2      0    0   500  3.870719e-04 3.637719e-04 2.261268e-02 0.0557065602 0.055512843 0.0250681428 0.0139623211 0.012875530 0.04984114 0.06497096 0.04759486 0.02452816 0.02526088 0.02433829 0.05487298 0.03067187 0.04441416 0.03547834 0.03033949 0.03310491 0.03802659 0.033358462 0.02840889 0.02528901 0.02222520 0.029452260 0.018685435 0.02053762 0.024255910 0.014531420 0.015092509 0.012591341 0.009614752 0.0093954376 1.520720e-02 0.002762195 2.397445e-03 5.189948e-03 0.0119105676 1.277162e-03 2.998092e-03 1.067559e-03 2.396477e-03 1.718930e-04 1.251664e-03
   92    1      2      0    0   500  5.584663e-04 2.428081e-03 1.639091e-02 0.0563884684 0.041470857 0.0169028708 0.0174376071 0.015728100 0.04750012 0.05432658 0.04725649 0.05744157 0.03473335 0.04002781 0.04285930 0.03524251 0.06503192 0.02672089 0.03681518 0.04008530 0.02241060 0.035058493 0.02521097 0.02515419 0.03058619 0.018974750 0.021700456 0.01343098 0.012796019 0.014431753 0.015433651 0.011972184 0.017218567 0.0065844669 6.045200e-03 0.011287165 3.624719e-03 3.022132e-03 0.0021440364 3.191742e-03 9.032321e-04 1.350300e-03 6.539793e-04 1.144431e-05 1.456416e-03
   94    1      2      0    0   500  9.873096e-07 1.646004e-03 2.054120e-02 0.0402019759 0.077045244 0.0172490377 0.0058663469 0.016251323 0.03987036 0.05591065 0.04107006 0.02501502 0.03495898 0.03686085 0.04909479 0.03754741 0.02738968 0.04392316 0.02437839 0.03537738 0.04632412 0.024483686 0.04332053 0.02476371 0.02030809 0.027887366 0.018138791 0.01895591 0.033340287 0.011655770 0.017923192 0.021540822 0.011124012 0.0118740753 8.523045e-03 0.005769660 4.501340e-03 3.971579e-03 0.0014077566 2.639169e-03 6.538298e-03 2.003460e-03 2.132197e-04 3.500648e-09 2.593268e-03
   96    1      2      0    0   500  5.035363e-04 1.206305e-03 1.940550e-02 0.0435019440 0.043104130 0.0118044185 0.0043953048 0.016198428 0.05232587 0.06154419 0.04948108 0.04140445 0.03543408 0.03385347 0.03352059 0.04335779 0.05086671 0.04925015 0.02657615 0.03079462 0.03939663 0.022838034 0.02884721 0.02557178 0.01708147 0.023233978 0.022550764 0.01559014 0.020592854 0.025692097 0.017417189 0.019602169 0.016357641 0.0126045493 1.378820e-02 0.009679993 4.474029e-03 4.640154e-03 0.0030797019 5.887751e-03 8.047076e-05 7.634384e-04 4.581802e-08 1.020961e-03 6.800388e-04
   98    1      2      0    0   500  1.619997e-05 1.229099e-03 2.566088e-02 0.0430524591 0.041986709 0.0205668325 0.0126254411 0.026410749 0.04582786 0.07077357 0.05711249 0.05013457 0.04145080 0.04907616 0.03513710 0.04050276 0.02597402 0.04129355 0.02732971 0.03002845 0.02820638 0.021223536 0.01767761 0.02541877 0.02543156 0.014571456 0.019370543 0.01504564 0.028215945 0.017223086 0.015315231 0.013603481 0.018028833 0.0117763025 1.308449e-02 0.007222379 6.176489e-03 6.215064e-03 0.0048362918 2.540935e-03 7.135266e-04 6.109802e-05 1.043926e-08 9.897787e-05 1.752968e-03
  100    1      2      0    0   500  8.771146e-05 3.522287e-03 1.739849e-02 0.0593306019 0.055603512 0.0090241093 0.0125532718 0.022673182 0.03970273 0.05825186 0.03501325 0.05635441 0.01930694 0.03467725 0.02635722 0.03542220 0.04369042 0.04065813 0.01989567 0.04178226 0.03635944 0.041165370 0.02283996 0.01819349 0.03208034 0.024423358 0.013686208 0.01949847 0.027159121 0.028738964 0.027382906 0.017693691 0.018843456 0.0069583728 1.021055e-02 0.005545173 3.766925e-03 1.668511e-03 0.0014132856 7.687067e-03 1.768203e-03 1.503908e-03 4.424147e-05 2.309657e-05 4.038518e-05
15 #_N_agebins
#_agebin_vector
1 2 3 4 5 6 7 8 9 10 11 12 13 14 15
1 #_N_ageerror_definitions
 #_age0   age1   age2   age3   age4   age5   age6   age7   age8   age9  age10  age11  age12  age13  age14  age15  age16  age17  age18  age19  age20  age21  age22  age23  age24  age25
 -1.000 -1.000 -1.000 -1.000 -1.000 -1.000 -1.000 -1.000 -1.000 -1.000 -1.000 -1.000 -1.000 -1.000 -1.000 -1.000 -1.000 -1.000 -1.000 -1.000 -1.000 -1.000 -1.000 -1.000 -1.000 -1.000
  0.001  0.001  0.001  0.001  0.001  0.001  0.001  0.001  0.001  0.001  0.001  0.001  0.001  0.001  0.001  0.001  0.001  0.001  0.001  0.001  0.001  0.001  0.001  0.001  0.001  0.001
86 #_N_agecomp
1 #_Lbin_method: 1=poplenbins; 2=datalenbins; 3=lengths
-1 #_combine males into females at or below this bin number
 #_Yr Seas FltSvy Gender Part Ageerr Lbin_lo Lbin_hi Nsamp          a1        a2        a3         a4         a5         a6         a7          a8          a9         a10         a11          a12          a13          a14         a15
   26    1      1      0    0      1      -1      -1   125  0.01325077 0.1418047 0.1816805 0.15050317 0.08971224 0.07762937 0.06895466 0.040197898 0.042136132 0.044393828 0.050745410 0.0188042157 0.0120487727 5.851678e-03 0.062286716
   36    1      1      0    0      1      -1      -1   125  0.03122433 0.1853484 0.1535540 0.12556487 0.12187740 0.07446165 0.10443160 0.057532035 0.029174263 0.030645279 0.016172782 0.0096046263 0.0061273383 9.805429e-03 0.044475961
   46    1      1      0    0      1      -1      -1   125  0.04504366 0.2466867 0.2056922 0.20358517 0.06526877 0.06287452 0.10328554 0.009626866 0.014796662 0.008160205 0.017698152 0.0028865886 0.0008858758 7.800992e-04 0.012729001
   56    1      1      0    0      1      -1      -1   125  0.01688792 0.2545594 0.1781194 0.13055415 0.11983643 0.10242116 0.09445725 0.020686837 0.012123575 0.027992132 0.012980340 0.0036877738 0.0045024750 6.842574e-03 0.014348581
   60    1      1      0    0      1      -1      -1   125  0.04429405 0.2454654 0.2533211 0.15776311 0.08926465 0.05444416 0.03232875 0.022188224 0.034929133 0.014675915 0.018555165 0.0073996288 0.0140349510 1.040385e-03 0.010295371
   64    1      1      0    0      1      -1      -1   125  0.02905443 0.2486777 0.1664048 0.13314537 0.09671924 0.14515866 0.04535705 0.025114446 0.019710153 0.018301825 0.014729702 0.0150646951 0.0128668000 1.781383e-02 0.011881321
   68    1      1      0    0      1      -1      -1   125  0.08792880 0.2487329 0.1349101 0.11824695 0.13848464 0.08937039 0.04267808 0.034951266 0.009159595 0.052652820 0.002153137 0.0070378203 0.0157539563 3.349360e-04 0.017604588
   72    1      1      0    0      1      -1      -1   125  0.03332620 0.1745547 0.2083105 0.13051598 0.15938198 0.08136692 0.03555595 0.024762911 0.026380096 0.058510355 0.004040456 0.0243307441 0.0041080231 2.213125e-02 0.012723840
   76    1      1      0    0      1      -1      -1   125  0.07194013 0.2227337 0.1918745 0.14437528 0.15214017 0.05022127 0.03327854 0.036500514 0.018744818 0.008768878 0.006003910 0.0082299827 0.0109728473 1.385980e-02 0.030355616
   80    1      1      0    0      1      -1      -1   125  0.02615800 0.2252110 0.1784084 0.13945367 0.10488436 0.04869944 0.11365102 0.040493104 0.036390254 0.011669118 0.012998727 0.0281414607 0.0052807598 1.846877e-02 0.010091957
   84    1      1      0    0      1      -1      -1   125  0.02575849 0.2663756 0.1951360 0.15214860 0.11941721 0.08185403 0.04738167 0.045726325 0.014307339 0.009294406 0.011483896 0.0043311219 0.0007714232 6.250168e-05 0.025951372
   88    1      1      0    0      1      -1      -1   125  0.07079003 0.2578071 0.1548590 0.14137200 0.08970141 0.05112080 0.08018954 0.052616822 0.033557316 0.015630772 0.001872940 0.0044294830 0.0200389004 9.278351e-05 0.025921115
   92    1      1      0    0      1      -1      -1   125  0.02525115 0.2070381 0.1819752 0.12526439 0.10076606 0.08256497 0.10221353 0.038497362 0.045008886 0.019663498 0.016593873 0.0100240164 0.0012573661 1.517523e-02 0.028706320
   96    1      1      0    0      1      -1      -1   125  0.08955347 0.2617915 0.2098200 0.20076178 0.06524937 0.04413889 0.03814638 0.020999156 0.014509200 0.007986030 0.012867445 0.0019920236 0.0144880788 7.347299e-03 0.010349305
  100    1      1      0    0      1      -1      -1   125  0.02152621 0.2275103 0.1939650 0.14134497 0.12736850 0.09085184 0.04556666 0.030401007 0.012940937 0.020351223 0.048306267 0.0006179365 0.0094949769 2.668436e-03 0.027085725
   76    1      2      0    0      1      -1      -1   500  0.14167858 0.2425168 0.1610953 0.11615480 0.08900616 0.06880259 0.05052865 0.035308054 0.019987073 0.016114058 0.011147359 0.0101485236 0.0116151830 3.441873e-03 0.022454934
   78    1      2      0    0      1      -1      -1   500  0.14545050 0.2163092 0.1785527 0.11868015 0.12055701 0.03688426 0.05457054 0.032623497 0.026657138 0.013114020 0.012612303 0.0095244881 0.0094732425 7.630687e-03 0.017360229
   80    1      2      0    0      1      -1      -1   500  0.16402612 0.1968857 0.1895271 0.12746385 0.08678924 0.06757650 0.03781063 0.025807700 0.026292225 0.029270292 0.013974957 0.0053725409 0.0039931232 4.156509e-03 0.021053505
   82    1      2      0    0      1      -1      -1   500  0.13161886 0.2256070 0.2121043 0.12937544 0.08080898 0.06019123 0.05813142 0.022656610 0.020395998 0.017447014 0.008400096 0.0086033009 0.0053033524 1.368920e-03 0.017987420
   84    1      2      0    0      1      -1      -1   500  0.11604673 0.2444394 0.1741427 0.10581570 0.11896638 0.05395330 0.04762865 0.022003987 0.015382558 0.024594443 0.026195149 0.0241261391 0.0017336375 7.261415e-03 0.017709804
   86    1      2      0    0      1      -1      -1   500  0.12783130 0.2265299 0.1583221 0.12506338 0.09776783 0.06403788 0.06952080 0.052386023 0.020371190 0.020286446 0.012479466 0.0091309204 0.0019121831 4.579998e-03 0.009780506
   88    1      2      0    0      1      -1      -1   500  0.12912870 0.2486685 0.1692195 0.14287385 0.08315548 0.06636226 0.04269693 0.027417505 0.025226126 0.026477795 0.005541484 0.0123067436 0.0031567722 5.541900e-03 0.012226444
   90    1      2      0    0      1      -1      -1   500  0.12016150 0.2286729 0.1687465 0.14314886 0.10215941 0.05854517 0.04617674 0.037683741 0.019430448 0.016992387 0.020294474 0.0107253621 0.0065507165 8.951072e-03 0.011760791
   92    1      2      0    0      1      -1      -1   500  0.15672530 0.2497241 0.1614637 0.09923141 0.10019799 0.07029950 0.02734647 0.036008296 0.028488861 0.017352790 0.005623800 0.0132178600 0.0067670954 1.316410e-02 0.014388762
   94    1      2      0    0      1      -1      -1   500  0.16448488 0.2142784 0.1976235 0.10318067 0.11495889 0.06747216 0.03373901 0.022165125 0.018024255 0.012716262 0.006579150 0.0128216660 0.0079893333 7.504285e-03 0.016462408
   96    1      2      0    0      1      -1      -1   500  0.13930922 0.2333632 0.1555451 0.11998782 0.07922556 0.05895328 0.04528872 0.046207451 0.043749897 0.015366937 0.015667058 0.0063097255 0.0082751955 8.124298e-03 0.024626521
   98    1      2      0    0      1      -1      -1   500  0.15599398 0.1963457 0.1942654 0.11255149 0.08948270 0.06440663 0.07027301 0.020253216 0.017428436 0.031474750 0.021923847 0.0096947327 0.0026057640 2.525881e-03 0.010774469
  100    1      2      0    0      1      -1      -1   500  0.14009022 0.2335332 0.1728637 0.10429388 0.06970107 0.05466486 0.05585269 0.062278265 0.025283568 0.017105856 0.018437863 0.0128178599 0.0082363616 4.659787e-03 0.020180837
   60    1      1      0    0      1       4       4     2  2.00000000 0.0000000 0.0000000 0.00000000 0.00000000 0.00000000 0.00000000 0.000000000 0.000000000 0.000000000 0.000000000 0.0000000000 0.0000000000 0.000000e+00 0.000000000
   60    1      1      0    0      1       5       5     1  1.00000000 0.0000000 0.0000000 0.00000000 0.00000000 0.00000000 0.00000000 0.000000000 0.000000000 0.000000000 0.000000000 0.0000000000 0.0000000000 0.000000e+00 0.000000000
   60    1      1      0    0      1       7       7     2  2.00000000 0.0000000 0.0000000 0.00000000 0.00000000 0.00000000 0.00000000 0.000000000 0.000000000 0.000000000 0.000000000 0.0000000000 0.0000000000 0.000000e+00 0.000000000
   60    1      1      0    0      1       8       8     2  2.00000000 0.0000000 0.0000000 0.00000000 0.00000000 0.00000000 0.00000000 0.000000000 0.000000000 0.000000000 0.000000000 0.0000000000 0.0000000000 0.000000e+00 0.000000000
   60    1      1      0    0      1       9       9     7  7.00000000 0.0000000 0.0000000 0.00000000 0.00000000 0.00000000 0.00000000 0.000000000 0.000000000 0.000000000 0.000000000 0.0000000000 0.0000000000 0.000000e+00 0.000000000
   60    1      1      0    0      1      10      10     9  9.00000000 0.0000000 0.0000000 0.00000000 0.00000000 0.00000000 0.00000000 0.000000000 0.000000000 0.000000000 0.000000000 0.0000000000 0.0000000000 0.000000e+00 0.000000000
   60    1      1      0    0      1      11      11     8  8.00000000 0.0000000 0.0000000 0.00000000 0.00000000 0.00000000 0.00000000 0.000000000 0.000000000 0.000000000 0.000000000 0.0000000000 0.0000000000 0.000000e+00 0.000000000
   60    1      1      0    0      1      12      12     3  3.00000000 0.0000000 0.0000000 0.00000000 0.00000000 0.00000000 0.00000000 0.000000000 0.000000000 0.000000000 0.000000000 0.0000000000 0.0000000000 0.000000e+00 0.000000000
   60    1      1      0    0      1      13      13     8  8.00000000 0.0000000 0.0000000 0.00000000 0.00000000 0.00000000 0.00000000 0.000000000 0.000000000 0.000000000 0.000000000 0.0000000000 0.0000000000 0.000000e+00 0.000000000
   60    1      1      0    0      1      14      14     2  2.00000000 0.0000000 0.0000000 0.00000000 0.00000000 0.00000000 0.00000000 0.000000000 0.000000000 0.000000000 0.000000000 0.0000000000 0.0000000000 0.000000e+00 0.000000000
   60    1      1      0    0      1      15      15     4  4.00000000 0.0000000 0.0000000 0.00000000 0.00000000 0.00000000 0.00000000 0.000000000 0.000000000 0.000000000 0.000000000 0.0000000000 0.0000000000 0.000000e+00 0.000000000
   60    1      1      0    0      1      16      16     5  5.00000000 0.0000000 0.0000000 0.00000000 0.00000000 0.00000000 0.00000000 0.000000000 0.000000000 0.000000000 0.000000000 0.0000000000 0.0000000000 0.000000e+00 0.000000000
   60    1      1      0    0      1      17      17     3  3.00000000 0.0000000 0.0000000 0.00000000 0.00000000 0.00000000 0.00000000 0.000000000 0.000000000 0.000000000 0.000000000 0.0000000000 0.0000000000 0.000000e+00 0.000000000
   60    1      1      0    0      1      18      18     3  3.00000000 0.0000000 0.0000000 0.00000000 0.00000000 0.00000000 0.00000000 0.000000000 0.000000000 0.000000000 0.000000000 0.0000000000 0.0000000000 0.000000e+00 0.000000000
   60    1      1      0    0      1      19      19     3  3.00000000 0.0000000 0.0000000 0.00000000 0.00000000 0.00000000 0.00000000 0.000000000 0.000000000 0.000000000 0.000000000 0.0000000000 0.0000000000 0.000000e+00 0.000000000
   60    1      1      0    0      1      20      20     1  1.00000000 0.0000000 0.0000000 0.00000000 0.00000000 0.00000000 0.00000000 0.000000000 0.000000000 0.000000000 0.000000000 0.0000000000 0.0000000000 0.000000e+00 0.000000000
   60    1      1      0    0      1      21      21     4  4.00000000 0.0000000 0.0000000 0.00000000 0.00000000 0.00000000 0.00000000 0.000000000 0.000000000 0.000000000 0.000000000 0.0000000000 0.0000000000 0.000000e+00 0.000000000
   60    1      1      0    0      1      22      22     6  6.00000000 0.0000000 0.0000000 0.00000000 0.00000000 0.00000000 0.00000000 0.000000000 0.000000000 0.000000000 0.000000000 0.0000000000 0.0000000000 0.000000e+00 0.000000000
   60    1      1      0    0      1      23      23     1  1.00000000 0.0000000 0.0000000 0.00000000 0.00000000 0.00000000 0.00000000 0.000000000 0.000000000 0.000000000 0.000000000 0.0000000000 0.0000000000 0.000000e+00 0.000000000
   60    1      1      0    0      1      24      24     1  1.00000000 0.0000000 0.0000000 0.00000000 0.00000000 0.00000000 0.00000000 0.000000000 0.000000000 0.000000000 0.000000000 0.0000000000 0.0000000000 0.000000e+00 0.000000000
   60    1      1      0    0      1      25      25     4  4.00000000 0.0000000 0.0000000 0.00000000 0.00000000 0.00000000 0.00000000 0.000000000 0.000000000 0.000000000 0.000000000 0.0000000000 0.0000000000 0.000000e+00 0.000000000
   60    1      1      0    0      1      26      26     7  7.00000000 0.0000000 0.0000000 0.00000000 0.00000000 0.00000000 0.00000000 0.000000000 0.000000000 0.000000000 0.000000000 0.0000000000 0.0000000000 0.000000e+00 0.000000000
   60    1      1      0    0      1      27      27     4  4.00000000 0.0000000 0.0000000 0.00000000 0.00000000 0.00000000 0.00000000 0.000000000 0.000000000 0.000000000 0.000000000 0.0000000000 0.0000000000 0.000000e+00 0.000000000
   60    1      1      0    0      1      28      28     1  1.00000000 0.0000000 0.0000000 0.00000000 0.00000000 0.00000000 0.00000000 0.000000000 0.000000000 0.000000000 0.000000000 0.0000000000 0.0000000000 0.000000e+00 0.000000000
   60    1      1      0    0      1      29      29     1  0.00000000 1.0000000 0.0000000 0.00000000 0.00000000 0.00000000 0.00000000 0.000000000 0.000000000 0.000000000 0.000000000 0.0000000000 0.0000000000 0.000000e+00 0.000000000
   60    1      1      0    0      1      30      30     1  0.00000000 1.0000000 0.0000000 0.00000000 0.00000000 0.00000000 0.00000000 0.000000000 0.000000000 0.000000000 0.000000000 0.0000000000 0.0000000000 0.000000e+00 0.000000000
   60    1      1      0    0      1      31      31     3  1.00000000 2.0000000 0.0000000 0.00000000 0.00000000 0.00000000 0.00000000 0.000000000 0.000000000 0.000000000 0.000000000 0.0000000000 0.0000000000 0.000000e+00 0.000000000
   60    1      1      0    0      1      33      33     3  0.00000000 3.0000000 0.0000000 0.00000000 0.00000000 0.00000000 0.00000000 0.000000000 0.000000000 0.000000000 0.000000000 0.0000000000 0.0000000000 0.000000e+00 0.000000000
   60    1      1      0    0      1      36      36     1  0.00000000 1.0000000 0.0000000 0.00000000 0.00000000 0.00000000 0.00000000 0.000000000 0.000000000 0.000000000 0.000000000 0.0000000000 0.0000000000 0.000000e+00 0.000000000
  100    1      1      0    0      1       4       4     3  3.00000000 0.0000000 0.0000000 0.00000000 0.00000000 0.00000000 0.00000000 0.000000000 0.000000000 0.000000000 0.000000000 0.0000000000 0.0000000000 0.000000e+00 0.000000000
  100    1      1      0    0      1       5       5     2  2.00000000 0.0000000 0.0000000 0.00000000 0.00000000 0.00000000 0.00000000 0.000000000 0.000000000 0.000000000 0.000000000 0.0000000000 0.0000000000 0.000000e+00 0.000000000
  100    1      1      0    0      1       9       9     5  5.00000000 0.0000000 0.0000000 0.00000000 0.00000000 0.00000000 0.00000000 0.000000000 0.000000000 0.000000000 0.000000000 0.0000000000 0.0000000000 0.000000e+00 0.000000000
  100    1      1      0    0      1      10      10     4  4.00000000 0.0000000 0.0000000 0.00000000 0.00000000 0.00000000 0.00000000 0.000000000 0.000000000 0.000000000 0.000000000 0.0000000000 0.0000000000 0.000000e+00 0.000000000
  100    1      1      0    0      1      11      11     6  6.00000000 0.0000000 0.0000000 0.00000000 0.00000000 0.00000000 0.00000000 0.000000000 0.000000000 0.000000000 0.000000000 0.0000000000 0.0000000000 0.000000e+00 0.000000000
  100    1      1      0    0      1      12      12     3  3.00000000 0.0000000 0.0000000 0.00000000 0.00000000 0.00000000 0.00000000 0.000000000 0.000000000 0.000000000 0.000000000 0.0000000000 0.0000000000 0.000000e+00 0.000000000
  100    1      1      0    0      1      13      13     1  1.00000000 0.0000000 0.0000000 0.00000000 0.00000000 0.00000000 0.00000000 0.000000000 0.000000000 0.000000000 0.000000000 0.0000000000 0.0000000000 0.000000e+00 0.000000000
  100    1      1      0    0      1      14      14     6  6.00000000 0.0000000 0.0000000 0.00000000 0.00000000 0.00000000 0.00000000 0.000000000 0.000000000 0.000000000 0.000000000 0.0000000000 0.0000000000 0.000000e+00 0.000000000
  100    1      1      0    0      1      15      15     2  2.00000000 0.0000000 0.0000000 0.00000000 0.00000000 0.00000000 0.00000000 0.000000000 0.000000000 0.000000000 0.000000000 0.0000000000 0.0000000000 0.000000e+00 0.000000000
  100    1      1      0    0      1      16      16     8  8.00000000 0.0000000 0.0000000 0.00000000 0.00000000 0.00000000 0.00000000 0.000000000 0.000000000 0.000000000 0.000000000 0.0000000000 0.0000000000 0.000000e+00 0.000000000
  100    1      1      0    0      1      17      17     1  1.00000000 0.0000000 0.0000000 0.00000000 0.00000000 0.00000000 0.00000000 0.000000000 0.000000000 0.000000000 0.000000000 0.0000000000 0.0000000000 0.000000e+00 0.000000000
  100    1      1      0    0      1      18      18     4  4.00000000 0.0000000 0.0000000 0.00000000 0.00000000 0.00000000 0.00000000 0.000000000 0.000000000 0.000000000 0.000000000 0.0000000000 0.0000000000 0.000000e+00 0.000000000
  100    1      1      0    0      1      19      19     6  6.00000000 0.0000000 0.0000000 0.00000000 0.00000000 0.00000000 0.00000000 0.000000000 0.000000000 0.000000000 0.000000000 0.0000000000 0.0000000000 0.000000e+00 0.000000000
  100    1      1      0    0      1      20      20    12 12.00000000 0.0000000 0.0000000 0.00000000 0.00000000 0.00000000 0.00000000 0.000000000 0.000000000 0.000000000 0.000000000 0.0000000000 0.0000000000 0.000000e+00 0.000000000
  100    1      1      0    0      1      21      21     3  3.00000000 0.0000000 0.0000000 0.00000000 0.00000000 0.00000000 0.00000000 0.000000000 0.000000000 0.000000000 0.000000000 0.0000000000 0.0000000000 0.000000e+00 0.000000000
  100    1      1      0    0      1      22      22     3  3.00000000 0.0000000 0.0000000 0.00000000 0.00000000 0.00000000 0.00000000 0.000000000 0.000000000 0.000000000 0.000000000 0.0000000000 0.0000000000 0.000000e+00 0.000000000
  100    1      1      0    0      1      23      23     4  4.00000000 0.0000000 0.0000000 0.00000000 0.00000000 0.00000000 0.00000000 0.000000000 0.000000000 0.000000000 0.000000000 0.0000000000 0.0000000000 0.000000e+00 0.000000000
  100    1      1      0    0      1      24      24     3  3.00000000 0.0000000 0.0000000 0.00000000 0.00000000 0.00000000 0.00000000 0.000000000 0.000000000 0.000000000 0.000000000 0.0000000000 0.0000000000 0.000000e+00 0.000000000
  100    1      1      0    0      1      25      25     3  3.00000000 0.0000000 0.0000000 0.00000000 0.00000000 0.00000000 0.00000000 0.000000000 0.000000000 0.000000000 0.000000000 0.0000000000 0.0000000000 0.000000e+00 0.000000000
  100    1      1      0    0      1      26      26     1  1.00000000 0.0000000 0.0000000 0.00000000 0.00000000 0.00000000 0.00000000 0.000000000 0.000000000 0.000000000 0.000000000 0.0000000000 0.0000000000 0.000000e+00 0.000000000
  100    1      1      0    0      1      27      27     7  7.00000000 0.0000000 0.0000000 0.00000000 0.00000000 0.00000000 0.00000000 0.000000000 0.000000000 0.000000000 0.000000000 0.0000000000 0.0000000000 0.000000e+00 0.000000000
  100    1      1      0    0      1      28      28     4  2.00000000 2.0000000 0.0000000 0.00000000 0.00000000 0.00000000 0.00000000 0.000000000 0.000000000 0.000000000 0.000000000 0.0000000000 0.0000000000 0.000000e+00 0.000000000
  100    1      1      0    0      1      29      29     2  1.00000000 1.0000000 0.0000000 0.00000000 0.00000000 0.00000000 0.00000000 0.000000000 0.000000000 0.000000000 0.000000000 0.0000000000 0.0000000000 0.000000e+00 0.000000000
  100    1      1      0    0      1      30      30     2  0.00000000 2.0000000 0.0000000 0.00000000 0.00000000 0.00000000 0.00000000 0.000000000 0.000000000 0.000000000 0.000000000 0.0000000000 0.0000000000 0.000000e+00 0.000000000
  100    1      1      0    0      1      32      32     1  0.00000000 1.0000000 0.0000000 0.00000000 0.00000000 0.00000000 0.00000000 0.000000000 0.000000000 0.000000000 0.000000000 0.0000000000 0.0000000000 0.000000e+00 0.000000000
  100    1      1      0    0      1      34      34     1  0.00000000 1.0000000 0.0000000 0.00000000 0.00000000 0.00000000 0.00000000 0.000000000 0.000000000 0.000000000 0.000000000 0.0000000000 0.0000000000 0.000000e+00 0.000000000
  100    1      1      0    0      1      36      36     1  0.00000000 1.0000000 0.0000000 0.00000000 0.00000000 0.00000000 0.00000000 0.000000000 0.000000000 0.000000000 0.000000000 0.0000000000 0.0000000000 0.000000e+00 0.000000000
  100    1      1      0    0      1      37      37     1  0.00000000 1.0000000 0.0000000 0.00000000 0.00000000 0.00000000 0.00000000 0.000000000 0.000000000 0.000000000 0.000000000 0.0000000000 0.0000000000 0.000000e+00 0.000000000
  100    1      1      0    0      1      38      38     1  0.00000000 1.0000000 0.0000000 0.00000000 0.00000000 0.00000000 0.00000000 0.000000000 0.000000000 0.000000000 0.000000000 0.0000000000 0.0000000000 0.000000e+00 0.000000000
0 #_N_MeanSize_at_Age_obs
0 #_N_environ_variables
0 #_N_environ_obs
0 #_N_sizefreq_methods
0 #_do_tags
0 #_morphcomp_data
#
999
