#C data file created using the SS_writedat function in the R package r4ss
#C should work with SS version: 
#C file write time: 2015-02-11 18:28:41
#
1 #_styr
100 #_endyr
1 #_nseas
12 #_months_per_seas
1 #_spawn_seas
1 #_Nfleet
2 #_Nsurveys
1 #_N_areas
Fishery%Survey%CPUE #_fleetnames
0.5 0.5 0.5 #_surveytiming_in_season
1 1 1 #_area_assignments_for_each_fishery_and_survey
1 #_units of catch:  1=bio; 2=num
0.01 #_se of log(catch) only used for init_eq_catch and for Fmethod 2 and 3
1 #_Ngenders
25 #_Nages
0 #_init_equil_catch_for_each_fishery
100 #_N_lines_of_catch_to_read
 #_Fishery year seas
         0    1    1
         0    2    1
         0    3    1
         0    4    1
         0    5    1
         0    6    1
         0    7    1
         0    8    1
         0    9    1
         0   10    1
         0   11    1
         0   12    1
         0   13    1
         0   14    1
         0   15    1
         0   16    1
         0   17    1
         0   18    1
         0   19    1
         0   20    1
         0   21    1
         0   22    1
         0   23    1
         0   24    1
         0   25    1
 444646000   26    1
 397608000   27    1
 357583000   28    1
 324161000   29    1
 296656000   30    1
 274240000   31    1
 256057000   32    1
 241314000   33    1
 229322000   34    1
 219511000   35    1
 211426000   36    1
 204710000   37    1
 199088000   38    1
 194347000   39    1
 190324000   40    1
 186891000   41    1
 183948000   42    1
 181416000   43    1
 179230000   44    1
 177337000   45    1
 175694000   46    1
 174266000   47    1
 173022000   48    1
 171937000   49    1
 170990000   50    1
 170161000   51    1
 169436000   52    1
 168801000   53    1
 168243000   54    1
 167755000   55    1
 167325000   56    1
 166948000   57    1
 166617000   58    1
 166326000   59    1
 166070000   60    1
 165844000   61    1
 165646000   62    1
 165471000   63    1
 165317000   64    1
 165182000   65    1
 165063000   66    1
 164958000   67    1
 164865000   68    1
 164784000   69    1
 164712000   70    1
 164649000   71    1
 164593000   72    1
 164544000   73    1
 164500000   74    1
 164462000   75    1
 164429000   76    1
 164399000   77    1
 164373000   78    1
 164350000   79    1
 164329000   80    1
 164311000   81    1
 164296000   82    1
 164282000   83    1
 164269000   84    1
 164258000   85    1
 164249000   86    1
 164240000   87    1
 164233000   88    1
 164227000   89    1
 164221000   90    1
 164216000   91    1
 164211000   92    1
 164207000   93    1
 164204000   94    1
 164201000   95    1
 164198000   96    1
 164195000   97    1
 164193000   98    1
 164192000   99    1
 164190000  100    1
13 #_N_cpue
 #_Fleet Units Errtype
       1     1       0
       2     1       0
       3     1       0
 #_year seas index        obs se_log
     76    1     2 1177396049    0.2
     78    1     2 1158067695    0.2
     80    1     2 1318208354    0.2
     82    1     2 1493123462    0.2
     84    1     2 1479346761    0.2
     86    1     2 1548745467    0.2
     88    1     2 1753063252    0.2
     90    1     2 1326287640    0.2
     92    1     2 1513059822    0.2
     94    1     2 1735566650    0.2
     96    1     2 1188650189    0.2
     98    1     2 1467886645    0.2
    100    1     2 1629908107    0.2
0 #_N_discard_fleets
#_discard_units (1=same_as_catchunits(bio/num); 2=fraction; 3=numbers)
#_discard_errtype:  >0 for DF of T-dist(read CV below); 0 for normal with CV; -1 for normal with se; -2 for lognormal
0 #_N_discard
0 #_N_meanbodywt
1 #_DF_for_meanbodywt_T-distribution_like
2 # length bin method: 1=use databins; 2=generate from binwidth,min,max below; 3=read vector
1 # binwidth for population size comp
10 # minimum size in the population (lower edge of first bin and size at age 0.00)
200 # maximum size in the population (lower edge of last bin)
-0.001 #_comp_tail_compression
1e-05 #_add_to_comp
0 #_combine males into females at or below this bin number
45 #_N_lbins
#_lbin_vector
20 23 26 29 32 35 38 41 44 47 50 53 56 59 62 65 68 71 74 77 80 83 86 89 92 95 98 101 104 107 110 113 116 119 122 125 128 131 134 137 140 143 146 149 152
28 #_N_Length_comp_observations
 #_Yr Seas FltSvy Gender Part Nsamp           l20          l23          l26          l29         l32          l35          l38         l41        l44        l47        l50        l53        l56        l59        l62        l65        l68        l71        l74         l77        l80         l83         l86        l89        l92        l95         l98        l101        l104        l107        l110        l113        l116         l119         l122        l125         l128         l131         l134         l137         l140         l143         l146         l149         l152
   26    1      1      0    0   125 8.292641e-171 1.271742e-09 1.533568e-05 0.0066039965 0.014532688 0.0031336424 1.496161e-04 0.013994679 0.04987697 0.01983613 0.04122365 0.01692208 0.01441320 0.01323438 0.03459135 0.04250897 0.02112459 0.04353158 0.01091075 0.027650542 0.04038501 0.021777881 0.006096447 0.02427006 0.01718643 0.02742334 0.056306927 0.049314002 0.050885337 0.054173047 0.040858861 0.027522560 0.055978821 0.0198226430 0.0329724436 0.030257987 1.038288e-02 0.0138207327 1.158801e-02 5.205276e-04 8.757040e-04 1.215115e-02 7.923328e-03 1.175535e-02 1.496358e-03
   36    1      1      0    0   125 1.103404e-211 7.477170e-10 2.506840e-04 0.0025089941 0.010767939 0.0026613882 3.798339e-03 0.013961227 0.02001440 0.04428464 0.10672242 0.03526689 0.04297711 0.02566240 0.03978497 0.04779365 0.07279910 0.03834325 0.03058854 0.019674022 0.01628952 0.031658324 0.043197534 0.06519549 0.02218473 0.02534140 0.027922495 0.074514989 0.030157337 0.010858160 0.009636751 0.040133170 0.002328896 0.0099553001 0.0081901601 0.010492042 4.989867e-03 0.0043296935 6.824182e-04 7.550711e-04 1.544087e-03 1.159839e-04 1.479699e-03 1.867956e-04 1.164258e-07
   46    1      1      0    0   125  2.437163e-36 3.369283e-37 4.038181e-08 0.0053711655 0.008417654 0.0130794906 3.192534e-04 0.033956461 0.02114934 0.06791600 0.04658510 0.03902405 0.05051229 0.02054313 0.05031933 0.02998413 0.02436865 0.04250784 0.03943969 0.041885675 0.02803893 0.016638283 0.063036178 0.03702020 0.01773826 0.06863729 0.043145412 0.020947626 0.024112039 0.010849643 0.036697390 0.012591416 0.033259087 0.0102130948 0.0011046851 0.014434894 4.079887e-03 0.0079419771 1.921546e-03 3.594844e-09 3.037512e-03 5.167727e-03 1.757997e-06 3.964516e-03 4.132028e-05
   56    1      1      0    0   125  0.000000e+00 7.898145e-08 2.798911e-05 0.0096295704 0.009859608 0.0047562852 9.083946e-05 0.014970668 0.03052229 0.05324586 0.11963639 0.04221258 0.01854541 0.01952952 0.04410579 0.07096200 0.04026046 0.04270013 0.05229184 0.026731728 0.02668994 0.031058561 0.024295573 0.04428818 0.06165288 0.04381021 0.009848653 0.021852881 0.037303949 0.014730813 0.014676227 0.010436462 0.001508547 0.0336602994 0.0032857318 0.004345885 4.170101e-05 0.0063778430 7.905827e-03 7.415182e-04 6.103305e-04 5.292571e-05 2.960053e-06 6.238726e-07 7.424231e-04
   60    1      1      0    0   125 5.836045e-213 1.914028e-15 1.692688e-02 0.0177006056 0.008942366 0.0076779600 6.067760e-03 0.011682096 0.02341547 0.06142586 0.02218895 0.08007071 0.07705934 0.04185626 0.03411753 0.06745972 0.03740415 0.03265962 0.02861545 0.024364724 0.03256171 0.019877011 0.032645337 0.02144391 0.01176834 0.07350662 0.017043935 0.037204093 0.012763990 0.012006675 0.031344039 0.030738202 0.016542970 0.0061464643 0.0178896840 0.006348842 7.125633e-04 0.0072171214 3.520307e-03 2.541919e-04 7.391551e-03 7.222882e-04 7.012781e-04 1.722442e-08 1.340177e-05
   64    1      1      0    0   125 5.343803e-298 4.161062e-03 8.414625e-04 0.0129884962 0.001774448 0.0017792646 1.221141e-04 0.011013538 0.07611363 0.05401319 0.02330267 0.06486032 0.02957822 0.04126492 0.02848077 0.08645260 0.02051734 0.06832272 0.05427766 0.033197563 0.04523689 0.030656601 0.027910082 0.04441118 0.03184834 0.03522998 0.021061619 0.016193325 0.014261553 0.020566461 0.019511092 0.006516269 0.011875987 0.0160435431 0.0009737753 0.016072105 1.046385e-02 0.0004770636 9.021134e-03 2.475873e-03 1.247375e-05 3.741563e-04 2.412503e-13 5.547096e-03 1.975640e-04
   68    1      1      0    0   125 1.154156e-121 1.926098e-03 1.251519e-02 0.0001885632 0.014627664 0.0197522724 5.806384e-03 0.015054836 0.03896946 0.06277353 0.05150527 0.03097538 0.03008669 0.04494199 0.08854639 0.04595055 0.04501335 0.01613885 0.06636736 0.039993278 0.05817686 0.045407702 0.038817016 0.04743217 0.02271282 0.03064093 0.008499278 0.027189254 0.009372843 0.009091522 0.004282456 0.024158061 0.012228247 0.0031681530 0.0079891342 0.006004168 7.178013e-04 0.0092882862 1.442355e-03 1.296615e-03 9.498174e-04 1.395181e-06 2.152478e-11 2.785822e-11 7.730535e-10
   72    1      1      0    0   125  7.475116e-26 5.033571e-04 1.932081e-02 0.0059966506 0.004471878 0.0089278920 1.727785e-03 0.005103026 0.02045905 0.15830898 0.06297541 0.02846946 0.02513420 0.08713034 0.02646618 0.06298822 0.03361963 0.02973191 0.04493059 0.016674175 0.02908994 0.008485299 0.053601068 0.02835745 0.02816054 0.05625062 0.018608677 0.029133859 0.018112015 0.004124989 0.016961305 0.005488339 0.008345517 0.0042517904 0.0095706490 0.007412946 1.224524e-03 0.0006114951 1.259245e-03 4.611264e-04 7.461553e-03 2.789527e-06 2.048697e-06 2.089210e-10 2.008268e-02
   76    1      1      0    0   125 1.614796e-278 3.384778e-10 3.867391e-05 0.0057972182 0.037528096 0.0053772978 6.685329e-04 0.003398770 0.07429801 0.05955041 0.06567345 0.03092750 0.01446237 0.03078923 0.05776607 0.03495193 0.03154201 0.08558566 0.01919796 0.006154537 0.05720413 0.057483445 0.009807852 0.02752117 0.05163889 0.02135180 0.041867326 0.014972726 0.033188407 0.010573242 0.011656444 0.021448867 0.010561975 0.0169466860 0.0109253302 0.010249239 1.128420e-03 0.0168001545 1.040739e-03 1.750835e-07 5.773392e-03 7.664935e-04 1.496470e-11 2.010070e-03 1.375302e-03
   80    1      1      0    0   125 5.225479e-140 8.464761e-16 6.879657e-05 0.0073976329 0.012314995 0.0005373342 8.457542e-05 0.019725604 0.04229615 0.04308283 0.09879601 0.03481314 0.03446549 0.02206582 0.03356571 0.09242724 0.07624788 0.05329583 0.03035768 0.009450271 0.05597416 0.035031096 0.028270939 0.02076362 0.01788691 0.01973840 0.036980529 0.021937357 0.041128546 0.017017552 0.012073060 0.008697271 0.020506217 0.0093628017 0.0162351713 0.002571523 4.547049e-03 0.0108886838 5.205536e-03 2.362757e-03 6.059188e-06 1.286124e-05 1.414616e-04 1.667409e-03 2.698597e-08
   84    1      1      0    0   125 1.362203e-126 5.588099e-07 6.695715e-03 0.0286489742 0.001832373 0.0059289899 1.579762e-02 0.025586029 0.04019468 0.04719822 0.09595952 0.03273310 0.01844292 0.02579813 0.07389574 0.03284837 0.05869589 0.02353434 0.02668397 0.033560492 0.03138356 0.021025460 0.018607955 0.04054795 0.02426112 0.04151939 0.043722191 0.010900003 0.062096479 0.016829747 0.009076697 0.004706333 0.018674266 0.0038310668 0.0143538739 0.015246020 1.187716e-03 0.0200257889 9.149988e-05 7.508640e-04 2.354534e-03 1.259158e-11 2.641302e-05 3.437992e-05 4.711074e-03
   88    1      1      0    0   125  1.020142e-72 6.572096e-29 4.171379e-03 0.0067902799 0.015593904 0.0083855200 3.052693e-03 0.020363791 0.05593598 0.04444263 0.07245912 0.04354436 0.01912591 0.04406470 0.02721908 0.04116574 0.02339895 0.07285532 0.02158073 0.031420056 0.05270840 0.056935499 0.006178148 0.03784827 0.02962751 0.02597289 0.042423151 0.020188156 0.009932641 0.026993096 0.061107347 0.015659553 0.012858446 0.0138187104 0.0016860199 0.004889208 4.045468e-04 0.0001179759 3.640840e-03 1.220668e-03 5.622542e-04 1.812936e-02 5.349863e-04 5.013834e-08 9.921295e-04
   92    1      1      0    0   125  6.465099e-18 3.316299e-23 8.986581e-05 0.0180696951 0.022208283 0.0145556064 1.519125e-03 0.012613191 0.02824738 0.06394048 0.10745100 0.03906760 0.04045867 0.02139283 0.04537559 0.06237642 0.05494824 0.05505388 0.04333788 0.008991999 0.04268176 0.014348932 0.020908300 0.01936152 0.04831437 0.02910957 0.033250512 0.032872056 0.033009878 0.002501301 0.002675125 0.011876115 0.009352621 0.0004880434 0.0115261738 0.006657570 1.126777e-02 0.0009850937 6.045442e-04 5.242723e-03 1.900603e-02 3.016496e-03 1.199506e-03 4.622952e-05 3.214552e-14
   96    1      1      0    0   125 4.117541e-132 2.729799e-04 5.907472e-03 0.0397700039 0.001478454 0.0117908117 8.868626e-03 0.020906322 0.03123421 0.03139631 0.10059027 0.07116951 0.04165217 0.04382084 0.01004851 0.06998695 0.03570270 0.02206793 0.02914169 0.028899701 0.02404416 0.009113524 0.036494742 0.05971487 0.05633136 0.02509584 0.031830664 0.028805597 0.026375573 0.013044778 0.012211477 0.013715171 0.005314249 0.0146912585 0.0136854038 0.006209742 7.494012e-03 0.0005120747 8.453606e-03 7.325334e-06 1.134447e-08 7.979771e-07 1.148770e-17 7.686866e-05 2.071446e-03
  100    1      1      0    0   125 1.443292e-198 1.390918e-09 1.084537e-02 0.0075947136 0.020886869 0.0045888500 1.913755e-03 0.008655072 0.07503515 0.04801515 0.03243599 0.03818048 0.03670684 0.03527514 0.04087146 0.04170282 0.04431263 0.04350117 0.03728704 0.035460310 0.06251187 0.050105509 0.017185853 0.02400830 0.03586392 0.03269083 0.015371243 0.027106404 0.071392268 0.019457766 0.005572176 0.011657653 0.002074515 0.0373650014 0.0013486585 0.002867740 9.072971e-03 0.0003505832 6.465950e-04 6.561515e-03 5.050089e-06 1.404320e-05 3.457711e-03 4.300328e-05 2.816890e-08
   76    1      2      0    0   500  2.578973e-05 2.869995e-04 1.460614e-02 0.0536410716 0.046121603 0.0200371557 6.003257e-03 0.019790817 0.05463669 0.04428979 0.03869144 0.05006025 0.02519783 0.03753723 0.02415299 0.04178454 0.03492439 0.04841128 0.04890724 0.029486218 0.03344262 0.038515297 0.030891669 0.02118561 0.02848421 0.02492157 0.024126952 0.016479889 0.014044954 0.030679662 0.027107579 0.010219440 0.009055079 0.0096294920 0.0142250908 0.009874173 2.504798e-03 0.0022406193 1.093963e-03 7.851749e-03 2.647947e-03 1.745519e-04 5.240411e-04 2.776038e-04 1.208710e-03
   78    1      2      0    0   500  5.735574e-10 8.188102e-04 2.614900e-02 0.0572395016 0.049692406 0.0140605783 1.118510e-02 0.018323401 0.05378087 0.05119809 0.06377598 0.06072984 0.03386943 0.02822008 0.04607449 0.02814505 0.03643739 0.03477574 0.02908232 0.029564375 0.04237038 0.021652485 0.027660808 0.02011857 0.01522311 0.02464754 0.010943952 0.023811314 0.020122365 0.010308769 0.015524925 0.016251982 0.022803931 0.0110976765 0.0093024194 0.004152103 4.179738e-03 0.0177073006 1.659683e-03 1.505446e-03 3.204444e-03 7.635599e-04 5.181281e-04 3.779082e-05 1.309147e-03
   80    1      2      0    0   500  2.587455e-10 3.213246e-03 1.592152e-02 0.0667491970 0.056918740 0.0153574235 9.307745e-03 0.016406227 0.03383525 0.04748565 0.05625159 0.04221241 0.03397860 0.03773502 0.04071413 0.03892666 0.04001962 0.03321137 0.02642039 0.030211635 0.03819303 0.029036074 0.037297566 0.03138348 0.02889006 0.02027886 0.027088469 0.022465496 0.027490314 0.011678199 0.007102234 0.009243830 0.010217181 0.0038300176 0.0092120264 0.010070329 2.998825e-03 0.0032110257 6.792771e-03 1.024407e-02 2.116824e-03 1.490840e-03 7.763622e-04 2.607233e-03 1.408460e-03
   82    1      2      0    0   500  1.287912e-13 3.416785e-03 1.592210e-02 0.0390537355 0.030986751 0.0259348427 8.929618e-03 0.014725696 0.05944253 0.07374630 0.04519432 0.04187138 0.03556595 0.03718993 0.03096396 0.03984848 0.03627761 0.02242675 0.03481567 0.027660442 0.03059803 0.029554013 0.026973786 0.02121588 0.03337072 0.01576998 0.015695051 0.038372323 0.028470833 0.022633224 0.022160875 0.011346035 0.018716632 0.0194709437 0.0112019709 0.007970512 4.755282e-03 0.0058467876 4.450629e-03 3.794964e-03 2.081010e-03 1.891218e-05 3.454613e-05 6.562609e-05 1.458571e-03
   84    1      2      0    0   500  1.238983e-26 3.133438e-03 2.311416e-02 0.0467232939 0.047850116 0.0206966636 1.866007e-02 0.021833662 0.04644967 0.05188861 0.05098130 0.04054207 0.02782386 0.02689525 0.04000368 0.03011790 0.04976309 0.02331782 0.02513354 0.058437560 0.02650077 0.031571342 0.029342966 0.02558228 0.02488462 0.02485874 0.026425127 0.018971084 0.016818485 0.025820307 0.013241146 0.016129475 0.008006262 0.0207156808 0.0123392385 0.004503534 9.181374e-03 0.0044149097 1.637944e-03 1.236120e-04 2.189468e-03 3.586972e-05 5.314381e-06 2.936128e-03 3.985763e-04
   86    1      2      0    0   500  3.893724e-06 2.350488e-03 1.310680e-02 0.0429428977 0.038780272 0.0147727682 1.073467e-02 0.013805939 0.02999626 0.06024879 0.06021313 0.04244639 0.04123715 0.05062837 0.05161629 0.04116135 0.05323335 0.02625708 0.03463227 0.041765983 0.03170715 0.039215650 0.034901755 0.02243640 0.02127210 0.01606032 0.021778126 0.022828704 0.021875590 0.012060114 0.013278378 0.015219154 0.011909670 0.0062101905 0.0057272663 0.011088143 7.231984e-03 0.0087011525 2.969815e-03 1.524035e-03 9.509466e-04 1.413991e-05 8.841364e-04 6.919886e-05 1.517459e-04
   88    1      2      0    0   500  8.225233e-04 3.129747e-03 1.251690e-02 0.0517349553 0.033872819 0.0261784185 2.026557e-02 0.015160835 0.02625025 0.06284067 0.04035451 0.05592977 0.02199542 0.02868007 0.03779164 0.04516177 0.03939308 0.03482868 0.04543104 0.035354483 0.03054475 0.033745746 0.047299254 0.02338618 0.02931076 0.03063091 0.020754526 0.020379509 0.013539461 0.017743693 0.025523910 0.013044328 0.006629077 0.0133554803 0.0039457865 0.008066598 4.288207e-03 0.0048555801 3.885715e-03 2.679452e-03 4.214577e-03 1.030244e-04 1.338315e-06 2.692705e-03 1.686287e-03
   90    1      2      0    0   500  1.194474e-16 1.383508e-03 2.671432e-02 0.0376693569 0.051725514 0.0113694950 1.111657e-02 0.029414767 0.02965123 0.06321341 0.06385259 0.03774599 0.02425253 0.03513545 0.03851624 0.02469205 0.03460684 0.02857002 0.02942115 0.037802855 0.03037106 0.031274709 0.030435353 0.02920019 0.02408735 0.02316086 0.032137285 0.017125034 0.017046990 0.026658599 0.044059636 0.009532318 0.009631601 0.0076479797 0.0133346815 0.004005086 5.932563e-03 0.0113592412 1.246533e-02 1.267961e-03 1.521730e-03 1.722782e-04 3.604296e-04 8.470691e-08 3.577552e-04
   92    1      2      0    0   500  4.260592e-08 5.574964e-04 2.424365e-02 0.0663590160 0.031306057 0.0166452357 7.370624e-03 0.024497077 0.06421347 0.05182079 0.07166642 0.05207126 0.03220243 0.03045101 0.02438220 0.04435575 0.04682860 0.03952130 0.01785623 0.026344672 0.02461237 0.018041467 0.019205507 0.04240526 0.02150996 0.00966099 0.031888796 0.016510384 0.022649644 0.032969967 0.016400209 0.013756962 0.018509873 0.0119167317 0.0060861869 0.005821360 5.575638e-03 0.0008658347 7.081946e-04 3.189304e-03 7.455033e-04 1.131173e-03 1.220641e-05 1.896713e-03 1.236452e-03
   94    1      2      0    0   500  7.057639e-45 2.047092e-04 1.598265e-02 0.0473369663 0.049823078 0.0237566608 1.375344e-02 0.021500206 0.02600283 0.04423202 0.06095281 0.03204107 0.03459726 0.03702104 0.02852368 0.04036566 0.02935982 0.03286898 0.03524212 0.030837487 0.04068056 0.025131519 0.023450212 0.02952960 0.03130026 0.03483018 0.020970277 0.025874084 0.018997108 0.017566727 0.035608647 0.011883749 0.008295864 0.0104884692 0.0031219379 0.005042730 1.412354e-02 0.0105150944 8.504977e-03 4.297354e-03 8.568662e-03 5.053745e-03 1.078392e-03 3.799532e-07 6.834594e-04
   96    1      2      0    0   500  1.058098e-07 3.518979e-03 2.351932e-02 0.0528188065 0.063181226 0.0218533444 6.754169e-03 0.025432690 0.02588355 0.05197894 0.04238804 0.03137754 0.02487445 0.03162021 0.03725160 0.03156760 0.03973906 0.04463217 0.03981482 0.026770691 0.03509216 0.038452185 0.025978807 0.01762600 0.03601283 0.02170888 0.023084754 0.028470630 0.021991003 0.019137143 0.019044219 0.023533866 0.014462664 0.0083480470 0.0154380656 0.004519457 6.260115e-03 0.0076666517 1.849484e-03 1.708299e-03 8.011511e-04 2.643115e-03 9.267930e-04 2.370862e-04 2.931621e-05
   98    1      2      0    0   500  7.064037e-05 1.335490e-03 1.691501e-02 0.0499855882 0.047957402 0.0140894753 5.885963e-03 0.017807665 0.05250767 0.06309136 0.05227789 0.03166146 0.03292135 0.05403012 0.03518397 0.03673735 0.03386205 0.03239113 0.03102344 0.047365323 0.02545104 0.026154799 0.029254343 0.03388743 0.02557347 0.02089077 0.028786368 0.021484972 0.026436843 0.015991047 0.015955758 0.014893829 0.007255383 0.0123494670 0.0094783629 0.007226372 5.818167e-03 0.0031690144 4.372584e-03 1.787626e-03 2.996524e-04 3.331253e-03 1.154471e-03 1.815442e-03 8.118192e-05
  100    1      2      0    0   500  3.431823e-09 1.935270e-03 2.384084e-02 0.0650793750 0.061180247 0.0275276236 5.607887e-03 0.015611880 0.04213081 0.05796633 0.03920219 0.04797669 0.03451878 0.02798593 0.03676680 0.03445886 0.02884851 0.03913938 0.03575837 0.038362970 0.02348190 0.036839358 0.038856109 0.02387975 0.02139779 0.02691276 0.013224410 0.007713357 0.026735313 0.019319918 0.010045899 0.020188079 0.007832702 0.0095853962 0.0075414864 0.004443365 6.218758e-03 0.0139208330 5.309108e-03 4.704331e-03 5.428312e-04 4.353020e-04 1.155247e-03 1.254107e-04 5.691834e-03
15 #_N_agebins
#_agebin_vector
1 2 3 4 5 6 7 8 9 10 11 12 13 14 15
1 #_N_ageerror_definitions
 #_age0   age1   age2   age3   age4   age5   age6   age7   age8   age9  age10  age11  age12  age13  age14  age15  age16  age17  age18  age19  age20  age21  age22  age23  age24  age25
 -1.000 -1.000 -1.000 -1.000 -1.000 -1.000 -1.000 -1.000 -1.000 -1.000 -1.000 -1.000 -1.000 -1.000 -1.000 -1.000 -1.000 -1.000 -1.000 -1.000 -1.000 -1.000 -1.000 -1.000 -1.000 -1.000
  0.001  0.001  0.001  0.001  0.001  0.001  0.001  0.001  0.001  0.001  0.001  0.001  0.001  0.001  0.001  0.001  0.001  0.001  0.001  0.001  0.001  0.001  0.001  0.001  0.001  0.001
88 #_N_agecomp
1 #_Lbin_method: 1=poplenbins; 2=datalenbins; 3=lengths
-1 #_combine males into females at or below this bin number
 #_Yr Seas FltSvy Gender Part Ageerr Lbin_lo Lbin_hi Nsamp          a1        a2        a3        a4         a5         a6          a7         a8         a9         a10         a11         a12          a13          a14         a15
   26    1      1      0    0      1      -1      -1   125 0.034523148 0.1190511 0.2075330 0.1131403 0.07923466 0.12256904 0.053404482 0.09527023 0.04709270 0.029653643 0.023891732 0.007647783 0.0063224665 0.0002868694 0.060378819
   36    1      1      0    0      1      -1      -1   125 0.021429833 0.1842390 0.2697147 0.1171063 0.12198652 0.06572117 0.072687390 0.01920970 0.02384166 0.047205473 0.010632605 0.023272983 0.0086599824 0.0017766107 0.012516022
   46    1      1      0    0      1      -1      -1   125 0.044200780 0.2344652 0.1825183 0.1219511 0.11738706 0.09932417 0.069206496 0.04938992 0.02738962 0.015519294 0.004248525 0.012127735 0.0045536821 0.0068276033 0.010890471
   56    1      1      0    0      1      -1      -1   125 0.043373989 0.2603368 0.1676505 0.1264321 0.15205766 0.09179079 0.035067117 0.04819511 0.02622601 0.016791614 0.004330188 0.010391817 0.0017060120 0.0036453855 0.012004965
   60    1      1      0    0      1      -1      -1   125 0.026067143 0.2588368 0.2089230 0.1188670 0.06890900 0.04751429 0.098573158 0.07985278 0.04615663 0.022590695 0.009267517 0.003698798 0.0053219774 0.0033816384 0.002039624
   64    1      1      0    0      1      -1      -1   125 0.050732752 0.1970370 0.2119059 0.1524029 0.08020947 0.06531839 0.064148540 0.01913970 0.08093162 0.015886494 0.009270467 0.004372107 0.0313007000 0.0046775573 0.012666471
   68    1      1      0    0      1      -1      -1   125 0.027672243 0.2875201 0.1842642 0.1081079 0.12523153 0.06965353 0.052383961 0.03206959 0.02147046 0.011119112 0.028870583 0.030484675 0.0020259168 0.0008689795 0.018257212
   72    1      1      0    0      1      -1      -1   125 0.033835617 0.2510678 0.2827955 0.1003633 0.07731564 0.08198183 0.046124344 0.06003427 0.01205833 0.015400169 0.011975733 0.008618867 0.0079201207 0.0007342777 0.009774225
   76    1      1      0    0      1      -1      -1   125 0.027965250 0.2273075 0.2194372 0.1363057 0.09846395 0.05619012 0.048577430 0.06609925 0.02328279 0.026199000 0.036871815 0.004488230 0.0018349485 0.0191357991 0.007841046
   80    1      1      0    0      1      -1      -1   125 0.015270709 0.2855356 0.1212332 0.1648170 0.18825779 0.04610339 0.009458939 0.06992930 0.02320831 0.011970598 0.012656799 0.006459113 0.0129756043 0.0017828605 0.030340822
   84    1      1      0    0      1      -1      -1   125 0.006913893 0.1803236 0.2086374 0.1057996 0.13179329 0.11309703 0.107512093 0.03937902 0.02255839 0.008801279 0.029616402 0.007141470 0.0057885941 0.0030540534 0.029583841
   88    1      1      0    0      1      -1      -1   125 0.021394836 0.2025980 0.2671357 0.1593641 0.11357564 0.09939705 0.033024271 0.02070351 0.02519394 0.020414835 0.028924535 0.004293165 0.0004800521 0.0013696311 0.002130810
   92    1      1      0    0      1      -1      -1   125 0.041025725 0.1959958 0.2286576 0.1269127 0.14459458 0.08527938 0.048604136 0.03014482 0.01017730 0.013832308 0.011989350 0.034107832 0.0018512215 0.0176282587 0.009198938
   96    1      1      0    0      1      -1      -1   125 0.019975522 0.1957462 0.2225472 0.1576283 0.08927269 0.08199484 0.065574687 0.03364667 0.01946337 0.025745894 0.009242027 0.006322406 0.0386496573 0.0045399349 0.029650614
  100    1      1      0    0      1      -1      -1   125 0.021795055 0.2560470 0.2166406 0.1568142 0.09806592 0.05067623 0.095731143 0.04047506 0.01698712 0.009203898 0.002266277 0.010416909 0.0044374514 0.0056518811 0.014791190
   76    1      2      0    0      1      -1      -1   500 0.148594662 0.2387280 0.1733345 0.1020629 0.08483882 0.06476207 0.051026995 0.02292096 0.03503094 0.010136650 0.006643177 0.014770224 0.0230568013 0.0059552403 0.018138065
   78    1      2      0    0      1      -1      -1   500 0.178170177 0.1918874 0.1476042 0.1390764 0.10049174 0.07097658 0.045959423 0.02999859 0.01727843 0.015580832 0.020385757 0.007418527 0.0091910077 0.0080445353 0.017936400
   80    1      2      0    0      1      -1      -1   500 0.117384916 0.2205935 0.1749932 0.1349569 0.11380580 0.08145161 0.032166569 0.03119005 0.02592780 0.026356980 0.015548677 0.006534465 0.0060994030 0.0017886006 0.011201621
   82    1      2      0    0      1      -1      -1   500 0.109595650 0.2376200 0.1888831 0.1305907 0.09986393 0.06729899 0.030832161 0.03700289 0.01286118 0.022047039 0.012029605 0.026860134 0.0121075997 0.0006231228 0.011783929
   84    1      2      0    0      1      -1      -1   500 0.132797728 0.2401073 0.1547591 0.1378036 0.07577408 0.07208703 0.048679014 0.04295193 0.02877329 0.015211417 0.007850235 0.012198086 0.0143583767 0.0085767742 0.008072082
   86    1      2      0    0      1      -1      -1   500 0.151750114 0.2483923 0.1620476 0.1175369 0.10600923 0.05474543 0.030434709 0.03495957 0.02291977 0.020952980 0.017290100 0.011125774 0.0104485716 0.0017233510 0.009663566
   88    1      2      0    0      1      -1      -1   500 0.140000670 0.2178202 0.1560460 0.1348066 0.08753060 0.07148271 0.039664295 0.02584991 0.02995174 0.013950803 0.025250680 0.009119830 0.0074729467 0.0094112389 0.031641749
   90    1      2      0    0      1      -1      -1   500 0.157194737 0.2258495 0.1775307 0.1408195 0.08124092 0.06093973 0.038350042 0.03845819 0.01829492 0.019937448 0.007872463 0.005073112 0.0079658057 0.0011043243 0.019368707
   92    1      2      0    0      1      -1      -1   500 0.166762542 0.2136916 0.1327657 0.1636479 0.09856058 0.06053880 0.040799973 0.03769437 0.02521430 0.010565100 0.010844692 0.018350673 0.0070563142 0.0031060158 0.010401375
   94    1      2      0    0      1      -1      -1   500 0.135003705 0.2355899 0.1762265 0.1174051 0.07423544 0.08091805 0.069823639 0.02628634 0.01929376 0.012961108 0.018882783 0.008351884 0.0056337668 0.0046137161 0.014774379
   96    1      2      0    0      1      -1      -1   500 0.139571393 0.2340561 0.1651388 0.1199164 0.06994528 0.07777365 0.052830092 0.04133308 0.03077780 0.015527892 0.012193988 0.012036222 0.0116992615 0.0022932784 0.014906825
   98    1      2      0    0      1      -1      -1   500 0.120041516 0.2411219 0.1458700 0.1293753 0.09971044 0.08176358 0.047767478 0.03093734 0.01673102 0.029426716 0.010570918 0.008790616 0.0025221308 0.0120944282 0.023276629
  100    1      2      0    0      1      -1      -1   500 0.155584356 0.2333243 0.1831144 0.1201315 0.07593677 0.03279638 0.050047042 0.03321198 0.03747272 0.028550246 0.016566332 0.011102269 0.0072314900 0.0040060626 0.010924222
   60    1      1      0    0      1       3       3     1 1.000000000 0.0000000 0.0000000 0.0000000 0.00000000 0.00000000 0.000000000 0.00000000 0.00000000 0.000000000 0.000000000 0.000000000 0.0000000000 0.0000000000 0.000000000
   60    1      1      0    0      1       4       4     1 1.000000000 0.0000000 0.0000000 0.0000000 0.00000000 0.00000000 0.000000000 0.00000000 0.00000000 0.000000000 0.000000000 0.000000000 0.0000000000 0.0000000000 0.000000000
   60    1      1      0    0      1       5       5     1 1.000000000 0.0000000 0.0000000 0.0000000 0.00000000 0.00000000 0.000000000 0.00000000 0.00000000 0.000000000 0.000000000 0.000000000 0.0000000000 0.0000000000 0.000000000
   60    1      1      0    0      1      10      10     4 4.000000000 0.0000000 0.0000000 0.0000000 0.00000000 0.00000000 0.000000000 0.00000000 0.00000000 0.000000000 0.000000000 0.000000000 0.0000000000 0.0000000000 0.000000000
   60    1      1      0    0      1      11      11     2 2.000000000 0.0000000 0.0000000 0.0000000 0.00000000 0.00000000 0.000000000 0.00000000 0.00000000 0.000000000 0.000000000 0.000000000 0.0000000000 0.0000000000 0.000000000
   60    1      1      0    0      1      12      12     7 7.000000000 0.0000000 0.0000000 0.0000000 0.00000000 0.00000000 0.000000000 0.00000000 0.00000000 0.000000000 0.000000000 0.000000000 0.0000000000 0.0000000000 0.000000000
   60    1      1      0    0      1      13      13     9 9.000000000 0.0000000 0.0000000 0.0000000 0.00000000 0.00000000 0.000000000 0.00000000 0.00000000 0.000000000 0.000000000 0.000000000 0.0000000000 0.0000000000 0.000000000
   60    1      1      0    0      1      14      14     2 2.000000000 0.0000000 0.0000000 0.0000000 0.00000000 0.00000000 0.000000000 0.00000000 0.00000000 0.000000000 0.000000000 0.000000000 0.0000000000 0.0000000000 0.000000000
   60    1      1      0    0      1      15      15     6 6.000000000 0.0000000 0.0000000 0.0000000 0.00000000 0.00000000 0.000000000 0.00000000 0.00000000 0.000000000 0.000000000 0.000000000 0.0000000000 0.0000000000 0.000000000
   60    1      1      0    0      1      16      16     8 8.000000000 0.0000000 0.0000000 0.0000000 0.00000000 0.00000000 0.000000000 0.00000000 0.00000000 0.000000000 0.000000000 0.000000000 0.0000000000 0.0000000000 0.000000000
   60    1      1      0    0      1      17      17     1 1.000000000 0.0000000 0.0000000 0.0000000 0.00000000 0.00000000 0.000000000 0.00000000 0.00000000 0.000000000 0.000000000 0.000000000 0.0000000000 0.0000000000 0.000000000
   60    1      1      0    0      1      18      18     4 4.000000000 0.0000000 0.0000000 0.0000000 0.00000000 0.00000000 0.000000000 0.00000000 0.00000000 0.000000000 0.000000000 0.000000000 0.0000000000 0.0000000000 0.000000000
   60    1      1      0    0      1      19      19     2 2.000000000 0.0000000 0.0000000 0.0000000 0.00000000 0.00000000 0.000000000 0.00000000 0.00000000 0.000000000 0.000000000 0.000000000 0.0000000000 0.0000000000 0.000000000
   60    1      1      0    0      1      20      20     4 4.000000000 0.0000000 0.0000000 0.0000000 0.00000000 0.00000000 0.000000000 0.00000000 0.00000000 0.000000000 0.000000000 0.000000000 0.0000000000 0.0000000000 0.000000000
   60    1      1      0    0      1      21      21     3 3.000000000 0.0000000 0.0000000 0.0000000 0.00000000 0.00000000 0.000000000 0.00000000 0.00000000 0.000000000 0.000000000 0.000000000 0.0000000000 0.0000000000 0.000000000
   60    1      1      0    0      1      22      22     3 3.000000000 0.0000000 0.0000000 0.0000000 0.00000000 0.00000000 0.000000000 0.00000000 0.00000000 0.000000000 0.000000000 0.000000000 0.0000000000 0.0000000000 0.000000000
   60    1      1      0    0      1      23      23     7 7.000000000 0.0000000 0.0000000 0.0000000 0.00000000 0.00000000 0.000000000 0.00000000 0.00000000 0.000000000 0.000000000 0.000000000 0.0000000000 0.0000000000 0.000000000
   60    1      1      0    0      1      24      24     3 3.000000000 0.0000000 0.0000000 0.0000000 0.00000000 0.00000000 0.000000000 0.00000000 0.00000000 0.000000000 0.000000000 0.000000000 0.0000000000 0.0000000000 0.000000000
   60    1      1      0    0      1      26      26     3 3.000000000 0.0000000 0.0000000 0.0000000 0.00000000 0.00000000 0.000000000 0.00000000 0.00000000 0.000000000 0.000000000 0.000000000 0.0000000000 0.0000000000 0.000000000
   60    1      1      0    0      1      27      27     4 4.000000000 0.0000000 0.0000000 0.0000000 0.00000000 0.00000000 0.000000000 0.00000000 0.00000000 0.000000000 0.000000000 0.000000000 0.0000000000 0.0000000000 0.000000000
   60    1      1      0    0      1      28      28     2 2.000000000 0.0000000 0.0000000 0.0000000 0.00000000 0.00000000 0.000000000 0.00000000 0.00000000 0.000000000 0.000000000 0.000000000 0.0000000000 0.0000000000 0.000000000
   60    1      1      0    0      1      29      29     2 0.000000000 2.0000000 0.0000000 0.0000000 0.00000000 0.00000000 0.000000000 0.00000000 0.00000000 0.000000000 0.000000000 0.000000000 0.0000000000 0.0000000000 0.000000000
   60    1      1      0    0      1      30      30     3 0.000000000 3.0000000 0.0000000 0.0000000 0.00000000 0.00000000 0.000000000 0.00000000 0.00000000 0.000000000 0.000000000 0.000000000 0.0000000000 0.0000000000 0.000000000
   60    1      1      0    0      1      31      31     3 0.000000000 3.0000000 0.0000000 0.0000000 0.00000000 0.00000000 0.000000000 0.00000000 0.00000000 0.000000000 0.000000000 0.000000000 0.0000000000 0.0000000000 0.000000000
   60    1      1      0    0      1      32      32     4 0.000000000 4.0000000 0.0000000 0.0000000 0.00000000 0.00000000 0.000000000 0.00000000 0.00000000 0.000000000 0.000000000 0.000000000 0.0000000000 0.0000000000 0.000000000
   60    1      1      0    0      1      33      33     1 0.000000000 1.0000000 0.0000000 0.0000000 0.00000000 0.00000000 0.000000000 0.00000000 0.00000000 0.000000000 0.000000000 0.000000000 0.0000000000 0.0000000000 0.000000000
   60    1      1      0    0      1      34      34     1 0.000000000 1.0000000 0.0000000 0.0000000 0.00000000 0.00000000 0.000000000 0.00000000 0.00000000 0.000000000 0.000000000 0.000000000 0.0000000000 0.0000000000 0.000000000
   60    1      1      0    0      1      35      35     4 0.000000000 4.0000000 0.0000000 0.0000000 0.00000000 0.00000000 0.000000000 0.00000000 0.00000000 0.000000000 0.000000000 0.000000000 0.0000000000 0.0000000000 0.000000000
   60    1      1      0    0      1      36      36     3 0.000000000 3.0000000 0.0000000 0.0000000 0.00000000 0.00000000 0.000000000 0.00000000 0.00000000 0.000000000 0.000000000 0.000000000 0.0000000000 0.0000000000 0.000000000
   60    1      1      0    0      1      38      38     1 0.000000000 1.0000000 0.0000000 0.0000000 0.00000000 0.00000000 0.000000000 0.00000000 0.00000000 0.000000000 0.000000000 0.000000000 0.0000000000 0.0000000000 0.000000000
   60    1      1      0    0      1      41      41     1 0.000000000 1.0000000 0.0000000 0.0000000 0.00000000 0.00000000 0.000000000 0.00000000 0.00000000 0.000000000 0.000000000 0.000000000 0.0000000000 0.0000000000 0.000000000
  100    1      1      0    0      1       4       4     1 1.000000000 0.0000000 0.0000000 0.0000000 0.00000000 0.00000000 0.000000000 0.00000000 0.00000000 0.000000000 0.000000000 0.000000000 0.0000000000 0.0000000000 0.000000000
  100    1      1      0    0      1       8       8     2 2.000000000 0.0000000 0.0000000 0.0000000 0.00000000 0.00000000 0.000000000 0.00000000 0.00000000 0.000000000 0.000000000 0.000000000 0.0000000000 0.0000000000 0.000000000
  100    1      1      0    0      1       9       9     5 5.000000000 0.0000000 0.0000000 0.0000000 0.00000000 0.00000000 0.000000000 0.00000000 0.00000000 0.000000000 0.000000000 0.000000000 0.0000000000 0.0000000000 0.000000000
  100    1      1      0    0      1      10      10     6 6.000000000 0.0000000 0.0000000 0.0000000 0.00000000 0.00000000 0.000000000 0.00000000 0.00000000 0.000000000 0.000000000 0.000000000 0.0000000000 0.0000000000 0.000000000
  100    1      1      0    0      1      11      11     4 4.000000000 0.0000000 0.0000000 0.0000000 0.00000000 0.00000000 0.000000000 0.00000000 0.00000000 0.000000000 0.000000000 0.000000000 0.0000000000 0.0000000000 0.000000000
  100    1      1      0    0      1      12      12     3 3.000000000 0.0000000 0.0000000 0.0000000 0.00000000 0.00000000 0.000000000 0.00000000 0.00000000 0.000000000 0.000000000 0.000000000 0.0000000000 0.0000000000 0.000000000
  100    1      1      0    0      1      13      13     3 3.000000000 0.0000000 0.0000000 0.0000000 0.00000000 0.00000000 0.000000000 0.00000000 0.00000000 0.000000000 0.000000000 0.000000000 0.0000000000 0.0000000000 0.000000000
  100    1      1      0    0      1      14      14     4 4.000000000 0.0000000 0.0000000 0.0000000 0.00000000 0.00000000 0.000000000 0.00000000 0.00000000 0.000000000 0.000000000 0.000000000 0.0000000000 0.0000000000 0.000000000
  100    1      1      0    0      1      15      15     4 4.000000000 0.0000000 0.0000000 0.0000000 0.00000000 0.00000000 0.000000000 0.00000000 0.00000000 0.000000000 0.000000000 0.000000000 0.0000000000 0.0000000000 0.000000000
  100    1      1      0    0      1      16      16     5 5.000000000 0.0000000 0.0000000 0.0000000 0.00000000 0.00000000 0.000000000 0.00000000 0.00000000 0.000000000 0.000000000 0.000000000 0.0000000000 0.0000000000 0.000000000
  100    1      1      0    0      1      17      17     6 6.000000000 0.0000000 0.0000000 0.0000000 0.00000000 0.00000000 0.000000000 0.00000000 0.00000000 0.000000000 0.000000000 0.000000000 0.0000000000 0.0000000000 0.000000000
  100    1      1      0    0      1      18      18     5 5.000000000 0.0000000 0.0000000 0.0000000 0.00000000 0.00000000 0.000000000 0.00000000 0.00000000 0.000000000 0.000000000 0.000000000 0.0000000000 0.0000000000 0.000000000
  100    1      1      0    0      1      19      19     4 4.000000000 0.0000000 0.0000000 0.0000000 0.00000000 0.00000000 0.000000000 0.00000000 0.00000000 0.000000000 0.000000000 0.000000000 0.0000000000 0.0000000000 0.000000000
  100    1      1      0    0      1      20      20     3 3.000000000 0.0000000 0.0000000 0.0000000 0.00000000 0.00000000 0.000000000 0.00000000 0.00000000 0.000000000 0.000000000 0.000000000 0.0000000000 0.0000000000 0.000000000
  100    1      1      0    0      1      21      21     5 5.000000000 0.0000000 0.0000000 0.0000000 0.00000000 0.00000000 0.000000000 0.00000000 0.00000000 0.000000000 0.000000000 0.000000000 0.0000000000 0.0000000000 0.000000000
  100    1      1      0    0      1      22      22     5 5.000000000 0.0000000 0.0000000 0.0000000 0.00000000 0.00000000 0.000000000 0.00000000 0.00000000 0.000000000 0.000000000 0.000000000 0.0000000000 0.0000000000 0.000000000
  100    1      1      0    0      1      23      23     1 1.000000000 0.0000000 0.0000000 0.0000000 0.00000000 0.00000000 0.000000000 0.00000000 0.00000000 0.000000000 0.000000000 0.000000000 0.0000000000 0.0000000000 0.000000000
  100    1      1      0    0      1      24      24     5 5.000000000 0.0000000 0.0000000 0.0000000 0.00000000 0.00000000 0.000000000 0.00000000 0.00000000 0.000000000 0.000000000 0.000000000 0.0000000000 0.0000000000 0.000000000
  100    1      1      0    0      1      25      25     7 7.000000000 0.0000000 0.0000000 0.0000000 0.00000000 0.00000000 0.000000000 0.00000000 0.00000000 0.000000000 0.000000000 0.000000000 0.0000000000 0.0000000000 0.000000000
  100    1      1      0    0      1      26      26     5 5.000000000 0.0000000 0.0000000 0.0000000 0.00000000 0.00000000 0.000000000 0.00000000 0.00000000 0.000000000 0.000000000 0.000000000 0.0000000000 0.0000000000 0.000000000
  100    1      1      0    0      1      27      27     1 1.000000000 0.0000000 0.0000000 0.0000000 0.00000000 0.00000000 0.000000000 0.00000000 0.00000000 0.000000000 0.000000000 0.000000000 0.0000000000 0.0000000000 0.000000000
  100    1      1      0    0      1      28      28     1 1.000000000 0.0000000 0.0000000 0.0000000 0.00000000 0.00000000 0.000000000 0.00000000 0.00000000 0.000000000 0.000000000 0.000000000 0.0000000000 0.0000000000 0.000000000
  100    1      1      0    0      1      29      29     3 3.000000000 0.0000000 0.0000000 0.0000000 0.00000000 0.00000000 0.000000000 0.00000000 0.00000000 0.000000000 0.000000000 0.000000000 0.0000000000 0.0000000000 0.000000000
  100    1      1      0    0      1      30      30     2 1.000000000 1.0000000 0.0000000 0.0000000 0.00000000 0.00000000 0.000000000 0.00000000 0.00000000 0.000000000 0.000000000 0.000000000 0.0000000000 0.0000000000 0.000000000
  100    1      1      0    0      1      32      32     2 0.000000000 2.0000000 0.0000000 0.0000000 0.00000000 0.00000000 0.000000000 0.00000000 0.00000000 0.000000000 0.000000000 0.000000000 0.0000000000 0.0000000000 0.000000000
  100    1      1      0    0      1      34      34     4 0.000000000 4.0000000 0.0000000 0.0000000 0.00000000 0.00000000 0.000000000 0.00000000 0.00000000 0.000000000 0.000000000 0.000000000 0.0000000000 0.0000000000 0.000000000
  100    1      1      0    0      1      36      36     1 0.000000000 1.0000000 0.0000000 0.0000000 0.00000000 0.00000000 0.000000000 0.00000000 0.00000000 0.000000000 0.000000000 0.000000000 0.0000000000 0.0000000000 0.000000000
  100    1      1      0    0      1      37      37     2 0.000000000 2.0000000 0.0000000 0.0000000 0.00000000 0.00000000 0.000000000 0.00000000 0.00000000 0.000000000 0.000000000 0.000000000 0.0000000000 0.0000000000 0.000000000
  100    1      1      0    0      1      43      43     1 0.000000000 1.0000000 0.0000000 0.0000000 0.00000000 0.00000000 0.000000000 0.00000000 0.00000000 0.000000000 0.000000000 0.000000000 0.0000000000 0.0000000000 0.000000000
0 #_N_MeanSize_at_Age_obs
0 #_N_environ_variables
0 #_N_environ_obs
0 #_N_sizefreq_methods
0 #_do_tags
0 #_morphcomp_data
#
999
