#C data file created using the SS_writedat function in the R package r4ss
#C should work with SS version: 
#C file write time: 2015-02-11 18:42:16
#
1 #_styr
100 #_endyr
1 #_nseas
12 #_months_per_seas
1 #_spawn_seas
1 #_Nfleet
2 #_Nsurveys
1 #_N_areas
Fishery%Survey%CPUE #_fleetnames
0.5 0.5 0.5 #_surveytiming_in_season
1 1 1 #_area_assignments_for_each_fishery_and_survey
1 #_units of catch:  1=bio; 2=num
0.01 #_se of log(catch) only used for init_eq_catch and for Fmethod 2 and 3
1 #_Ngenders
25 #_Nages
0 #_init_equil_catch_for_each_fishery
100 #_N_lines_of_catch_to_read
 #_Fishery year seas
         0    1    1
         0    2    1
         0    3    1
         0    4    1
         0    5    1
         0    6    1
         0    7    1
         0    8    1
         0    9    1
         0   10    1
         0   11    1
         0   12    1
         0   13    1
         0   14    1
         0   15    1
         0   16    1
         0   17    1
         0   18    1
         0   19    1
         0   20    1
         0   21    1
         0   22    1
         0   23    1
         0   24    1
         0   25    1
 444646000   26    1
 397608000   27    1
 357583000   28    1
 324161000   29    1
 296656000   30    1
 274240000   31    1
 256057000   32    1
 241314000   33    1
 229322000   34    1
 219511000   35    1
 211426000   36    1
 204710000   37    1
 199088000   38    1
 194347000   39    1
 190324000   40    1
 186891000   41    1
 183948000   42    1
 181416000   43    1
 179230000   44    1
 177337000   45    1
 175694000   46    1
 174266000   47    1
 173022000   48    1
 171937000   49    1
 170990000   50    1
 170161000   51    1
 169436000   52    1
 168801000   53    1
 168243000   54    1
 167755000   55    1
 167325000   56    1
 166948000   57    1
 166617000   58    1
 166326000   59    1
 166070000   60    1
 165844000   61    1
 165646000   62    1
 165471000   63    1
 165317000   64    1
 165182000   65    1
 165063000   66    1
 164958000   67    1
 164865000   68    1
 164784000   69    1
 164712000   70    1
 164649000   71    1
 164593000   72    1
 164544000   73    1
 164500000   74    1
 164462000   75    1
 164429000   76    1
 164399000   77    1
 164373000   78    1
 164350000   79    1
 164329000   80    1
 164311000   81    1
 164296000   82    1
 164282000   83    1
 164269000   84    1
 164258000   85    1
 164249000   86    1
 164240000   87    1
 164233000   88    1
 164227000   89    1
 164221000   90    1
 164216000   91    1
 164211000   92    1
 164207000   93    1
 164204000   94    1
 164201000   95    1
 164198000   96    1
 164195000   97    1
 164193000   98    1
 164192000   99    1
 164190000  100    1
13 #_N_cpue
 #_Fleet Units Errtype
       1     1       0
       2     1       0
       3     1       0
 #_year seas index        obs se_log
     76    1     2  949386342    0.2
     78    1     2 1793462629    0.2
     80    1     2 1636109058    0.2
     82    1     2 1097350513    0.2
     84    1     2 1875362504    0.2
     86    1     2 1636814463    0.2
     88    1     2 1603917069    0.2
     90    1     2 1328869444    0.2
     92    1     2 1163143639    0.2
     94    1     2 1198452099    0.2
     96    1     2 1633374103    0.2
     98    1     2 1062059839    0.2
    100    1     2 1407249494    0.2
0 #_N_discard_fleets
#_discard_units (1=same_as_catchunits(bio/num); 2=fraction; 3=numbers)
#_discard_errtype:  >0 for DF of T-dist(read CV below); 0 for normal with CV; -1 for normal with se; -2 for lognormal
0 #_N_discard
0 #_N_meanbodywt
1 #_DF_for_meanbodywt_T-distribution_like
2 # length bin method: 1=use databins; 2=generate from binwidth,min,max below; 3=read vector
1 # binwidth for population size comp
10 # minimum size in the population (lower edge of first bin and size at age 0.00)
200 # maximum size in the population (lower edge of last bin)
-0.001 #_comp_tail_compression
1e-05 #_add_to_comp
0 #_combine males into females at or below this bin number
45 #_N_lbins
#_lbin_vector
20 23 26 29 32 35 38 41 44 47 50 53 56 59 62 65 68 71 74 77 80 83 86 89 92 95 98 101 104 107 110 113 116 119 122 125 128 131 134 137 140 143 146 149 152
28 #_N_Length_comp_observations
 #_Yr Seas FltSvy Gender Part Nsamp           l20          l23          l26          l29         l32          l35          l38         l41        l44        l47        l50        l53        l56        l59        l62        l65        l68        l71        l74        l77        l80        l83        l86         l89         l92         l95         l98        l101        l104        l107        l110        l113        l116        l119         l122         l125        l128         l131         l134         l137         l140         l143         l146         l149         l152
   26    1      1      0    0   125 6.209832e-230 5.535890e-12 4.298879e-04 0.0052443809 0.009356143 3.525309e-03 1.680978e-04 0.010386355 0.03240750 0.07975280 0.04491161 0.03504865 0.01428400 0.01617073 0.04411536 0.01197255 0.03099943 0.03952807 0.04075766 0.02004137 0.04282985 0.02219413 0.01784808 0.038291000 0.022641813 0.028876727 0.028676393 0.026131381 0.025125189 0.020225241 0.009182948 0.034315828 0.032769801 0.050712531 0.0393192390 0.0687876804 0.009377727 2.602014e-02 1.652926e-03 1.789075e-03 3.674556e-04 9.922179e-04 4.026693e-04 1.519607e-03 1.085044e-02
   36    1      1      0    0   125 6.905882e-121 7.384725e-05 3.227718e-05 0.0165384062 0.006336038 1.846917e-02 7.537867e-04 0.056939838 0.02032383 0.05473888 0.06871216 0.07747695 0.03089051 0.02298745 0.04546172 0.07089821 0.01918537 0.03461260 0.05517161 0.05858692 0.01768942 0.02938409 0.02067762 0.026228924 0.021029110 0.029798673 0.028840666 0.007557654 0.033449072 0.029176603 0.018668361 0.016252324 0.009738014 0.007811149 0.0150789339 0.0158844707 0.007299761 4.400770e-03 8.134981e-04 2.927394e-04 1.240721e-03 5.937347e-06 2.945967e-04 1.816678e-05 1.791588e-04
   46    1      1      0    0   125  0.000000e+00 2.766268e-15 4.164202e-03 0.0187909140 0.003149950 3.355021e-04 4.782011e-03 0.046235159 0.05205925 0.07057286 0.06599919 0.05297976 0.05388969 0.04455260 0.03560388 0.03179601 0.01518579 0.07250898 0.01738047 0.05822180 0.02067156 0.03820411 0.03314863 0.042145274 0.038117272 0.006314396 0.007775952 0.017432676 0.031484037 0.010002587 0.012674494 0.026280186 0.017185089 0.010249605 0.0105753294 0.0047751035 0.002481255 1.282181e-02 2.057938e-04 8.367477e-03 8.313543e-05 7.871577e-04 9.040595e-06 6.055919e-11 1.267335e-11
   56    1      1      0    0   125  7.500491e-33 1.385396e-04 8.046954e-03 0.0004610999 0.015506443 2.941016e-03 3.098598e-03 0.013371746 0.01925225 0.09422290 0.11165082 0.03476253 0.07477388 0.03698235 0.02576451 0.02694935 0.03223139 0.04356179 0.03620802 0.02220379 0.04648141 0.01897637 0.02346867 0.042526502 0.014677743 0.023637011 0.037468716 0.017271909 0.016423898 0.033782952 0.025396734 0.010324094 0.019704942 0.004453233 0.0189036025 0.0049361441 0.019794495 6.544472e-03 1.559839e-04 1.240712e-03 1.136284e-02 4.479494e-08 6.804707e-05 2.714792e-04 5.734337e-09
   60    1      1      0    0   125 5.037605e-167 3.296237e-12 5.361834e-04 0.0048771191 0.014174780 7.204004e-03 1.038500e-03 0.020697293 0.03211961 0.07706062 0.06754075 0.02996404 0.03604891 0.04528076 0.04649902 0.04731199 0.02093793 0.04275770 0.02698757 0.05790705 0.02808928 0.01832534 0.02753154 0.027284008 0.055897054 0.020083261 0.039965515 0.032825518 0.041625841 0.023242357 0.005705344 0.013437930 0.035774931 0.011587361 0.0009426342 0.0005832125 0.025564205 2.559429e-03 3.462815e-03 9.418512e-04 5.450626e-04 1.306244e-03 3.744333e-03 1.555548e-08 3.109423e-05
   64    1      1      0    0   125  5.882992e-96 9.682093e-36 2.604184e-03 0.0035132287 0.044210439 3.133994e-03 2.082500e-04 0.011640547 0.03514859 0.06721677 0.04523705 0.04616441 0.02517676 0.01197928 0.04231909 0.02556128 0.02876358 0.06136964 0.02233376 0.03112253 0.03192439 0.04016888 0.01908302 0.012061659 0.050100020 0.037190046 0.046794146 0.027986270 0.008459849 0.064808722 0.022989499 0.031144266 0.018499058 0.013406347 0.0272940621 0.0092564969 0.002050463 7.432061e-03 3.792674e-03 1.441121e-03 4.007873e-06 7.246231e-04 3.198346e-03 1.243103e-02 5.556275e-05
   68    1      1      0    0   125 9.512353e-179 3.758702e-24 6.747773e-05 0.0200299931 0.012129456 6.779076e-05 3.289540e-03 0.016050329 0.04001298 0.08053879 0.07348238 0.04976113 0.05781131 0.04638446 0.03579403 0.04326484 0.03987773 0.04615278 0.01962440 0.02351829 0.05172557 0.02520691 0.02902720 0.018962293 0.055091290 0.046237995 0.021409547 0.019857793 0.003826742 0.028871119 0.016018125 0.007928941 0.021839138 0.003740823 0.0098100704 0.0095488113 0.002304898 3.854190e-03 3.179117e-03 6.635189e-03 3.374990e-05 4.712814e-04 6.539295e-03 5.286631e-08 2.215035e-05
   72    1      1      0    0   125  7.950333e-18 5.584989e-18 3.009162e-04 0.0262839997 0.011928170 3.300178e-03 6.819979e-03 0.013769067 0.02848098 0.07780411 0.09678297 0.05316850 0.05666375 0.05897864 0.03925846 0.03180144 0.04128534 0.03196279 0.02815223 0.02361066 0.01772969 0.01684023 0.04223225 0.031714016 0.036394819 0.010765691 0.027770351 0.028080174 0.025116288 0.014502498 0.032025173 0.004360743 0.027278635 0.018330495 0.0094205979 0.0023170709 0.007394831 1.188731e-02 5.045692e-05 3.612211e-03 1.891050e-05 9.162591e-04 8.862641e-04 1.639635e-09 2.860912e-06
   76    1      1      0    0   125 2.956910e-172 2.109182e-07 6.492175e-03 0.0065156652 0.008318926 6.594233e-03 8.648537e-03 0.015602440 0.05967376 0.05820982 0.03467095 0.01766011 0.06844680 0.05758858 0.03926472 0.09530736 0.07195552 0.01950086 0.03190479 0.02148354 0.02316065 0.02842071 0.05498986 0.025783879 0.024287212 0.029599358 0.039773060 0.020681897 0.023477100 0.008561014 0.022065471 0.004146625 0.010270150 0.003773255 0.0055075172 0.0045558427 0.019281248 1.573051e-04 1.060313e-02 5.711808e-03 5.737557e-09 2.792227e-03 5.941360e-07 3.833664e-07 4.560705e-03
   80    1      1      0    0   125 1.320759e-204 4.293319e-04 4.833534e-06 0.0022644224 0.034288352 6.299566e-04 2.835048e-02 0.035759074 0.05350904 0.06419313 0.10022355 0.03658310 0.03550542 0.02868376 0.04108965 0.03339335 0.02915491 0.05667223 0.05060925 0.01665183 0.02933813 0.04389001 0.02446668 0.032356905 0.031615737 0.016445629 0.013840025 0.039474583 0.017816471 0.006820691 0.019874085 0.011280340 0.025004892 0.006244253 0.0123805396 0.0043051580 0.004018786 3.430343e-04 8.577469e-04 4.961153e-04 5.987742e-03 5.060229e-03 7.819443e-05 1.388640e-06 6.951674e-06
   84    1      1      0    0   125 4.996185e-250 1.019996e-11 4.708730e-03 0.0042035338 0.002979485 1.598749e-02 2.409522e-02 0.005348211 0.02742522 0.04380460 0.04916149 0.03679121 0.01994277 0.04471486 0.02815235 0.02360727 0.02975474 0.03390144 0.05503911 0.05515364 0.03185342 0.02873225 0.02872548 0.053377417 0.030796320 0.014235848 0.034112865 0.019652779 0.044299677 0.013611094 0.067235471 0.014737439 0.035966601 0.031974091 0.0068855671 0.0052067901 0.021533697 2.389589e-03 2.867316e-04 5.254808e-04 6.538671e-03 1.958569e-03 5.838587e-04 7.032261e-06 1.911514e-06
   88    1      1      0    0   125  1.296055e-25 1.545239e-05 4.981389e-06 0.0008470358 0.037434819 9.610783e-04 3.134553e-03 0.003350978 0.04979982 0.05299339 0.06253594 0.04917368 0.04608681 0.01966377 0.03254065 0.02946992 0.05652077 0.03761283 0.04142265 0.02875569 0.02341824 0.07894836 0.02733496 0.027748861 0.014544845 0.027075942 0.045348835 0.030076902 0.029083669 0.026037397 0.011546008 0.008939583 0.006829517 0.004906429 0.0245081904 0.0385192655 0.006177694 1.041793e-02 3.218899e-03 1.689964e-06 2.704079e-03 2.418647e-04 4.585981e-05 1.937458e-18 1.503453e-07
   92    1      1      0    0   125  2.638630e-29 3.318119e-09 3.541409e-04 0.0278573662 0.017705305 5.126709e-03 7.632066e-06 0.018422241 0.04019808 0.09527092 0.05041364 0.04025630 0.03131384 0.01670358 0.04339813 0.04281495 0.02887312 0.05317197 0.04097320 0.04735764 0.01641416 0.02023166 0.02785177 0.008808909 0.025420337 0.087646665 0.031943497 0.010413818 0.014989459 0.041052466 0.008908936 0.026354681 0.012468062 0.027005801 0.0231129753 0.0018118985 0.001016639 1.596395e-03 3.250670e-03 9.374255e-04 6.334273e-04 7.665049e-05 2.003475e-06 1.701171e-21 7.832930e-03
   96    1      1      0    0   125  2.114138e-35 1.820804e-18 2.312519e-04 0.0039803863 0.004328110 4.530372e-03 1.869028e-03 0.005008260 0.02812575 0.03545767 0.04497811 0.03985022 0.03517229 0.01856780 0.02670432 0.02684531 0.03903923 0.04116463 0.02316982 0.04914095 0.04874898 0.06237887 0.06981865 0.044099970 0.026018709 0.048663726 0.012011474 0.051697847 0.014393928 0.032559377 0.024257444 0.010091384 0.021063749 0.067392678 0.0042376904 0.0033428493 0.003966962 7.890795e-05 6.022271e-03 5.890608e-05 2.060817e-02 3.152896e-04 2.259225e-09 6.354282e-07 8.013255e-06
  100    1      1      0    0   125 4.800651e-253 1.438961e-10 1.502254e-03 0.0078971551 0.020457500 5.854790e-03 8.118236e-03 0.019129640 0.03379291 0.04182403 0.09462570 0.03039055 0.04710581 0.02750723 0.06964008 0.03656509 0.06055968 0.08068930 0.03001544 0.02309975 0.05298568 0.05065952 0.02570332 0.019413970 0.008654651 0.032495065 0.012971938 0.025792485 0.016784801 0.012426285 0.032550867 0.014171233 0.005978226 0.009652907 0.0039698495 0.0040595954 0.020121670 3.175102e-03 9.474065e-04 1.301309e-03 1.247927e-06 6.578063e-03 1.640392e-04 5.016461e-08 6.655751e-04
   76    1      2      0    0   500  3.817059e-05 3.499085e-04 1.375444e-02 0.0382585440 0.047825066 2.676492e-02 1.526126e-02 0.023536384 0.04069059 0.05968741 0.04656679 0.04382689 0.03211357 0.04317807 0.03251336 0.04943361 0.02122718 0.03979866 0.03733671 0.01879500 0.04761862 0.02585463 0.04073298 0.024372014 0.029233433 0.024953584 0.019336712 0.021781679 0.016684090 0.013258032 0.023415103 0.012127570 0.015553408 0.007461971 0.0049081931 0.0062610149 0.009206031 7.928736e-03 4.720430e-03 1.702309e-03 4.155690e-03 2.680933e-03 8.240318e-04 2.636665e-03 1.635610e-03
   78    1      2      0    0   500  7.908472e-28 6.828741e-04 2.051222e-02 0.0564170880 0.044488740 1.586621e-02 1.015245e-02 0.027571925 0.03821012 0.05612208 0.06929346 0.03640450 0.03110667 0.02522325 0.03501436 0.03623879 0.03613332 0.02220240 0.02052983 0.02663767 0.02177368 0.04161611 0.02683697 0.018169251 0.040553183 0.029407773 0.028075672 0.026932931 0.034207619 0.024505727 0.019733297 0.015704274 0.014273440 0.009807146 0.0120496395 0.0111869439 0.003873473 4.735504e-03 6.346188e-03 1.740397e-04 3.846246e-04 1.562622e-04 2.257728e-05 3.607702e-06 6.621219e-04
   80    1      2      0    0   500  3.085052e-15 1.208658e-03 1.232701e-02 0.0476565844 0.051327961 2.182360e-02 6.801591e-03 0.031046590 0.04136637 0.05449937 0.06392998 0.05012882 0.03247448 0.02214796 0.03006440 0.04723379 0.04289703 0.03545546 0.03543724 0.02614485 0.03234513 0.02748912 0.03200948 0.023837017 0.032643249 0.021642048 0.020302536 0.017850651 0.015589575 0.023660860 0.020730847 0.008257324 0.019564372 0.007576804 0.0074681646 0.0089283085 0.001866643 4.868857e-03 6.780944e-04 5.401100e-03 1.003910e-02 1.510774e-04 2.397822e-03 7.186830e-04 1.140367e-05
   82    1      2      0    0   500  3.037648e-19 2.593125e-03 8.696708e-03 0.0531931992 0.052803797 1.020514e-02 1.522094e-02 0.031243913 0.07506444 0.06604206 0.06609870 0.03136597 0.03353904 0.02641022 0.02787770 0.03278160 0.02821908 0.02378430 0.04676639 0.03600588 0.01954872 0.02847997 0.02932580 0.021577392 0.032096218 0.031393141 0.026824928 0.018554461 0.019891983 0.008326764 0.012556815 0.025820774 0.003818878 0.006790094 0.0050348428 0.0218393084 0.004890136 7.034558e-03 3.119871e-03 3.445643e-03 1.075933e-03 1.709666e-06 6.193215e-04 2.053278e-05 1.574481e-08
   84    1      2      0    0   500  1.440142e-07 9.886340e-04 2.723946e-02 0.0558568121 0.055387314 3.148530e-02 3.581731e-03 0.013561118 0.03225552 0.04979577 0.05052297 0.04455288 0.04840981 0.03294104 0.03456431 0.03349624 0.05162224 0.04203389 0.04554474 0.03703447 0.02550257 0.01922240 0.01977818 0.030900964 0.028504130 0.010491604 0.017251666 0.017812285 0.023283663 0.014142808 0.025511776 0.010311889 0.021225832 0.009548210 0.0121035452 0.0051357537 0.007080009 5.769814e-03 1.413758e-03 1.127717e-03 2.884748e-04 7.768959e-04 5.713435e-04 9.651378e-04 4.051869e-04
   86    1      2      0    0   500  1.337598e-46 6.095624e-04 1.756809e-02 0.0530800936 0.048814530 2.304715e-02 7.902303e-03 0.025581610 0.05452208 0.05524057 0.03493432 0.04633161 0.03342776 0.03410466 0.03913720 0.03660099 0.05653724 0.04044496 0.03018809 0.02461777 0.02784985 0.04467663 0.02960686 0.023574850 0.025615819 0.013920839 0.023153661 0.020343338 0.019198770 0.015544791 0.012780309 0.017200189 0.007067314 0.009688541 0.0118432090 0.0149768185 0.005800900 3.472433e-03 4.540943e-03 1.061269e-03 2.266951e-03 2.862501e-03 2.475162e-04 2.601615e-06 1.251458e-05
   88    1      2      0    0   500  2.913799e-10 4.021032e-05 1.623174e-02 0.0509900591 0.046131477 1.958205e-02 4.518379e-03 0.017016635 0.03982820 0.07079229 0.06317809 0.04849612 0.02987952 0.03297561 0.02744387 0.04856594 0.04759227 0.04236678 0.03089702 0.03273044 0.03055097 0.02431544 0.02558913 0.021437481 0.024160639 0.027831715 0.024346654 0.026562762 0.025821047 0.013643481 0.010069664 0.016393179 0.010928463 0.012123063 0.0035246178 0.0147888813 0.002487753 1.174646e-02 1.819450e-03 7.176044e-04 1.714833e-03 6.875155e-05 6.385518e-06 4.429154e-05 5.056129e-05
   90    1      2      0    0   500  3.312429e-13 1.677035e-03 1.496634e-02 0.0581681550 0.037897271 2.312695e-02 7.424788e-03 0.031147461 0.04607929 0.06131440 0.04195951 0.02825558 0.04289638 0.02954322 0.04203285 0.04910404 0.04282964 0.02026979 0.03459232 0.03845903 0.04145012 0.02107311 0.02916790 0.022472511 0.023434287 0.024793165 0.032353477 0.017241090 0.024081412 0.012088259 0.025026910 0.014042080 0.006764542 0.010040862 0.0095527380 0.0089499401 0.007338438 6.819533e-03 4.704890e-03 4.479828e-03 1.111845e-03 1.214617e-03 1.593417e-05 3.503761e-06 3.495548e-05
   92    1      2      0    0   500  3.024205e-05 4.029948e-03 8.786345e-03 0.0507556755 0.047785793 1.216376e-02 7.223534e-03 0.017343311 0.03500345 0.05507130 0.05097863 0.03292571 0.03173899 0.03649933 0.04795375 0.04285953 0.03336055 0.04153398 0.04123218 0.02783898 0.04005567 0.02809450 0.02393375 0.019266964 0.033933659 0.017947843 0.047613850 0.031610414 0.018379238 0.017993015 0.020349300 0.005616077 0.012480783 0.005099943 0.0069461364 0.0123076438 0.010793399 8.490634e-03 1.000494e-02 1.276998e-03 2.326385e-04 1.476071e-03 2.275182e-04 1.159703e-04 6.380751e-04
   94    1      2      0    0   500  5.542595e-04 3.138448e-03 1.654393e-02 0.0492196935 0.043798523 2.052511e-02 9.761166e-03 0.031106370 0.05522707 0.07263708 0.06603190 0.04369542 0.03731637 0.02844261 0.04438412 0.03956514 0.03536806 0.02324229 0.03277532 0.02590222 0.02192494 0.02985874 0.02890229 0.026620150 0.037895373 0.020573464 0.018070967 0.030078412 0.017227476 0.011194504 0.013486600 0.006046460 0.023291732 0.007241047 0.0090171115 0.0031898135 0.003833125 2.781784e-03 2.231850e-03 1.972609e-03 3.164159e-03 1.027174e-04 2.595844e-04 9.754184e-04 8.245569e-04
   96    1      2      0    0   500  2.696339e-09 1.184515e-03 3.037004e-02 0.0636881416 0.062597781 1.806998e-02 5.119005e-03 0.029842063 0.05142955 0.04803883 0.02865737 0.04953660 0.05005685 0.03692827 0.02764862 0.04272491 0.03888667 0.02781476 0.02408926 0.01897004 0.02787810 0.03017827 0.03771951 0.035079698 0.027231128 0.024460570 0.014646193 0.024314778 0.017087099 0.016409448 0.014976402 0.019946425 0.005395320 0.007633723 0.0084917977 0.0085724699 0.006598818 5.330696e-03 6.020133e-03 2.136010e-03 2.609172e-03 7.458209e-04 3.086531e-04 1.381521e-12 5.765038e-04
   98    1      2      0    0   500  1.629898e-28 1.391286e-03 2.472683e-02 0.0461871735 0.036770004 2.210347e-02 9.870287e-03 0.048807209 0.04624472 0.05297303 0.03583512 0.04199952 0.03121141 0.03304170 0.03603440 0.03790407 0.03536988 0.03781961 0.02877638 0.04464649 0.03346457 0.02740525 0.02036499 0.033985402 0.027036051 0.022663080 0.024404990 0.023854072 0.017261487 0.020591687 0.014300582 0.009598936 0.010591827 0.010160786 0.0143773045 0.0088582335 0.001985632 1.071625e-02 1.286656e-02 1.160556e-03 2.035523e-03 3.016900e-04 8.128499e-05 9.603044e-05 1.246535e-04
  100    1      2      0    0   500  6.218129e-11 1.375145e-04 1.698707e-02 0.0591429519 0.051318263 1.339844e-02 7.566091e-03 0.023524136 0.02559731 0.06931615 0.05093573 0.04628220 0.02318620 0.02303527 0.02922967 0.05474490 0.05735422 0.03313347 0.03145364 0.02779269 0.02816593 0.02545105 0.03486650 0.028741716 0.038840682 0.018285316 0.016216059 0.024730145 0.025719333 0.015118250 0.015381666 0.036136994 0.010380333 0.005108209 0.0095999442 0.0102039276 0.005147936 1.583845e-03 3.617563e-03 2.983679e-04 9.970263e-04 5.268269e-04 8.811068e-05 6.472320e-04 1.110959e-05
15 #_N_agebins
#_agebin_vector
1 2 3 4 5 6 7 8 9 10 11 12 13 14 15
1 #_N_ageerror_definitions
 #_age0   age1   age2   age3   age4   age5   age6   age7   age8   age9  age10  age11  age12  age13  age14  age15  age16  age17  age18  age19  age20  age21  age22  age23  age24  age25
 -1.000 -1.000 -1.000 -1.000 -1.000 -1.000 -1.000 -1.000 -1.000 -1.000 -1.000 -1.000 -1.000 -1.000 -1.000 -1.000 -1.000 -1.000 -1.000 -1.000 -1.000 -1.000 -1.000 -1.000 -1.000 -1.000
  0.001  0.001  0.001  0.001  0.001  0.001  0.001  0.001  0.001  0.001  0.001  0.001  0.001  0.001  0.001  0.001  0.001  0.001  0.001  0.001  0.001  0.001  0.001  0.001  0.001  0.001
89 #_N_agecomp
1 #_Lbin_method: 1=poplenbins; 2=datalenbins; 3=lengths
-1 #_combine males into females at or below this bin number
 #_Yr Seas FltSvy Gender Part Ageerr Lbin_lo Lbin_hi Nsamp          a1        a2        a3        a4         a5         a6         a7         a8          a9         a10         a11          a12          a13          a14         a15
   26    1      1      0    0      1      -1      -1   125  0.02009400 0.1954758 0.1396817 0.1615222 0.05482602 0.08320829 0.05580514 0.05798838 0.034472456 0.053560263 0.015653693 0.0422499660 0.0563420680 0.0070048541 0.022115141
   36    1      1      0    0      1      -1      -1   125  0.04614067 0.2688675 0.1781813 0.1523729 0.10421592 0.06560781 0.06992331 0.01878962 0.019091095 0.031458722 0.020641395 0.0038011464 0.0067880666 0.0002604528 0.013860138
   46    1      1      0    0      1      -1      -1   125  0.01526751 0.2581199 0.1772360 0.1389141 0.08505493 0.07333764 0.06548335 0.04224280 0.069481938 0.024290288 0.014537765 0.0093014494 0.0082292738 0.0027642790 0.015738856
   56    1      1      0    0      1      -1      -1   125  0.03479801 0.2207532 0.1955189 0.1494920 0.12128530 0.04787605 0.04256859 0.03794338 0.066751111 0.040106301 0.007429284 0.0007208077 0.0030567113 0.0025073337 0.029193029
   60    1      1      0    0      1      -1      -1   125  0.06325092 0.1991192 0.2164987 0.1453995 0.11854155 0.04890004 0.06512581 0.05994231 0.022902757 0.022607818 0.015161406 0.0094810449 0.0006039369 0.0035484017 0.008916667
   64    1      1      0    0      1      -1      -1   125  0.03341124 0.2800094 0.2012868 0.1657587 0.09986494 0.05195091 0.04620470 0.05928190 0.020572708 0.004102971 0.017964100 0.0023208246 0.0002284370 0.0055564400 0.011485981
   68    1      1      0    0      1      -1      -1   125  0.04027188 0.3118984 0.2101704 0.1300087 0.08569116 0.06261714 0.02887794 0.02001319 0.019957755 0.018823339 0.023047162 0.0155046136 0.0116776234 0.0152937707 0.006146907
   72    1      1      0    0      1      -1      -1   125  0.02126600 0.2485045 0.2238078 0.1134029 0.10732274 0.05287929 0.05006529 0.02693639 0.035750916 0.022723151 0.040169735 0.0105283401 0.0007289890 0.0109364239 0.034977628
   76    1      1      0    0      1      -1      -1   125  0.03779201 0.2049089 0.2663976 0.1601562 0.08111478 0.05920544 0.09143907 0.03481984 0.014892419 0.013394888 0.012798430 0.0097182266 0.0048253490 0.0027214541 0.005815484
   80    1      1      0    0      1      -1      -1   125  0.04079906 0.2051545 0.1901806 0.1702585 0.13217674 0.08361358 0.07185353 0.02618355 0.006376044 0.020975015 0.025658309 0.0093276503 0.0013102469 0.0057417782 0.010390882
   84    1      1      0    0      1      -1      -1   125  0.02922279 0.2644596 0.2165400 0.1199378 0.08209688 0.07463595 0.05647992 0.06111386 0.042184376 0.024683402 0.015407452 0.0036490036 0.0015922603 0.0005188370 0.007477935
   88    1      1      0    0      1      -1      -1   125  0.01623053 0.1886845 0.1999940 0.1416357 0.10041865 0.12390858 0.04946435 0.06091044 0.024629737 0.045471062 0.010681159 0.0029033736 0.0071939961 0.0152550528 0.012618891
   92    1      1      0    0      1      -1      -1   125  0.04730982 0.2448375 0.2216752 0.1106048 0.08933300 0.08209445 0.03330991 0.06219317 0.018198467 0.040769087 0.020775789 0.0052642374 0.0069600242 0.0010903910 0.015584143
   96    1      1      0    0      1      -1      -1   125  0.02030131 0.2065412 0.2717710 0.1218954 0.09162413 0.09089219 0.04185558 0.03662086 0.010458134 0.033968580 0.004444053 0.0155900920 0.0188436481 0.0074261707 0.027767593
  100    1      1      0    0      1      -1      -1   125  0.04654131 0.1744335 0.2875082 0.1718485 0.11067173 0.07182597 0.02404014 0.03765496 0.006985533 0.007584290 0.019778889 0.0080519111 0.0013228363 0.0136436444 0.018108685
   76    1      2      0    0      1      -1      -1   500  0.11934334 0.2193758 0.1707526 0.1263314 0.07936840 0.07699552 0.05335113 0.05631508 0.028429806 0.012079003 0.024009744 0.0107314527 0.0049379634 0.0036324109 0.014346332
   78    1      2      0    0      1      -1      -1   500  0.14762024 0.2375917 0.1775948 0.1453208 0.08493418 0.05879640 0.03814774 0.02458695 0.031191083 0.018574515 0.009999074 0.0103695950 0.0019268417 0.0020889729 0.011257065
   80    1      2      0    0      1      -1      -1   500  0.16605925 0.2340965 0.1572006 0.1332018 0.07931070 0.06678395 0.04903556 0.04084081 0.020014379 0.011517987 0.008381940 0.0108616221 0.0088705943 0.0062209049 0.007603402
   82    1      2      0    0      1      -1      -1   500  0.12330043 0.2070547 0.1937420 0.1262934 0.07269973 0.09189959 0.04469023 0.04698636 0.029311114 0.021203814 0.006328064 0.0143765535 0.0040489073 0.0035795564 0.014485521
   84    1      2      0    0      1      -1      -1   500  0.14983143 0.2330260 0.1470935 0.1245824 0.07622277 0.06852128 0.05689476 0.02481064 0.029178700 0.020163224 0.023949722 0.0083753891 0.0070543167 0.0080734559 0.022222345
   86    1      2      0    0      1      -1      -1   500  0.15250281 0.1833617 0.1828911 0.1414257 0.10394294 0.04605196 0.05544830 0.02263402 0.018565935 0.036790620 0.014441112 0.0179026683 0.0093186105 0.0028604891 0.011862061
   88    1      2      0    0      1      -1      -1   500  0.16628028 0.2616045 0.1381934 0.1134988 0.08417165 0.05802915 0.04266682 0.03518478 0.026903315 0.021667879 0.014877233 0.0116128744 0.0054279886 0.0032037964 0.016677624
   90    1      2      0    0      1      -1      -1   500  0.14952226 0.2328972 0.1713488 0.1596950 0.08741085 0.06217467 0.03665938 0.03372091 0.016834222 0.018471881 0.014772371 0.0062589317 0.0045778095 0.0026060933 0.003049568
   92    1      2      0    0      1      -1      -1   500  0.15150224 0.2575828 0.1687868 0.1172415 0.07968381 0.05855827 0.06056515 0.03985696 0.016897798 0.015851696 0.010037025 0.0053898582 0.0013672857 0.0068269279 0.009851882
   94    1      2      0    0      1      -1      -1   500  0.16390397 0.2403023 0.1632521 0.1207773 0.08787157 0.06189380 0.05179019 0.02414466 0.020417284 0.023851956 0.013321265 0.0041935971 0.0063810287 0.0069266492 0.010972355
   96    1      2      0    0      1      -1      -1   500  0.16096676 0.2556210 0.1596407 0.1309870 0.07463545 0.04789464 0.04569920 0.03334755 0.036608269 0.011591976 0.013383457 0.0150776018 0.0023710026 0.0019051904 0.010270213
   98    1      2      0    0      1      -1      -1   500  0.13116701 0.1944700 0.1592290 0.1403829 0.08455942 0.07293749 0.05017748 0.03050486 0.039481254 0.025280123 0.016267260 0.0085799223 0.0110780979 0.0175124062 0.018372696
  100    1      2      0    0      1      -1      -1   500  0.15918805 0.2345238 0.1824407 0.1191630 0.08022953 0.06208097 0.03575324 0.03281996 0.013323786 0.020571556 0.006968629 0.0158436415 0.0098699408 0.0078826360 0.019340466
   60    1      1      0    0      1       5       5     2  2.00000000 0.0000000 0.0000000 0.0000000 0.00000000 0.00000000 0.00000000 0.00000000 0.000000000 0.000000000 0.000000000 0.0000000000 0.0000000000 0.0000000000 0.000000000
   60    1      1      0    0      1       6       6     1  1.00000000 0.0000000 0.0000000 0.0000000 0.00000000 0.00000000 0.00000000 0.00000000 0.000000000 0.000000000 0.000000000 0.0000000000 0.0000000000 0.0000000000 0.000000000
   60    1      1      0    0      1       8       8     1  1.00000000 0.0000000 0.0000000 0.0000000 0.00000000 0.00000000 0.00000000 0.00000000 0.000000000 0.000000000 0.000000000 0.0000000000 0.0000000000 0.0000000000 0.000000000
   60    1      1      0    0      1       9       9     3  3.00000000 0.0000000 0.0000000 0.0000000 0.00000000 0.00000000 0.00000000 0.00000000 0.000000000 0.000000000 0.000000000 0.0000000000 0.0000000000 0.0000000000 0.000000000
   60    1      1      0    0      1      10      10    17 17.00000000 0.0000000 0.0000000 0.0000000 0.00000000 0.00000000 0.00000000 0.00000000 0.000000000 0.000000000 0.000000000 0.0000000000 0.0000000000 0.0000000000 0.000000000
   60    1      1      0    0      1      11      11     7  7.00000000 0.0000000 0.0000000 0.0000000 0.00000000 0.00000000 0.00000000 0.00000000 0.000000000 0.000000000 0.000000000 0.0000000000 0.0000000000 0.0000000000 0.000000000
   60    1      1      0    0      1      12      12     3  3.00000000 0.0000000 0.0000000 0.0000000 0.00000000 0.00000000 0.00000000 0.00000000 0.000000000 0.000000000 0.000000000 0.0000000000 0.0000000000 0.0000000000 0.000000000
   60    1      1      0    0      1      13      13     3  3.00000000 0.0000000 0.0000000 0.0000000 0.00000000 0.00000000 0.00000000 0.00000000 0.000000000 0.000000000 0.000000000 0.0000000000 0.0000000000 0.0000000000 0.000000000
   60    1      1      0    0      1      14      14     3  3.00000000 0.0000000 0.0000000 0.0000000 0.00000000 0.00000000 0.00000000 0.00000000 0.000000000 0.000000000 0.000000000 0.0000000000 0.0000000000 0.0000000000 0.000000000
   60    1      1      0    0      1      15      15     6  6.00000000 0.0000000 0.0000000 0.0000000 0.00000000 0.00000000 0.00000000 0.00000000 0.000000000 0.000000000 0.000000000 0.0000000000 0.0000000000 0.0000000000 0.000000000
   60    1      1      0    0      1      16      16     7  7.00000000 0.0000000 0.0000000 0.0000000 0.00000000 0.00000000 0.00000000 0.00000000 0.000000000 0.000000000 0.000000000 0.0000000000 0.0000000000 0.0000000000 0.000000000
   60    1      1      0    0      1      17      17     3  3.00000000 0.0000000 0.0000000 0.0000000 0.00000000 0.00000000 0.00000000 0.00000000 0.000000000 0.000000000 0.000000000 0.0000000000 0.0000000000 0.0000000000 0.000000000
   60    1      1      0    0      1      18      18     4  4.00000000 0.0000000 0.0000000 0.0000000 0.00000000 0.00000000 0.00000000 0.00000000 0.000000000 0.000000000 0.000000000 0.0000000000 0.0000000000 0.0000000000 0.000000000
   60    1      1      0    0      1      19      19     2  2.00000000 0.0000000 0.0000000 0.0000000 0.00000000 0.00000000 0.00000000 0.00000000 0.000000000 0.000000000 0.000000000 0.0000000000 0.0000000000 0.0000000000 0.000000000
   60    1      1      0    0      1      20      20     4  4.00000000 0.0000000 0.0000000 0.0000000 0.00000000 0.00000000 0.00000000 0.00000000 0.000000000 0.000000000 0.000000000 0.0000000000 0.0000000000 0.0000000000 0.000000000
   60    1      1      0    0      1      21      21     3  3.00000000 0.0000000 0.0000000 0.0000000 0.00000000 0.00000000 0.00000000 0.00000000 0.000000000 0.000000000 0.000000000 0.0000000000 0.0000000000 0.0000000000 0.000000000
   60    1      1      0    0      1      23      23     2  2.00000000 0.0000000 0.0000000 0.0000000 0.00000000 0.00000000 0.00000000 0.00000000 0.000000000 0.000000000 0.000000000 0.0000000000 0.0000000000 0.0000000000 0.000000000
   60    1      1      0    0      1      24      24     3  3.00000000 0.0000000 0.0000000 0.0000000 0.00000000 0.00000000 0.00000000 0.00000000 0.000000000 0.000000000 0.000000000 0.0000000000 0.0000000000 0.0000000000 0.000000000
   60    1      1      0    0      1      25      25     6  6.00000000 0.0000000 0.0000000 0.0000000 0.00000000 0.00000000 0.00000000 0.00000000 0.000000000 0.000000000 0.000000000 0.0000000000 0.0000000000 0.0000000000 0.000000000
   60    1      1      0    0      1      27      27     3  3.00000000 0.0000000 0.0000000 0.0000000 0.00000000 0.00000000 0.00000000 0.00000000 0.000000000 0.000000000 0.000000000 0.0000000000 0.0000000000 0.0000000000 0.000000000
   60    1      1      0    0      1      28      28     1  1.00000000 0.0000000 0.0000000 0.0000000 0.00000000 0.00000000 0.00000000 0.00000000 0.000000000 0.000000000 0.000000000 0.0000000000 0.0000000000 0.0000000000 0.000000000
   60    1      1      0    0      1      29      29     8  5.00000000 3.0000000 0.0000000 0.0000000 0.00000000 0.00000000 0.00000000 0.00000000 0.000000000 0.000000000 0.000000000 0.0000000000 0.0000000000 0.0000000000 0.000000000
   60    1      1      0    0      1      30      30     2  0.00000000 2.0000000 0.0000000 0.0000000 0.00000000 0.00000000 0.00000000 0.00000000 0.000000000 0.000000000 0.000000000 0.0000000000 0.0000000000 0.0000000000 0.000000000
   60    1      1      0    0      1      32      32     1  0.00000000 1.0000000 0.0000000 0.0000000 0.00000000 0.00000000 0.00000000 0.00000000 0.000000000 0.000000000 0.000000000 0.0000000000 0.0000000000 0.0000000000 0.000000000
   60    1      1      0    0      1      33      33     1  0.00000000 1.0000000 0.0000000 0.0000000 0.00000000 0.00000000 0.00000000 0.00000000 0.000000000 0.000000000 0.000000000 0.0000000000 0.0000000000 0.0000000000 0.000000000
   60    1      1      0    0      1      34      34     2  0.00000000 2.0000000 0.0000000 0.0000000 0.00000000 0.00000000 0.00000000 0.00000000 0.000000000 0.000000000 0.000000000 0.0000000000 0.0000000000 0.0000000000 0.000000000
   60    1      1      0    0      1      37      37     1  0.00000000 0.0000000 1.0000000 0.0000000 0.00000000 0.00000000 0.00000000 0.00000000 0.000000000 0.000000000 0.000000000 0.0000000000 0.0000000000 0.0000000000 0.000000000
   60    1      1      0    0      1      43      43     1  0.00000000 0.0000000 1.0000000 0.0000000 0.00000000 0.00000000 0.00000000 0.00000000 0.000000000 0.000000000 0.000000000 0.0000000000 0.0000000000 0.0000000000 0.000000000
  100    1      1      0    0      1       4       4     2  2.00000000 0.0000000 0.0000000 0.0000000 0.00000000 0.00000000 0.00000000 0.00000000 0.000000000 0.000000000 0.000000000 0.0000000000 0.0000000000 0.0000000000 0.000000000
  100    1      1      0    0      1       5       5     5  5.00000000 0.0000000 0.0000000 0.0000000 0.00000000 0.00000000 0.00000000 0.00000000 0.000000000 0.000000000 0.000000000 0.0000000000 0.0000000000 0.0000000000 0.000000000
  100    1      1      0    0      1       6       6     1  1.00000000 0.0000000 0.0000000 0.0000000 0.00000000 0.00000000 0.00000000 0.00000000 0.000000000 0.000000000 0.000000000 0.0000000000 0.0000000000 0.0000000000 0.000000000
  100    1      1      0    0      1       7       7     1  1.00000000 0.0000000 0.0000000 0.0000000 0.00000000 0.00000000 0.00000000 0.00000000 0.000000000 0.000000000 0.000000000 0.0000000000 0.0000000000 0.0000000000 0.000000000
  100    1      1      0    0      1       8       8     3  2.00000000 0.0000000 0.0000000 0.0000000 0.00000000 0.00000000 0.00000000 0.00000000 0.000000000 0.000000000 0.000000000 0.0000000000 0.0000000000 1.0000000000 0.000000000
  100    1      1      0    0      1       9       9     4  4.00000000 0.0000000 0.0000000 0.0000000 0.00000000 0.00000000 0.00000000 0.00000000 0.000000000 0.000000000 0.000000000 0.0000000000 0.0000000000 0.0000000000 0.000000000
  100    1      1      0    0      1      10      10     3  3.00000000 0.0000000 0.0000000 0.0000000 0.00000000 0.00000000 0.00000000 0.00000000 0.000000000 0.000000000 0.000000000 0.0000000000 0.0000000000 0.0000000000 0.000000000
  100    1      1      0    0      1      11      11    14 14.00000000 0.0000000 0.0000000 0.0000000 0.00000000 0.00000000 0.00000000 0.00000000 0.000000000 0.000000000 0.000000000 0.0000000000 0.0000000000 0.0000000000 0.000000000
  100    1      1      0    0      1      12      12     4  4.00000000 0.0000000 0.0000000 0.0000000 0.00000000 0.00000000 0.00000000 0.00000000 0.000000000 0.000000000 0.000000000 0.0000000000 0.0000000000 0.0000000000 0.000000000
  100    1      1      0    0      1      13      13     2  2.00000000 0.0000000 0.0000000 0.0000000 0.00000000 0.00000000 0.00000000 0.00000000 0.000000000 0.000000000 0.000000000 0.0000000000 0.0000000000 0.0000000000 0.000000000
  100    1      1      0    0      1      14      14     3  3.00000000 0.0000000 0.0000000 0.0000000 0.00000000 0.00000000 0.00000000 0.00000000 0.000000000 0.000000000 0.000000000 0.0000000000 0.0000000000 0.0000000000 0.000000000
  100    1      1      0    0      1      15      15     5  5.00000000 0.0000000 0.0000000 0.0000000 0.00000000 0.00000000 0.00000000 0.00000000 0.000000000 0.000000000 0.000000000 0.0000000000 0.0000000000 0.0000000000 0.000000000
  100    1      1      0    0      1      16      16     3  3.00000000 0.0000000 0.0000000 0.0000000 0.00000000 0.00000000 0.00000000 0.00000000 0.000000000 0.000000000 0.000000000 0.0000000000 0.0000000000 0.0000000000 0.000000000
  100    1      1      0    0      1      17      17     3  3.00000000 0.0000000 0.0000000 0.0000000 0.00000000 0.00000000 0.00000000 0.00000000 0.000000000 0.000000000 0.000000000 0.0000000000 0.0000000000 0.0000000000 0.000000000
  100    1      1      0    0      1      18      18     3  3.00000000 0.0000000 0.0000000 0.0000000 0.00000000 0.00000000 0.00000000 0.00000000 0.000000000 0.000000000 0.000000000 0.0000000000 0.0000000000 0.0000000000 0.000000000
  100    1      1      0    0      1      19      19     2  2.00000000 0.0000000 0.0000000 0.0000000 0.00000000 0.00000000 0.00000000 0.00000000 0.000000000 0.000000000 0.000000000 0.0000000000 0.0000000000 0.0000000000 0.000000000
  100    1      1      0    0      1      20      20     1  1.00000000 0.0000000 0.0000000 0.0000000 0.00000000 0.00000000 0.00000000 0.00000000 0.000000000 0.000000000 0.000000000 0.0000000000 0.0000000000 0.0000000000 0.000000000
  100    1      1      0    0      1      21      21     6  6.00000000 0.0000000 0.0000000 0.0000000 0.00000000 0.00000000 0.00000000 0.00000000 0.000000000 0.000000000 0.000000000 0.0000000000 0.0000000000 0.0000000000 0.000000000
  100    1      1      0    0      1      22      22     5  5.00000000 0.0000000 0.0000000 0.0000000 0.00000000 0.00000000 0.00000000 0.00000000 0.000000000 0.000000000 0.000000000 0.0000000000 0.0000000000 0.0000000000 0.000000000
  100    1      1      0    0      1      23      23     1  1.00000000 0.0000000 0.0000000 0.0000000 0.00000000 0.00000000 0.00000000 0.00000000 0.000000000 0.000000000 0.000000000 0.0000000000 0.0000000000 0.0000000000 0.000000000
  100    1      1      0    0      1      24      24     3  3.00000000 0.0000000 0.0000000 0.0000000 0.00000000 0.00000000 0.00000000 0.00000000 0.000000000 0.000000000 0.000000000 0.0000000000 0.0000000000 0.0000000000 0.000000000
  100    1      1      0    0      1      26      26     3  3.00000000 0.0000000 0.0000000 0.0000000 0.00000000 0.00000000 0.00000000 0.00000000 0.000000000 0.000000000 0.000000000 0.0000000000 0.0000000000 0.0000000000 0.000000000
  100    1      1      0    0      1      27      27     1  1.00000000 0.0000000 0.0000000 0.0000000 0.00000000 0.00000000 0.00000000 0.00000000 0.000000000 0.000000000 0.000000000 0.0000000000 0.0000000000 0.0000000000 0.000000000
  100    1      1      0    0      1      28      28     6  4.00000000 2.0000000 0.0000000 0.0000000 0.00000000 0.00000000 0.00000000 0.00000000 0.000000000 0.000000000 0.000000000 0.0000000000 0.0000000000 0.0000000000 0.000000000
  100    1      1      0    0      1      30      30     1  0.00000000 1.0000000 0.0000000 0.0000000 0.00000000 0.00000000 0.00000000 0.00000000 0.000000000 0.000000000 0.000000000 0.0000000000 0.0000000000 0.0000000000 0.000000000
  100    1      1      0    0      1      31      31     4  0.00000000 4.0000000 0.0000000 0.0000000 0.00000000 0.00000000 0.00000000 0.00000000 0.000000000 0.000000000 0.000000000 0.0000000000 0.0000000000 0.0000000000 0.000000000
  100    1      1      0    0      1      32      32     2  0.00000000 2.0000000 0.0000000 0.0000000 0.00000000 0.00000000 0.00000000 0.00000000 0.000000000 0.000000000 0.000000000 0.0000000000 0.0000000000 0.0000000000 0.000000000
  100    1      1      0    0      1      33      33     1  0.00000000 1.0000000 0.0000000 0.0000000 0.00000000 0.00000000 0.00000000 0.00000000 0.000000000 0.000000000 0.000000000 0.0000000000 0.0000000000 0.0000000000 0.000000000
  100    1      1      0    0      1      34      34     1  0.00000000 1.0000000 0.0000000 0.0000000 0.00000000 0.00000000 0.00000000 0.00000000 0.000000000 0.000000000 0.000000000 0.0000000000 0.0000000000 0.0000000000 0.000000000
  100    1      1      0    0      1      36      36     1  0.00000000 1.0000000 0.0000000 0.0000000 0.00000000 0.00000000 0.00000000 0.00000000 0.000000000 0.000000000 0.000000000 0.0000000000 0.0000000000 0.0000000000 0.000000000
  100    1      1      0    0      1      37      37     3  0.00000000 3.0000000 0.0000000 0.0000000 0.00000000 0.00000000 0.00000000 0.00000000 0.000000000 0.000000000 0.000000000 0.0000000000 0.0000000000 0.0000000000 0.000000000
  100    1      1      0    0      1      38      38     1  0.00000000 1.0000000 0.0000000 0.0000000 0.00000000 0.00000000 0.00000000 0.00000000 0.000000000 0.000000000 0.000000000 0.0000000000 0.0000000000 0.0000000000 0.000000000
  100    1      1      0    0      1      42      42     2  0.00000000 2.0000000 0.0000000 0.0000000 0.00000000 0.00000000 0.00000000 0.00000000 0.000000000 0.000000000 0.000000000 0.0000000000 0.0000000000 0.0000000000 0.000000000
0 #_N_MeanSize_at_Age_obs
0 #_N_environ_variables
0 #_N_environ_obs
0 #_N_sizefreq_methods
0 #_do_tags
0 #_morphcomp_data
#
999
