#C data file created using the SS_writedat function in the R package r4ss
#C should work with SS version: 
#C file write time: 2015-02-11 18:26:53
#
1 #_styr
100 #_endyr
1 #_nseas
12 #_months_per_seas
1 #_spawn_seas
1 #_Nfleet
2 #_Nsurveys
1 #_N_areas
Fishery%Survey%CPUE #_fleetnames
0.5 0.5 0.5 #_surveytiming_in_season
1 1 1 #_area_assignments_for_each_fishery_and_survey
1 #_units of catch:  1=bio; 2=num
0.01 #_se of log(catch) only used for init_eq_catch and for Fmethod 2 and 3
1 #_Ngenders
25 #_Nages
0 #_init_equil_catch_for_each_fishery
100 #_N_lines_of_catch_to_read
 #_Fishery year seas
         0    1    1
         0    2    1
         0    3    1
         0    4    1
         0    5    1
         0    6    1
         0    7    1
         0    8    1
         0    9    1
         0   10    1
         0   11    1
         0   12    1
         0   13    1
         0   14    1
         0   15    1
         0   16    1
         0   17    1
         0   18    1
         0   19    1
         0   20    1
         0   21    1
         0   22    1
         0   23    1
         0   24    1
         0   25    1
 444646000   26    1
 397608000   27    1
 357583000   28    1
 324161000   29    1
 296656000   30    1
 274240000   31    1
 256057000   32    1
 241314000   33    1
 229322000   34    1
 219511000   35    1
 211426000   36    1
 204710000   37    1
 199088000   38    1
 194347000   39    1
 190324000   40    1
 186891000   41    1
 183948000   42    1
 181416000   43    1
 179230000   44    1
 177337000   45    1
 175694000   46    1
 174266000   47    1
 173022000   48    1
 171937000   49    1
 170990000   50    1
 170161000   51    1
 169436000   52    1
 168801000   53    1
 168243000   54    1
 167755000   55    1
 167325000   56    1
 166948000   57    1
 166617000   58    1
 166326000   59    1
 166070000   60    1
 165844000   61    1
 165646000   62    1
 165471000   63    1
 165317000   64    1
 165182000   65    1
 165063000   66    1
 164958000   67    1
 164865000   68    1
 164784000   69    1
 164712000   70    1
 164649000   71    1
 164593000   72    1
 164544000   73    1
 164500000   74    1
 164462000   75    1
 164429000   76    1
 164399000   77    1
 164373000   78    1
 164350000   79    1
 164329000   80    1
 164311000   81    1
 164296000   82    1
 164282000   83    1
 164269000   84    1
 164258000   85    1
 164249000   86    1
 164240000   87    1
 164233000   88    1
 164227000   89    1
 164221000   90    1
 164216000   91    1
 164211000   92    1
 164207000   93    1
 164204000   94    1
 164201000   95    1
 164198000   96    1
 164195000   97    1
 164193000   98    1
 164192000   99    1
 164190000  100    1
13 #_N_cpue
 #_Fleet Units Errtype
       1     1       0
       2     1       0
       3     1       0
 #_year seas index        obs se_log
     76    1     2 1171378115    0.2
     78    1     2 1463288670    0.2
     80    1     2 1540657507    0.2
     82    1     2 1855135169    0.2
     84    1     2 1168852009    0.2
     86    1     2 1782872163    0.2
     88    1     2 1583259177    0.2
     90    1     2 1163193194    0.2
     92    1     2 1947883438    0.2
     94    1     2 1398854831    0.2
     96    1     2 1573244147    0.2
     98    1     2 1346569304    0.2
    100    1     2  908981000    0.2
0 #_N_discard_fleets
#_discard_units (1=same_as_catchunits(bio/num); 2=fraction; 3=numbers)
#_discard_errtype:  >0 for DF of T-dist(read CV below); 0 for normal with CV; -1 for normal with se; -2 for lognormal
0 #_N_discard
0 #_N_meanbodywt
1 #_DF_for_meanbodywt_T-distribution_like
2 # length bin method: 1=use databins; 2=generate from binwidth,min,max below; 3=read vector
1 # binwidth for population size comp
10 # minimum size in the population (lower edge of first bin and size at age 0.00)
200 # maximum size in the population (lower edge of last bin)
-0.001 #_comp_tail_compression
1e-05 #_add_to_comp
0 #_combine males into females at or below this bin number
45 #_N_lbins
#_lbin_vector
20 23 26 29 32 35 38 41 44 47 50 53 56 59 62 65 68 71 74 77 80 83 86 89 92 95 98 101 104 107 110 113 116 119 122 125 128 131 134 137 140 143 146 149 152
28 #_N_Length_comp_observations
 #_Yr Seas FltSvy Gender Part Nsamp           l20          l23          l26         l29          l32         l35          l38         l41        l44        l47        l50        l53        l56         l59        l62        l65        l68         l71         l74         l77        l80        l83        l86         l89         l92        l95         l98        l101        l104        l107        l110        l113        l116         l119         l122         l125         l128         l131         l134         l137         l140         l143         l146         l149         l152
   26    1      1      0    0   125 1.026980e-183 5.096333e-06 2.170238e-03 0.005484146 0.0005909549 0.004493319 1.609046e-02 0.010040234 0.01517328 0.03662993 0.08136969 0.02587254 0.02312939 0.047859688 0.02923658 0.02874881 0.03595643 0.026430116 0.008843258 0.024311485 0.01861160 0.05939122 0.03657549 0.027974242 0.079220953 0.02291707 0.041541596 0.026266787 0.055711243 0.027053704 0.051124950 0.015814768 0.020412373 0.0222669326 0.0179586353 0.0037404833 0.0059245993 0.0039194133 1.034226e-02 7.655573e-03 9.295988e-04 1.283486e-03 4.716644e-04 1.213359e-03 1.924235e-02
   36    1      1      0    0   125 5.298689e-146 1.220727e-07 5.200764e-03 0.013250691 0.0062755127 0.001358079 1.246717e-03 0.014904382 0.05146715 0.05867191 0.05763051 0.02984770 0.03925558 0.052992991 0.03441759 0.01638568 0.04219209 0.035596671 0.035811690 0.023158376 0.01851869 0.02070212 0.03749977 0.038131740 0.058661699 0.04710162 0.018381659 0.024722200 0.017658491 0.019366890 0.034232558 0.026492729 0.019432067 0.0064175937 0.0054647421 0.0292460691 0.0015938243 0.0145813588 2.131986e-03 1.402718e-02 1.231531e-02 6.431078e-07 3.146663e-07 1.009452e-02 3.560014e-03
   46    1      1      0    0   125  2.819650e-44 1.300960e-03 5.441475e-03 0.033211433 0.0215799192 0.004074365 1.688796e-03 0.035962179 0.05356294 0.04240979 0.03902753 0.02143830 0.04623055 0.025457429 0.02791594 0.04507334 0.03381591 0.049773341 0.060776228 0.055922418 0.04730345 0.01515769 0.01094943 0.018726132 0.021599424 0.04433762 0.034713829 0.013432860 0.054086394 0.022909325 0.038218487 0.013797697 0.010128388 0.0212396695 0.0021995141 0.0136799828 0.0015241472 0.0097151484 3.942280e-04 1.017449e-03 1.552215e-05 1.844765e-04 9.757432e-07 1.650806e-17 5.325567e-06
   56    1      1      0    0   125  2.047088e-84 3.374217e-03 4.082646e-05 0.019860772 0.0242885878 0.002132649 4.288378e-03 0.007521155 0.02435615 0.05690284 0.05933959 0.05900613 0.03637203 0.057283931 0.07288697 0.05435019 0.04279927 0.017658379 0.033415093 0.034191056 0.04147272 0.03098648 0.02233646 0.027430743 0.013522632 0.02717227 0.045387665 0.047237148 0.020810053 0.037767431 0.021004577 0.013839023 0.017218023 0.0009353909 0.0065066510 0.0051473443 0.0053885775 0.0038122128 1.779833e-03 1.445983e-05 1.613298e-04 4.226931e-07 3.304565e-07 9.000086e-18 8.298870e-23
   60    1      1      0    0   125  1.729597e-11 1.136766e-27 1.367951e-03 0.004165805 0.0029719563 0.002078637 3.632566e-03 0.014403510 0.02295042 0.04907714 0.06265927 0.08456887 0.05082225 0.006062804 0.05239274 0.06146090 0.02558259 0.070154312 0.047001929 0.006104333 0.02336843 0.01517518 0.02668721 0.011997959 0.029339725 0.05557205 0.012679544 0.023280928 0.085107468 0.025382666 0.065383719 0.010081441 0.016607034 0.0039193553 0.0044809393 0.0005824058 0.0009365393 0.0114165523 4.660672e-04 3.449162e-05 2.173754e-03 3.878004e-03 3.003819e-05 6.184867e-04 3.342024e-03
   64    1      1      0    0   125  2.350602e-24 9.742995e-04 1.433482e-04 0.001765367 0.0441533893 0.005392560 9.430754e-03 0.001565912 0.05251789 0.08667091 0.06529035 0.04409184 0.04577931 0.023506112 0.06250855 0.03978097 0.04733535 0.039623116 0.029069033 0.009938446 0.05277511 0.01208015 0.06184222 0.029305929 0.022362779 0.03227008 0.029888324 0.022360810 0.036727973 0.027965712 0.001914995 0.010841576 0.013910269 0.0027649291 0.0100643647 0.0053467697 0.0024045472 0.0006922069 1.129897e-04 1.215310e-02 2.932711e-09 2.517526e-03 3.661100e-05 1.235286e-04 8.126839e-13
   68    1      1      0    0   125  1.611465e-65 9.064680e-40 1.529016e-03 0.010609414 0.0149195877 0.006692689 1.102708e-02 0.021114075 0.02669675 0.07012908 0.06641228 0.09438292 0.02577563 0.040093868 0.03315562 0.06315445 0.04061378 0.091153562 0.033747803 0.008391836 0.01937483 0.03469951 0.03106969 0.026921783 0.038010274 0.01583894 0.015444048 0.022447023 0.019960824 0.006440716 0.023286290 0.023861108 0.012937246 0.0149114783 0.0202887788 0.0070725827 0.0035304579 0.0017138148 1.278037e-03 8.217203e-10 2.620754e-04 6.482242e-04 4.028283e-04 1.234972e-20 2.375890e-13
   72    1      1      0    0   125  5.667689e-21 3.947259e-13 3.764471e-03 0.004173886 0.0052393954 0.005378803 9.193303e-04 0.022359250 0.03207243 0.12340842 0.03478407 0.05127486 0.02426616 0.033477679 0.03456550 0.03795679 0.05354434 0.036302631 0.024951840 0.047479162 0.02751635 0.01564834 0.02869714 0.024845291 0.013129015 0.02783514 0.031996756 0.010508735 0.014331830 0.048608914 0.090116125 0.020631152 0.027071923 0.0063629549 0.0075337581 0.0017408656 0.0064381531 0.0135318867 5.923686e-04 6.462500e-03 1.549265e-06 4.542087e-04 2.602114e-05 4.710352e-13 2.070341e-14
   76    1      1      0    0   125 6.422853e-322 1.377368e-31 1.294768e-03 0.046097437 0.0083866437 0.017597271 8.001757e-05 0.014700054 0.04248660 0.06272289 0.05277433 0.03704748 0.03001600 0.028227811 0.04623577 0.01866653 0.04955475 0.030852912 0.031913865 0.029232104 0.04898582 0.03955107 0.02017881 0.026633369 0.030195170 0.05384710 0.015960166 0.032027845 0.016557100 0.079489311 0.003859845 0.007258374 0.008554105 0.0026827730 0.0002181385 0.0092412929 0.0326584839 0.0233002356 4.727572e-05 4.551838e-06 4.125572e-04 2.308754e-04 2.173043e-04 8.675398e-16 1.188599e-06
   80    1      1      0    0   125  3.335765e-07 6.350353e-03 1.439049e-02 0.000158262 0.0009711355 0.001352920 1.158911e-02 0.005710426 0.04411359 0.05912722 0.05679816 0.04012914 0.01276372 0.011962154 0.07117736 0.03854047 0.05992594 0.007638273 0.031476754 0.042454383 0.05959624 0.01714852 0.02227150 0.034138660 0.042369122 0.01987652 0.043100771 0.020857668 0.023611322 0.028676616 0.027395373 0.009607126 0.039705235 0.0096350843 0.0194770756 0.0084897988 0.0315332225 0.0102637463 8.025280e-05 1.534515e-02 6.034249e-08 1.263150e-07 1.814169e-04 3.263098e-09 9.189089e-06
   84    1      1      0    0   125  2.558459e-81 6.559581e-20 7.892197e-04 0.006423273 0.0152546768 0.009039170 7.694163e-03 0.016847600 0.05929768 0.05932907 0.07141865 0.03748532 0.02206103 0.063834031 0.03065361 0.04384956 0.04860797 0.011069527 0.032722780 0.029017376 0.02184395 0.04174595 0.03580286 0.084713942 0.009187814 0.03870803 0.045027793 0.014724349 0.028713130 0.009540656 0.027483061 0.010248217 0.015887424 0.0067954939 0.0014238920 0.0293273847 0.0011164042 0.0003394021 3.619088e-03 1.777572e-04 9.453381e-08 9.989804e-04 2.411916e-07 7.176132e-03 3.226480e-06
   88    1      1      0    0   125 3.329650e-235 8.150837e-15 2.291185e-04 0.002009761 0.0333459976 0.001314483 3.378509e-03 0.007672052 0.07320181 0.06249806 0.04194867 0.05371385 0.02311917 0.012746535 0.05526541 0.03250712 0.03191699 0.065774949 0.020045617 0.039324101 0.08559857 0.02037303 0.02897326 0.015585219 0.015908277 0.05201151 0.009838226 0.026319990 0.036010841 0.039331990 0.020166552 0.032352126 0.010411124 0.0039028304 0.0015704739 0.0089425452 0.0021514628 0.0070755330 1.864317e-04 3.274613e-03 1.866048e-02 1.342127e-03 5.718570e-07 5.634011e-09 1.307832e-08
   92    1      1      0    0   125  3.878374e-46 3.373008e-31 1.768502e-03 0.017703866 0.0110871765 0.001463958 1.432824e-03 0.028647138 0.04134326 0.11695445 0.02218123 0.05981953 0.02743234 0.029446200 0.04492766 0.01245873 0.05222658 0.069649740 0.029990716 0.031998483 0.04306685 0.00796161 0.03616979 0.023469660 0.013394800 0.03145931 0.033568375 0.071279738 0.014251144 0.021209412 0.004900906 0.040184585 0.005822376 0.0139241768 0.0123589338 0.0100469193 0.0040015378 0.0057553003 2.198847e-03 2.213956e-04 3.154817e-03 6.951977e-04 3.647814e-04 7.145237e-06 5.158422e-11
   96    1      1      0    0   125  1.414847e-05 2.550961e-06 3.663159e-04 0.003911772 0.0310058609 0.006535208 2.277239e-02 0.016870793 0.01306939 0.05690466 0.08314979 0.07474169 0.03041008 0.058672118 0.07567416 0.03742137 0.05277052 0.040762932 0.060532058 0.030695361 0.03680534 0.02340938 0.02865450 0.006049096 0.005822860 0.01145596 0.038878093 0.018951112 0.019503515 0.016728382 0.001874539 0.010595568 0.025642541 0.0291386464 0.0121817352 0.0041717377 0.0044114573 0.0048241273 2.791413e-04 3.100918e-03 3.185135e-06 1.234878e-03 1.617550e-14 1.164349e-07 2.919498e-14
  100    1      1      0    0   125 2.239676e-165 6.755294e-21 1.606386e-02 0.007579888 0.0023203701 0.009494027 5.188489e-04 0.040029656 0.02481495 0.08109654 0.06182808 0.06514715 0.02386477 0.020560034 0.03070333 0.06816793 0.03453607 0.057649475 0.026065544 0.064231138 0.02184843 0.03646475 0.03247820 0.033428502 0.020413960 0.04564523 0.013782910 0.010653718 0.020609268 0.019803395 0.006096310 0.018389372 0.011001977 0.0083725759 0.0082137747 0.0346696786 0.0049475562 0.0132212772 5.144115e-05 4.790584e-05 8.698096e-07 9.811439e-06 5.171224e-03 6.188415e-06 1.484936e-20
   76    1      2      0    0   500  1.198346e-12 2.692309e-04 2.201486e-02 0.042979792 0.0574690126 0.016872371 1.230503e-02 0.016762151 0.04798675 0.04978886 0.05238019 0.04852078 0.02817288 0.043900756 0.03892720 0.03549241 0.02982755 0.027372575 0.043988640 0.035761253 0.02822560 0.02675546 0.03985639 0.032102880 0.024053415 0.02137761 0.029422705 0.017280084 0.018706614 0.020437229 0.014729608 0.010281734 0.007365319 0.0132582010 0.0095427959 0.0083890423 0.0022578724 0.0036542765 1.782182e-03 9.475608e-03 2.139570e-03 4.450873e-03 5.493351e-04 2.783892e-03 3.294099e-04
   78    1      2      0    0   500  7.426899e-05 3.045018e-03 1.990013e-02 0.069423790 0.0648237179 0.028991593 1.018481e-02 0.022187045 0.02918948 0.05095885 0.05179704 0.04352691 0.03323433 0.030146617 0.02473435 0.03820881 0.02376607 0.034636927 0.025186192 0.043489175 0.03988483 0.04023145 0.02820817 0.020302905 0.037993430 0.01853173 0.017545843 0.028242036 0.015156876 0.011752447 0.017248344 0.015845473 0.007431955 0.0124679672 0.0082514834 0.0064920975 0.0124446782 0.0045984989 3.066804e-03 1.562391e-03 1.939951e-03 4.107957e-05 2.083856e-03 1.126805e-03 4.377505e-05
   80    1      2      0    0   500  2.506689e-11 3.643672e-03 1.804616e-02 0.038501481 0.0536889123 0.019729725 1.020022e-02 0.018515145 0.03159491 0.05223615 0.07263699 0.04245885 0.04847861 0.033248853 0.02207161 0.03366236 0.03431024 0.035359860 0.031422684 0.033427889 0.04956268 0.03261172 0.02141081 0.021132188 0.034420051 0.03044718 0.012840089 0.018784786 0.015387969 0.020570581 0.025064888 0.016553921 0.016887077 0.0101052116 0.0053399244 0.0052658893 0.0072317334 0.0028736126 7.642076e-03 6.940335e-03 1.641967e-03 2.576669e-04 2.966537e-03 6.711709e-04 1.555996e-04
   82    1      2      0    0   500  5.022538e-09 2.366514e-03 1.900918e-02 0.037999855 0.0443443018 0.014970996 1.038910e-02 0.020939147 0.05983718 0.05355498 0.05413226 0.04547860 0.03308631 0.027151273 0.03772862 0.04483072 0.04178763 0.028241054 0.027133021 0.054436041 0.02358296 0.03990994 0.03206824 0.031937042 0.024394212 0.01260557 0.021765253 0.032484633 0.020757120 0.011557975 0.019741266 0.008269835 0.014660139 0.0088161885 0.0122471904 0.0063716647 0.0063933604 0.0015891336 7.624586e-03 3.384902e-03 3.765132e-04 2.063102e-04 1.155787e-03 6.486594e-04 3.473569e-05
   84    1      2      0    0   500  7.410221e-13 5.142521e-05 8.467940e-03 0.046985962 0.0403585123 0.025860595 4.740931e-03 0.017715018 0.03262914 0.05487991 0.05348078 0.03152371 0.03027738 0.040767560 0.03358540 0.04086258 0.04645064 0.026527835 0.034312976 0.028496493 0.04888186 0.03334254 0.02355308 0.013144534 0.030317830 0.02345172 0.035004812 0.029833648 0.024809883 0.019537869 0.023921073 0.009096171 0.035105315 0.0103781352 0.0030257763 0.0140472592 0.0081551156 0.0018402108 1.851306e-03 1.126132e-03 5.645602e-03 2.107589e-03 3.280428e-04 3.519288e-03 4.294128e-07
   86    1      2      0    0   500  2.474451e-14 4.249079e-03 1.467057e-02 0.042462528 0.0625504320 0.031548899 1.266505e-02 0.024443031 0.03203204 0.05651697 0.05300116 0.04507891 0.03895344 0.045433607 0.02214974 0.04546124 0.03941398 0.040711469 0.027353882 0.020386219 0.03083401 0.02076403 0.02274882 0.034551209 0.027315487 0.02900476 0.028536598 0.017740313 0.015867995 0.017565282 0.013364182 0.008392925 0.014045055 0.0101252996 0.0113628248 0.0124690460 0.0065570121 0.0066419819 7.619012e-03 9.726266e-04 1.473129e-04 3.251544e-03 8.869655e-04 1.761441e-09 1.534689e-04
   88    1      2      0    0   500  1.883201e-04 1.279006e-03 1.552392e-02 0.045200568 0.0554807731 0.019780835 9.949836e-03 0.019742588 0.05365230 0.07421656 0.05118197 0.03842675 0.04860357 0.033968518 0.04842040 0.04282631 0.02316034 0.030539490 0.040248638 0.027789887 0.02548698 0.01929266 0.03753320 0.025406892 0.037211186 0.01748174 0.020079951 0.023487207 0.021353458 0.014901288 0.008051951 0.011993789 0.006225258 0.0147594101 0.0116913211 0.0070436956 0.0044261742 0.0036447108 2.281237e-03 4.335398e-03 2.122894e-03 9.180893e-04 8.881428e-05 4.511704e-09 2.113076e-06
   90    1      2      0    0   500  2.532194e-61 3.409444e-04 1.187989e-02 0.042082259 0.0460110729 0.022878685 1.223172e-02 0.019912835 0.05204688 0.07979802 0.05988288 0.01884831 0.02786818 0.025894165 0.03896817 0.02224036 0.05382551 0.040440366 0.028860761 0.030999824 0.04171530 0.03643111 0.02875648 0.043501711 0.020512657 0.03119336 0.019581113 0.009309572 0.016783662 0.010041449 0.023472110 0.012926160 0.014854869 0.0141206173 0.0182049290 0.0077545039 0.0044124590 0.0041198807 1.760835e-03 4.114855e-03 4.450817e-04 2.227450e-04 6.562478e-04 2.146070e-05 7.600129e-05
   92    1      2      0    0   500  3.706928e-16 6.376365e-04 1.506169e-02 0.048986229 0.0546422315 0.022440381 1.429597e-02 0.017443580 0.03837001 0.05009085 0.03659856 0.02293559 0.02818103 0.042341106 0.02887136 0.03906752 0.04169582 0.025746487 0.048774803 0.036859379 0.03248477 0.02765282 0.03721590 0.037979185 0.018736355 0.03069845 0.024705468 0.026055389 0.025750124 0.027821665 0.016127732 0.005793849 0.008629498 0.0057880562 0.0189858730 0.0069986716 0.0147620201 0.0121292568 5.604127e-04 1.724289e-03 2.657190e-03 2.950649e-03 5.341567e-04 2.826461e-05 1.897210e-04
   94    1      2      0    0   500  1.805536e-04 1.891899e-04 1.757176e-02 0.043293359 0.0485292970 0.022124467 1.087844e-02 0.034756616 0.04120724 0.05003325 0.04986899 0.03516954 0.03117395 0.029830840 0.04257862 0.04036629 0.04160299 0.034128306 0.026954286 0.053158716 0.04179101 0.02620711 0.03215925 0.019284602 0.018046287 0.01437343 0.017728332 0.019687231 0.017148120 0.026245527 0.011482565 0.019789810 0.024387882 0.0094007413 0.0143580284 0.0039753719 0.0068161173 0.0054943099 6.927996e-03 4.177879e-03 5.339362e-03 1.499056e-03 4.555251e-05 3.773557e-05 7.804980e-10
   96    1      2      0    0   500  1.492949e-12 3.913189e-03 2.910122e-02 0.044787737 0.0459728997 0.016174699 1.619736e-02 0.021348064 0.03774852 0.05747265 0.05199356 0.03880423 0.02759553 0.027224226 0.04468598 0.03276770 0.03184535 0.025445174 0.040684890 0.032927693 0.02298612 0.03908446 0.02902194 0.022457207 0.031335598 0.03697690 0.028514412 0.018304944 0.009739802 0.023543776 0.011429153 0.014542681 0.005456795 0.0125053121 0.0117387429 0.0105714814 0.0162011841 0.0165120873 9.561020e-04 5.670388e-03 1.388608e-03 8.728337e-04 2.708168e-03 1.038894e-04 6.867405e-04
   98    1      2      0    0   500  3.307980e-08 4.287229e-03 2.255818e-02 0.052034803 0.0522990282 0.025213506 5.989124e-03 0.024034336 0.04529908 0.06015596 0.05411840 0.05261643 0.02576349 0.033665377 0.02903410 0.04315515 0.02629285 0.037850266 0.031871695 0.016829300 0.03056716 0.01866299 0.04374430 0.038179301 0.028872350 0.02109551 0.025453066 0.026251885 0.007204172 0.019706584 0.015783705 0.013736802 0.006923179 0.0234853423 0.0069396195 0.0045029532 0.0080415618 0.0106870081 2.218687e-03 4.562205e-03 8.892769e-05 8.848895e-05 1.091493e-04 2.967517e-06 2.375283e-05
  100    1      2      0    0   500  2.413925e-32 1.211239e-03 2.453656e-02 0.065901397 0.0356755565 0.014033247 9.458965e-03 0.028497185 0.05866682 0.05475736 0.06209336 0.02990433 0.03079244 0.027230249 0.04031183 0.04526495 0.03147766 0.029991662 0.025300660 0.032596372 0.02265988 0.02122136 0.04517181 0.033106656 0.031221022 0.01526845 0.016577851 0.030661097 0.009274760 0.017055655 0.013744254 0.021076267 0.022435399 0.0250730802 0.0058186192 0.0012973409 0.0059138519 0.0084381046 1.114421e-03 1.961635e-03 1.011426e-04 8.114440e-04 2.149233e-03 1.329101e-04 1.191883e-05
15 #_N_agebins
#_agebin_vector
1 2 3 4 5 6 7 8 9 10 11 12 13 14 15
1 #_N_ageerror_definitions
 #_age0   age1   age2   age3   age4   age5   age6   age7   age8   age9  age10  age11  age12  age13  age14  age15  age16  age17  age18  age19  age20  age21  age22  age23  age24  age25
 -1.000 -1.000 -1.000 -1.000 -1.000 -1.000 -1.000 -1.000 -1.000 -1.000 -1.000 -1.000 -1.000 -1.000 -1.000 -1.000 -1.000 -1.000 -1.000 -1.000 -1.000 -1.000 -1.000 -1.000 -1.000 -1.000
  0.001  0.001  0.001  0.001  0.001  0.001  0.001  0.001  0.001  0.001  0.001  0.001  0.001  0.001  0.001  0.001  0.001  0.001  0.001  0.001  0.001  0.001  0.001  0.001  0.001  0.001
87 #_N_agecomp
1 #_Lbin_method: 1=poplenbins; 2=datalenbins; 3=lengths
-1 #_combine males into females at or below this bin number
 #_Yr Seas FltSvy Gender Part Ageerr Lbin_lo Lbin_hi Nsamp           a1        a2        a3         a4         a5         a6         a7         a8         a9         a10         a11          a12          a13          a14         a15
   26    1      1      0    0      1      -1      -1   125  0.006483684 0.1164070 0.1503777 0.15722122 0.08808855 0.13913227 0.11494057 0.04378353 0.02943929 0.030142683 0.030707043 0.0133401891 0.0042465052 0.0133758520 0.062313919
   36    1      1      0    0      1      -1      -1   125  0.038755323 0.2162110 0.1974211 0.18792226 0.10111500 0.05322091 0.08542505 0.01801446 0.02406212 0.011951502 0.012327505 0.0002487678 0.0059505010 0.0077851247 0.039589415
   46    1      1      0    0      1      -1      -1   125  0.043858557 0.2159272 0.1892482 0.12808838 0.12305110 0.05409772 0.04353346 0.03994447 0.05438218 0.014646589 0.027763083 0.0280734033 0.0129128463 0.0011701354 0.023302665
   56    1      1      0    0      1      -1      -1   125  0.023096717 0.1678463 0.2109907 0.16145983 0.07752004 0.11355457 0.06210673 0.01808040 0.05540942 0.021983172 0.016469001 0.0228405330 0.0010577025 0.0067418745 0.040842988
   60    1      1      0    0      1      -1      -1   125  0.013738843 0.3041019 0.1554452 0.12946635 0.11123723 0.07966399 0.05449490 0.03935608 0.02176189 0.039026421 0.019501364 0.0048155193 0.0082788221 0.0091400058 0.009971504
   64    1      1      0    0      1      -1      -1   125  0.018800717 0.2661093 0.2704795 0.11284221 0.08153281 0.06856427 0.03906578 0.05336991 0.01485579 0.024099032 0.014294992 0.0120283165 0.0084802643 0.0067175774 0.008759535
   68    1      1      0    0      1      -1      -1   125  0.030127177 0.2319616 0.1794121 0.12307812 0.13300314 0.07729474 0.09220325 0.01735811 0.01858110 0.046964596 0.002878189 0.0054381478 0.0049349172 0.0104243350 0.026340546
   72    1      1      0    0      1      -1      -1   125  0.017689063 0.2339771 0.1561361 0.14170471 0.11376725 0.10604596 0.02481131 0.02239049 0.04455542 0.034099985 0.018687819 0.0146347106 0.0321297304 0.0296571548 0.009713210
   76    1      1      0    0      1      -1      -1   125  0.045213131 0.2918928 0.1863705 0.14049968 0.07750466 0.04933151 0.07304144 0.02924312 0.03431457 0.027199995 0.023917271 0.0029413111 0.0025770348 0.0003445501 0.015608484
   80    1      1      0    0      1      -1      -1   125  0.050528355 0.2754515 0.2490813 0.13264557 0.05910815 0.08038148 0.04411448 0.02917379 0.02237220 0.006932529 0.036859651 0.0043087513 0.0030296074 0.0007737005 0.005238881
   84    1      1      0    0      1      -1      -1   125  0.035111303 0.2271061 0.2465550 0.10882158 0.14665353 0.04628637 0.04452534 0.02465202 0.05335635 0.012904599 0.004544177 0.0098623891 0.0058288834 0.0083632792 0.025429069
   88    1      1      0    0      1      -1      -1   125  0.039030382 0.2111789 0.2434045 0.14799671 0.11538497 0.07344377 0.03399763 0.03030876 0.03319387 0.027720074 0.006014758 0.0172955614 0.0016161880 0.0030325041 0.016381403
   92    1      1      0    0      1      -1      -1   125  0.020040624 0.2783670 0.1473083 0.10151834 0.10420618 0.10086029 0.03370371 0.05986179 0.04672208 0.025544216 0.002634894 0.0281863376 0.0279273438 0.0012387111 0.021880129
   96    1      1      0    0      1      -1      -1   125  0.021260027 0.2330901 0.2013470 0.15620940 0.06737082 0.12751658 0.06252647 0.02535160 0.03542822 0.022675525 0.005785540 0.0089115243 0.0008832641 0.0097484256 0.021895535
  100    1      1      0    0      1      -1      -1   125  0.030210388 0.2532372 0.1856659 0.12914679 0.06677341 0.07460953 0.07094730 0.07513053 0.01278081 0.032871886 0.012670619 0.0092659826 0.0097505945 0.0009822494 0.035956846
   76    1      2      0    0      1      -1      -1   500  0.150365688 0.2124567 0.1826380 0.11646015 0.10750607 0.05202016 0.04713680 0.02909507 0.03593156 0.020208929 0.012722471 0.0103399444 0.0134764180 0.0016924001 0.007949604
   78    1      2      0    0      1      -1      -1   500  0.127070451 0.2201930 0.1939316 0.11963015 0.08742103 0.06406326 0.03672853 0.03204529 0.04369875 0.018183960 0.018311932 0.0074912981 0.0161964575 0.0013484831 0.013685773
   80    1      2      0    0      1      -1      -1   500  0.148749175 0.2224557 0.1996312 0.09039331 0.11385448 0.06665925 0.04183236 0.03045773 0.03102064 0.014481272 0.009205671 0.0162177446 0.0058005175 0.0028599978 0.006380979
   82    1      2      0    0      1      -1      -1   500  0.115828496 0.2319318 0.1782262 0.13664221 0.07879703 0.07616235 0.02563500 0.03776956 0.03124067 0.037595930 0.019040708 0.0109054968 0.0028335507 0.0084807465 0.008910258
   84    1      2      0    0      1      -1      -1   500  0.142547968 0.2440586 0.1832279 0.10509820 0.08194182 0.05619222 0.05423440 0.03163016 0.02511301 0.013680967 0.013931563 0.0096004312 0.0090769583 0.0052936365 0.024372152
   86    1      2      0    0      1      -1      -1   500  0.151998534 0.2429104 0.1537083 0.11760015 0.07126452 0.06650099 0.05741715 0.02981183 0.02722458 0.021955320 0.013391486 0.0169239640 0.0073598872 0.0100907664 0.011842194
   88    1      2      0    0      1      -1      -1   500  0.127311934 0.2306875 0.1633939 0.13536530 0.09126190 0.07378610 0.05063552 0.03760517 0.01383305 0.014647382 0.011173792 0.0034883651 0.0170314787 0.0078127535 0.021965913
   90    1      2      0    0      1      -1      -1   500  0.179567815 0.2249845 0.1914789 0.11689103 0.08930934 0.05375407 0.04472251 0.02631264 0.02910216 0.011825285 0.008181322 0.0102980129 0.0028381423 0.0020720063 0.008662228
   92    1      2      0    0      1      -1      -1   500  0.129692727 0.2048398 0.1521174 0.12294709 0.09860052 0.08174750 0.06246927 0.03902575 0.03948173 0.014352199 0.018384025 0.0053548600 0.0039427606 0.0064094373 0.020635033
   94    1      2      0    0      1      -1      -1   500  0.137714811 0.2368979 0.1757915 0.13210707 0.08489868 0.07648253 0.04352701 0.03103252 0.02498334 0.022080248 0.008862070 0.0076185272 0.0085913192 0.0052966602 0.004115781
   96    1      2      0    0      1      -1      -1   500  0.119413754 0.2336799 0.1467151 0.12208311 0.11707473 0.06629069 0.05235317 0.04125580 0.02990222 0.018571567 0.008538592 0.0073315972 0.0103626114 0.0062468747 0.020180265
   98    1      2      0    0      1      -1      -1   500  0.137794959 0.2403644 0.1916771 0.10239390 0.08214819 0.04945490 0.05418939 0.04144974 0.02325343 0.022978503 0.013619100 0.0117300587 0.0170118778 0.0025528844 0.009381568
  100    1      2      0    0      1      -1      -1   500  0.139816353 0.2378647 0.1694036 0.12023451 0.07449400 0.05737764 0.07068322 0.02413779 0.03684567 0.026016565 0.010113362 0.0075208101 0.0037250086 0.0061172484 0.015649596
   60    1      1      0    0      1       4       4     1  1.000000000 0.0000000 0.0000000 0.00000000 0.00000000 0.00000000 0.00000000 0.00000000 0.00000000 0.000000000 0.000000000 0.0000000000 0.0000000000 0.0000000000 0.000000000
   60    1      1      0    0      1       7       7     1  1.000000000 0.0000000 0.0000000 0.00000000 0.00000000 0.00000000 0.00000000 0.00000000 0.00000000 0.000000000 0.000000000 0.0000000000 0.0000000000 0.0000000000 0.000000000
   60    1      1      0    0      1       8       8     4  4.000000000 0.0000000 0.0000000 0.00000000 0.00000000 0.00000000 0.00000000 0.00000000 0.00000000 0.000000000 0.000000000 0.0000000000 0.0000000000 0.0000000000 0.000000000
   60    1      1      0    0      1       9       9     3  3.000000000 0.0000000 0.0000000 0.00000000 0.00000000 0.00000000 0.00000000 0.00000000 0.00000000 0.000000000 0.000000000 0.0000000000 0.0000000000 0.0000000000 0.000000000
   60    1      1      0    0      1      10      10     8  8.000000000 0.0000000 0.0000000 0.00000000 0.00000000 0.00000000 0.00000000 0.00000000 0.00000000 0.000000000 0.000000000 0.0000000000 0.0000000000 0.0000000000 0.000000000
   60    1      1      0    0      1      11      11     9  9.000000000 0.0000000 0.0000000 0.00000000 0.00000000 0.00000000 0.00000000 0.00000000 0.00000000 0.000000000 0.000000000 0.0000000000 0.0000000000 0.0000000000 0.000000000
   60    1      1      0    0      1      12      12     9  9.000000000 0.0000000 0.0000000 0.00000000 0.00000000 0.00000000 0.00000000 0.00000000 0.00000000 0.000000000 0.000000000 0.0000000000 0.0000000000 0.0000000000 0.000000000
   60    1      1      0    0      1      13      13     5  5.000000000 0.0000000 0.0000000 0.00000000 0.00000000 0.00000000 0.00000000 0.00000000 0.00000000 0.000000000 0.000000000 0.0000000000 0.0000000000 0.0000000000 0.000000000
   60    1      1      0    0      1      15      15     6  6.000000000 0.0000000 0.0000000 0.00000000 0.00000000 0.00000000 0.00000000 0.00000000 0.00000000 0.000000000 0.000000000 0.0000000000 0.0000000000 0.0000000000 0.000000000
   60    1      1      0    0      1      16      16     1  1.000000000 0.0000000 0.0000000 0.00000000 0.00000000 0.00000000 0.00000000 0.00000000 0.00000000 0.000000000 0.000000000 0.0000000000 0.0000000000 0.0000000000 0.000000000
   60    1      1      0    0      1      17      17     1  1.000000000 0.0000000 0.0000000 0.00000000 0.00000000 0.00000000 0.00000000 0.00000000 0.00000000 0.000000000 0.000000000 0.0000000000 0.0000000000 0.0000000000 0.000000000
   60    1      1      0    0      1      18      18     8  8.000000000 0.0000000 0.0000000 0.00000000 0.00000000 0.00000000 0.00000000 0.00000000 0.00000000 0.000000000 0.000000000 0.0000000000 0.0000000000 0.0000000000 0.000000000
   60    1      1      0    0      1      19      19     7  7.000000000 0.0000000 0.0000000 0.00000000 0.00000000 0.00000000 0.00000000 0.00000000 0.00000000 0.000000000 0.000000000 0.0000000000 0.0000000000 0.0000000000 0.000000000
   60    1      1      0    0      1      21      21     1  1.000000000 0.0000000 0.0000000 0.00000000 0.00000000 0.00000000 0.00000000 0.00000000 0.00000000 0.000000000 0.000000000 0.0000000000 0.0000000000 0.0000000000 0.000000000
   60    1      1      0    0      1      22      22     2  2.000000000 0.0000000 0.0000000 0.00000000 0.00000000 0.00000000 0.00000000 0.00000000 0.00000000 0.000000000 0.000000000 0.0000000000 0.0000000000 0.0000000000 0.000000000
   60    1      1      0    0      1      23      23     4  4.000000000 0.0000000 0.0000000 0.00000000 0.00000000 0.00000000 0.00000000 0.00000000 0.00000000 0.000000000 0.000000000 0.0000000000 0.0000000000 0.0000000000 0.000000000
   60    1      1      0    0      1      24      24     1  1.000000000 0.0000000 0.0000000 0.00000000 0.00000000 0.00000000 0.00000000 0.00000000 0.00000000 0.000000000 0.000000000 0.0000000000 0.0000000000 0.0000000000 0.000000000
   60    1      1      0    0      1      25      25     5  5.000000000 0.0000000 0.0000000 0.00000000 0.00000000 0.00000000 0.00000000 0.00000000 0.00000000 0.000000000 0.000000000 0.0000000000 0.0000000000 0.0000000000 0.000000000
   60    1      1      0    0      1      26      26     4  4.000000000 0.0000000 0.0000000 0.00000000 0.00000000 0.00000000 0.00000000 0.00000000 0.00000000 0.000000000 0.000000000 0.0000000000 0.0000000000 0.0000000000 0.000000000
   60    1      1      0    0      1      27      27     1  1.000000000 0.0000000 0.0000000 0.00000000 0.00000000 0.00000000 0.00000000 0.00000000 0.00000000 0.000000000 0.000000000 0.0000000000 0.0000000000 0.0000000000 0.000000000
   60    1      1      0    0      1      28      28     1  0.000000000 1.0000000 0.0000000 0.00000000 0.00000000 0.00000000 0.00000000 0.00000000 0.00000000 0.000000000 0.000000000 0.0000000000 0.0000000000 0.0000000000 0.000000000
   60    1      1      0    0      1      29      29     8  3.000000000 5.0000000 0.0000000 0.00000000 0.00000000 0.00000000 0.00000000 0.00000000 0.00000000 0.000000000 0.000000000 0.0000000000 0.0000000000 0.0000000000 0.000000000
   60    1      1      0    0      1      30      30     2  0.000000000 2.0000000 0.0000000 0.00000000 0.00000000 0.00000000 0.00000000 0.00000000 0.00000000 0.000000000 0.000000000 0.0000000000 0.0000000000 0.0000000000 0.000000000
   60    1      1      0    0      1      31      31     2  0.000000000 2.0000000 0.0000000 0.00000000 0.00000000 0.00000000 0.00000000 0.00000000 0.00000000 0.000000000 0.000000000 0.0000000000 0.0000000000 0.0000000000 0.000000000
   60    1      1      0    0      1      32      32     1  0.000000000 1.0000000 0.0000000 0.00000000 0.00000000 0.00000000 0.00000000 0.00000000 0.00000000 0.000000000 0.000000000 0.0000000000 0.0000000000 0.0000000000 0.000000000
   60    1      1      0    0      1      33      33     3  0.000000000 3.0000000 0.0000000 0.00000000 0.00000000 0.00000000 0.00000000 0.00000000 0.00000000 0.000000000 0.000000000 0.0000000000 0.0000000000 0.0000000000 0.000000000
   60    1      1      0    0      1      38      38     2  0.000000000 2.0000000 0.0000000 0.00000000 0.00000000 0.00000000 0.00000000 0.00000000 0.00000000 0.000000000 0.000000000 0.0000000000 0.0000000000 0.0000000000 0.000000000
  100    1      1      0    0      1       3       3     3  3.000000000 0.0000000 0.0000000 0.00000000 0.00000000 0.00000000 0.00000000 0.00000000 0.00000000 0.000000000 0.000000000 0.0000000000 0.0000000000 0.0000000000 0.000000000
  100    1      1      0    0      1       4       4     1  1.000000000 0.0000000 0.0000000 0.00000000 0.00000000 0.00000000 0.00000000 0.00000000 0.00000000 0.000000000 0.000000000 0.0000000000 0.0000000000 0.0000000000 0.000000000
  100    1      1      0    0      1       6       6     2  2.000000000 0.0000000 0.0000000 0.00000000 0.00000000 0.00000000 0.00000000 0.00000000 0.00000000 0.000000000 0.000000000 0.0000000000 0.0000000000 0.0000000000 0.000000000
  100    1      1      0    0      1       8       8    10 10.000000000 0.0000000 0.0000000 0.00000000 0.00000000 0.00000000 0.00000000 0.00000000 0.00000000 0.000000000 0.000000000 0.0000000000 0.0000000000 0.0000000000 0.000000000
  100    1      1      0    0      1       9       9     2  2.000000000 0.0000000 0.0000000 0.00000000 0.00000000 0.00000000 0.00000000 0.00000000 0.00000000 0.000000000 0.000000000 0.0000000000 0.0000000000 0.0000000000 0.000000000
  100    1      1      0    0      1      10      10     7  7.000000000 0.0000000 0.0000000 0.00000000 0.00000000 0.00000000 0.00000000 0.00000000 0.00000000 0.000000000 0.000000000 0.0000000000 0.0000000000 0.0000000000 0.000000000
  100    1      1      0    0      1      11      11     3  3.000000000 0.0000000 0.0000000 0.00000000 0.00000000 0.00000000 0.00000000 0.00000000 0.00000000 0.000000000 0.000000000 0.0000000000 0.0000000000 0.0000000000 0.000000000
  100    1      1      0    0      1      12      12     9  9.000000000 0.0000000 0.0000000 0.00000000 0.00000000 0.00000000 0.00000000 0.00000000 0.00000000 0.000000000 0.000000000 0.0000000000 0.0000000000 0.0000000000 0.000000000
  100    1      1      0    0      1      13      13     2  2.000000000 0.0000000 0.0000000 0.00000000 0.00000000 0.00000000 0.00000000 0.00000000 0.00000000 0.000000000 0.000000000 0.0000000000 0.0000000000 0.0000000000 0.000000000
  100    1      1      0    0      1      14      14     2  2.000000000 0.0000000 0.0000000 0.00000000 0.00000000 0.00000000 0.00000000 0.00000000 0.00000000 0.000000000 0.000000000 0.0000000000 0.0000000000 0.0000000000 0.000000000
  100    1      1      0    0      1      15      15     2  2.000000000 0.0000000 0.0000000 0.00000000 0.00000000 0.00000000 0.00000000 0.00000000 0.00000000 0.000000000 0.000000000 0.0000000000 0.0000000000 0.0000000000 0.000000000
  100    1      1      0    0      1      16      16     5  5.000000000 0.0000000 0.0000000 0.00000000 0.00000000 0.00000000 0.00000000 0.00000000 0.00000000 0.000000000 0.000000000 0.0000000000 0.0000000000 0.0000000000 0.000000000
  100    1      1      0    0      1      17      17     5  5.000000000 0.0000000 0.0000000 0.00000000 0.00000000 0.00000000 0.00000000 0.00000000 0.00000000 0.000000000 0.000000000 0.0000000000 0.0000000000 0.0000000000 0.000000000
  100    1      1      0    0      1      18      18     7  7.000000000 0.0000000 0.0000000 0.00000000 0.00000000 0.00000000 0.00000000 0.00000000 0.00000000 0.000000000 0.000000000 0.0000000000 0.0000000000 0.0000000000 0.000000000
  100    1      1      0    0      1      20      20     4  4.000000000 0.0000000 0.0000000 0.00000000 0.00000000 0.00000000 0.00000000 0.00000000 0.00000000 0.000000000 0.000000000 0.0000000000 0.0000000000 0.0000000000 0.000000000
  100    1      1      0    0      1      21      21     1  1.000000000 0.0000000 0.0000000 0.00000000 0.00000000 0.00000000 0.00000000 0.00000000 0.00000000 0.000000000 0.000000000 0.0000000000 0.0000000000 0.0000000000 0.000000000
  100    1      1      0    0      1      22      22     4  4.000000000 0.0000000 0.0000000 0.00000000 0.00000000 0.00000000 0.00000000 0.00000000 0.00000000 0.000000000 0.000000000 0.0000000000 0.0000000000 0.0000000000 0.000000000
  100    1      1      0    0      1      23      23     1  1.000000000 0.0000000 0.0000000 0.00000000 0.00000000 0.00000000 0.00000000 0.00000000 0.00000000 0.000000000 0.000000000 0.0000000000 0.0000000000 0.0000000000 0.000000000
  100    1      1      0    0      1      24      24     8  8.000000000 0.0000000 0.0000000 0.00000000 0.00000000 0.00000000 0.00000000 0.00000000 0.00000000 0.000000000 0.000000000 0.0000000000 0.0000000000 0.0000000000 0.000000000
  100    1      1      0    0      1      25      25     2  2.000000000 0.0000000 0.0000000 0.00000000 0.00000000 0.00000000 0.00000000 0.00000000 0.00000000 0.000000000 0.000000000 0.0000000000 0.0000000000 0.0000000000 0.000000000
  100    1      1      0    0      1      26      26     2  2.000000000 0.0000000 0.0000000 0.00000000 0.00000000 0.00000000 0.00000000 0.00000000 0.00000000 0.000000000 0.000000000 0.0000000000 0.0000000000 0.0000000000 0.000000000
  100    1      1      0    0      1      27      27     1  1.000000000 0.0000000 0.0000000 0.00000000 0.00000000 0.00000000 0.00000000 0.00000000 0.00000000 0.000000000 0.000000000 0.0000000000 0.0000000000 0.0000000000 0.000000000
  100    1      1      0    0      1      28      28     3  3.000000000 0.0000000 0.0000000 0.00000000 0.00000000 0.00000000 0.00000000 0.00000000 0.00000000 0.000000000 0.000000000 0.0000000000 0.0000000000 0.0000000000 0.000000000
  100    1      1      0    0      1      29      29     1  0.000000000 1.0000000 0.0000000 0.00000000 0.00000000 0.00000000 0.00000000 0.00000000 0.00000000 0.000000000 0.000000000 0.0000000000 0.0000000000 0.0000000000 0.000000000
  100    1      1      0    0      1      30      30     2  0.000000000 2.0000000 0.0000000 0.00000000 0.00000000 0.00000000 0.00000000 0.00000000 0.00000000 0.000000000 0.000000000 0.0000000000 0.0000000000 0.0000000000 0.000000000
  100    1      1      0    0      1      32      32     4  0.000000000 4.0000000 0.0000000 0.00000000 0.00000000 0.00000000 0.00000000 0.00000000 0.00000000 0.000000000 0.000000000 0.0000000000 0.0000000000 0.0000000000 0.000000000
  100    1      1      0    0      1      33      33     1  0.000000000 1.0000000 0.0000000 0.00000000 0.00000000 0.00000000 0.00000000 0.00000000 0.00000000 0.000000000 0.000000000 0.0000000000 0.0000000000 0.0000000000 0.000000000
  100    1      1      0    0      1      34      34     1  0.000000000 1.0000000 0.0000000 0.00000000 0.00000000 0.00000000 0.00000000 0.00000000 0.00000000 0.000000000 0.000000000 0.0000000000 0.0000000000 0.0000000000 0.000000000
  100    1      1      0    0      1      35      35     1  0.000000000 1.0000000 0.0000000 0.00000000 0.00000000 0.00000000 0.00000000 0.00000000 0.00000000 0.000000000 0.000000000 0.0000000000 0.0000000000 0.0000000000 0.000000000
  100    1      1      0    0      1      36      36     1  0.000000000 1.0000000 0.0000000 0.00000000 0.00000000 0.00000000 0.00000000 0.00000000 0.00000000 0.000000000 0.000000000 0.0000000000 0.0000000000 0.0000000000 0.000000000
  100    1      1      0    0      1      38      38     1  0.000000000 1.0000000 0.0000000 0.00000000 0.00000000 0.00000000 0.00000000 0.00000000 0.00000000 0.000000000 0.000000000 0.0000000000 0.0000000000 0.0000000000 0.000000000
  100    1      1      0    0      1      43      43     2  0.000000000 2.0000000 0.0000000 0.00000000 0.00000000 0.00000000 0.00000000 0.00000000 0.00000000 0.000000000 0.000000000 0.0000000000 0.0000000000 0.0000000000 0.000000000
0 #_N_MeanSize_at_Age_obs
0 #_N_environ_variables
0 #_N_environ_obs
0 #_N_sizefreq_methods
0 #_do_tags
0 #_morphcomp_data
#
999
