#C data file created using the SS_writedat function in the R package r4ss
#C should work with SS version: 
#C file write time: 2015-02-11 18:13:16
#
1 #_styr
100 #_endyr
1 #_nseas
12 #_months_per_seas
1 #_spawn_seas
1 #_Nfleet
2 #_Nsurveys
1 #_N_areas
Fishery%Survey%CPUE #_fleetnames
0.5 0.5 0.5 #_surveytiming_in_season
1 1 1 #_area_assignments_for_each_fishery_and_survey
1 #_units of catch:  1=bio; 2=num
0.01 #_se of log(catch) only used for init_eq_catch and for Fmethod 2 and 3
1 #_Ngenders
25 #_Nages
0 #_init_equil_catch_for_each_fishery
100 #_N_lines_of_catch_to_read
 #_Fishery year seas
         0    1    1
         0    2    1
         0    3    1
         0    4    1
         0    5    1
         0    6    1
         0    7    1
         0    8    1
         0    9    1
         0   10    1
         0   11    1
         0   12    1
         0   13    1
         0   14    1
         0   15    1
         0   16    1
         0   17    1
         0   18    1
         0   19    1
         0   20    1
         0   21    1
         0   22    1
         0   23    1
         0   24    1
         0   25    1
 444646000   26    1
 397608000   27    1
 357583000   28    1
 324161000   29    1
 296656000   30    1
 274240000   31    1
 256057000   32    1
 241314000   33    1
 229322000   34    1
 219511000   35    1
 211426000   36    1
 204710000   37    1
 199088000   38    1
 194347000   39    1
 190324000   40    1
 186891000   41    1
 183948000   42    1
 181416000   43    1
 179230000   44    1
 177337000   45    1
 175694000   46    1
 174266000   47    1
 173022000   48    1
 171937000   49    1
 170990000   50    1
 170161000   51    1
 169436000   52    1
 168801000   53    1
 168243000   54    1
 167755000   55    1
 167325000   56    1
 166948000   57    1
 166617000   58    1
 166326000   59    1
 166070000   60    1
 165844000   61    1
 165646000   62    1
 165471000   63    1
 165317000   64    1
 165182000   65    1
 165063000   66    1
 164958000   67    1
 164865000   68    1
 164784000   69    1
 164712000   70    1
 164649000   71    1
 164593000   72    1
 164544000   73    1
 164500000   74    1
 164462000   75    1
 164429000   76    1
 164399000   77    1
 164373000   78    1
 164350000   79    1
 164329000   80    1
 164311000   81    1
 164296000   82    1
 164282000   83    1
 164269000   84    1
 164258000   85    1
 164249000   86    1
 164240000   87    1
 164233000   88    1
 164227000   89    1
 164221000   90    1
 164216000   91    1
 164211000   92    1
 164207000   93    1
 164204000   94    1
 164201000   95    1
 164198000   96    1
 164195000   97    1
 164193000   98    1
 164192000   99    1
 164190000  100    1
13 #_N_cpue
 #_Fleet Units Errtype
       1     1       0
       2     1       0
       3     1       0
 #_year seas index        obs se_log
     76    1     2 1701697086    0.2
     78    1     2 1418955303    0.2
     80    1     2 1423676572    0.2
     82    1     2 1487590005    0.2
     84    1     2 1946896796    0.2
     86    1     2 1169656622    0.2
     88    1     2 1452524674    0.2
     90    1     2 1579619233    0.2
     92    1     2 1638955365    0.2
     94    1     2 1449593680    0.2
     96    1     2 1284972329    0.2
     98    1     2 1166653409    0.2
    100    1     2 1317274330    0.2
0 #_N_discard_fleets
#_discard_units (1=same_as_catchunits(bio/num); 2=fraction; 3=numbers)
#_discard_errtype:  >0 for DF of T-dist(read CV below); 0 for normal with CV; -1 for normal with se; -2 for lognormal
0 #_N_discard
0 #_N_meanbodywt
1 #_DF_for_meanbodywt_T-distribution_like
2 # length bin method: 1=use databins; 2=generate from binwidth,min,max below; 3=read vector
1 # binwidth for population size comp
10 # minimum size in the population (lower edge of first bin and size at age 0.00)
200 # maximum size in the population (lower edge of last bin)
-0.001 #_comp_tail_compression
1e-05 #_add_to_comp
0 #_combine males into females at or below this bin number
45 #_N_lbins
#_lbin_vector
20 23 26 29 32 35 38 41 44 47 50 53 56 59 62 65 68 71 74 77 80 83 86 89 92 95 98 101 104 107 110 113 116 119 122 125 128 131 134 137 140 143 146 149 152
28 #_N_Length_comp_observations
 #_Yr Seas FltSvy Gender Part Nsamp           l20          l23          l26         l29          l32          l35         l38          l41        l44        l47        l50        l53        l56        l59        l62         l65        l68        l71        l74        l77        l80        l83        l86        l89         l92         l95         l98        l101        l104        l107        l110        l113        l116         l119         l122         l125         l128         l131         l134         l137         l140         l143         l146         l149         l152
   26    1      1      0    0   125  0.000000e+00 5.647086e-28 3.057430e-07 0.001384758 0.0251439875 0.0016733420 0.001045568 0.0004778923 0.02528660 0.02838145 0.06404714 0.01438883 0.03073115 0.01458001 0.08580864 0.060074417 0.03625643 0.04876680 0.01051696 0.03527920 0.01938647 0.01054991 0.02581352 0.04094204 0.028968915 0.052337639 0.040372247 0.046881160 0.016358936 0.023767513 0.008512857 0.037593804 0.024515596 0.0210684895 0.0220390202 0.0184894708 0.0119752252 9.217743e-03 3.973394e-02 3.656002e-03 3.083449e-03 2.242514e-03 5.290460e-04 8.748100e-04 7.246195e-03
   36    1      1      0    0   125  8.151212e-44 7.317944e-12 7.090107e-04 0.020243972 0.0288810729 0.0074757519 0.009740978 0.0390775875 0.03270408 0.04607166 0.06461093 0.04257870 0.03359083 0.03531091 0.04570060 0.070151976 0.03445205 0.03149927 0.03516158 0.04646129 0.02602226 0.02557629 0.01143196 0.02318275 0.027688707 0.016972132 0.012030893 0.025775203 0.015622531 0.033081397 0.015982049 0.009693768 0.012958898 0.0024777603 0.0538801460 0.0007783655 0.0169911891 2.040589e-02 3.490195e-03 9.886152e-03 1.155203e-02 5.975352e-06 7.521894e-05 3.127286e-08 1.597491e-05
   46    1      1      0    0   125  2.383177e-13 4.055279e-69 1.157276e-04 0.007365451 0.0220997761 0.0019806160 0.002176522 0.0244871309 0.03845036 0.04722174 0.11603657 0.04376385 0.01931765 0.03377231 0.02177788 0.024024925 0.01725357 0.04346501 0.05935652 0.02484227 0.02377744 0.04349028 0.03553727 0.03387215 0.039588571 0.036793383 0.067830639 0.009478445 0.009154993 0.043106603 0.009367983 0.010861661 0.018156911 0.0287236894 0.0128788777 0.0052482982 0.0112621641 3.226264e-04 1.976428e-03 2.403743e-03 9.569310e-05 1.587869e-03 2.716795e-05 4.531365e-27 6.949249e-03
   56    1      1      0    0   125 1.811017e-190 8.551545e-10 2.003606e-03 0.002584396 0.0083454015 0.0181459593 0.013011110 0.0127235698 0.01842542 0.01555113 0.07398648 0.03497429 0.05328334 0.06439037 0.04808521 0.095045334 0.04431666 0.02751793 0.03518127 0.03147427 0.04170737 0.06457134 0.01605619 0.03246665 0.013484832 0.034470556 0.023626792 0.025013109 0.054554279 0.012647376 0.041600538 0.007500380 0.002334451 0.0120921915 0.0037636452 0.0051859137 0.0031391808 3.263669e-03 2.414366e-03 1.729352e-04 5.070689e-04 3.791367e-04 2.272071e-06 6.094034e-25 2.303417e-15
   60    1      1      0    0   125  1.165658e-67 3.329494e-09 6.605470e-03 0.022714042 0.0130491901 0.0009286103 0.002458375 0.0151612138 0.04272608 0.07839770 0.08981666 0.05958042 0.01705421 0.02843581 0.07378997 0.041768504 0.05171513 0.01073300 0.02278317 0.04699707 0.01971531 0.03577682 0.03816750 0.04317809 0.019494996 0.014439968 0.011817126 0.020111095 0.031170642 0.042520276 0.035546600 0.014963993 0.003276339 0.0082864805 0.0081897303 0.0146632232 0.0049405347 3.202163e-03 4.299987e-03 8.471575e-05 6.261198e-04 8.006739e-04 3.465395e-07 2.131178e-09 1.263920e-05
   64    1      1      0    0   125  7.360262e-71 8.855771e-10 1.681597e-03 0.001248733 0.0027022599 0.0007878206 0.001592216 0.0551917839 0.04650970 0.05194277 0.05410011 0.04818394 0.03922192 0.03514033 0.03990163 0.051620282 0.01595179 0.02281802 0.02692705 0.02887110 0.03354392 0.01925983 0.08856770 0.02959067 0.024784350 0.038982951 0.008183931 0.018450879 0.033384376 0.050950482 0.065817487 0.034159523 0.005086070 0.0008591224 0.0010329008 0.0099597711 0.0029916644 5.656979e-03 3.477878e-04 3.145818e-03 2.008865e-04 1.779616e-04 5.956766e-06 1.728216e-04 2.930911e-04
   68    1      1      0    0   125 4.571541e-189 3.807664e-12 1.228013e-04 0.001033969 0.0109068199 0.0007713661 0.036862690 0.0444182568 0.05545414 0.04998711 0.08583628 0.04149828 0.02812513 0.01831249 0.02419947 0.029802095 0.06541184 0.02657788 0.04100763 0.05628524 0.04156966 0.03817947 0.04761448 0.01914490 0.027857592 0.006590667 0.044396090 0.028040331 0.035719077 0.009257300 0.018833579 0.008023498 0.020590476 0.0100390409 0.0119700710 0.0005402369 0.0011490593 4.598074e-03 4.468436e-03 5.376069e-04 1.566934e-04 1.670775e-03 2.439396e-03 3.288717e-11 2.376026e-12
   72    1      1      0    0   125  1.080333e-17 1.025771e-18 8.792705e-06 0.007494341 0.0124265421 0.0007122827 0.015782883 0.0111768378 0.05494452 0.09092696 0.12464422 0.04856113 0.04122008 0.04601725 0.04378688 0.047739269 0.03954389 0.05776484 0.01570089 0.04587702 0.01517272 0.03375140 0.02950281 0.01959063 0.018167262 0.031365144 0.015024909 0.021944922 0.019489334 0.008767367 0.042574725 0.005948178 0.007744821 0.0038230051 0.0009331183 0.0090492204 0.0007830084 9.439730e-04 3.014203e-03 5.769132e-04 4.311864e-03 2.833872e-03 1.653143e-04 1.926541e-04 8.430611e-11
   76    1      1      0    0   125  7.381553e-75 4.801466e-06 1.753531e-05 0.016434123 0.0194672705 0.0086319030 0.001727940 0.0415035239 0.04814262 0.02311796 0.08158556 0.03345923 0.07823908 0.03368179 0.04074942 0.008267751 0.05654644 0.04259228 0.01621308 0.07083738 0.01380340 0.02610373 0.02002479 0.03383816 0.011896295 0.022258169 0.021590834 0.010816063 0.039749147 0.016189142 0.025620803 0.002556027 0.050612516 0.0201379236 0.0143662993 0.0403850747 0.0001489666 2.739909e-03 6.023441e-04 1.812333e-06 1.055082e-07 1.240734e-03 1.753843e-05 4.080289e-03 2.424108e-07
   80    1      1      0    0   125  1.944851e-60 4.056056e-07 1.187551e-03 0.000673141 0.0185408419 0.0034604030 0.012636727 0.0033966382 0.05963373 0.07772569 0.03272365 0.03916046 0.03607816 0.02225824 0.04962799 0.038339819 0.06297121 0.04055481 0.03550342 0.01865593 0.04002274 0.02257083 0.04411871 0.03295305 0.088695695 0.010368929 0.045362522 0.028293854 0.030274442 0.003326073 0.018104070 0.033486239 0.005955740 0.0018224094 0.0016021849 0.0052680094 0.0188025693 8.680849e-03 1.107098e-03 2.068246e-03 1.877223e-03 8.420671e-04 4.989426e-13 1.267329e-09 1.267627e-03
   84    1      1      0    0   125  2.150377e-55 8.493623e-06 1.742204e-03 0.002518451 0.0001438777 0.0069290598 0.007705841 0.0222430806 0.05033335 0.13813132 0.05438978 0.04880875 0.03193491 0.06351757 0.03415926 0.021511496 0.07212347 0.05940788 0.04698153 0.01363365 0.01132514 0.04025750 0.01736129 0.01787116 0.051324647 0.022270853 0.023914122 0.022015689 0.025097835 0.014298952 0.017426362 0.008636619 0.005732255 0.0060543728 0.0055834298 0.0043648537 0.0066992225 4.671569e-04 8.682072e-03 1.304042e-02 2.092877e-05 1.295344e-06 5.270242e-05 1.549781e-08 1.277141e-03
   88    1      1      0    0   125  6.106298e-10 1.140376e-04 2.993217e-03 0.031970371 0.0070886545 0.0086745060 0.007504087 0.0112992268 0.03010964 0.08442941 0.07212809 0.08115962 0.01678937 0.03337160 0.02472061 0.071866550 0.03136149 0.05641791 0.02057134 0.02574065 0.02648407 0.02083560 0.04879392 0.02944518 0.008097666 0.023244175 0.042467134 0.018845345 0.019148896 0.037983627 0.031682823 0.003054105 0.017572390 0.0045224385 0.0026276494 0.0066149531 0.0187486553 1.646213e-02 4.785657e-04 4.541747e-03 5.612121e-06 1.257418e-05 6.025810e-06 6.172749e-29 1.435124e-05
   92    1      1      0    0   125 1.146130e-186 5.925874e-10 3.398523e-03 0.004008895 0.0010908502 0.0214129137 0.002912252 0.0170327066 0.03681964 0.06951240 0.07500096 0.06913471 0.04538976 0.03830596 0.03444714 0.039619719 0.02863130 0.06652591 0.03126155 0.01831270 0.04998994 0.01589984 0.01674312 0.01794131 0.052599609 0.043442784 0.034077255 0.033481480 0.030159127 0.013910256 0.026413264 0.009187894 0.003298291 0.0126882164 0.0012023077 0.0086918925 0.0087405934 5.069501e-04 7.600279e-03 1.002898e-02 2.804358e-04 3.926775e-05 4.966938e-06 2.576626e-07 2.537914e-04
   96    1      1      0    0   125  3.936519e-79 2.487617e-06 1.141005e-03 0.007053415 0.0053208888 0.0147423620 0.016059233 0.0284042424 0.04127269 0.07198212 0.03296677 0.03526156 0.02190391 0.07660488 0.04143587 0.019568398 0.02179201 0.03261602 0.03487568 0.04014325 0.02431452 0.07972484 0.05941096 0.02240831 0.034064834 0.053032115 0.031427803 0.019474301 0.036837197 0.009827647 0.020923353 0.015789151 0.002163985 0.0080564242 0.0090585087 0.0074208217 0.0100337506 1.074764e-06 3.311092e-03 6.531582e-03 1.702083e-06 2.027190e-04 1.357651e-07 2.836273e-03 1.078203e-07
  100    1      1      0    0   125  7.750544e-95 8.261613e-04 5.080320e-05 0.011994749 0.0037633617 0.0108784569 0.013008946 0.0161444605 0.06118242 0.05963322 0.05609741 0.05950569 0.02511563 0.02719893 0.04249362 0.045822677 0.03620187 0.03369544 0.06028816 0.06637636 0.05041429 0.03166924 0.02387962 0.02347612 0.041700650 0.013204656 0.037302531 0.026594403 0.020903960 0.027533456 0.011077941 0.023913758 0.003416762 0.0071561734 0.0039426722 0.0198457685 0.0001431419 2.615596e-03 2.771288e-05 5.515185e-06 6.192021e-05 7.554438e-07 7.780042e-05 2.833024e-27 7.571772e-04
   76    1      2      0    0   500  2.245361e-15 1.965279e-03 1.621431e-02 0.063044797 0.0462841960 0.0175618854 0.019340398 0.0148310166 0.05862390 0.06965942 0.05592385 0.02694281 0.03407092 0.03132121 0.04125701 0.052097942 0.02956085 0.04428482 0.02882921 0.04018380 0.02600971 0.02782279 0.03085818 0.01737253 0.030361731 0.024517671 0.035006664 0.024985792 0.012556172 0.007905174 0.024108713 0.008914160 0.009191327 0.0065757239 0.0097052627 0.0013825270 0.0014803194 3.135838e-03 7.682705e-04 1.239569e-03 3.436200e-03 1.940643e-04 1.156822e-06 5.114288e-05 4.217077e-04
   78    1      2      0    0   500  3.549661e-06 5.168884e-03 1.495156e-02 0.049501287 0.0511943612 0.0115013742 0.010336448 0.0217130467 0.05309381 0.04622916 0.06882962 0.03552466 0.01985622 0.03068393 0.03426812 0.038923543 0.04570879 0.03201109 0.03016859 0.02290895 0.03145539 0.02494875 0.03462192 0.02102822 0.031281964 0.030858173 0.028413647 0.029752286 0.029506371 0.012162400 0.013848867 0.024977716 0.010005574 0.0147647856 0.0122098901 0.0047524411 0.0082600303 5.683290e-03 6.786658e-04 6.278881e-03 1.541082e-03 2.084485e-04 1.207723e-04 6.343063e-05 1.717023e-11
   80    1      2      0    0   500  6.718249e-11 3.325519e-04 2.466643e-02 0.055388472 0.0407942417 0.0093290723 0.010823777 0.0179153606 0.03929419 0.06321625 0.06727102 0.02871500 0.04233208 0.01628038 0.02538615 0.038424271 0.03112828 0.03607362 0.03458025 0.03013329 0.02526664 0.03207182 0.02462339 0.04743532 0.026799110 0.014711229 0.038779750 0.015751707 0.027881596 0.015495402 0.017717147 0.023420804 0.025242189 0.0111186035 0.0072838332 0.0070044689 0.0078102110 5.816289e-03 6.819646e-03 2.640997e-03 1.071110e-03 1.167847e-03 9.358408e-04 1.045570e-03 4.800230e-06
   82    1      2      0    0   500  1.607190e-22 6.445382e-03 2.274327e-02 0.064913677 0.0369229596 0.0267972493 0.005971793 0.0235156004 0.06110362 0.07647562 0.05506351 0.03782798 0.03972033 0.03524454 0.03915887 0.042664258 0.04201754 0.02829725 0.02818435 0.02336412 0.03340234 0.02566818 0.01855469 0.01322349 0.026611006 0.038052268 0.017206999 0.009592540 0.012088756 0.018909556 0.016980418 0.008978052 0.012916005 0.0165151571 0.0057270285 0.0080667112 0.0033243368 5.745029e-03 2.291379e-03 7.527405e-04 7.977309e-03 5.386989e-05 3.605660e-04 4.129515e-04 1.567100e-04
   84    1      2      0    0   500  3.175361e-13 5.865085e-03 2.253405e-02 0.057355764 0.0572402873 0.0145036251 0.004273047 0.0250802781 0.04921382 0.04621049 0.06708580 0.04291751 0.03507787 0.03584363 0.03877507 0.027264398 0.05272639 0.03654242 0.03510150 0.02164479 0.02857422 0.02887400 0.02427565 0.02813291 0.023568852 0.021049018 0.028968500 0.010905556 0.015820818 0.023676511 0.013817509 0.012280071 0.012767312 0.0121045037 0.0084820396 0.0050229966 0.0132873066 1.854635e-03 1.401051e-03 2.671091e-04 5.847745e-03 1.599517e-03 1.311005e-03 8.552375e-04 1.156048e-07
   86    1      2      0    0   500  2.144272e-10 1.054565e-03 1.885640e-02 0.054273484 0.0361588918 0.0166436845 0.007726329 0.0173058446 0.04007311 0.06019797 0.07377561 0.03947584 0.03497176 0.02935613 0.03104423 0.030952653 0.05453924 0.02823740 0.05722154 0.02794104 0.03230138 0.03074225 0.02781145 0.03177647 0.024704758 0.022997334 0.020606357 0.025250898 0.025720172 0.020206119 0.014948792 0.007968654 0.008090092 0.0098161247 0.0121865928 0.0037272378 0.0066393772 5.566550e-03 8.492276e-04 1.798320e-03 1.267672e-03 2.734896e-03 1.813169e-03 6.616153e-04 8.778029e-06
   88    1      2      0    0   500  4.791858e-38 4.186215e-03 3.573341e-02 0.037528166 0.0377750278 0.0250259760 0.004206520 0.0219261675 0.02423031 0.07683976 0.06267742 0.03166642 0.03133914 0.02794948 0.05464695 0.046734319 0.03681876 0.04033176 0.03636934 0.02402473 0.02672824 0.03093879 0.04624055 0.01842212 0.023240474 0.020827413 0.021191210 0.020279745 0.022046631 0.020447510 0.021379377 0.014736194 0.008533886 0.0051595130 0.0171732487 0.0028378957 0.0061745034 3.558159e-03 3.357161e-03 4.165045e-04 1.027205e-03 4.149597e-03 6.368435e-04 3.699433e-04 1.174037e-04
   90    1      2      0    0   500  1.522245e-10 2.466285e-03 2.385618e-02 0.050077385 0.0453966729 0.0291749392 0.005693918 0.0184568383 0.03028286 0.05629145 0.04278665 0.04466648 0.01674928 0.03059018 0.03511618 0.038108694 0.04507446 0.03037326 0.02623264 0.02601776 0.02816320 0.01852485 0.05366262 0.03274202 0.019733371 0.026228132 0.026006641 0.023187638 0.015024218 0.019532133 0.008172040 0.036542408 0.020089008 0.0153147366 0.0355965836 0.0045495193 0.0016866035 9.441712e-03 1.966402e-03 1.637594e-03 9.187946e-04 1.358999e-03 2.472020e-03 8.686652e-07 3.576904e-05
   92    1      2      0    0   500  3.376761e-17 2.048489e-03 2.778712e-02 0.032010790 0.0426096076 0.0281768991 0.018091009 0.0229187103 0.05309559 0.05983784 0.07009356 0.04243279 0.02690367 0.03635165 0.03791323 0.028887985 0.03837230 0.02918029 0.03021085 0.02717180 0.02490087 0.04359950 0.02911667 0.01487397 0.029526364 0.014108370 0.024477386 0.016017765 0.017666237 0.018099598 0.012158996 0.021004471 0.019265589 0.0203044579 0.0089941019 0.0059754091 0.0056297940 4.344460e-03 1.228144e-02 2.743720e-03 6.521995e-04 6.733697e-05 1.671100e-08 4.332348e-05 5.376360e-05
   94    1      2      0    0   500  7.342567e-14 5.908693e-04 2.224731e-02 0.062153316 0.0408133505 0.0227903821 0.004809404 0.0215955115 0.05554750 0.05389733 0.05358455 0.03921562 0.03736159 0.03193633 0.02552537 0.034177583 0.03712038 0.04835492 0.02783310 0.03608149 0.02815204 0.02116452 0.02804661 0.03224809 0.016315819 0.028578202 0.028518706 0.020468164 0.024700137 0.021862874 0.014477400 0.015264021 0.015903682 0.0118335521 0.0074489968 0.0074689712 0.0052774579 4.378375e-03 3.621041e-03 3.670871e-03 3.641313e-03 5.420146e-04 3.474762e-04 2.954378e-04 1.383243e-04
   96    1      2      0    0   500  9.363572e-07 7.946738e-03 9.676111e-03 0.070289538 0.0386550144 0.0094232217 0.012782270 0.0278594696 0.04271458 0.05891150 0.05002879 0.03410140 0.03044048 0.02215153 0.03210047 0.039547453 0.03517762 0.04270795 0.02909101 0.02958188 0.03934641 0.03402063 0.01767181 0.03598189 0.028885945 0.025933929 0.027600579 0.031422152 0.024488357 0.016649506 0.024513368 0.017925915 0.010517077 0.0079387898 0.0096167499 0.0056386484 0.0053652687 8.002789e-03 1.487466e-03 9.026374e-04 1.742785e-03 7.353947e-04 3.846669e-05 3.713154e-04 1.415396e-05
   98    1      2      0    0   500  9.684098e-08 2.863123e-03 3.018535e-02 0.051521099 0.0500824954 0.0225909711 0.008636021 0.0184170717 0.05586948 0.05457337 0.04952899 0.04186105 0.02821705 0.04723740 0.03054636 0.055202602 0.03301713 0.02923468 0.03075278 0.03476665 0.01728046 0.02782436 0.01776576 0.03535054 0.018590340 0.021965217 0.024375330 0.022871499 0.025196878 0.019193981 0.008620228 0.022913509 0.014792922 0.0128660497 0.0127729819 0.0072921953 0.0075877361 9.328133e-04 3.874132e-03 8.066471e-04 1.969749e-04 1.349518e-03 6.634424e-06 3.804694e-04 8.903792e-05
  100    1      2      0    0   500  2.001914e-09 2.201702e-03 1.579985e-02 0.057519761 0.0381482095 0.0188201776 0.007932996 0.0356034067 0.03933532 0.05483337 0.04964589 0.03687237 0.02365298 0.03830840 0.02563491 0.037411776 0.02524381 0.03282761 0.02922483 0.03179025 0.03883207 0.03698166 0.04017855 0.01467499 0.042407760 0.025370755 0.029478899 0.020930494 0.015289417 0.010811274 0.027949066 0.025384573 0.010589824 0.0110942534 0.0139101819 0.0095645621 0.0082568172 5.842577e-03 5.826291e-03 4.595568e-03 4.282355e-04 3.523616e-07 7.679197e-04 5.943131e-07 2.570862e-05
15 #_N_agebins
#_agebin_vector
1 2 3 4 5 6 7 8 9 10 11 12 13 14 15
1 #_N_ageerror_definitions
 #_age0   age1   age2   age3   age4   age5   age6   age7   age8   age9  age10  age11  age12  age13  age14  age15  age16  age17  age18  age19  age20  age21  age22  age23  age24  age25
 -1.000 -1.000 -1.000 -1.000 -1.000 -1.000 -1.000 -1.000 -1.000 -1.000 -1.000 -1.000 -1.000 -1.000 -1.000 -1.000 -1.000 -1.000 -1.000 -1.000 -1.000 -1.000 -1.000 -1.000 -1.000 -1.000
  0.001  0.001  0.001  0.001  0.001  0.001  0.001  0.001  0.001  0.001  0.001  0.001  0.001  0.001  0.001  0.001  0.001  0.001  0.001  0.001  0.001  0.001  0.001  0.001  0.001  0.001
86 #_N_agecomp
1 #_Lbin_method: 1=poplenbins; 2=datalenbins; 3=lengths
-1 #_combine males into females at or below this bin number
 #_Yr Seas FltSvy Gender Part Ageerr Lbin_lo Lbin_hi Nsamp          a1        a2        a3         a4         a5         a6         a7         a8         a9         a10         a11         a12          a13          a14         a15
   26    1      1      0    0      1      -1      -1   125  0.03410823 0.2139867 0.1536145 0.09136379 0.07362526 0.05678536 0.04387591 0.06928839 0.08842036 0.052961893 0.021568966 0.030968765 1.141726e-02 0.0060623773 0.051952176
   36    1      1      0    0      1      -1      -1   125  0.03683662 0.2389108 0.1789912 0.11575396 0.12092242 0.08777552 0.02804381 0.04805420 0.04396875 0.031606251 0.005923842 0.010304124 6.006146e-03 0.0124129832 0.034489405
   46    1      1      0    0      1      -1      -1   125  0.01367682 0.2752490 0.2421228 0.15005710 0.05884365 0.06660249 0.05357381 0.04561492 0.04057940 0.017154264 0.008302148 0.010305400 4.827398e-03 0.0004168466 0.012673998
   56    1      1      0    0      1      -1      -1   125  0.05267914 0.1737750 0.2191270 0.13331019 0.11633391 0.05328077 0.07060937 0.04659433 0.03257787 0.061796831 0.012913649 0.002600365 8.373901e-05 0.0131438854 0.011173979
   60    1      1      0    0      1      -1      -1   125  0.07468095 0.2853220 0.2114177 0.10612668 0.05840436 0.04431386 0.05229162 0.03473293 0.05962976 0.019823105 0.004862574 0.023739735 6.349762e-03 0.0025874983 0.015717449
   64    1      1      0    0      1      -1      -1   125  0.05462951 0.2015679 0.2356938 0.13007588 0.10172902 0.08252262 0.05834398 0.04607155 0.03597855 0.021951573 0.010003856 0.001273434 4.928653e-04 0.0005722270 0.019093169
   68    1      1      0    0      1      -1      -1   125  0.02781133 0.2401731 0.1994089 0.13894459 0.05529832 0.08354095 0.02450787 0.08708897 0.04020289 0.008693315 0.009581470 0.023490782 7.458563e-03 0.0286533353 0.025145607
   72    1      1      0    0      1      -1      -1   125  0.02589627 0.2382048 0.2683108 0.08118175 0.07609536 0.06775342 0.04831430 0.05077286 0.05447848 0.028140348 0.029249777 0.007419646 6.578188e-03 0.0027685328 0.014835468
   76    1      1      0    0      1      -1      -1   125  0.08251313 0.3081196 0.1534255 0.11400012 0.07518928 0.05138268 0.04737296 0.01956757 0.02957517 0.030357852 0.019920772 0.015678901 1.077273e-02 0.0064765458 0.035647142
   80    1      1      0    0      1      -1      -1   125  0.01806914 0.3366969 0.2091688 0.16533626 0.06103908 0.05893685 0.03518212 0.05463592 0.03467164 0.004624244 0.002851747 0.002552449 1.867688e-03 0.0007458289 0.013621384
   84    1      1      0    0      1      -1      -1   125  0.04500467 0.2242181 0.2171719 0.16144061 0.05463167 0.06035059 0.11982719 0.05803113 0.01067860 0.010726810 0.002216404 0.011016001 1.129947e-02 0.0059674161 0.007419447
   88    1      1      0    0      1      -1      -1   125  0.05098828 0.2221010 0.1490888 0.14348491 0.09244081 0.09224195 0.02571188 0.08574334 0.02972967 0.009044270 0.038310053 0.016600260 2.929979e-02 0.0045319998 0.010682943
   92    1      1      0    0      1      -1      -1   125  0.01897958 0.2808383 0.1518144 0.13535789 0.13748521 0.05515119 0.04864560 0.04168097 0.03638838 0.021556632 0.012104225 0.026950354 2.350418e-02 0.0043273571 0.005215751
   96    1      1      0    0      1      -1      -1   125  0.02827577 0.2923058 0.1648326 0.11250054 0.05404168 0.10891558 0.10454289 0.03468643 0.04456008 0.008672814 0.012026965 0.010675606 7.115259e-03 0.0108309600 0.006017045
  100    1      1      0    0      1      -1      -1   125  0.02504122 0.2567158 0.1973366 0.12455320 0.10982660 0.05169963 0.05266950 0.05350807 0.01547828 0.027476336 0.038049838 0.006992730 1.844895e-02 0.0090742611 0.013129060
   76    1      2      0    0      1      -1      -1   500  0.12519647 0.1943072 0.1948605 0.12760740 0.09598432 0.05781534 0.06210266 0.04045070 0.03738839 0.011196674 0.013358765 0.006287608 9.549969e-03 0.0019174301 0.021976615
   78    1      2      0    0      1      -1      -1   500  0.14570489 0.2203636 0.1526879 0.09494141 0.07823549 0.08234807 0.07064331 0.02996251 0.04347419 0.018975577 0.014068229 0.012562196 5.125089e-03 0.0168151617 0.014092448
   80    1      2      0    0      1      -1      -1   500  0.15064130 0.2562976 0.1527813 0.14822688 0.06350813 0.08611112 0.02808274 0.04692447 0.01815818 0.014601052 0.008188841 0.007629164 7.649726e-03 0.0042834384 0.006916105
   82    1      2      0    0      1      -1      -1   500  0.16286982 0.2169262 0.1686196 0.15905022 0.08432140 0.06335440 0.03753387 0.03245797 0.01964607 0.012369617 0.014993927 0.010535523 6.918762e-03 0.0019941529 0.008408432
   84    1      2      0    0      1      -1      -1   500  0.14295273 0.2255085 0.1636768 0.12358436 0.09510409 0.07020625 0.05429298 0.03169211 0.02360291 0.018667596 0.017992565 0.013359598 5.437837e-04 0.0010106600 0.017805061
   86    1      2      0    0      1      -1      -1   500  0.14825939 0.2313013 0.1543675 0.12937743 0.09197100 0.07519872 0.03454876 0.03079119 0.02656330 0.014486973 0.016808926 0.010634085 5.633003e-03 0.0041037802 0.025954669
   88    1      2      0    0      1      -1      -1   500  0.13590788 0.2229349 0.2131105 0.12059147 0.09567360 0.04905440 0.03993385 0.04635833 0.01585331 0.016481933 0.012147240 0.006817355 4.199889e-03 0.0068449869 0.014090285
   90    1      2      0    0      1      -1      -1   500  0.12539171 0.2198830 0.1628964 0.15043086 0.07625208 0.06622731 0.03884323 0.04865605 0.03109835 0.019449997 0.009885261 0.003424204 1.575487e-02 0.0055687862 0.026237914
   92    1      2      0    0      1      -1      -1   500  0.12849311 0.2245810 0.1833084 0.14268371 0.09277214 0.07334414 0.04165161 0.03058487 0.02392530 0.015803877 0.010321234 0.012716301 8.870516e-03 0.0012722427 0.009671542
   94    1      2      0    0      1      -1      -1   500  0.16141881 0.2208542 0.1799482 0.10714978 0.10340609 0.05244435 0.04088868 0.02676455 0.02984807 0.020752933 0.013893812 0.006702022 1.346709e-02 0.0045559390 0.017905482
   96    1      2      0    0      1      -1      -1   500  0.14347010 0.2290088 0.1765218 0.12427780 0.10470150 0.06596120 0.04380717 0.02767675 0.02139055 0.020136381 0.015273300 0.008936903 1.863670e-03 0.0021829586 0.014791091
   98    1      2      0    0      1      -1      -1   500  0.13359114 0.2073689 0.2353277 0.11448683 0.10180473 0.06652961 0.03598633 0.02919838 0.01227702 0.016216961 0.013190509 0.013166207 4.794399e-03 0.0057383261 0.010323012
  100    1      2      0    0      1      -1      -1   500  0.17739620 0.2125385 0.1685292 0.11798116 0.07232692 0.06224935 0.05064652 0.03743688 0.03101224 0.013745599 0.009022352 0.012454195 1.174000e-02 0.0083257969 0.014595072
   60    1      1      0    0      1       3       3     2  2.00000000 0.0000000 0.0000000 0.00000000 0.00000000 0.00000000 0.00000000 0.00000000 0.00000000 0.000000000 0.000000000 0.000000000 0.000000e+00 0.0000000000 0.000000000
   60    1      1      0    0      1       4       4     2  2.00000000 0.0000000 0.0000000 0.00000000 0.00000000 0.00000000 0.00000000 0.00000000 0.00000000 0.000000000 0.000000000 0.000000000 0.000000e+00 0.0000000000 0.000000000
   60    1      1      0    0      1       5       5     1  1.00000000 0.0000000 0.0000000 0.00000000 0.00000000 0.00000000 0.00000000 0.00000000 0.00000000 0.000000000 0.000000000 0.000000000 0.000000e+00 0.0000000000 0.000000000
   60    1      1      0    0      1       8       8     1  1.00000000 0.0000000 0.0000000 0.00000000 0.00000000 0.00000000 0.00000000 0.00000000 0.00000000 0.000000000 0.000000000 0.000000000 0.000000e+00 0.0000000000 0.000000000
   60    1      1      0    0      1       9       9     3  3.00000000 0.0000000 0.0000000 0.00000000 0.00000000 0.00000000 0.00000000 0.00000000 0.00000000 0.000000000 0.000000000 0.000000000 0.000000e+00 0.0000000000 0.000000000
   60    1      1      0    0      1      10      10     5  5.00000000 0.0000000 0.0000000 0.00000000 0.00000000 0.00000000 0.00000000 0.00000000 0.00000000 0.000000000 0.000000000 0.000000000 0.000000e+00 0.0000000000 0.000000000
   60    1      1      0    0      1      11      11    12 12.00000000 0.0000000 0.0000000 0.00000000 0.00000000 0.00000000 0.00000000 0.00000000 0.00000000 0.000000000 0.000000000 0.000000000 0.000000e+00 0.0000000000 0.000000000
   60    1      1      0    0      1      12      12     4  4.00000000 0.0000000 0.0000000 0.00000000 0.00000000 0.00000000 0.00000000 0.00000000 0.00000000 0.000000000 0.000000000 0.000000000 0.000000e+00 0.0000000000 0.000000000
   60    1      1      0    0      1      13      13     2  2.00000000 0.0000000 0.0000000 0.00000000 0.00000000 0.00000000 0.00000000 0.00000000 0.00000000 0.000000000 0.000000000 0.000000000 0.000000e+00 0.0000000000 0.000000000
   60    1      1      0    0      1      14      14     2  2.00000000 0.0000000 0.0000000 0.00000000 0.00000000 0.00000000 0.00000000 0.00000000 0.00000000 0.000000000 0.000000000 0.000000000 0.000000e+00 0.0000000000 0.000000000
   60    1      1      0    0      1      15      15     6  6.00000000 0.0000000 0.0000000 0.00000000 0.00000000 0.00000000 0.00000000 0.00000000 0.00000000 0.000000000 0.000000000 0.000000000 0.000000e+00 0.0000000000 0.000000000
   60    1      1      0    0      1      16      16     3  3.00000000 0.0000000 0.0000000 0.00000000 0.00000000 0.00000000 0.00000000 0.00000000 0.00000000 0.000000000 0.000000000 0.000000000 0.000000e+00 0.0000000000 0.000000000
   60    1      1      0    0      1      17      17     9  9.00000000 0.0000000 0.0000000 0.00000000 0.00000000 0.00000000 0.00000000 0.00000000 0.00000000 0.000000000 0.000000000 0.000000000 0.000000e+00 0.0000000000 0.000000000
   60    1      1      0    0      1      18      18     1  1.00000000 0.0000000 0.0000000 0.00000000 0.00000000 0.00000000 0.00000000 0.00000000 0.00000000 0.000000000 0.000000000 0.000000000 0.000000e+00 0.0000000000 0.000000000
   60    1      1      0    0      1      19      19     3  3.00000000 0.0000000 0.0000000 0.00000000 0.00000000 0.00000000 0.00000000 0.00000000 0.00000000 0.000000000 0.000000000 0.000000000 0.000000e+00 0.0000000000 0.000000000
   60    1      1      0    0      1      20      20     7  7.00000000 0.0000000 0.0000000 0.00000000 0.00000000 0.00000000 0.00000000 0.00000000 0.00000000 0.000000000 0.000000000 0.000000000 0.000000e+00 0.0000000000 0.000000000
   60    1      1      0    0      1      21      21     2  2.00000000 0.0000000 0.0000000 0.00000000 0.00000000 0.00000000 0.00000000 0.00000000 0.00000000 0.000000000 0.000000000 0.000000000 0.000000e+00 0.0000000000 0.000000000
   60    1      1      0    0      1      22      22     2  2.00000000 0.0000000 0.0000000 0.00000000 0.00000000 0.00000000 0.00000000 0.00000000 0.00000000 0.000000000 0.000000000 0.000000000 0.000000e+00 0.0000000000 0.000000000
   60    1      1      0    0      1      23      23     4  4.00000000 0.0000000 0.0000000 0.00000000 0.00000000 0.00000000 0.00000000 0.00000000 0.00000000 0.000000000 0.000000000 0.000000000 0.000000e+00 0.0000000000 0.000000000
   60    1      1      0    0      1      24      24     6  5.00000000 1.0000000 0.0000000 0.00000000 0.00000000 0.00000000 0.00000000 0.00000000 0.00000000 0.000000000 0.000000000 0.000000000 0.000000e+00 0.0000000000 0.000000000
   60    1      1      0    0      1      25      25     2  2.00000000 0.0000000 0.0000000 0.00000000 0.00000000 0.00000000 0.00000000 0.00000000 0.00000000 0.000000000 0.000000000 0.000000000 0.000000e+00 0.0000000000 0.000000000
   60    1      1      0    0      1      26      26     1  1.00000000 0.0000000 0.0000000 0.00000000 0.00000000 0.00000000 0.00000000 0.00000000 0.00000000 0.000000000 0.000000000 0.000000000 0.000000e+00 0.0000000000 0.000000000
   60    1      1      0    0      1      27      27     1  1.00000000 0.0000000 0.0000000 0.00000000 0.00000000 0.00000000 0.00000000 0.00000000 0.00000000 0.000000000 0.000000000 0.000000000 0.000000e+00 0.0000000000 0.000000000
   60    1      1      0    0      1      28      28     2  1.00000000 1.0000000 0.0000000 0.00000000 0.00000000 0.00000000 0.00000000 0.00000000 0.00000000 0.000000000 0.000000000 0.000000000 0.000000e+00 0.0000000000 0.000000000
   60    1      1      0    0      1      29      29     2  0.00000000 2.0000000 0.0000000 0.00000000 0.00000000 0.00000000 0.00000000 0.00000000 0.00000000 0.000000000 0.000000000 0.000000000 0.000000e+00 0.0000000000 0.000000000
   60    1      1      0    0      1      30      30     5  1.00000000 4.0000000 0.0000000 0.00000000 0.00000000 0.00000000 0.00000000 0.00000000 0.00000000 0.000000000 0.000000000 0.000000000 0.000000e+00 0.0000000000 0.000000000
   60    1      1      0    0      1      31      31     2  0.00000000 2.0000000 0.0000000 0.00000000 0.00000000 0.00000000 0.00000000 0.00000000 0.00000000 0.000000000 0.000000000 0.000000000 0.000000e+00 0.0000000000 0.000000000
   60    1      1      0    0      1      32      32     2  0.00000000 2.0000000 0.0000000 0.00000000 0.00000000 0.00000000 0.00000000 0.00000000 0.00000000 0.000000000 0.000000000 0.000000000 0.000000e+00 0.0000000000 0.000000000
   60    1      1      0    0      1      34      34     1  0.00000000 1.0000000 0.0000000 0.00000000 0.00000000 0.00000000 0.00000000 0.00000000 0.00000000 0.000000000 0.000000000 0.000000000 0.000000e+00 0.0000000000 0.000000000
   60    1      1      0    0      1      36      36     1  0.00000000 1.0000000 0.0000000 0.00000000 0.00000000 0.00000000 0.00000000 0.00000000 0.00000000 0.000000000 0.000000000 0.000000000 0.000000e+00 0.0000000000 0.000000000
   60    1      1      0    0      1      37      37     4  0.00000000 4.0000000 0.0000000 0.00000000 0.00000000 0.00000000 0.00000000 0.00000000 0.00000000 0.000000000 0.000000000 0.000000000 0.000000e+00 0.0000000000 0.000000000
  100    1      1      0    0      1       4       4     1  1.00000000 0.0000000 0.0000000 0.00000000 0.00000000 0.00000000 0.00000000 0.00000000 0.00000000 0.000000000 0.000000000 0.000000000 0.000000e+00 0.0000000000 0.000000000
  100    1      1      0    0      1       8       8     2  2.00000000 0.0000000 0.0000000 0.00000000 0.00000000 0.00000000 0.00000000 0.00000000 0.00000000 0.000000000 0.000000000 0.000000000 0.000000e+00 0.0000000000 0.000000000
  100    1      1      0    0      1       9       9     8  8.00000000 0.0000000 0.0000000 0.00000000 0.00000000 0.00000000 0.00000000 0.00000000 0.00000000 0.000000000 0.000000000 0.000000000 0.000000e+00 0.0000000000 0.000000000
  100    1      1      0    0      1      10      10     3  3.00000000 0.0000000 0.0000000 0.00000000 0.00000000 0.00000000 0.00000000 0.00000000 0.00000000 0.000000000 0.000000000 0.000000000 0.000000e+00 0.0000000000 0.000000000
  100    1      1      0    0      1      11      11     5  5.00000000 0.0000000 0.0000000 0.00000000 0.00000000 0.00000000 0.00000000 0.00000000 0.00000000 0.000000000 0.000000000 0.000000000 0.000000e+00 0.0000000000 0.000000000
  100    1      1      0    0      1      12      12    10 10.00000000 0.0000000 0.0000000 0.00000000 0.00000000 0.00000000 0.00000000 0.00000000 0.00000000 0.000000000 0.000000000 0.000000000 0.000000e+00 0.0000000000 0.000000000
  100    1      1      0    0      1      13      13     3  3.00000000 0.0000000 0.0000000 0.00000000 0.00000000 0.00000000 0.00000000 0.00000000 0.00000000 0.000000000 0.000000000 0.000000000 0.000000e+00 0.0000000000 0.000000000
  100    1      1      0    0      1      14      14     4  4.00000000 0.0000000 0.0000000 0.00000000 0.00000000 0.00000000 0.00000000 0.00000000 0.00000000 0.000000000 0.000000000 0.000000000 0.000000e+00 0.0000000000 0.000000000
  100    1      1      0    0      1      15      15     2  2.00000000 0.0000000 0.0000000 0.00000000 0.00000000 0.00000000 0.00000000 0.00000000 0.00000000 0.000000000 0.000000000 0.000000000 0.000000e+00 0.0000000000 0.000000000
  100    1      1      0    0      1      16      16     5  5.00000000 0.0000000 0.0000000 0.00000000 0.00000000 0.00000000 0.00000000 0.00000000 0.00000000 0.000000000 0.000000000 0.000000000 0.000000e+00 0.0000000000 0.000000000
  100    1      1      0    0      1      17      17     1  1.00000000 0.0000000 0.0000000 0.00000000 0.00000000 0.00000000 0.00000000 0.00000000 0.00000000 0.000000000 0.000000000 0.000000000 0.000000e+00 0.0000000000 0.000000000
  100    1      1      0    0      1      18      18     2  2.00000000 0.0000000 0.0000000 0.00000000 0.00000000 0.00000000 0.00000000 0.00000000 0.00000000 0.000000000 0.000000000 0.000000000 0.000000e+00 0.0000000000 0.000000000
  100    1      1      0    0      1      19      19     9  9.00000000 0.0000000 0.0000000 0.00000000 0.00000000 0.00000000 0.00000000 0.00000000 0.00000000 0.000000000 0.000000000 0.000000000 0.000000e+00 0.0000000000 0.000000000
  100    1      1      0    0      1      20      20    11 11.00000000 0.0000000 0.0000000 0.00000000 0.00000000 0.00000000 0.00000000 0.00000000 0.00000000 0.000000000 0.000000000 0.000000000 0.000000e+00 0.0000000000 0.000000000
  100    1      1      0    0      1      21      21     3  3.00000000 0.0000000 0.0000000 0.00000000 0.00000000 0.00000000 0.00000000 0.00000000 0.00000000 0.000000000 0.000000000 0.000000000 0.000000e+00 0.0000000000 0.000000000
  100    1      1      0    0      1      22      22     3  3.00000000 0.0000000 0.0000000 0.00000000 0.00000000 0.00000000 0.00000000 0.00000000 0.00000000 0.000000000 0.000000000 0.000000000 0.000000e+00 0.0000000000 0.000000000
  100    1      1      0    0      1      23      23     1  1.00000000 0.0000000 0.0000000 0.00000000 0.00000000 0.00000000 0.00000000 0.00000000 0.00000000 0.000000000 0.000000000 0.000000000 0.000000e+00 0.0000000000 0.000000000
  100    1      1      0    0      1      24      24     1  1.00000000 0.0000000 0.0000000 0.00000000 0.00000000 0.00000000 0.00000000 0.00000000 0.00000000 0.000000000 0.000000000 0.000000000 0.000000e+00 0.0000000000 0.000000000
  100    1      1      0    0      1      25      25     7  7.00000000 0.0000000 0.0000000 0.00000000 0.00000000 0.00000000 0.00000000 0.00000000 0.00000000 0.000000000 0.000000000 0.000000000 0.000000e+00 0.0000000000 0.000000000
  100    1      1      0    0      1      26      26     1  1.00000000 0.0000000 0.0000000 0.00000000 0.00000000 0.00000000 0.00000000 0.00000000 0.00000000 0.000000000 0.000000000 0.000000000 0.000000e+00 0.0000000000 0.000000000
  100    1      1      0    0      1      27      27     2  1.00000000 1.0000000 0.0000000 0.00000000 0.00000000 0.00000000 0.00000000 0.00000000 0.00000000 0.000000000 0.000000000 0.000000000 0.000000e+00 0.0000000000 0.000000000
  100    1      1      0    0      1      28      28     3  2.00000000 1.0000000 0.0000000 0.00000000 0.00000000 0.00000000 0.00000000 0.00000000 0.00000000 0.000000000 0.000000000 0.000000000 0.000000e+00 0.0000000000 0.000000000
  100    1      1      0    0      1      29      29     4  4.00000000 0.0000000 0.0000000 0.00000000 0.00000000 0.00000000 0.00000000 0.00000000 0.00000000 0.000000000 0.000000000 0.000000000 0.000000e+00 0.0000000000 0.000000000
  100    1      1      0    0      1      30      30     3  0.00000000 3.0000000 0.0000000 0.00000000 0.00000000 0.00000000 0.00000000 0.00000000 0.00000000 0.000000000 0.000000000 0.000000000 0.000000e+00 0.0000000000 0.000000000
  100    1      1      0    0      1      32      32     1  0.00000000 1.0000000 0.0000000 0.00000000 0.00000000 0.00000000 0.00000000 0.00000000 0.00000000 0.000000000 0.000000000 0.000000000 0.000000e+00 0.0000000000 0.000000000
  100    1      1      0    0      1      34      34     1  0.00000000 1.0000000 0.0000000 0.00000000 0.00000000 0.00000000 0.00000000 0.00000000 0.00000000 0.000000000 0.000000000 0.000000000 0.000000e+00 0.0000000000 0.000000000
  100    1      1      0    0      1      36      36     4  0.00000000 4.0000000 0.0000000 0.00000000 0.00000000 0.00000000 0.00000000 0.00000000 0.00000000 0.000000000 0.000000000 0.000000000 0.000000e+00 0.0000000000 0.000000000
0 #_N_MeanSize_at_Age_obs
0 #_N_environ_variables
0 #_N_environ_obs
0 #_N_sizefreq_methods
0 #_do_tags
0 #_morphcomp_data
#
999
