#C data file created using the SS_writedat function in the R package r4ss
#C should work with SS version: 
#C file write time: 2015-02-11 18:14:38
#
1 #_styr
100 #_endyr
1 #_nseas
12 #_months_per_seas
1 #_spawn_seas
1 #_Nfleet
2 #_Nsurveys
1 #_N_areas
Fishery%Survey%CPUE #_fleetnames
0.5 0.5 0.5 #_surveytiming_in_season
1 1 1 #_area_assignments_for_each_fishery_and_survey
1 #_units of catch:  1=bio; 2=num
0.01 #_se of log(catch) only used for init_eq_catch and for Fmethod 2 and 3
1 #_Ngenders
25 #_Nages
0 #_init_equil_catch_for_each_fishery
100 #_N_lines_of_catch_to_read
 #_Fishery year seas
         0    1    1
         0    2    1
         0    3    1
         0    4    1
         0    5    1
         0    6    1
         0    7    1
         0    8    1
         0    9    1
         0   10    1
         0   11    1
         0   12    1
         0   13    1
         0   14    1
         0   15    1
         0   16    1
         0   17    1
         0   18    1
         0   19    1
         0   20    1
         0   21    1
         0   22    1
         0   23    1
         0   24    1
         0   25    1
 444646000   26    1
 397608000   27    1
 357583000   28    1
 324161000   29    1
 296656000   30    1
 274240000   31    1
 256057000   32    1
 241314000   33    1
 229322000   34    1
 219511000   35    1
 211426000   36    1
 204710000   37    1
 199088000   38    1
 194347000   39    1
 190324000   40    1
 186891000   41    1
 183948000   42    1
 181416000   43    1
 179230000   44    1
 177337000   45    1
 175694000   46    1
 174266000   47    1
 173022000   48    1
 171937000   49    1
 170990000   50    1
 170161000   51    1
 169436000   52    1
 168801000   53    1
 168243000   54    1
 167755000   55    1
 167325000   56    1
 166948000   57    1
 166617000   58    1
 166326000   59    1
 166070000   60    1
 165844000   61    1
 165646000   62    1
 165471000   63    1
 165317000   64    1
 165182000   65    1
 165063000   66    1
 164958000   67    1
 164865000   68    1
 164784000   69    1
 164712000   70    1
 164649000   71    1
 164593000   72    1
 164544000   73    1
 164500000   74    1
 164462000   75    1
 164429000   76    1
 164399000   77    1
 164373000   78    1
 164350000   79    1
 164329000   80    1
 164311000   81    1
 164296000   82    1
 164282000   83    1
 164269000   84    1
 164258000   85    1
 164249000   86    1
 164240000   87    1
 164233000   88    1
 164227000   89    1
 164221000   90    1
 164216000   91    1
 164211000   92    1
 164207000   93    1
 164204000   94    1
 164201000   95    1
 164198000   96    1
 164195000   97    1
 164193000   98    1
 164192000   99    1
 164190000  100    1
13 #_N_cpue
 #_Fleet Units Errtype
       1     1       0
       2     1       0
       3     1       0
 #_year seas index        obs se_log
     76    1     2 1379304080    0.2
     78    1     2 1304015916    0.2
     80    1     2 1662859845    0.2
     82    1     2 1013595359    0.2
     84    1     2 1439040023    0.2
     86    1     2 1575152852    0.2
     88    1     2 1300468728    0.2
     90    1     2 1293195083    0.2
     92    1     2 1923499769    0.2
     94    1     2 2026867970    0.2
     96    1     2 1329064609    0.2
     98    1     2 1529802162    0.2
    100    1     2 1364187653    0.2
0 #_N_discard_fleets
#_discard_units (1=same_as_catchunits(bio/num); 2=fraction; 3=numbers)
#_discard_errtype:  >0 for DF of T-dist(read CV below); 0 for normal with CV; -1 for normal with se; -2 for lognormal
0 #_N_discard
0 #_N_meanbodywt
1 #_DF_for_meanbodywt_T-distribution_like
2 # length bin method: 1=use databins; 2=generate from binwidth,min,max below; 3=read vector
1 # binwidth for population size comp
10 # minimum size in the population (lower edge of first bin and size at age 0.00)
200 # maximum size in the population (lower edge of last bin)
-0.001 #_comp_tail_compression
1e-05 #_add_to_comp
0 #_combine males into females at or below this bin number
45 #_N_lbins
#_lbin_vector
20 23 26 29 32 35 38 41 44 47 50 53 56 59 62 65 68 71 74 77 80 83 86 89 92 95 98 101 104 107 110 113 116 119 122 125 128 131 134 137 140 143 146 149 152
28 #_N_Length_comp_observations
 #_Yr Seas FltSvy Gender Part Nsamp           l20          l23          l26          l29         l32          l35          l38         l41        l44        l47        l50        l53         l56        l59        l62        l65        l68        l71        l74        l77         l80        l83        l86        l89         l92         l95        l98        l101        l104        l107        l110        l113        l116        l119        l122        l125         l128         l131         l134         l137         l140         l143         l146         l149         l152
   26    1      1      0    0   125  3.657329e-44 1.404577e-16 5.547878e-08 0.0007173592 0.006897282 0.0059779049 3.005742e-03 0.029710073 0.01500239 0.04137457 0.06067689 0.05576347 0.015407578 0.02975233 0.06603021 0.05950904 0.02430974 0.01745977 0.02674357 0.05059874 0.005538211 0.04436057 0.06641102 0.03477437 0.041805475 0.007957556 0.02735612 0.012275972 0.045316394 0.020951260 0.003130795 0.017991424 0.030077004 0.022175492 0.007055881 0.017417306 0.0084601339 2.867514e-02 2.529918e-02 6.354121e-03 6.873088e-03 4.555637e-03 1.953409e-04 3.206158e-03 2.849612e-03
   36    1      1      0    0   125  1.542304e-54 3.839899e-06 2.287989e-04 0.0163912358 0.011465562 0.0005867556 2.822735e-03 0.013960501 0.02830517 0.04786405 0.07167072 0.05052776 0.041375831 0.02202536 0.02910257 0.04907697 0.06367321 0.04848850 0.03009847 0.02276576 0.035953204 0.03223290 0.04168143 0.02570492 0.006364220 0.026102984 0.04134085 0.026422720 0.011086429 0.016237322 0.027428872 0.029717765 0.019980400 0.002754637 0.025135197 0.019770988 0.0131038663 4.259712e-03 2.515598e-02 1.002366e-02 1.545199e-03 1.160942e-04 1.940541e-03 6.119619e-12 5.506314e-03
   46    1      1      0    0   125 1.312247e-128 1.141562e-09 1.393863e-06 0.0082104608 0.006728210 0.0030951667 1.381422e-03 0.003346820 0.07445268 0.04072078 0.07261145 0.08674093 0.058881937 0.01788520 0.08294607 0.01945933 0.04732716 0.09117980 0.05765002 0.02850157 0.072402870 0.02964358 0.01941175 0.03699969 0.010196640 0.008057772 0.01491891 0.009604597 0.007315466 0.026147301 0.009959841 0.002099868 0.020966091 0.015667026 0.004570461 0.003380998 0.0036635071 2.168748e-04 3.162150e-03 1.572116e-04 1.248105e-05 1.345628e-04 1.510440e-07 1.341558e-04 5.563155e-05
   56    1      1      0    0   125  1.798604e-09 2.490720e-03 3.226470e-03 0.0145704605 0.002797305 0.0051918787 4.429227e-03 0.004176251 0.02980244 0.08239312 0.09190104 0.04614190 0.026416186 0.07402415 0.03059684 0.01800483 0.04219614 0.06917533 0.03534825 0.03493931 0.055758810 0.01469774 0.01987552 0.00929247 0.049450326 0.014155913 0.01621008 0.018706998 0.037605258 0.017143879 0.016031374 0.007510524 0.011553880 0.018563069 0.012967897 0.010638924 0.0163955208 1.115569e-02 1.823593e-02 3.386164e-04 1.243185e-04 1.018525e-06 4.033814e-03 1.593463e-03 1.371221e-04
   60    1      1      0    0   125  4.045424e-36 1.391630e-08 7.231818e-06 0.0011671359 0.003619987 0.0045168585 6.302144e-03 0.018551587 0.03875843 0.07323608 0.04715672 0.07413230 0.073840938 0.03656971 0.02486028 0.03050953 0.04895408 0.03898122 0.06117128 0.05385249 0.039551276 0.02121323 0.03841440 0.02924427 0.013327403 0.049562755 0.01886069 0.026796132 0.011863765 0.018737406 0.015440699 0.023136175 0.015816713 0.008906335 0.006908606 0.006916514 0.0073606190 9.951183e-03 6.400220e-04 2.200568e-07 3.844959e-04 3.898040e-04 2.404304e-04 1.187212e-05 1.369841e-04
   64    1      1      0    0   125  3.045864e-93 1.047473e-07 2.032160e-03 0.0028916754 0.014446797 0.0044488412 1.567582e-04 0.006562343 0.05439733 0.07165844 0.02477068 0.08341670 0.027180365 0.03767934 0.03281656 0.04015333 0.03655544 0.05103354 0.03659140 0.02470907 0.033478366 0.01969646 0.04870729 0.03128011 0.027083862 0.029936247 0.02917026 0.023667486 0.040243482 0.019030580 0.018296231 0.045818506 0.014961551 0.003641313 0.007259355 0.003111430 0.0063597305 2.763393e-02 1.542341e-02 2.295957e-03 7.534734e-04 6.500969e-04 5.889742e-10 3.770538e-13 4.803864e-27
   68    1      1      0    0   125  0.000000e+00 2.599612e-20 3.422943e-04 0.0164897989 0.002251994 0.0023999889 1.274720e-04 0.010373358 0.05721275 0.05124074 0.10100220 0.01486668 0.063878510 0.01092549 0.09478932 0.03156298 0.05514128 0.06160711 0.05638878 0.02228167 0.032657787 0.03995628 0.02791486 0.01234632 0.011448270 0.043066424 0.04013059 0.018576906 0.042144653 0.004762727 0.003775437 0.005128525 0.002686280 0.001208198 0.019505367 0.017713051 0.0074406916 5.917802e-04 8.735028e-03 1.242252e-03 7.791518e-06 2.240825e-03 1.021173e-09 5.212828e-07 3.837017e-03
   72    1      1      0    0   125  1.461666e-10 2.507089e-14 8.218661e-04 0.0007680132 0.028542549 0.0007933243 5.744447e-04 0.003942290 0.05588360 0.04041164 0.06734982 0.04401568 0.020085071 0.06272544 0.02685316 0.04823890 0.07317500 0.03886977 0.02843427 0.03506651 0.052961375 0.02917065 0.01942249 0.01775461 0.033773906 0.041262842 0.03539816 0.014115716 0.005578087 0.028952095 0.010064177 0.017932023 0.040355526 0.030609727 0.009396615 0.014876178 0.0040911074 3.532964e-03 7.271553e-03 5.050311e-05 6.767023e-03 5.679237e-06 8.130123e-06 8.417093e-08 9.742668e-05
   76    1      1      0    0   125  2.421371e-67 2.606556e-05 2.019180e-04 0.0040807228 0.045320546 0.0038582988 2.468187e-05 0.043199745 0.05710033 0.06644605 0.03710706 0.06399924 0.007606086 0.08042929 0.04418666 0.02582684 0.04015893 0.03801207 0.04114056 0.01588058 0.024258974 0.02466041 0.01844563 0.01728014 0.049766564 0.032458155 0.02137134 0.009899522 0.055603569 0.014535902 0.008974540 0.010627921 0.031298335 0.011116774 0.008524898 0.011628934 0.0115716102 1.928551e-04 1.076970e-02 3.530900e-03 3.251214e-03 3.617515e-03 2.940022e-04 1.714911e-03 4.841693e-13
   80    1      1      0    0   125 1.471951e-115 8.759646e-06 4.375346e-04 0.0161570499 0.031582129 0.0346625176 3.679067e-04 0.018570725 0.03532288 0.06377654 0.08082086 0.08492927 0.023933597 0.02727610 0.03562653 0.02608324 0.04244422 0.03762155 0.01450164 0.03684990 0.043801477 0.04465470 0.02307562 0.01472173 0.034882488 0.019638235 0.03724963 0.014506481 0.049114332 0.007268516 0.020561406 0.006431000 0.023768609 0.011292081 0.001332684 0.000903359 0.0001054086 3.881243e-03 2.519028e-02 4.210600e-03 2.094593e-03 2.694364e-04 1.947459e-06 1.563627e-10 7.119967e-05
   84    1      1      0    0   125  1.745867e-06 1.594141e-08 4.536111e-03 0.0003011770 0.004470755 0.0058217319 1.513164e-04 0.015167627 0.04095684 0.06719242 0.03121225 0.08243933 0.049530523 0.08747491 0.06296550 0.02765121 0.02306564 0.03683095 0.02574386 0.04172259 0.053671338 0.03365076 0.02706826 0.02354935 0.040820096 0.022846374 0.03387626 0.024216759 0.026170688 0.012681980 0.022067430 0.032089428 0.008329686 0.012541159 0.006736804 0.007864706 0.0003469856 8.035198e-04 1.712625e-03 1.080672e-03 6.383969e-04 1.258650e-10 1.074257e-10 7.572820e-10 2.288934e-07
   88    1      1      0    0   125  0.000000e+00 8.149834e-13 6.022865e-04 0.0097920757 0.061152539 0.0051848385 2.170421e-03 0.012577757 0.04457770 0.08038611 0.05022550 0.04217874 0.043463351 0.03956042 0.04809966 0.04223391 0.03725807 0.04303981 0.03257978 0.02041259 0.032136827 0.02267054 0.02103683 0.05390348 0.037238293 0.031867368 0.01228573 0.033737030 0.012606726 0.013285498 0.010517042 0.008712208 0.006311129 0.021736130 0.003449295 0.041094751 0.0024406099 2.732196e-03 1.391513e-02 1.003060e-03 1.056709e-03 5.947676e-04 2.412344e-08 1.726577e-04 4.044794e-07
   92    1      1      0    0   125  3.572249e-50 1.233167e-18 1.500238e-03 0.0162291860 0.012973003 0.0175305772 2.768362e-03 0.005173738 0.03811958 0.07086523 0.02697388 0.04464355 0.034558450 0.05279585 0.05609729 0.07106632 0.03554138 0.07351058 0.03099094 0.01652387 0.035399304 0.04021751 0.03397380 0.01389586 0.050594655 0.011393085 0.02186222 0.033074634 0.014088563 0.026207687 0.023906967 0.037852828 0.009076932 0.017154665 0.009576743 0.002503547 0.0037060658 4.564883e-03 3.384448e-04 9.201932e-07 3.233196e-04 1.429915e-03 7.635666e-09 6.775538e-22 9.954142e-04
   96    1      1      0    0   125  0.000000e+00 1.351748e-20 3.403399e-05 0.0066986844 0.012708218 0.0021871283 8.547871e-03 0.011229090 0.03762838 0.06006871 0.04943230 0.04516406 0.040880510 0.04999905 0.05594890 0.04668198 0.04353518 0.02725092 0.09000674 0.05972604 0.006442707 0.03448985 0.01270479 0.04804354 0.061313638 0.034972220 0.02410475 0.021656797 0.013106575 0.003257500 0.012606028 0.010773381 0.015120068 0.009580937 0.009665247 0.012934121 0.0059935794 4.229101e-05 8.299821e-04 1.013673e-02 4.196563e-03 3.116481e-12 3.009033e-04 1.598839e-08 8.552354e-12
  100    1      1      0    0   125 3.202597e-309 8.519229e-04 5.495319e-03 0.0137368985 0.002403388 0.0091425038 4.835182e-03 0.019668308 0.01594304 0.06026451 0.03676468 0.08109796 0.037134522 0.01739032 0.06087324 0.04704548 0.05502995 0.06000959 0.04021852 0.01763352 0.043645648 0.05851631 0.05082555 0.05469124 0.008691928 0.031516316 0.02049040 0.010355485 0.028620578 0.021736055 0.033059082 0.013367089 0.017527645 0.004694355 0.007586039 0.004252058 0.0002854396 9.232514e-05 8.367443e-05 4.335148e-03 5.259596e-05 3.500042e-05 5.669862e-08 1.135323e-06 5.693944e-11
   76    1      2      0    0   500  7.654860e-19 3.888024e-03 2.063300e-02 0.0417644661 0.046412662 0.0152843493 1.116084e-02 0.023634349 0.03644921 0.06338855 0.06469913 0.03717803 0.028781801 0.05704084 0.02513981 0.04252432 0.04785773 0.04974269 0.03038125 0.03112511 0.031157712 0.04164632 0.02379204 0.03242503 0.020753809 0.025042726 0.01495132 0.009453224 0.020143551 0.005361312 0.016819745 0.006959177 0.011714710 0.015105701 0.014733740 0.013045866 0.0013456341 5.144428e-03 9.132947e-04 4.743059e-03 5.986832e-03 9.829070e-04 2.576444e-05 1.793316e-04 4.866058e-04
   78    1      2      0    0   500  4.096004e-12 6.327212e-03 2.201676e-02 0.0569981362 0.033936623 0.0154426654 8.752187e-03 0.025803603 0.03022663 0.05020099 0.04738748 0.04033557 0.028691729 0.04547030 0.04567759 0.03441033 0.03032482 0.02320301 0.02674436 0.04026469 0.028091950 0.04397777 0.02412989 0.03819201 0.027926186 0.028619132 0.01953401 0.026426591 0.019110914 0.018449230 0.019889272 0.020112603 0.009535275 0.018510103 0.017127986 0.007649677 0.0052206638 4.099035e-03 1.814463e-03 2.819926e-03 3.787553e-03 1.422214e-03 6.620449e-04 6.082176e-04 6.860616e-05
   80    1      2      0    0   500  2.045448e-15 6.644052e-05 8.853581e-03 0.0454075736 0.039403601 0.0208627980 9.700175e-03 0.032247816 0.06158439 0.05773738 0.04998195 0.03388763 0.038053769 0.02237249 0.03044194 0.05052117 0.03553702 0.02393724 0.04026655 0.02269788 0.035049169 0.03260157 0.03134844 0.03286537 0.021996305 0.029268360 0.01326474 0.022283036 0.026111290 0.014247070 0.014789612 0.024238070 0.003278315 0.006397285 0.024427384 0.009851027 0.0091490391 1.591522e-02 7.617338e-04 3.518708e-03 1.818929e-03 2.351607e-03 5.804012e-06 7.220088e-04 1.785175e-04
   82    1      2      0    0   500  6.638442e-12 2.470239e-03 1.433404e-02 0.0588158264 0.040914928 0.0062932233 1.071934e-02 0.021294475 0.03625459 0.06916750 0.05876726 0.05505380 0.044256629 0.02462674 0.02622049 0.04308363 0.04204182 0.04641350 0.03060881 0.03471670 0.024888985 0.02346807 0.03188808 0.02671608 0.020254941 0.032704758 0.01534056 0.020847137 0.023799474 0.018578292 0.017554303 0.020086222 0.011404101 0.008073610 0.010245980 0.007694823 0.0105659430 2.024135e-03 2.272781e-03 7.520476e-04 3.473034e-03 2.010256e-04 2.519033e-07 2.892814e-05 1.082906e-03
   84    1      2      0    0   500  8.472790e-13 1.328895e-03 2.184837e-02 0.0399782279 0.044362050 0.0197814643 9.450532e-03 0.015549407 0.04034817 0.06219012 0.05534730 0.04480025 0.034341760 0.01862288 0.03355024 0.03590837 0.04443597 0.04813505 0.02529171 0.03533309 0.041349478 0.02359208 0.02135341 0.02630127 0.034451005 0.028420827 0.03085612 0.021976127 0.027925799 0.021654047 0.013660257 0.014449639 0.015248059 0.009759945 0.014561332 0.006273396 0.0029971820 5.304924e-03 2.347427e-03 5.388887e-03 6.840132e-04 3.249601e-04 3.083478e-04 1.185335e-04 8.909460e-05
   86    1      2      0    0   500  8.382228e-12 2.446018e-04 1.793438e-02 0.0496119888 0.061355571 0.0148448970 8.169972e-03 0.021672987 0.03530075 0.06315631 0.05086076 0.04485683 0.034232922 0.03041141 0.02910859 0.03984187 0.04212716 0.03741608 0.02055710 0.03324406 0.038872515 0.02637323 0.03792360 0.04401452 0.036601139 0.016219516 0.02356714 0.017649186 0.031236904 0.017739411 0.006501313 0.009054427 0.012229182 0.008758589 0.012147972 0.007280619 0.0046027900 4.257364e-03 4.032343e-03 2.136410e-03 9.512535e-04 6.815714e-04 6.951442e-07 2.125293e-03 9.479409e-05
   88    1      2      0    0   500  2.500642e-22 1.068114e-04 1.390534e-02 0.0700326205 0.034385550 0.0160961731 5.368238e-03 0.031670436 0.04102221 0.06229604 0.06522108 0.04092854 0.028073223 0.02634666 0.02522919 0.03913624 0.04171060 0.04683749 0.02805031 0.02333356 0.024197830 0.03122680 0.02066894 0.03132814 0.019345925 0.022858294 0.02064177 0.018427389 0.045831283 0.026197541 0.013062377 0.018652247 0.017875455 0.007900616 0.006642927 0.002538318 0.0051324850 6.954507e-03 6.251462e-03 4.091548e-03 3.922210e-04 2.310655e-03 6.343715e-03 1.376758e-03 4.857965e-07
   90    1      2      0    0   500  1.943776e-14 3.103188e-04 1.178274e-02 0.0486924683 0.039374407 0.0205593519 2.423973e-02 0.025146254 0.06155871 0.05085372 0.05409430 0.04331679 0.032288735 0.02909601 0.03772880 0.03843657 0.02976104 0.02637354 0.03850194 0.03007918 0.030414627 0.04415105 0.02161634 0.02832203 0.021317775 0.023913777 0.02316193 0.018112609 0.016886090 0.024997393 0.021641661 0.015006301 0.012141641 0.010471451 0.016900858 0.009010470 0.0050268639 4.538605e-03 2.945001e-03 1.560940e-03 2.942348e-04 4.000443e-03 5.446965e-04 1.836534e-04 6.449521e-04
   92    1      2      0    0   500  1.163454e-19 3.545644e-03 2.013824e-02 0.0594672483 0.061106633 0.0142521624 1.480471e-02 0.029909029 0.03524794 0.05875381 0.06159193 0.02809131 0.032168774 0.05419852 0.02795119 0.03988215 0.04110787 0.03425276 0.03718550 0.03526544 0.027853881 0.03254295 0.02711779 0.01894416 0.020034238 0.020826210 0.02230524 0.036109756 0.013090383 0.021658472 0.014746841 0.005661323 0.012436744 0.007048644 0.008211774 0.004575526 0.0064158253 4.291767e-03 9.259268e-04 1.559981e-03 9.569250e-04 8.325446e-04 2.884739e-03 7.482234e-06 4.001804e-05
   94    1      2      0    0   500  2.223814e-05 1.239495e-03 3.069244e-02 0.0423506926 0.056281700 0.0208035166 9.766637e-03 0.015497470 0.03748538 0.05719239 0.05520684 0.03593438 0.050199736 0.02317467 0.03806617 0.02985338 0.05073417 0.04049205 0.01978609 0.03786839 0.038046978 0.02249733 0.01721415 0.03764681 0.030453444 0.028328292 0.03124175 0.025564052 0.016438827 0.014844699 0.013495730 0.009783774 0.008783035 0.010799829 0.007424601 0.014144591 0.0040298011 3.172696e-03 3.680329e-03 1.475869e-03 4.251580e-04 5.109873e-03 4.344727e-05 1.778918e-03 9.281952e-04
   96    1      2      0    0   500  2.701037e-13 1.229536e-04 2.047156e-02 0.0491938745 0.067088329 0.0109078089 7.144500e-03 0.026934369 0.04368081 0.07861005 0.05458444 0.04202431 0.033377371 0.02790690 0.03129963 0.03832994 0.02399366 0.03017323 0.02788577 0.02814800 0.041644796 0.03198895 0.03229122 0.03772851 0.020643448 0.027486926 0.04219997 0.015745836 0.021579832 0.012233324 0.014326642 0.015834408 0.007805668 0.010193066 0.004415929 0.008689374 0.0036678991 7.301945e-04 2.897986e-03 1.001996e-03 4.736979e-04 1.742964e-07 4.217901e-03 1.726049e-07 3.245675e-04
   98    1      2      0    0   500  2.333296e-30 5.051571e-03 1.716690e-02 0.0466897258 0.044623752 0.0167263764 2.400034e-02 0.022838638 0.03938943 0.04391188 0.05519765 0.04652553 0.040693116 0.03156331 0.04034689 0.04827032 0.03721201 0.03625128 0.02054288 0.01597259 0.048258732 0.04676510 0.02032663 0.02916914 0.023459676 0.023455291 0.02489322 0.012401047 0.028318831 0.019846160 0.028043712 0.018376821 0.017859408 0.006188787 0.003640767 0.004079858 0.0008629206 2.036285e-03 2.568605e-03 2.007847e-03 4.210585e-03 1.063441e-05 2.420268e-04 2.464850e-08 3.704572e-06
  100    1      2      0    0   500  1.959778e-20 4.632637e-03 1.691985e-02 0.0656148193 0.033265133 0.0072679820 1.052118e-02 0.028758884 0.03574069 0.05109593 0.04472947 0.03040484 0.061182848 0.03869550 0.02680915 0.02875421 0.03040415 0.02988252 0.04751559 0.04209774 0.034374444 0.02671686 0.01963434 0.02071503 0.026251208 0.035373300 0.01206036 0.031092498 0.019141807 0.015924485 0.038828713 0.023362677 0.015194946 0.007585461 0.009704816 0.009773099 0.0040655304 3.922009e-03 1.466818e-03 2.146361e-03 5.048531e-03 3.282493e-03 7.718231e-08 1.425292e-05 2.675990e-05
15 #_N_agebins
#_agebin_vector
1 2 3 4 5 6 7 8 9 10 11 12 13 14 15
1 #_N_ageerror_definitions
 #_age0   age1   age2   age3   age4   age5   age6   age7   age8   age9  age10  age11  age12  age13  age14  age15  age16  age17  age18  age19  age20  age21  age22  age23  age24  age25
 -1.000 -1.000 -1.000 -1.000 -1.000 -1.000 -1.000 -1.000 -1.000 -1.000 -1.000 -1.000 -1.000 -1.000 -1.000 -1.000 -1.000 -1.000 -1.000 -1.000 -1.000 -1.000 -1.000 -1.000 -1.000 -1.000
  0.001  0.001  0.001  0.001  0.001  0.001  0.001  0.001  0.001  0.001  0.001  0.001  0.001  0.001  0.001  0.001  0.001  0.001  0.001  0.001  0.001  0.001  0.001  0.001  0.001  0.001
84 #_N_agecomp
1 #_Lbin_method: 1=poplenbins; 2=datalenbins; 3=lengths
-1 #_combine males into females at or below this bin number
 #_Yr Seas FltSvy Gender Part Ageerr Lbin_lo Lbin_hi Nsamp          a1        a2        a3         a4         a5         a6         a7         a8          a9         a10         a11          a12          a13          a14         a15
   26    1      1      0    0      1      -1      -1   125  0.02594182 0.1684066 0.1222896 0.12985597 0.09500788 0.06557006 0.05652974 0.04290664 0.033574796 0.024283602 0.025062116 0.0334683801 0.0156000738 0.0038199575 0.157682741
   36    1      1      0    0      1      -1      -1   125  0.03540068 0.2109235 0.2146144 0.09141993 0.11767745 0.11108300 0.05950141 0.04894085 0.008310756 0.017730682 0.021565328 0.0115451395 0.0070571488 0.0118536162 0.032376117
   46    1      1      0    0      1      -1      -1   125  0.02554285 0.2488698 0.1900559 0.13804738 0.11172547 0.04802799 0.05570270 0.06692414 0.032538215 0.013070825 0.004905780 0.0127134699 0.0057568596 0.0029088033 0.043209776
   56    1      1      0    0      1      -1      -1   125  0.02598164 0.2661130 0.1408287 0.18515249 0.07132806 0.07312972 0.08338514 0.05458580 0.008536354 0.046245581 0.004777140 0.0074483101 0.0139137668 0.0001396522 0.018434624
   60    1      1      0    0      1      -1      -1   125  0.05040713 0.2293440 0.2370246 0.15181178 0.10153456 0.06318764 0.04072573 0.04329607 0.025869077 0.012937724 0.018590821 0.0023784519 0.0078439451 0.0007365473 0.014311868
   64    1      1      0    0      1      -1      -1   125  0.02092924 0.2286454 0.2303833 0.15609173 0.08786843 0.08131991 0.04258955 0.04772754 0.023646966 0.010705184 0.033467865 0.0189505488 0.0105679744 0.0008814604 0.006224874
   68    1      1      0    0      1      -1      -1   125  0.02193262 0.2597134 0.1756268 0.15077166 0.11389971 0.04448981 0.02622778 0.07182040 0.035966328 0.052551635 0.005045001 0.0155973738 0.0201576375 0.0025004921 0.003699361
   72    1      1      0    0      1      -1      -1   125  0.03600431 0.3230743 0.1962709 0.10780104 0.07190372 0.04581274 0.05978476 0.03231473 0.019033327 0.043864849 0.038209900 0.0028461180 0.0021491161 0.0032655553 0.017664728
   76    1      1      0    0      1      -1      -1   125  0.02111377 0.2789661 0.1624178 0.15224000 0.07554836 0.09369059 0.06594492 0.05676050 0.019622970 0.016621197 0.010760612 0.0072844748 0.0068019349 0.0087542433 0.023472582
   80    1      1      0    0      1      -1      -1   125  0.04894017 0.2464023 0.1709760 0.14465036 0.09004443 0.08401524 0.06035302 0.04450291 0.014491523 0.034036843 0.006933627 0.0290804952 0.0214063831 0.0015989406 0.002567774
   84    1      1      0    0      1      -1      -1   125  0.04302892 0.2169968 0.1661172 0.15662041 0.18870477 0.07764330 0.04233374 0.03113921 0.034878223 0.007945109 0.012057951 0.0110575551 0.0033841794 0.0065046113 0.001588033
   88    1      1      0    0      1      -1      -1   125  0.03953025 0.2585555 0.2166503 0.14368548 0.06673324 0.10058670 0.06839376 0.01773911 0.026792853 0.008564837 0.004784557 0.0002590937 0.0008542580 0.0008272290 0.046042833
   92    1      1      0    0      1      -1      -1   125  0.03110137 0.2362968 0.1852631 0.17032015 0.18648682 0.04367388 0.04068994 0.02977870 0.017674608 0.026576295 0.008954310 0.0061018826 0.0128085699 0.0024580327 0.001815536
   96    1      1      0    0      1      -1      -1   125  0.02340441 0.2202222 0.2175899 0.15691665 0.09608968 0.07704879 0.07583512 0.02512844 0.018068918 0.030867854 0.002600413 0.0294502835 0.0005352344 0.0105491290 0.015693027
  100    1      1      0    0      1      -1      -1   125  0.03226003 0.2060614 0.1675730 0.16818727 0.12652699 0.04750967 0.06520743 0.03840662 0.018719154 0.020904780 0.008189980 0.0489525439 0.0191798272 0.0194864792 0.012834799
   76    1      2      0    0      1      -1      -1   500  0.15550922 0.2164065 0.1893938 0.11975931 0.08805107 0.07181600 0.03986303 0.04018110 0.018559984 0.015938845 0.008117180 0.0085149249 0.0048377926 0.0096081642 0.013443071
   78    1      2      0    0      1      -1      -1   500  0.14096025 0.2195945 0.1707989 0.12332562 0.10287270 0.07841281 0.04408495 0.04562071 0.021725762 0.011075493 0.008698899 0.0129247489 0.0054910226 0.0013356252 0.013078095
   80    1      2      0    0      1      -1      -1   500  0.16134761 0.2222721 0.1806732 0.10750154 0.10192402 0.06851717 0.06031556 0.02990422 0.020845117 0.012010653 0.006795068 0.0078256563 0.0030491299 0.0067092876 0.010309685
   82    1      2      0    0      1      -1      -1   500  0.13223749 0.2572426 0.1636353 0.10449842 0.10336502 0.04396500 0.05683699 0.03228031 0.021475639 0.015486322 0.012288716 0.0065823335 0.0170281188 0.0144783861 0.018599361
   84    1      2      0    0      1      -1      -1   500  0.13254044 0.2526332 0.1826666 0.08931337 0.10775359 0.06415731 0.04446736 0.03117902 0.026701541 0.027767874 0.008997229 0.0118480260 0.0094148948 0.0032677893 0.007291759
   86    1      2      0    0      1      -1      -1   500  0.14210690 0.2244228 0.1828553 0.12296036 0.09377806 0.05261410 0.05608519 0.01938469 0.014975387 0.018250437 0.015316056 0.0159955315 0.0118008300 0.0183206706 0.011133672
   88    1      2      0    0      1      -1      -1   500  0.14700246 0.2507759 0.1465920 0.14012867 0.07339096 0.07240824 0.03525408 0.02604721 0.036587927 0.016886835 0.014514873 0.0214977138 0.0034246534 0.0071662799 0.008322235
   90    1      2      0    0      1      -1      -1   500  0.14168479 0.2539350 0.1558028 0.13563000 0.08672345 0.07803785 0.04891783 0.03041341 0.015927686 0.017134850 0.004888920 0.0125531994 0.0026538143 0.0057641179 0.009932227
   92    1      2      0    0      1      -1      -1   500  0.14263566 0.2242987 0.1472349 0.13233593 0.10527174 0.04808349 0.03120156 0.04607163 0.048804651 0.027320983 0.007840484 0.0158252411 0.0052002553 0.0069083350 0.010966493
   94    1      2      0    0      1      -1      -1   500  0.13237351 0.2180132 0.1810852 0.11969931 0.08426205 0.06719623 0.04962838 0.04609700 0.020999422 0.028070979 0.007868020 0.0101927596 0.0114787730 0.0061551031 0.016880025
   96    1      2      0    0      1      -1      -1   500  0.14576327 0.2279439 0.1677727 0.11787082 0.08369856 0.08804584 0.05272479 0.03030963 0.024757310 0.019108931 0.006724940 0.0098081043 0.0033553150 0.0019514469 0.020164489
   98    1      2      0    0      1      -1      -1   500  0.13028003 0.2208917 0.1728892 0.13287239 0.09276131 0.07037672 0.05207799 0.03423265 0.022377740 0.026920045 0.008885996 0.0141610123 0.0051568163 0.0041136317 0.012002772
  100    1      2      0    0      1      -1      -1   500  0.15410367 0.2056663 0.1577037 0.14307198 0.09242478 0.07560222 0.03866444 0.04069434 0.020242036 0.016314810 0.014393159 0.0136889492 0.0072570420 0.0037389248 0.016433675
   60    1      1      0    0      1       7       7     1  1.00000000 0.0000000 0.0000000 0.00000000 0.00000000 0.00000000 0.00000000 0.00000000 0.000000000 0.000000000 0.000000000 0.0000000000 0.0000000000 0.0000000000 0.000000000
   60    1      1      0    0      1       8       8     3  3.00000000 0.0000000 0.0000000 0.00000000 0.00000000 0.00000000 0.00000000 0.00000000 0.000000000 0.000000000 0.000000000 0.0000000000 0.0000000000 0.0000000000 0.000000000
   60    1      1      0    0      1       9       9     4  4.00000000 0.0000000 0.0000000 0.00000000 0.00000000 0.00000000 0.00000000 0.00000000 0.000000000 0.000000000 0.000000000 0.0000000000 0.0000000000 0.0000000000 0.000000000
   60    1      1      0    0      1      10      10     6  6.00000000 0.0000000 0.0000000 0.00000000 0.00000000 0.00000000 0.00000000 0.00000000 0.000000000 0.000000000 0.000000000 0.0000000000 0.0000000000 0.0000000000 0.000000000
   60    1      1      0    0      1      11      11     4  4.00000000 0.0000000 0.0000000 0.00000000 0.00000000 0.00000000 0.00000000 0.00000000 0.000000000 0.000000000 0.000000000 0.0000000000 0.0000000000 0.0000000000 0.000000000
   60    1      1      0    0      1      12      12     7  7.00000000 0.0000000 0.0000000 0.00000000 0.00000000 0.00000000 0.00000000 0.00000000 0.000000000 0.000000000 0.000000000 0.0000000000 0.0000000000 0.0000000000 0.000000000
   60    1      1      0    0      1      13      13     3  3.00000000 0.0000000 0.0000000 0.00000000 0.00000000 0.00000000 0.00000000 0.00000000 0.000000000 0.000000000 0.000000000 0.0000000000 0.0000000000 0.0000000000 0.000000000
   60    1      1      0    0      1      14      14     2  2.00000000 0.0000000 0.0000000 0.00000000 0.00000000 0.00000000 0.00000000 0.00000000 0.000000000 0.000000000 0.000000000 0.0000000000 0.0000000000 0.0000000000 0.000000000
   60    1      1      0    0      1      15      15     2  2.00000000 0.0000000 0.0000000 0.00000000 0.00000000 0.00000000 0.00000000 0.00000000 0.000000000 0.000000000 0.000000000 0.0000000000 0.0000000000 0.0000000000 0.000000000
   60    1      1      0    0      1      16      16     5  5.00000000 0.0000000 0.0000000 0.00000000 0.00000000 0.00000000 0.00000000 0.00000000 0.000000000 0.000000000 0.000000000 0.0000000000 0.0000000000 0.0000000000 0.000000000
   60    1      1      0    0      1      17      17     3  3.00000000 0.0000000 0.0000000 0.00000000 0.00000000 0.00000000 0.00000000 0.00000000 0.000000000 0.000000000 0.000000000 0.0000000000 0.0000000000 0.0000000000 0.000000000
   60    1      1      0    0      1      18      18     5  5.00000000 0.0000000 0.0000000 0.00000000 0.00000000 0.00000000 0.00000000 0.00000000 0.000000000 0.000000000 0.000000000 0.0000000000 0.0000000000 0.0000000000 0.000000000
   60    1      1      0    0      1      19      19     8  8.00000000 0.0000000 0.0000000 0.00000000 0.00000000 0.00000000 0.00000000 0.00000000 0.000000000 0.000000000 0.000000000 0.0000000000 0.0000000000 0.0000000000 0.000000000
   60    1      1      0    0      1      20      20     2  2.00000000 0.0000000 0.0000000 0.00000000 0.00000000 0.00000000 0.00000000 0.00000000 0.000000000 0.000000000 0.000000000 0.0000000000 0.0000000000 0.0000000000 0.000000000
   60    1      1      0    0      1      21      21     4  4.00000000 0.0000000 0.0000000 0.00000000 0.00000000 0.00000000 0.00000000 0.00000000 0.000000000 0.000000000 0.000000000 0.0000000000 0.0000000000 0.0000000000 0.000000000
   60    1      1      0    0      1      22      22     1  1.00000000 0.0000000 0.0000000 0.00000000 0.00000000 0.00000000 0.00000000 0.00000000 0.000000000 0.000000000 0.000000000 0.0000000000 0.0000000000 0.0000000000 0.000000000
   60    1      1      0    0      1      24      24     5  5.00000000 0.0000000 0.0000000 0.00000000 0.00000000 0.00000000 0.00000000 0.00000000 0.000000000 0.000000000 0.000000000 0.0000000000 0.0000000000 0.0000000000 0.000000000
   60    1      1      0    0      1      25      25     2  2.00000000 0.0000000 0.0000000 0.00000000 0.00000000 0.00000000 0.00000000 0.00000000 0.000000000 0.000000000 0.000000000 0.0000000000 0.0000000000 0.0000000000 0.000000000
   60    1      1      0    0      1      26      26     7  7.00000000 0.0000000 0.0000000 0.00000000 0.00000000 0.00000000 0.00000000 0.00000000 0.000000000 0.000000000 0.000000000 0.0000000000 0.0000000000 0.0000000000 0.000000000
   60    1      1      0    0      1      27      27     5  4.00000000 1.0000000 0.0000000 0.00000000 0.00000000 0.00000000 0.00000000 0.00000000 0.000000000 0.000000000 0.000000000 0.0000000000 0.0000000000 0.0000000000 0.000000000
   60    1      1      0    0      1      28      28     4  3.00000000 1.0000000 0.0000000 0.00000000 0.00000000 0.00000000 0.00000000 0.00000000 0.000000000 0.000000000 0.000000000 0.0000000000 0.0000000000 0.0000000000 0.000000000
   60    1      1      0    0      1      29      29     4  1.00000000 3.0000000 0.0000000 0.00000000 0.00000000 0.00000000 0.00000000 0.00000000 0.000000000 0.000000000 0.000000000 0.0000000000 0.0000000000 0.0000000000 0.000000000
   60    1      1      0    0      1      30      30     5  1.00000000 4.0000000 0.0000000 0.00000000 0.00000000 0.00000000 0.00000000 0.00000000 0.000000000 0.000000000 0.000000000 0.0000000000 0.0000000000 0.0000000000 0.000000000
   60    1      1      0    0      1      31      31     1  1.00000000 0.0000000 0.0000000 0.00000000 0.00000000 0.00000000 0.00000000 0.00000000 0.000000000 0.000000000 0.000000000 0.0000000000 0.0000000000 0.0000000000 0.000000000
   60    1      1      0    0      1      32      32     3  0.00000000 3.0000000 0.0000000 0.00000000 0.00000000 0.00000000 0.00000000 0.00000000 0.000000000 0.000000000 0.000000000 0.0000000000 0.0000000000 0.0000000000 0.000000000
   60    1      1      0    0      1      34      34     2  0.00000000 2.0000000 0.0000000 0.00000000 0.00000000 0.00000000 0.00000000 0.00000000 0.000000000 0.000000000 0.000000000 0.0000000000 0.0000000000 0.0000000000 0.000000000
   60    1      1      0    0      1      35      35     1  0.00000000 1.0000000 0.0000000 0.00000000 0.00000000 0.00000000 0.00000000 0.00000000 0.000000000 0.000000000 0.000000000 0.0000000000 0.0000000000 0.0000000000 0.000000000
   60    1      1      0    0      1      38      38     1  0.00000000 1.0000000 0.0000000 0.00000000 0.00000000 0.00000000 0.00000000 0.00000000 0.000000000 0.000000000 0.000000000 0.0000000000 0.0000000000 0.0000000000 0.000000000
  100    1      1      0    0      1       3       3     1  1.00000000 0.0000000 0.0000000 0.00000000 0.00000000 0.00000000 0.00000000 0.00000000 0.000000000 0.000000000 0.000000000 0.0000000000 0.0000000000 0.0000000000 0.000000000
  100    1      1      0    0      1       5       5     1  1.00000000 0.0000000 0.0000000 0.00000000 0.00000000 0.00000000 0.00000000 0.00000000 0.000000000 0.000000000 0.000000000 0.0000000000 0.0000000000 0.0000000000 0.000000000
  100    1      1      0    0      1       6       6     2  2.00000000 0.0000000 0.0000000 0.00000000 0.00000000 0.00000000 0.00000000 0.00000000 0.000000000 0.000000000 0.000000000 0.0000000000 0.0000000000 0.0000000000 0.000000000
  100    1      1      0    0      1       8       8     1  1.00000000 0.0000000 0.0000000 0.00000000 0.00000000 0.00000000 0.00000000 0.00000000 0.000000000 0.000000000 0.000000000 0.0000000000 0.0000000000 0.0000000000 0.000000000
  100    1      1      0    0      1       9       9     2  2.00000000 0.0000000 0.0000000 0.00000000 0.00000000 0.00000000 0.00000000 0.00000000 0.000000000 0.000000000 0.000000000 0.0000000000 0.0000000000 0.0000000000 0.000000000
  100    1      1      0    0      1      10      10     7  7.00000000 0.0000000 0.0000000 0.00000000 0.00000000 0.00000000 0.00000000 0.00000000 0.000000000 0.000000000 0.000000000 0.0000000000 0.0000000000 0.0000000000 0.000000000
  100    1      1      0    0      1      11      11     1  1.00000000 0.0000000 0.0000000 0.00000000 0.00000000 0.00000000 0.00000000 0.00000000 0.000000000 0.000000000 0.000000000 0.0000000000 0.0000000000 0.0000000000 0.000000000
  100    1      1      0    0      1      12      12     7  7.00000000 0.0000000 0.0000000 0.00000000 0.00000000 0.00000000 0.00000000 0.00000000 0.000000000 0.000000000 0.000000000 0.0000000000 0.0000000000 0.0000000000 0.000000000
  100    1      1      0    0      1      13      13     2  2.00000000 0.0000000 0.0000000 0.00000000 0.00000000 0.00000000 0.00000000 0.00000000 0.000000000 0.000000000 0.000000000 0.0000000000 0.0000000000 0.0000000000 0.000000000
  100    1      1      0    0      1      14      14     3  3.00000000 0.0000000 0.0000000 0.00000000 0.00000000 0.00000000 0.00000000 0.00000000 0.000000000 0.000000000 0.000000000 0.0000000000 0.0000000000 0.0000000000 0.000000000
  100    1      1      0    0      1      15      15     5  5.00000000 0.0000000 0.0000000 0.00000000 0.00000000 0.00000000 0.00000000 0.00000000 0.000000000 0.000000000 0.000000000 0.0000000000 0.0000000000 0.0000000000 0.000000000
  100    1      1      0    0      1      16      16     7  7.00000000 0.0000000 0.0000000 0.00000000 0.00000000 0.00000000 0.00000000 0.00000000 0.000000000 0.000000000 0.000000000 0.0000000000 0.0000000000 0.0000000000 0.000000000
  100    1      1      0    0      1      17      17     9  9.00000000 0.0000000 0.0000000 0.00000000 0.00000000 0.00000000 0.00000000 0.00000000 0.000000000 0.000000000 0.000000000 0.0000000000 0.0000000000 0.0000000000 0.000000000
  100    1      1      0    0      1      18      18     6  6.00000000 0.0000000 0.0000000 0.00000000 0.00000000 0.00000000 0.00000000 0.00000000 0.000000000 0.000000000 0.000000000 0.0000000000 0.0000000000 0.0000000000 0.000000000
  100    1      1      0    0      1      19      19     2  2.00000000 0.0000000 0.0000000 0.00000000 0.00000000 0.00000000 0.00000000 0.00000000 0.000000000 0.000000000 0.000000000 0.0000000000 0.0000000000 0.0000000000 0.000000000
  100    1      1      0    0      1      20      20     1  1.00000000 0.0000000 0.0000000 0.00000000 0.00000000 0.00000000 0.00000000 0.00000000 0.000000000 0.000000000 0.000000000 0.0000000000 0.0000000000 0.0000000000 0.000000000
  100    1      1      0    0      1      21      21     1  1.00000000 0.0000000 0.0000000 0.00000000 0.00000000 0.00000000 0.00000000 0.00000000 0.000000000 0.000000000 0.000000000 0.0000000000 0.0000000000 0.0000000000 0.000000000
  100    1      1      0    0      1      22      22     9  9.00000000 0.0000000 0.0000000 0.00000000 0.00000000 0.00000000 0.00000000 0.00000000 0.000000000 0.000000000 0.000000000 0.0000000000 0.0000000000 0.0000000000 0.000000000
  100    1      1      0    0      1      23      23     5  5.00000000 0.0000000 0.0000000 0.00000000 0.00000000 0.00000000 0.00000000 0.00000000 0.000000000 0.000000000 0.000000000 0.0000000000 0.0000000000 0.0000000000 0.000000000
  100    1      1      0    0      1      24      24    10 10.00000000 0.0000000 0.0000000 0.00000000 0.00000000 0.00000000 0.00000000 0.00000000 0.000000000 0.000000000 0.000000000 0.0000000000 0.0000000000 0.0000000000 0.000000000
  100    1      1      0    0      1      25      25     2  2.00000000 0.0000000 0.0000000 0.00000000 0.00000000 0.00000000 0.00000000 0.00000000 0.000000000 0.000000000 0.000000000 0.0000000000 0.0000000000 0.0000000000 0.000000000
  100    1      1      0    0      1      26      26     2  2.00000000 0.0000000 0.0000000 0.00000000 0.00000000 0.00000000 0.00000000 0.00000000 0.000000000 0.000000000 0.000000000 0.0000000000 0.0000000000 0.0000000000 0.000000000
  100    1      1      0    0      1      28      28     1  0.00000000 1.0000000 0.0000000 0.00000000 0.00000000 0.00000000 0.00000000 0.00000000 0.000000000 0.000000000 0.000000000 0.0000000000 0.0000000000 0.0000000000 0.000000000
  100    1      1      0    0      1      29      29     1  1.00000000 0.0000000 0.0000000 0.00000000 0.00000000 0.00000000 0.00000000 0.00000000 0.000000000 0.000000000 0.000000000 0.0000000000 0.0000000000 0.0000000000 0.000000000
  100    1      1      0    0      1      30      30     4  2.00000000 2.0000000 0.0000000 0.00000000 0.00000000 0.00000000 0.00000000 0.00000000 0.000000000 0.000000000 0.000000000 0.0000000000 0.0000000000 0.0000000000 0.000000000
  100    1      1      0    0      1      31      31     4  0.00000000 4.0000000 0.0000000 0.00000000 0.00000000 0.00000000 0.00000000 0.00000000 0.000000000 0.000000000 0.000000000 0.0000000000 0.0000000000 0.0000000000 0.000000000
  100    1      1      0    0      1      32      32     2  0.00000000 2.0000000 0.0000000 0.00000000 0.00000000 0.00000000 0.00000000 0.00000000 0.000000000 0.000000000 0.000000000 0.0000000000 0.0000000000 0.0000000000 0.000000000
  100    1      1      0    0      1      33      33     2  0.00000000 2.0000000 0.0000000 0.00000000 0.00000000 0.00000000 0.00000000 0.00000000 0.000000000 0.000000000 0.000000000 0.0000000000 0.0000000000 0.0000000000 0.000000000
0 #_N_MeanSize_at_Age_obs
0 #_N_environ_variables
0 #_N_environ_obs
0 #_N_sizefreq_methods
0 #_do_tags
0 #_morphcomp_data
#
999
