#C data file created using the SS_writedat function in the R package r4ss
#C should work with SS version: 
#C file write time: 2015-02-11 18:06:01
#
1 #_styr
100 #_endyr
1 #_nseas
12 #_months_per_seas
1 #_spawn_seas
1 #_Nfleet
2 #_Nsurveys
1 #_N_areas
Fishery%Survey%CPUE #_fleetnames
0.5 0.5 0.5 #_surveytiming_in_season
1 1 1 #_area_assignments_for_each_fishery_and_survey
1 #_units of catch:  1=bio; 2=num
0.01 #_se of log(catch) only used for init_eq_catch and for Fmethod 2 and 3
1 #_Ngenders
25 #_Nages
0 #_init_equil_catch_for_each_fishery
100 #_N_lines_of_catch_to_read
 #_Fishery year seas
         0    1    1
         0    2    1
         0    3    1
         0    4    1
         0    5    1
         0    6    1
         0    7    1
         0    8    1
         0    9    1
         0   10    1
         0   11    1
         0   12    1
         0   13    1
         0   14    1
         0   15    1
         0   16    1
         0   17    1
         0   18    1
         0   19    1
         0   20    1
         0   21    1
         0   22    1
         0   23    1
         0   24    1
         0   25    1
 444646000   26    1
 397608000   27    1
 357583000   28    1
 324161000   29    1
 296656000   30    1
 274240000   31    1
 256057000   32    1
 241314000   33    1
 229322000   34    1
 219511000   35    1
 211426000   36    1
 204710000   37    1
 199088000   38    1
 194347000   39    1
 190324000   40    1
 186891000   41    1
 183948000   42    1
 181416000   43    1
 179230000   44    1
 177337000   45    1
 175694000   46    1
 174266000   47    1
 173022000   48    1
 171937000   49    1
 170990000   50    1
 170161000   51    1
 169436000   52    1
 168801000   53    1
 168243000   54    1
 167755000   55    1
 167325000   56    1
 166948000   57    1
 166617000   58    1
 166326000   59    1
 166070000   60    1
 165844000   61    1
 165646000   62    1
 165471000   63    1
 165317000   64    1
 165182000   65    1
 165063000   66    1
 164958000   67    1
 164865000   68    1
 164784000   69    1
 164712000   70    1
 164649000   71    1
 164593000   72    1
 164544000   73    1
 164500000   74    1
 164462000   75    1
 164429000   76    1
 164399000   77    1
 164373000   78    1
 164350000   79    1
 164329000   80    1
 164311000   81    1
 164296000   82    1
 164282000   83    1
 164269000   84    1
 164258000   85    1
 164249000   86    1
 164240000   87    1
 164233000   88    1
 164227000   89    1
 164221000   90    1
 164216000   91    1
 164211000   92    1
 164207000   93    1
 164204000   94    1
 164201000   95    1
 164198000   96    1
 164195000   97    1
 164193000   98    1
 164192000   99    1
 164190000  100    1
13 #_N_cpue
 #_Fleet Units Errtype
       1     1       0
       2     1       0
       3     1       0
 #_year seas index        obs se_log
     76    1     2 1427644743    0.2
     78    1     2 1391514353    0.2
     80    1     2 1333109082    0.2
     82    1     2 1548589907    0.2
     84    1     2 1891376390    0.2
     86    1     2 1065332662    0.2
     88    1     2 1217134173    0.2
     90    1     2 1154771510    0.2
     92    1     2 1968744391    0.2
     94    1     2 1244257965    0.2
     96    1     2 1396494484    0.2
     98    1     2 1782559403    0.2
    100    1     2  924279421    0.2
0 #_N_discard_fleets
#_discard_units (1=same_as_catchunits(bio/num); 2=fraction; 3=numbers)
#_discard_errtype:  >0 for DF of T-dist(read CV below); 0 for normal with CV; -1 for normal with se; -2 for lognormal
0 #_N_discard
0 #_N_meanbodywt
1 #_DF_for_meanbodywt_T-distribution_like
2 # length bin method: 1=use databins; 2=generate from binwidth,min,max below; 3=read vector
1 # binwidth for population size comp
10 # minimum size in the population (lower edge of first bin and size at age 0.00)
200 # maximum size in the population (lower edge of last bin)
-0.001 #_comp_tail_compression
1e-05 #_add_to_comp
0 #_combine males into females at or below this bin number
45 #_N_lbins
#_lbin_vector
20 23 26 29 32 35 38 41 44 47 50 53 56 59 62 65 68 71 74 77 80 83 86 89 92 95 98 101 104 107 110 113 116 119 122 125 128 131 134 137 140 143 146 149 152
28 #_N_Length_comp_observations
 #_Yr Seas FltSvy Gender Part Nsamp           l20          l23          l26          l29         l32          l35          l38         l41        l44        l47        l50         l53        l56         l59        l62        l65        l68        l71        l74        l77        l80         l83        l86         l89        l92        l95        l98        l101        l104        l107        l110        l113        l116        l119         l122        l125         l128         l131         l134         l137         l140         l143         l146         l149         l152
   26    1      1      0    0   125 1.074967e-113 7.916874e-14 1.626202e-04 0.0136033539 0.001921154 0.0135613704 4.049921e-04 0.017261057 0.01781294 0.04730175 0.02424947 0.003529479 0.01234405 0.046717381 0.02348075 0.04439252 0.03429011 0.07680671 0.03018279 0.02518526 0.05338360 0.037173545 0.01226871 0.013131882 0.04560779 0.00943169 0.02387657 0.010574350 0.034876067 0.045665180 0.030704614 0.013963124 0.052265133 0.023497262 0.0339787054 0.040164263 0.0040513698 1.976954e-02 0.0245216447 0.0018445742 3.296854e-02 2.038527e-03 1.965176e-04 6.676613e-04 1.713688e-04
   36    1      1      0    0   125  0.000000e+00 1.980757e-03 2.101527e-06 0.0150707056 0.006820784 0.0091601971 1.995044e-03 0.033702534 0.05561843 0.08908657 0.08633264 0.018978703 0.02906174 0.039703579 0.03890493 0.04838333 0.01040537 0.03852504 0.03622850 0.02105687 0.02077121 0.043540731 0.04377637 0.019301513 0.03409989 0.04202990 0.01284115 0.007900230 0.034476290 0.005185010 0.004962323 0.006967787 0.026392827 0.031575876 0.0163113898 0.005982383 0.0027120520 1.217957e-02 0.0077961304 0.0195901039 2.375895e-06 1.977129e-02 2.618809e-04 3.007560e-06 5.508734e-04
   46    1      1      0    0   125 7.516951e-196 1.165184e-03 3.359031e-03 0.0025500085 0.006357502 0.0019407865 4.711818e-03 0.026806633 0.04304538 0.05602479 0.03276112 0.063424258 0.05907893 0.006994497 0.05590484 0.05546748 0.03778676 0.03477926 0.02835319 0.03519797 0.05476901 0.037543020 0.02178915 0.074081729 0.03879417 0.01351634 0.02019025 0.007429513 0.032019332 0.019747705 0.006729773 0.005083587 0.024970234 0.012801722 0.0325723147 0.008794863 0.0057066299 1.187011e-02 0.0044402991 0.0002014812 3.541311e-03 7.690311e-03 4.202011e-11 1.934394e-41 7.704919e-06
   56    1      1      0    0   125 3.758965e-225 9.921241e-11 7.896256e-06 0.0261995428 0.009464736 0.0003042371 4.677343e-03 0.019911953 0.05148147 0.08243136 0.07380012 0.023237593 0.04981048 0.027284117 0.05550013 0.02501841 0.07097208 0.03360275 0.03600333 0.05858025 0.01775151 0.042054874 0.01913525 0.031053715 0.01987397 0.02873340 0.04991992 0.022857278 0.008999739 0.014451739 0.027826750 0.012104339 0.003676937 0.005853276 0.0020107766 0.010687455 0.0174859892 7.820202e-03 0.0066789296 0.0001730345 7.551808e-05 2.408561e-03 1.021582e-07 7.716419e-05 1.771373e-06
   60    1      1      0    0   125 5.191420e-124 4.488414e-06 1.328783e-02 0.0025691964 0.030251214 0.0003137936 5.154071e-03 0.006892117 0.04837846 0.05894223 0.11598750 0.032348070 0.02038157 0.070604093 0.06358714 0.01925568 0.02633965 0.04125684 0.02823910 0.02219788 0.04598708 0.059367704 0.02208171 0.013755328 0.02153102 0.01062398 0.04104245 0.034679773 0.024079176 0.022890549 0.022505342 0.018948816 0.005431662 0.005318075 0.0196517813 0.008427925 0.0120208619 5.096052e-04 0.0036122034 0.0002806282 1.512012e-08 5.846584e-04 1.199282e-06 5.684922e-11 6.775292e-04
   64    1      1      0    0   125 1.163756e-296 6.134598e-33 7.566892e-05 0.0176074946 0.008408307 0.0075717055 9.726736e-03 0.013814604 0.06652157 0.05547556 0.04087327 0.014129896 0.08427246 0.063741024 0.02589299 0.07495081 0.04464936 0.02731806 0.02375772 0.06092987 0.05487515 0.036243080 0.05074373 0.005099121 0.04475381 0.02186618 0.03290306 0.049766333 0.009139212 0.010191247 0.004408344 0.002924237 0.010751345 0.003914021 0.0018257847 0.002871300 0.0026895059 4.995051e-03 0.0064674004 0.0034643273 1.188389e-04 2.664322e-04 2.089329e-07 1.337509e-12 5.191426e-06
   68    1      1      0    0   125 1.630389e-104 1.291798e-03 4.912146e-03 0.0036764873 0.004049780 0.0009681126 1.473613e-03 0.015368423 0.01899998 0.06602497 0.09040094 0.022385709 0.02562360 0.043065196 0.02499041 0.04578188 0.07225143 0.04843460 0.02635607 0.01228353 0.06839890 0.049337876 0.03437331 0.017618058 0.05224460 0.06249842 0.03584557 0.004680673 0.011353321 0.018924930 0.037897814 0.025211447 0.021971406 0.004075470 0.0065731897 0.001735758 0.0010579869 3.419147e-03 0.0012846733 0.0008814838 3.184667e-03 5.522982e-03 5.500729e-04 6.383316e-06 3.013191e-03
   72    1      1      0    0   125 7.646549e-198 4.242579e-22 1.838769e-04 0.0022099737 0.020298405 0.0108476324 1.740348e-03 0.027927300 0.05408744 0.05356668 0.04947565 0.054851201 0.03302551 0.052311213 0.08219661 0.03400596 0.07296718 0.01358175 0.02070327 0.04370425 0.03254231 0.020803365 0.02474136 0.032225146 0.03455857 0.04784550 0.02273020 0.023946727 0.010584977 0.026068926 0.012445859 0.019805140 0.006070549 0.009243365 0.0108040643 0.016743157 0.0093237058 7.171252e-03 0.0009107600 0.0032083770 3.610722e-06 2.611224e-07 3.110012e-08 1.237690e-04 4.147598e-04
   76    1      1      0    0   125 1.028419e-214 1.447822e-17 5.721718e-04 0.0005906205 0.011140720 0.0082062676 3.644049e-04 0.010513148 0.03206695 0.05972096 0.04387293 0.080598907 0.02470629 0.020564889 0.05736239 0.02731272 0.06180689 0.03298747 0.08340718 0.01015885 0.01224113 0.038338811 0.07591110 0.035386690 0.03522228 0.04912371 0.03213526 0.031798154 0.026173706 0.009865700 0.030430117 0.008432781 0.004421387 0.007781048 0.0018440007 0.012709022 0.0151859258 7.034952e-04 0.0003333783 0.0018773017 1.269510e-05 2.148556e-03 1.970007e-03 1.859927e-09 3.434576e-10
   80    1      1      0    0   125 2.549502e-282 1.575504e-10 6.539183e-03 0.0044385490 0.016310570 0.0006942113 2.351752e-02 0.004751226 0.02496228 0.06919799 0.07038903 0.072382194 0.02131179 0.042465034 0.02352327 0.01625517 0.04230949 0.08133406 0.01880011 0.01378635 0.04606842 0.008525313 0.04575030 0.044019675 0.03118716 0.05469875 0.01271884 0.043302471 0.026121078 0.026908800 0.019532202 0.015423606 0.021246403 0.002057457 0.0039505186 0.016932917 0.0090822207 4.315537e-03 0.0057961879 0.0066046264 3.239034e-05 1.895512e-04 3.634040e-10 1.912585e-07 2.567369e-03
   84    1      1      0    0   125 2.281750e-163 4.828707e-04 6.719077e-03 0.0188049449 0.025354868 0.0003085298 1.473189e-02 0.026600842 0.05600660 0.04910048 0.06129429 0.071946503 0.05982005 0.039546115 0.04020447 0.05653356 0.05086213 0.01019103 0.04213450 0.01902280 0.01667788 0.026135528 0.02270880 0.014393707 0.01534428 0.05543640 0.04423020 0.019558984 0.012886966 0.022200375 0.028367125 0.023212522 0.020747528 0.003880629 0.0061062325 0.004942244 0.0075414442 3.010650e-04 0.0013578345 0.0004770972 3.823292e-03 2.929470e-06 9.665489e-18 3.920303e-18 1.382095e-06
   88    1      1      0    0   125  9.079364e-36 2.703745e-13 2.531778e-05 0.0034271087 0.011307350 0.0003599768 6.177420e-03 0.018012961 0.05463871 0.04543257 0.08291192 0.023079081 0.03815520 0.037517888 0.12159448 0.04863142 0.03387866 0.04947499 0.01092097 0.03972536 0.03009198 0.037532322 0.07071183 0.021402712 0.01069486 0.01997616 0.02074432 0.028774004 0.019917210 0.026839696 0.017748868 0.013574839 0.006003667 0.017386628 0.0006865952 0.011619011 0.0149783073 9.278763e-04 0.0016460643 0.0005645384 2.302162e-06 1.236227e-04 5.549386e-06 2.770386e-03 5.271745e-06
   92    1      1      0    0   125  5.016728e-19 1.490077e-05 6.085019e-03 0.0241103166 0.053431296 0.0161307038 9.005851e-03 0.004186662 0.02506378 0.02285606 0.06919050 0.036804651 0.04503347 0.058868160 0.03494943 0.03742102 0.02582276 0.05293169 0.03140781 0.03786554 0.03270132 0.030820347 0.04168696 0.014288680 0.05426581 0.02423947 0.01691002 0.015730427 0.033271993 0.028268974 0.015559340 0.014576628 0.013551473 0.013329822 0.0021117859 0.013958927 0.0062018578 3.159856e-05 0.0180257847 0.0001064720 1.543962e-02 2.936924e-03 2.575464e-06 2.090756e-27 8.035783e-04
   96    1      1      0    0   125  1.628708e-62 1.220773e-10 1.456113e-03 0.0033187045 0.004554648 0.0070728801 2.879043e-03 0.015349305 0.03297260 0.06560182 0.03497349 0.022246086 0.03532756 0.030421102 0.07133717 0.02713453 0.03589630 0.02779784 0.02053392 0.03726053 0.06286695 0.025134831 0.05640676 0.033052885 0.05599332 0.01770021 0.01069242 0.056965550 0.014315375 0.026042573 0.007618918 0.011269585 0.032384656 0.034230932 0.0191946636 0.031472127 0.0005651446 4.707295e-03 0.0062645035 0.0029388018 8.079416e-05 1.155611e-02 2.351651e-03 2.436827e-05 3.592076e-05
  100    1      1      0    0   125  6.830844e-18 8.165260e-15 4.988334e-05 0.0014527609 0.004113699 0.0094777681 5.165486e-05 0.010448316 0.03615271 0.06925831 0.08178075 0.037540642 0.03325556 0.033297118 0.04074924 0.04855739 0.01745084 0.01765671 0.04541452 0.03727411 0.03462320 0.018236176 0.05637137 0.009606538 0.01036831 0.02176452 0.04055125 0.010525157 0.069135931 0.027204560 0.020417618 0.024442302 0.042130439 0.014402380 0.0114151787 0.027625459 0.0015921113 2.862141e-02 0.0033597327 0.0033358705 2.837266e-04 2.001954e-07 4.394655e-06 1.743744e-07 1.843897e-20
   76    1      2      0    0   500  7.769230e-11 3.353566e-03 1.854788e-02 0.0489574309 0.044138141 0.0109897306 8.991677e-03 0.016791569 0.04648222 0.05491624 0.06589127 0.047544971 0.03911470 0.026045072 0.03455194 0.05394519 0.05434176 0.04080227 0.02658548 0.03909474 0.03338247 0.035728604 0.02781230 0.029284422 0.02604678 0.02255315 0.01753152 0.020881374 0.013009523 0.024568459 0.011523215 0.012769263 0.008909730 0.006463623 0.0085539346 0.008452900 0.0020487253 1.181339e-03 0.0018566865 0.0009330033 7.668132e-04 3.966952e-04 2.677869e-03 7.860676e-05 1.503161e-03
   78    1      2      0    0   500  5.602235e-14 3.070162e-03 6.599391e-03 0.0772964036 0.057942407 0.0188624619 7.160901e-03 0.022414010 0.04757219 0.05471920 0.04679405 0.047044556 0.03173313 0.034938301 0.02862984 0.03513285 0.03457604 0.02584715 0.02683413 0.03344587 0.02936468 0.027875926 0.02370163 0.034974619 0.03015035 0.02687015 0.03051654 0.017629626 0.014883649 0.016447275 0.014146942 0.031195918 0.010135543 0.012223937 0.0137075542 0.008006532 0.0084210274 1.518039e-03 0.0012789819 0.0028121224 2.418926e-03 1.053014e-03 3.574709e-05 1.380674e-05 4.433568e-06
   80    1      2      0    0   500  2.000633e-25 1.840403e-03 3.262279e-02 0.0518630538 0.032056539 0.0160782357 5.531672e-03 0.019316277 0.03593429 0.05422220 0.03771429 0.064141588 0.03273753 0.026511102 0.03054329 0.04129274 0.03374296 0.03431917 0.03313591 0.03004873 0.04024142 0.040829722 0.03621365 0.025061083 0.04198212 0.02759149 0.03849089 0.016492103 0.017596816 0.014084039 0.019846199 0.010147523 0.013724725 0.008023333 0.0067915674 0.008063600 0.0067022749 6.768854e-03 0.0022341753 0.0003315964 2.691799e-03 2.436330e-03 2.229641e-07 1.690393e-06 1.825359e-08
   82    1      2      0    0   500  2.227023e-14 6.290427e-04 2.253064e-02 0.0531074102 0.042484067 0.0186872339 8.701584e-03 0.030071007 0.04859843 0.04543624 0.05661122 0.053380255 0.02507419 0.025850168 0.04376940 0.04736612 0.03272707 0.03553615 0.02193653 0.02716855 0.02578912 0.039603452 0.02531594 0.023151783 0.02902012 0.02746313 0.02821972 0.021647585 0.015995846 0.022695659 0.013241539 0.016787488 0.014156719 0.007143080 0.0079192263 0.010960108 0.0140693245 8.686087e-04 0.0009794348 0.0061226216 3.296891e-03 2.982312e-03 8.642225e-04 3.136108e-04 1.727161e-03
   84    1      2      0    0   500  1.743377e-40 4.543390e-03 1.580937e-02 0.0421853791 0.053666871 0.0121416498 1.861015e-02 0.019004475 0.03086961 0.07829308 0.05375093 0.042892592 0.03724446 0.031201022 0.03592705 0.03958220 0.03471837 0.03257902 0.02987337 0.03220344 0.03243093 0.029637962 0.02573603 0.017381385 0.02922850 0.02796358 0.03317322 0.023025712 0.020493847 0.016321405 0.021316711 0.020944642 0.008331082 0.006576418 0.0046729665 0.013409940 0.0046572980 4.616268e-03 0.0017654021 0.0038032231 1.079998e-04 6.412543e-03 2.870734e-03 1.503139e-05 1.073318e-05
   86    1      2      0    0   500  9.854988e-21 4.118000e-03 2.273158e-02 0.0508040225 0.034978825 0.0249333281 8.447589e-03 0.015934355 0.04080045 0.06278789 0.03785897 0.046053233 0.02865148 0.030135740 0.03702095 0.04301306 0.03341675 0.03368197 0.03007969 0.04778403 0.03016477 0.019710620 0.02426546 0.023058484 0.02915756 0.02988047 0.03977952 0.027888927 0.021222330 0.033372707 0.011573111 0.008851571 0.014248840 0.006383732 0.0195954113 0.003730760 0.0059150218 9.349758e-03 0.0040972416 0.0032155646 6.410980e-04 2.162474e-04 1.725388e-04 2.763394e-04 5.139668e-09
   88    1      2      0    0   500  1.327014e-04 6.110539e-04 1.157124e-02 0.0524646426 0.050119602 0.0242519157 8.440124e-03 0.029865104 0.03303878 0.05729884 0.06545745 0.041419430 0.02946228 0.021856412 0.03443294 0.05058179 0.03580814 0.03689432 0.03341986 0.02963891 0.02826758 0.033195764 0.02955008 0.023181760 0.03743468 0.03052271 0.02070284 0.015700137 0.014097903 0.016421391 0.022952308 0.028588769 0.014244621 0.006353446 0.0066107096 0.004673872 0.0013208035 6.100638e-03 0.0078469787 0.0017887436 1.531876e-03 1.628106e-04 2.816101e-04 1.033565e-05 1.692107e-03
   90    1      2      0    0   500  8.493284e-12 6.781244e-03 1.179608e-02 0.0608006514 0.072534704 0.0137430211 1.547702e-02 0.021547691 0.07121553 0.06293035 0.07687224 0.028053597 0.03333002 0.026208652 0.03152830 0.02620283 0.04472405 0.02384639 0.01914511 0.03404916 0.02759622 0.027589353 0.02659682 0.019943294 0.03764109 0.01577327 0.01663367 0.015911498 0.027198579 0.020250382 0.019395576 0.010904280 0.007638780 0.008919626 0.0044789887 0.007450285 0.0118801631 1.033893e-03 0.0033769438 0.0026664981 1.430581e-03 4.650660e-03 1.060568e-07 2.494090e-04 3.404375e-06
   92    1      2      0    0   500  1.251920e-04 3.185687e-04 1.452259e-02 0.0450289154 0.036387526 0.0164083841 2.786138e-02 0.023634997 0.05583405 0.04920256 0.03091343 0.041812119 0.04466657 0.052444232 0.03022182 0.03232468 0.05546077 0.03348838 0.02753762 0.02085724 0.02494696 0.046501426 0.02440601 0.017589828 0.04407720 0.02912128 0.01754209 0.022151320 0.014543647 0.013922010 0.012260318 0.024362576 0.012727927 0.012342690 0.0123049667 0.009660817 0.0053401588 2.337599e-03 0.0054269758 0.0008624484 3.287430e-04 2.082973e-04 1.892847e-03 6.315012e-05 6.027714e-03
   94    1      2      0    0   500  6.248312e-11 3.701188e-03 1.392245e-02 0.0630199986 0.043619226 0.0177342416 1.520809e-02 0.026320507 0.04041444 0.05853454 0.04322684 0.050646828 0.03144634 0.028645287 0.04922228 0.03313102 0.02454387 0.03054809 0.04461059 0.04250583 0.03437025 0.033428860 0.03459819 0.030295764 0.01765515 0.04574792 0.02574210 0.017184686 0.013800431 0.012692235 0.010636133 0.008121043 0.004798011 0.017198293 0.0123178960 0.008146028 0.0054709220 4.851724e-04 0.0034249040 0.0014923806 3.562847e-05 1.071869e-03 4.842566e-06 1.299040e-05 2.666411e-04
   96    1      2      0    0   500  5.877928e-28 5.988186e-04 1.471932e-02 0.0414918612 0.072747807 0.0168062353 6.188292e-03 0.011356879 0.04768428 0.05230809 0.05494711 0.048213033 0.03076810 0.034544251 0.05183575 0.03936855 0.04044976 0.02579120 0.03000333 0.02977005 0.03861317 0.022273287 0.03129760 0.025091042 0.01581657 0.02324262 0.02837312 0.021466530 0.024809678 0.014286710 0.018243172 0.016455810 0.011574514 0.011901991 0.0067769431 0.008781302 0.0127835435 7.200373e-03 0.0035394490 0.0017009287 4.515167e-04 4.465379e-03 2.727464e-05 2.189213e-04 1.015821e-03
   98    1      2      0    0   500  8.193845e-16 2.243710e-03 1.935716e-02 0.0420069052 0.047847545 0.0231091367 1.285767e-02 0.025534334 0.02985190 0.06101504 0.06396893 0.028572907 0.02141113 0.041921846 0.06675899 0.03378031 0.03759694 0.03593604 0.02692258 0.03881756 0.03987471 0.031920648 0.02585922 0.024703695 0.02868955 0.03262539 0.01755319 0.020490988 0.014375538 0.008202463 0.020642863 0.018877514 0.014034942 0.007858129 0.0121793690 0.006711927 0.0024879092 1.666164e-03 0.0058162479 0.0022261159 2.653571e-03 8.880709e-04 6.398047e-05 8.716599e-05 4.185706e-09
  100    1      2      0    0   500  1.524634e-07 3.002259e-04 1.945420e-02 0.0521823455 0.055248562 0.0251833490 4.949861e-03 0.021344152 0.03800903 0.05389403 0.05932654 0.052452161 0.02733707 0.032099931 0.03090989 0.03513595 0.04104183 0.03136233 0.01432459 0.03170858 0.04534648 0.051059189 0.03638070 0.016283059 0.01553418 0.01610640 0.03477249 0.026612028 0.018690430 0.023127998 0.019753817 0.008343948 0.016265604 0.014201392 0.0076526831 0.004396361 0.0045872912 3.780730e-03 0.0032615526 0.0004471553 9.143827e-04 1.666524e-03 4.335341e-04 4.458968e-06 4.112854e-03
15 #_N_agebins
#_agebin_vector
1 2 3 4 5 6 7 8 9 10 11 12 13 14 15
1 #_N_ageerror_definitions
 #_age0   age1   age2   age3   age4   age5   age6   age7   age8   age9  age10  age11  age12  age13  age14  age15  age16  age17  age18  age19  age20  age21  age22  age23  age24  age25
 -1.000 -1.000 -1.000 -1.000 -1.000 -1.000 -1.000 -1.000 -1.000 -1.000 -1.000 -1.000 -1.000 -1.000 -1.000 -1.000 -1.000 -1.000 -1.000 -1.000 -1.000 -1.000 -1.000 -1.000 -1.000 -1.000
  0.001  0.001  0.001  0.001  0.001  0.001  0.001  0.001  0.001  0.001  0.001  0.001  0.001  0.001  0.001  0.001  0.001  0.001  0.001  0.001  0.001  0.001  0.001  0.001  0.001  0.001
91 #_N_agecomp
1 #_Lbin_method: 1=poplenbins; 2=datalenbins; 3=lengths
-1 #_combine males into females at or below this bin number
 #_Yr Seas FltSvy Gender Part Ageerr Lbin_lo Lbin_hi Nsamp          a1        a2        a3         a4         a5         a6         a7         a8          a9         a10         a11         a12          a13          a14         a15
   26    1      1      0    0      1      -1      -1   125  0.03719930 0.1659597 0.1292809 0.12930524 0.08651724 0.08364908 0.03766691 0.09724686 0.052583029 0.018378091 0.030669796 0.027462568 0.0206291193 2.647514e-02 0.056977120
   36    1      1      0    0      1      -1      -1   125  0.03402128 0.2095196 0.1970196 0.15104209 0.11900673 0.08613454 0.05317373 0.03925939 0.027901303 0.022791735 0.011940384 0.006792352 0.0108297691 3.078156e-03 0.027489383
   46    1      1      0    0      1      -1      -1   125  0.03242888 0.2306626 0.1553313 0.12956628 0.15542267 0.08325996 0.06986084 0.04378069 0.028937023 0.011702645 0.007447519 0.009374468 0.0078050677 5.076292e-03 0.029343847
   56    1      1      0    0      1      -1      -1   125  0.03620476 0.3058911 0.1406911 0.13918501 0.10110926 0.05604524 0.05861181 0.04310607 0.055731141 0.037128155 0.015071741 0.003084851 0.0002488673 4.736152e-05 0.007843525
   60    1      1      0    0      1      -1      -1   125  0.04770655 0.2355851 0.1658662 0.17609380 0.14347089 0.03990416 0.06588050 0.03216347 0.042987285 0.013397750 0.011757000 0.002860902 0.0027247358 5.111883e-04 0.019090492
   64    1      1      0    0      1      -1      -1   125  0.01354736 0.2902306 0.2039877 0.13452405 0.14043913 0.05235281 0.02791651 0.03521530 0.039412721 0.014978211 0.004761940 0.016780941 0.0085307095 6.961142e-04 0.016625918
   68    1      1      0    0      1      -1      -1   125  0.03806151 0.3046289 0.2555429 0.13611034 0.07077796 0.04183609 0.04134497 0.01621526 0.023023199 0.025506830 0.010071308 0.023144065 0.0003258743 1.328517e-04 0.013277951
   72    1      1      0    0      1      -1      -1   125  0.02286296 0.2805234 0.2519304 0.13026920 0.06488680 0.07593054 0.06385345 0.02182834 0.023506074 0.013816288 0.022057597 0.008453965 0.0073729583 4.812073e-03 0.007896004
   76    1      1      0    0      1      -1      -1   125  0.05140337 0.2267076 0.2273323 0.11173952 0.12571687 0.08176282 0.04865146 0.03705724 0.015159246 0.010668234 0.015534102 0.018971249 0.0018967058 5.066025e-04 0.026892649
   80    1      1      0    0      1      -1      -1   125  0.02078305 0.1877526 0.2421474 0.15459204 0.12103299 0.11300159 0.04440215 0.03430505 0.008646709 0.006909487 0.014929030 0.022391586 0.0032320839 4.103130e-04 0.025463882
   84    1      1      0    0      1      -1      -1   125  0.02331989 0.2213684 0.1694629 0.17052806 0.11466384 0.08842386 0.07496402 0.00801642 0.056753032 0.019883360 0.026730016 0.015641024 0.0005576105 6.805407e-04 0.009006950
   88    1      1      0    0      1      -1      -1   125  0.03264647 0.2868548 0.2336366 0.12751115 0.07692919 0.06353192 0.02953683 0.06055717 0.005806522 0.011225294 0.014682778 0.011223296 0.0178855145 3.035907e-03 0.024936619
   92    1      1      0    0      1      -1      -1   125  0.06047319 0.2621316 0.1521846 0.15133617 0.08822205 0.05949578 0.06681754 0.02151747 0.034481131 0.028788699 0.019720992 0.004128773 0.0060732322 1.344165e-02 0.031187166
   96    1      1      0    0      1      -1      -1   125  0.02076631 0.2411148 0.2126338 0.09909768 0.11110420 0.05012360 0.09256207 0.02958653 0.037063044 0.016539823 0.029022588 0.037307746 0.0057297584 5.981945e-04 0.016749900
  100    1      1      0    0      1      -1      -1   125  0.03288267 0.2315104 0.1448100 0.17737611 0.08325964 0.14612016 0.05479462 0.02680388 0.045859938 0.011872061 0.010060996 0.014700856 0.0109740021 1.147352e-04 0.008859964
   76    1      2      0    0      1      -1      -1   500  0.12816646 0.2024483 0.1919855 0.12237067 0.08395482 0.06888238 0.07063721 0.02074643 0.020703382 0.026852947 0.006939910 0.008481595 0.0186045973 9.114885e-03 0.020110896
   78    1      2      0    0      1      -1      -1   500  0.14582227 0.2086929 0.1854275 0.14173173 0.08508244 0.06442064 0.04902716 0.02660617 0.033702746 0.009329208 0.015502768 0.005520019 0.0043155730 4.823805e-03 0.019995100
   80    1      2      0    0      1      -1      -1   500  0.15532975 0.2218763 0.1979693 0.10876559 0.09264018 0.08302108 0.04069231 0.01797118 0.021714631 0.015524056 0.007254156 0.006013954 0.0092831470 7.615326e-03 0.014329038
   82    1      2      0    0      1      -1      -1   500  0.13988870 0.2227879 0.1783667 0.13820654 0.10286300 0.05706084 0.04500992 0.03054832 0.018801086 0.027570429 0.009447555 0.008649441 0.0068923322 5.288999e-03 0.008618283
   84    1      2      0    0      1      -1      -1   500  0.17264027 0.2049462 0.1555804 0.13928058 0.10406219 0.06951364 0.03804435 0.02956842 0.020789261 0.020518435 0.014182415 0.008951039 0.0037361343 7.441928e-03 0.010744766
   86    1      2      0    0      1      -1      -1   500  0.13104125 0.2347470 0.1623592 0.12236122 0.10037034 0.05015566 0.04804996 0.02420638 0.043005306 0.019345216 0.016066825 0.017155026 0.0041128592 4.786594e-03 0.022237128
   88    1      2      0    0      1      -1      -1   500  0.12782075 0.2264893 0.1898238 0.12842742 0.10027435 0.07672274 0.05546401 0.02460039 0.017422763 0.013697335 0.006724140 0.006230887 0.0045742555 5.608707e-03 0.016119087
   90    1      2      0    0      1      -1      -1   500  0.12343756 0.2536465 0.1819235 0.10888409 0.07956893 0.06533691 0.06388745 0.02777250 0.028781199 0.014060839 0.020986661 0.003778548 0.0031389894 7.646242e-03 0.017150076
   92    1      2      0    0      1      -1      -1   500  0.11833430 0.2189960 0.1933700 0.15233143 0.08582784 0.05616270 0.05682512 0.02583281 0.026054204 0.012450898 0.021174397 0.011768274 0.0044174138 5.911755e-03 0.010542812
   94    1      2      0    0      1      -1      -1   500  0.13623710 0.2113212 0.1699131 0.13464838 0.08028682 0.09742408 0.04702487 0.04341168 0.022813719 0.013261719 0.014138550 0.004954161 0.0068205752 7.125987e-03 0.010618047
   96    1      2      0    0      1      -1      -1   500  0.17025612 0.2268959 0.1607180 0.12673230 0.09233537 0.05034222 0.02928899 0.04464529 0.026192888 0.017978651 0.007592688 0.005549730 0.0131004119 1.057939e-02 0.017792044
   98    1      2      0    0      1      -1      -1   500  0.12951127 0.2137490 0.1456995 0.13953025 0.10660272 0.06037727 0.05283413 0.02019459 0.038589940 0.030447986 0.022627818 0.009443396 0.0110549987 6.626958e-03 0.012710107
  100    1      2      0    0      1      -1      -1   500  0.16795463 0.2132738 0.1707023 0.11047581 0.10426922 0.06621304 0.03495552 0.02929738 0.029546360 0.016424562 0.009858483 0.016004522 0.0028165865 2.836462e-03 0.025371309
   60    1      1      0    0      1       3       3     2  2.00000000 0.0000000 0.0000000 0.00000000 0.00000000 0.00000000 0.00000000 0.00000000 0.000000000 0.000000000 0.000000000 0.000000000 0.0000000000 0.000000e+00 0.000000000
   60    1      1      0    0      1       4       4     1  1.00000000 0.0000000 0.0000000 0.00000000 0.00000000 0.00000000 0.00000000 0.00000000 0.000000000 0.000000000 0.000000000 0.000000000 0.0000000000 0.000000e+00 0.000000000
   60    1      1      0    0      1       5       5     5  5.00000000 0.0000000 0.0000000 0.00000000 0.00000000 0.00000000 0.00000000 0.00000000 0.000000000 0.000000000 0.000000000 0.000000000 0.0000000000 0.000000e+00 0.000000000
   60    1      1      0    0      1       7       7     1  1.00000000 0.0000000 0.0000000 0.00000000 0.00000000 0.00000000 0.00000000 0.00000000 0.000000000 0.000000000 0.000000000 0.000000000 0.0000000000 0.000000e+00 0.000000000
   60    1      1      0    0      1       8       8     1  1.00000000 0.0000000 0.0000000 0.00000000 0.00000000 0.00000000 0.00000000 0.00000000 0.000000000 0.000000000 0.000000000 0.000000000 0.0000000000 0.000000e+00 0.000000000
   60    1      1      0    0      1      10      10     6  6.00000000 0.0000000 0.0000000 0.00000000 0.00000000 0.00000000 0.00000000 0.00000000 0.000000000 0.000000000 0.000000000 0.000000000 0.0000000000 0.000000e+00 0.000000000
   60    1      1      0    0      1      11      11    12 12.00000000 0.0000000 0.0000000 0.00000000 0.00000000 0.00000000 0.00000000 0.00000000 0.000000000 0.000000000 0.000000000 0.000000000 0.0000000000 0.000000e+00 0.000000000
   60    1      1      0    0      1      12      12     1  1.00000000 0.0000000 0.0000000 0.00000000 0.00000000 0.00000000 0.00000000 0.00000000 0.000000000 0.000000000 0.000000000 0.000000000 0.0000000000 0.000000e+00 0.000000000
   60    1      1      0    0      1      13      13     2  2.00000000 0.0000000 0.0000000 0.00000000 0.00000000 0.00000000 0.00000000 0.00000000 0.000000000 0.000000000 0.000000000 0.000000000 0.0000000000 0.000000e+00 0.000000000
   60    1      1      0    0      1      14      14     5  5.00000000 0.0000000 0.0000000 0.00000000 0.00000000 0.00000000 0.00000000 0.00000000 0.000000000 0.000000000 0.000000000 0.000000000 0.0000000000 0.000000e+00 0.000000000
   60    1      1      0    0      1      15      15     4  4.00000000 0.0000000 0.0000000 0.00000000 0.00000000 0.00000000 0.00000000 0.00000000 0.000000000 0.000000000 0.000000000 0.000000000 0.0000000000 0.000000e+00 0.000000000
   60    1      1      0    0      1      16      16     3  3.00000000 0.0000000 0.0000000 0.00000000 0.00000000 0.00000000 0.00000000 0.00000000 0.000000000 0.000000000 0.000000000 0.000000000 0.0000000000 0.000000e+00 0.000000000
   60    1      1      0    0      1      17      17     5  5.00000000 0.0000000 0.0000000 0.00000000 0.00000000 0.00000000 0.00000000 0.00000000 0.000000000 0.000000000 0.000000000 0.000000000 0.0000000000 0.000000e+00 0.000000000
   60    1      1      0    0      1      18      18     5  5.00000000 0.0000000 0.0000000 0.00000000 0.00000000 0.00000000 0.00000000 0.00000000 0.000000000 0.000000000 0.000000000 0.000000000 0.0000000000 0.000000e+00 0.000000000
   60    1      1      0    0      1      19      19     1  1.00000000 0.0000000 0.0000000 0.00000000 0.00000000 0.00000000 0.00000000 0.00000000 0.000000000 0.000000000 0.000000000 0.000000000 0.0000000000 0.000000e+00 0.000000000
   60    1      1      0    0      1      20      20     3  3.00000000 0.0000000 0.0000000 0.00000000 0.00000000 0.00000000 0.00000000 0.00000000 0.000000000 0.000000000 0.000000000 0.000000000 0.0000000000 0.000000e+00 0.000000000
   60    1      1      0    0      1      21      21     5  5.00000000 0.0000000 0.0000000 0.00000000 0.00000000 0.00000000 0.00000000 0.00000000 0.000000000 0.000000000 0.000000000 0.000000000 0.0000000000 0.000000e+00 0.000000000
   60    1      1      0    0      1      22      22     4  4.00000000 0.0000000 0.0000000 0.00000000 0.00000000 0.00000000 0.00000000 0.00000000 0.000000000 0.000000000 0.000000000 0.000000000 0.0000000000 0.000000e+00 0.000000000
   60    1      1      0    0      1      23      23     2  2.00000000 0.0000000 0.0000000 0.00000000 0.00000000 0.00000000 0.00000000 0.00000000 0.000000000 0.000000000 0.000000000 0.000000000 0.0000000000 0.000000e+00 0.000000000
   60    1      1      0    0      1      25      25     1  1.00000000 0.0000000 0.0000000 0.00000000 0.00000000 0.00000000 0.00000000 0.00000000 0.000000000 0.000000000 0.000000000 0.000000000 0.0000000000 0.000000e+00 0.000000000
   60    1      1      0    0      1      26      26     2  2.00000000 0.0000000 0.0000000 0.00000000 0.00000000 0.00000000 0.00000000 0.00000000 0.000000000 0.000000000 0.000000000 0.000000000 0.0000000000 0.000000e+00 0.000000000
   60    1      1      0    0      1      27      27     7  7.00000000 0.0000000 0.0000000 0.00000000 0.00000000 0.00000000 0.00000000 0.00000000 0.000000000 0.000000000 0.000000000 0.000000000 0.0000000000 0.000000e+00 0.000000000
   60    1      1      0    0      1      28      28     6  6.00000000 0.0000000 0.0000000 0.00000000 0.00000000 0.00000000 0.00000000 0.00000000 0.000000000 0.000000000 0.000000000 0.000000000 0.0000000000 0.000000e+00 0.000000000
   60    1      1      0    0      1      29      29     2  1.00000000 1.0000000 0.0000000 0.00000000 0.00000000 0.00000000 0.00000000 0.00000000 0.000000000 0.000000000 0.000000000 0.000000000 0.0000000000 0.000000e+00 0.000000000
   60    1      1      0    0      1      30      30     4  0.00000000 4.0000000 0.0000000 0.00000000 0.00000000 0.00000000 0.00000000 0.00000000 0.000000000 0.000000000 0.000000000 0.000000000 0.0000000000 0.000000e+00 0.000000000
   60    1      1      0    0      1      31      31     4  0.00000000 4.0000000 0.0000000 0.00000000 0.00000000 0.00000000 0.00000000 0.00000000 0.000000000 0.000000000 0.000000000 0.000000000 0.0000000000 0.000000e+00 0.000000000
   60    1      1      0    0      1      32      32     2  0.00000000 2.0000000 0.0000000 0.00000000 0.00000000 0.00000000 0.00000000 0.00000000 0.000000000 0.000000000 0.000000000 0.000000000 0.0000000000 0.000000e+00 0.000000000
   60    1      1      0    0      1      33      33     1  0.00000000 1.0000000 0.0000000 0.00000000 0.00000000 0.00000000 0.00000000 0.00000000 0.000000000 0.000000000 0.000000000 0.000000000 0.0000000000 0.000000e+00 0.000000000
   60    1      1      0    0      1      36      36     1  0.00000000 1.0000000 0.0000000 0.00000000 0.00000000 0.00000000 0.00000000 0.00000000 0.000000000 0.000000000 0.000000000 0.000000000 0.0000000000 0.000000e+00 0.000000000
   60    1      1      0    0      1      37      37     1  0.00000000 1.0000000 0.0000000 0.00000000 0.00000000 0.00000000 0.00000000 0.00000000 0.000000000 0.000000000 0.000000000 0.000000000 0.0000000000 0.000000e+00 0.000000000
   60    1      1      0    0      1      42      42     1  0.00000000 1.0000000 0.0000000 0.00000000 0.00000000 0.00000000 0.00000000 0.00000000 0.000000000 0.000000000 0.000000000 0.000000000 0.0000000000 0.000000e+00 0.000000000
  100    1      1      0    0      1       5       5     1  1.00000000 0.0000000 0.0000000 0.00000000 0.00000000 0.00000000 0.00000000 0.00000000 0.000000000 0.000000000 0.000000000 0.000000000 0.0000000000 0.000000e+00 0.000000000
  100    1      1      0    0      1       6       6     1  1.00000000 0.0000000 0.0000000 0.00000000 0.00000000 0.00000000 0.00000000 0.00000000 0.000000000 0.000000000 0.000000000 0.000000000 0.0000000000 0.000000e+00 0.000000000
  100    1      1      0    0      1       8       8     1  1.00000000 0.0000000 0.0000000 0.00000000 0.00000000 0.00000000 0.00000000 0.00000000 0.000000000 0.000000000 0.000000000 0.000000000 0.0000000000 0.000000e+00 0.000000000
  100    1      1      0    0      1       9       9     5  5.00000000 0.0000000 0.0000000 0.00000000 0.00000000 0.00000000 0.00000000 0.00000000 0.000000000 0.000000000 0.000000000 0.000000000 0.0000000000 0.000000e+00 0.000000000
  100    1      1      0    0      1      10      10    10 10.00000000 0.0000000 0.0000000 0.00000000 0.00000000 0.00000000 0.00000000 0.00000000 0.000000000 0.000000000 0.000000000 0.000000000 0.0000000000 0.000000e+00 0.000000000
  100    1      1      0    0      1      11      11     5  5.00000000 0.0000000 0.0000000 0.00000000 0.00000000 0.00000000 0.00000000 0.00000000 0.000000000 0.000000000 0.000000000 0.000000000 0.0000000000 0.000000e+00 0.000000000
  100    1      1      0    0      1      12      12     3  3.00000000 0.0000000 0.0000000 0.00000000 0.00000000 0.00000000 0.00000000 0.00000000 0.000000000 0.000000000 0.000000000 0.000000000 0.0000000000 0.000000e+00 0.000000000
  100    1      1      0    0      1      13      13     3  3.00000000 0.0000000 0.0000000 0.00000000 0.00000000 0.00000000 0.00000000 0.00000000 0.000000000 0.000000000 0.000000000 0.000000000 0.0000000000 0.000000e+00 0.000000000
  100    1      1      0    0      1      14      14     3  3.00000000 0.0000000 0.0000000 0.00000000 0.00000000 0.00000000 0.00000000 0.00000000 0.000000000 0.000000000 0.000000000 0.000000000 0.0000000000 0.000000e+00 0.000000000
  100    1      1      0    0      1      15      15     1  1.00000000 0.0000000 0.0000000 0.00000000 0.00000000 0.00000000 0.00000000 0.00000000 0.000000000 0.000000000 0.000000000 0.000000000 0.0000000000 0.000000e+00 0.000000000
  100    1      1      0    0      1      16      16     7  7.00000000 0.0000000 0.0000000 0.00000000 0.00000000 0.00000000 0.00000000 0.00000000 0.000000000 0.000000000 0.000000000 0.000000000 0.0000000000 0.000000e+00 0.000000000
  100    1      1      0    0      1      17      17     2  2.00000000 0.0000000 0.0000000 0.00000000 0.00000000 0.00000000 0.00000000 0.00000000 0.000000000 0.000000000 0.000000000 0.000000000 0.0000000000 0.000000e+00 0.000000000
  100    1      1      0    0      1      18      18     1  1.00000000 0.0000000 0.0000000 0.00000000 0.00000000 0.00000000 0.00000000 0.00000000 0.000000000 0.000000000 0.000000000 0.000000000 0.0000000000 0.000000e+00 0.000000000
  100    1      1      0    0      1      19      19     7  7.00000000 0.0000000 0.0000000 0.00000000 0.00000000 0.00000000 0.00000000 0.00000000 0.000000000 0.000000000 0.000000000 0.000000000 0.0000000000 0.000000e+00 0.000000000
  100    1      1      0    0      1      20      20     1  1.00000000 0.0000000 0.0000000 0.00000000 0.00000000 0.00000000 0.00000000 0.00000000 0.000000000 0.000000000 0.000000000 0.000000000 0.0000000000 0.000000e+00 0.000000000
  100    1      1      0    0      1      21      21     5  5.00000000 0.0000000 0.0000000 0.00000000 0.00000000 0.00000000 0.00000000 0.00000000 0.000000000 0.000000000 0.000000000 0.000000000 0.0000000000 0.000000e+00 0.000000000
  100    1      1      0    0      1      22      22     2  2.00000000 0.0000000 0.0000000 0.00000000 0.00000000 0.00000000 0.00000000 0.00000000 0.000000000 0.000000000 0.000000000 0.000000000 0.0000000000 0.000000e+00 0.000000000
  100    1      1      0    0      1      23      23     9  9.00000000 0.0000000 0.0000000 0.00000000 0.00000000 0.00000000 0.00000000 0.00000000 0.000000000 0.000000000 0.000000000 0.000000000 0.0000000000 0.000000e+00 0.000000000
  100    1      1      0    0      1      24      24     2  2.00000000 0.0000000 0.0000000 0.00000000 0.00000000 0.00000000 0.00000000 0.00000000 0.000000000 0.000000000 0.000000000 0.000000000 0.0000000000 0.000000e+00 0.000000000
  100    1      1      0    0      1      25      25     1  1.00000000 0.0000000 0.0000000 0.00000000 0.00000000 0.00000000 0.00000000 0.00000000 0.000000000 0.000000000 0.000000000 0.000000000 0.0000000000 0.000000e+00 0.000000000
  100    1      1      0    0      1      26      26     3  3.00000000 0.0000000 0.0000000 0.00000000 0.00000000 0.00000000 0.00000000 0.00000000 0.000000000 0.000000000 0.000000000 0.000000000 0.0000000000 0.000000e+00 0.000000000
  100    1      1      0    0      1      27      27     3  3.00000000 0.0000000 0.0000000 0.00000000 0.00000000 0.00000000 0.00000000 0.00000000 0.000000000 0.000000000 0.000000000 0.000000000 0.0000000000 0.000000e+00 0.000000000
  100    1      1      0    0      1      28      28     2  0.00000000 2.0000000 0.0000000 0.00000000 0.00000000 0.00000000 0.00000000 0.00000000 0.000000000 0.000000000 0.000000000 0.000000000 0.0000000000 0.000000e+00 0.000000000
  100    1      1      0    0      1      29      29     3  3.00000000 0.0000000 0.0000000 0.00000000 0.00000000 0.00000000 0.00000000 0.00000000 0.000000000 0.000000000 0.000000000 0.000000000 0.0000000000 0.000000e+00 0.000000000
  100    1      1      0    0      1      30      30     3  0.00000000 3.0000000 0.0000000 0.00000000 0.00000000 0.00000000 0.00000000 0.00000000 0.000000000 0.000000000 0.000000000 0.000000000 0.0000000000 0.000000e+00 0.000000000
  100    1      1      0    0      1      31      31     4  0.00000000 4.0000000 0.0000000 0.00000000 0.00000000 0.00000000 0.00000000 0.00000000 0.000000000 0.000000000 0.000000000 0.000000000 0.0000000000 0.000000e+00 0.000000000
  100    1      1      0    0      1      32      32     4  0.00000000 4.0000000 0.0000000 0.00000000 0.00000000 0.00000000 0.00000000 0.00000000 0.000000000 0.000000000 0.000000000 0.000000000 0.0000000000 0.000000e+00 0.000000000
  100    1      1      0    0      1      33      33     3  0.00000000 3.0000000 0.0000000 0.00000000 0.00000000 0.00000000 0.00000000 0.00000000 0.000000000 0.000000000 0.000000000 0.000000000 0.0000000000 0.000000e+00 0.000000000
  100    1      1      0    0      1      34      34     2  0.00000000 2.0000000 0.0000000 0.00000000 0.00000000 0.00000000 0.00000000 0.00000000 0.000000000 0.000000000 0.000000000 0.000000000 0.0000000000 0.000000e+00 0.000000000
  100    1      1      0    0      1      36      36     1  0.00000000 1.0000000 0.0000000 0.00000000 0.00000000 0.00000000 0.00000000 0.00000000 0.000000000 0.000000000 0.000000000 0.000000000 0.0000000000 0.000000e+00 0.000000000
  100    1      1      0    0      1      37      37     1  0.00000000 1.0000000 0.0000000 0.00000000 0.00000000 0.00000000 0.00000000 0.00000000 0.000000000 0.000000000 0.000000000 0.000000000 0.0000000000 0.000000e+00 0.000000000
  100    1      1      0    0      1      38      38     1  0.00000000 1.0000000 0.0000000 0.00000000 0.00000000 0.00000000 0.00000000 0.00000000 0.000000000 0.000000000 0.000000000 0.000000000 0.0000000000 0.000000e+00 0.000000000
0 #_N_MeanSize_at_Age_obs
0 #_N_environ_variables
0 #_N_environ_obs
0 #_N_sizefreq_methods
0 #_do_tags
0 #_morphcomp_data
#
999
