#C data file created using the SS_writedat function in the R package r4ss
#C should work with SS version: 
#C file write time: 2015-02-11 18:26:25
#
1 #_styr
100 #_endyr
1 #_nseas
12 #_months_per_seas
1 #_spawn_seas
1 #_Nfleet
2 #_Nsurveys
1 #_N_areas
Fishery%Survey%CPUE #_fleetnames
0.5 0.5 0.5 #_surveytiming_in_season
1 1 1 #_area_assignments_for_each_fishery_and_survey
1 #_units of catch:  1=bio; 2=num
0.01 #_se of log(catch) only used for init_eq_catch and for Fmethod 2 and 3
1 #_Ngenders
25 #_Nages
0 #_init_equil_catch_for_each_fishery
100 #_N_lines_of_catch_to_read
 #_Fishery year seas
         0    1    1
         0    2    1
         0    3    1
         0    4    1
         0    5    1
         0    6    1
         0    7    1
         0    8    1
         0    9    1
         0   10    1
         0   11    1
         0   12    1
         0   13    1
         0   14    1
         0   15    1
         0   16    1
         0   17    1
         0   18    1
         0   19    1
         0   20    1
         0   21    1
         0   22    1
         0   23    1
         0   24    1
         0   25    1
 444646000   26    1
 397608000   27    1
 357583000   28    1
 324161000   29    1
 296656000   30    1
 274240000   31    1
 256057000   32    1
 241314000   33    1
 229322000   34    1
 219511000   35    1
 211426000   36    1
 204710000   37    1
 199088000   38    1
 194347000   39    1
 190324000   40    1
 186891000   41    1
 183948000   42    1
 181416000   43    1
 179230000   44    1
 177337000   45    1
 175694000   46    1
 174266000   47    1
 173022000   48    1
 171937000   49    1
 170990000   50    1
 170161000   51    1
 169436000   52    1
 168801000   53    1
 168243000   54    1
 167755000   55    1
 167325000   56    1
 166948000   57    1
 166617000   58    1
 166326000   59    1
 166070000   60    1
 165844000   61    1
 165646000   62    1
 165471000   63    1
 165317000   64    1
 165182000   65    1
 165063000   66    1
 164958000   67    1
 164865000   68    1
 164784000   69    1
 164712000   70    1
 164649000   71    1
 164593000   72    1
 164544000   73    1
 164500000   74    1
 164462000   75    1
 164429000   76    1
 164399000   77    1
 164373000   78    1
 164350000   79    1
 164329000   80    1
 164311000   81    1
 164296000   82    1
 164282000   83    1
 164269000   84    1
 164258000   85    1
 164249000   86    1
 164240000   87    1
 164233000   88    1
 164227000   89    1
 164221000   90    1
 164216000   91    1
 164211000   92    1
 164207000   93    1
 164204000   94    1
 164201000   95    1
 164198000   96    1
 164195000   97    1
 164193000   98    1
 164192000   99    1
 164190000  100    1
13 #_N_cpue
 #_Fleet Units Errtype
       1     1       0
       2     1       0
       3     1       0
 #_year seas index        obs se_log
     76    1     2 1479921499    0.2
     78    1     2 2261778013    0.2
     80    1     2 1983198685    0.2
     82    1     2 1988374484    0.2
     84    1     2 1762051747    0.2
     86    1     2 1224655679    0.2
     88    1     2 1147635376    0.2
     90    1     2 1097037289    0.2
     92    1     2 1965696955    0.2
     94    1     2 1317434015    0.2
     96    1     2 1681624665    0.2
     98    1     2  877302776    0.2
    100    1     2 1297970133    0.2
0 #_N_discard_fleets
#_discard_units (1=same_as_catchunits(bio/num); 2=fraction; 3=numbers)
#_discard_errtype:  >0 for DF of T-dist(read CV below); 0 for normal with CV; -1 for normal with se; -2 for lognormal
0 #_N_discard
0 #_N_meanbodywt
1 #_DF_for_meanbodywt_T-distribution_like
2 # length bin method: 1=use databins; 2=generate from binwidth,min,max below; 3=read vector
1 # binwidth for population size comp
10 # minimum size in the population (lower edge of first bin and size at age 0.00)
200 # maximum size in the population (lower edge of last bin)
-0.001 #_comp_tail_compression
1e-05 #_add_to_comp
0 #_combine males into females at or below this bin number
45 #_N_lbins
#_lbin_vector
20 23 26 29 32 35 38 41 44 47 50 53 56 59 62 65 68 71 74 77 80 83 86 89 92 95 98 101 104 107 110 113 116 119 122 125 128 131 134 137 140 143 146 149 152
28 #_N_Length_comp_observations
 #_Yr Seas FltSvy Gender Part Nsamp           l20          l23          l26         l29         l32          l35          l38         l41         l44        l47        l50        l53        l56        l59        l62        l65        l68        l71        l74        l77        l80        l83        l86        l89         l92        l95        l98        l101        l104        l107        l110        l113        l116        l119         l122         l125         l128         l131         l134         l137         l140         l143         l146         l149         l152
   26    1      1      0    0   125 1.627769e-117 2.237651e-34 1.825891e-08 0.005013841 0.010756359 0.0017721057 9.646583e-06 0.006579374 0.047231780 0.04636793 0.07956795 0.02969572 0.07628228 0.01965535 0.01819754 0.02408730 0.02258092 0.05328209 0.03281859 0.01518432 0.01382517 0.04160476 0.02321589 0.02873875 0.025848206 0.04018533 0.01868582 0.009410592 0.015249589 0.032305106 0.035754785 0.026591615 0.020434868 0.023057143 0.0267778284 0.0180884602 0.0024227552 0.0281135809 1.199751e-02 1.649958e-02 9.496532e-03 2.953197e-02 8.746844e-03 3.306848e-03 1.027372e-03
   36    1      1      0    0   125  2.531659e-45 7.156315e-06 2.077574e-03 0.015571013 0.002213630 0.0367414051 7.731217e-03 0.019175929 0.077457620 0.05741356 0.05557131 0.07374449 0.02835504 0.01806509 0.07118187 0.04771847 0.02933735 0.01988882 0.01430699 0.02218806 0.04527459 0.08104416 0.04361076 0.03379865 0.004735572 0.01304828 0.03388540 0.015229138 0.014139864 0.018252148 0.009523932 0.006653992 0.013374409 0.008611440 0.0078209191 0.0019335606 0.0182292157 0.0110922128 1.406162e-04 2.771875e-03 7.050180e-04 4.918559e-05 1.064847e-03 1.513134e-02 1.132280e-03
   46    1      1      0    0   125 1.679113e-160 1.284077e-27 1.962436e-02 0.005704537 0.008878402 0.0002892866 1.038799e-02 0.003623578 0.025353913 0.07424274 0.07163179 0.04188861 0.03567877 0.03084644 0.04153063 0.04723332 0.06079739 0.05102869 0.03904200 0.04324720 0.03129713 0.05107425 0.02487183 0.02565196 0.035988907 0.02072820 0.02437560 0.053781677 0.010418909 0.025994162 0.025818646 0.016221970 0.001231502 0.008663840 0.0004427602 0.0040771562 0.0134459409 0.0011751602 7.034520e-03 5.826367e-04 3.780060e-03 2.294407e-03 1.343834e-06 4.013271e-10 1.776453e-05
   56    1      1      0    0   125 8.747827e-158 8.332330e-14 1.733033e-03 0.009498260 0.009713453 0.0022671197 4.731057e-04 0.007815511 0.040383273 0.07976256 0.04346826 0.03048611 0.03697683 0.03480804 0.03323699 0.03833561 0.03776987 0.01753984 0.05048556 0.04772971 0.03501635 0.02438949 0.02697639 0.03313200 0.017290690 0.01496586 0.03112620 0.023376447 0.063994010 0.046334395 0.015095347 0.006757497 0.022438452 0.044140782 0.0167408093 0.0050990004 0.0362108473 0.0005602976 1.169400e-02 6.968323e-04 1.275463e-04 3.615783e-05 1.117055e-03 3.598932e-11 2.004211e-04
   60    1      1      0    0   125  9.993182e-67 2.699980e-44 8.666461e-05 0.006338045 0.024967758 0.0035068009 5.436844e-03 0.040662889 0.017929835 0.05727988 0.03649972 0.03580127 0.05257991 0.03029243 0.05240183 0.07493619 0.07554452 0.06650357 0.03815147 0.05166639 0.04205041 0.02726132 0.05122686 0.01821550 0.024813733 0.01043129 0.02655400 0.018482844 0.011539987 0.031627446 0.017633615 0.005578496 0.010853461 0.004092853 0.0035233814 0.0022095856 0.0006321897 0.0121182599 1.007569e-02 4.163495e-05 2.801752e-04 1.329165e-04 3.833683e-05 6.013831e-11 1.788978e-13
   64    1      1      0    0   125  0.000000e+00 2.802527e-04 5.873407e-03 0.001246540 0.018276257 0.0022483621 1.182164e-03 0.012448069 0.007951298 0.06065835 0.05947292 0.10822050 0.03818222 0.02733000 0.02699304 0.06348612 0.02952745 0.04469791 0.03844379 0.06162558 0.03940989 0.01686956 0.03040038 0.02056928 0.066740340 0.02461179 0.01874484 0.010292062 0.032422365 0.029803495 0.019855718 0.001236540 0.019565103 0.024695080 0.0090795293 0.0033218842 0.0146372978 0.0055857798 1.659738e-03 1.693946e-03 3.818439e-08 4.112275e-05 6.059985e-04 1.398860e-05 3.349302e-11
   68    1      1      0    0   125  7.500596e-18 7.321336e-04 5.472076e-04 0.009252936 0.001881327 0.0030809101 2.614267e-03 0.018157580 0.062437667 0.04123982 0.08693254 0.03462833 0.02737077 0.02244558 0.04990899 0.02031294 0.05102543 0.06044948 0.05706455 0.01242348 0.01850443 0.03122760 0.04504392 0.01836378 0.028805879 0.03182918 0.04188264 0.040037457 0.023460337 0.011826030 0.038771180 0.029801051 0.036634844 0.007494260 0.0011823244 0.0117677614 0.0126271603 0.0011063356 7.966596e-08 1.341473e-03 5.196921e-03 1.299044e-05 3.207130e-05 1.883682e-11 5.443576e-04
   72    1      1      0    0   125  9.845644e-86 5.040891e-26 3.310401e-03 0.012685716 0.002499429 0.0052515057 4.408287e-03 0.053326139 0.023916511 0.03561139 0.05700706 0.07269850 0.03371208 0.03291634 0.03516293 0.03793346 0.04471717 0.03640392 0.01886757 0.04199956 0.01864572 0.03215199 0.06431423 0.03163996 0.028963301 0.01311858 0.04232419 0.034980368 0.024023400 0.008437178 0.033576675 0.044993116 0.006794955 0.007083816 0.0020848601 0.0217134190 0.0015276209 0.0052135014 6.255961e-03 1.504237e-02 7.137134e-05 8.926860e-04 4.223470e-04 5.130724e-13 3.300433e-03
   76    1      1      0    0   125  4.488442e-59 2.197114e-04 1.260892e-03 0.007877957 0.016984723 0.0031373650 5.601149e-03 0.011912690 0.041986305 0.11080010 0.06737911 0.05387737 0.03263826 0.05779415 0.01174321 0.03846023 0.02843321 0.05577391 0.03449350 0.02924490 0.08243523 0.01245043 0.06544773 0.02701314 0.024543873 0.03318971 0.02330589 0.005601358 0.004108248 0.005912978 0.019645350 0.029043652 0.004662234 0.024241670 0.0042917197 0.0177794743 0.0057583819 0.0004475173 2.179868e-04 1.858924e-05 2.134727e-04 5.175286e-05 8.847028e-07 6.392703e-12 1.172399e-13
   80    1      1      0    0   125  2.513210e-13 2.225808e-18 1.196561e-03 0.066835141 0.009623501 0.0146241752 5.039270e-03 0.009305861 0.044610703 0.10400195 0.08040856 0.07532456 0.04267095 0.01386152 0.02701393 0.02656309 0.06066246 0.06389222 0.04262429 0.01928032 0.01703592 0.02372921 0.02554191 0.01830659 0.030578909 0.01769945 0.02913845 0.013719238 0.030389891 0.015791934 0.003879898 0.003168556 0.012517085 0.030635984 0.0070727430 0.0024018780 0.0011004042 0.0059216828 1.439559e-03 2.096429e-03 1.063774e-07 8.646508e-08 1.271566e-08 2.947077e-04 3.186869e-07
   84    1      1      0    0   125  8.134760e-46 1.770583e-17 7.594757e-05 0.004675551 0.011487813 0.0058291092 5.965611e-03 0.003620909 0.019548059 0.08551198 0.06649010 0.03191934 0.05433674 0.03188486 0.03918189 0.02700917 0.03316125 0.06741098 0.02649827 0.03974503 0.02278095 0.02874849 0.05628209 0.03836807 0.046472009 0.06327187 0.02069663 0.042896337 0.004763548 0.003759869 0.026258417 0.043856916 0.003980861 0.008558208 0.0009708194 0.0018550219 0.0009706919 0.0170244919 9.386245e-03 4.704818e-03 2.225983e-05 1.997713e-08 9.808737e-06 7.792369e-06 1.160102e-06
   88    1      1      0    0   125 5.699787e-303 1.255460e-11 7.625351e-03 0.003351646 0.009672234 0.0027506711 2.697519e-03 0.022123619 0.040386775 0.02763734 0.06319150 0.01618633 0.01458824 0.09132549 0.05323745 0.03697395 0.03345809 0.04522553 0.02250987 0.05628656 0.06115124 0.01634494 0.06143712 0.04488981 0.030456862 0.01717285 0.02047011 0.029455810 0.055472119 0.032574189 0.012536971 0.009606829 0.024361769 0.020565509 0.0006492767 0.0009733406 0.0081345133 0.0016823778 1.806910e-03 3.855368e-04 2.513020e-05 9.349519e-06 5.156260e-04 1.136651e-06 9.252246e-05
   92    1      1      0    0   125  2.204321e-71 9.689739e-06 3.602800e-03 0.001048047 0.004849325 0.0003692777 2.459306e-04 0.013472966 0.077499993 0.07745467 0.03151679 0.03266613 0.04770215 0.06477521 0.02394485 0.03142993 0.03339831 0.02608849 0.02937283 0.02678577 0.03396429 0.03622786 0.06576312 0.03029081 0.029171019 0.05671185 0.02002952 0.053394528 0.007171613 0.029236975 0.013844441 0.037766007 0.006917210 0.012544682 0.0040753737 0.0153829324 0.0064180559 0.0058601023 1.170547e-04 4.364335e-04 7.567552e-03 7.414603e-07 3.262020e-04 5.484743e-04 3.659974e-16
   96    1      1      0    0   125 5.175724e-108 2.388359e-61 1.872368e-13 0.004083626 0.006318246 0.0081021381 3.402436e-03 0.023728443 0.072281745 0.07947402 0.03814238 0.02709820 0.01814058 0.06983339 0.03063015 0.04395417 0.07337657 0.02640622 0.02291805 0.02878171 0.04064986 0.02804465 0.02293726 0.03281718 0.073963318 0.01221920 0.02123984 0.007234286 0.011923927 0.011586149 0.024556952 0.011065390 0.023036210 0.023348035 0.0262520046 0.0044267723 0.0254024730 0.0116486700 1.589308e-04 9.746304e-03 9.179124e-04 8.241380e-06 1.212667e-06 1.778129e-06 1.413785e-04
  100    1      1      0    0   125  1.688610e-18 4.170621e-10 3.391973e-04 0.013896110 0.006332684 0.0108582069 3.931694e-04 0.027969995 0.056575091 0.08120451 0.09438629 0.04600309 0.03587517 0.02121770 0.04814043 0.02488203 0.04763102 0.03959215 0.04360386 0.02010599 0.07376757 0.01071591 0.01539883 0.04780715 0.047357393 0.06199087 0.01348397 0.015137990 0.010133811 0.023502899 0.007306417 0.013922966 0.003098903 0.005528546 0.0021268503 0.0034671063 0.0025868052 0.0186320913 4.615853e-04 2.065985e-03 9.815412e-04 1.514056e-03 1.129329e-06 8.084442e-07 2.110021e-06
   76    1      2      0    0   500  4.197267e-07 3.335632e-03 1.539978e-02 0.044651388 0.056794780 0.0185850883 1.333807e-02 0.023910151 0.045577571 0.05481472 0.05506325 0.03396307 0.04968291 0.03599629 0.03653501 0.04984973 0.04562617 0.04310662 0.02189906 0.02708479 0.03052377 0.02637187 0.01569192 0.04481074 0.025194776 0.02854477 0.01484998 0.017915077 0.015627056 0.012667791 0.016798886 0.012212525 0.017499280 0.014545407 0.0035798587 0.0090142470 0.0032628930 0.0015563338 7.023740e-03 1.050157e-03 7.178497e-04 9.993572e-04 2.707840e-04 1.511693e-03 2.544720e-03
   78    1      2      0    0   500  1.420605e-14 8.482538e-03 1.786766e-02 0.049936716 0.037057836 0.0225658025 1.094381e-02 0.033782269 0.045984399 0.04905021 0.06675684 0.05227477 0.03157575 0.03213336 0.02273143 0.05812287 0.02741054 0.04270064 0.01747448 0.03227433 0.03780982 0.03038546 0.04159120 0.01700735 0.021404600 0.01985427 0.02870094 0.016452745 0.014003748 0.020336790 0.007451240 0.011954227 0.015386832 0.010386888 0.0233276791 0.0051885449 0.0027734968 0.0058463426 3.320895e-03 1.807749e-03 3.826010e-03 3.739303e-04 2.243113e-04 1.429893e-03 2.879009e-05
   80    1      2      0    0   500  1.712494e-05 1.267001e-03 1.082886e-02 0.070234973 0.055290591 0.0361982696 7.346591e-03 0.036174434 0.060207694 0.04405194 0.05794292 0.03597592 0.04394483 0.03044100 0.03863829 0.04021893 0.02624127 0.03161506 0.02067874 0.03455992 0.03111519 0.02297729 0.03503525 0.01573429 0.016444080 0.01903397 0.02440890 0.008248952 0.013730930 0.037758604 0.018093630 0.018577959 0.010374321 0.008860609 0.0088370753 0.0013078672 0.0038796750 0.0087826289 5.548654e-03 2.829771e-03 3.383549e-04 2.092011e-03 2.323099e-03 1.339754e-05 1.779124e-03
   82    1      2      0    0   500  4.810411e-10 3.053590e-04 1.857060e-02 0.050808540 0.045964076 0.0306444150 2.400371e-03 0.017552409 0.051244353 0.06212732 0.04440787 0.03274104 0.03394531 0.04158864 0.02865245 0.04031227 0.02828388 0.02761059 0.03458886 0.03836480 0.03951318 0.04055969 0.02874602 0.01248282 0.023523080 0.02122401 0.03031997 0.025538329 0.023909014 0.025127830 0.020588423 0.010815379 0.012833557 0.016618616 0.0081160296 0.0031365089 0.0040786166 0.0007659769 6.373430e-03 1.275039e-04 5.266641e-03 8.146419e-04 5.595466e-03 3.345272e-03 4.668391e-04
   84    1      2      0    0   500  1.338428e-27 1.120819e-03 1.135799e-02 0.050108771 0.060136377 0.0182577910 5.788645e-03 0.023281506 0.047207779 0.04890749 0.06259966 0.04782762 0.02351088 0.04586786 0.03369744 0.03824221 0.03413753 0.02903185 0.02857771 0.03850544 0.03583710 0.02857545 0.03861080 0.01533637 0.025057111 0.03003400 0.02246823 0.021751967 0.029482315 0.017984314 0.016013642 0.018250016 0.016800491 0.008992587 0.0055246838 0.0039511074 0.0021687824 0.0048849111 5.865009e-03 3.105590e-03 1.405478e-04 4.357325e-04 2.293948e-04 1.005973e-04 2.339024e-04
   86    1      2      0    0   500  2.859328e-05 3.529886e-03 1.558282e-02 0.058140968 0.054034595 0.0089444912 8.865238e-03 0.018277302 0.039404024 0.05820025 0.05569014 0.04541324 0.03370175 0.02734398 0.03183512 0.03101900 0.05527206 0.04939806 0.03336914 0.02699472 0.02891432 0.04312948 0.01751720 0.02314350 0.025046165 0.01368246 0.02426848 0.024648026 0.030476429 0.020682644 0.025832181 0.014224956 0.016918968 0.011460550 0.0034268904 0.0055270200 0.0045763590 0.0006122909 8.761373e-03 6.223236e-04 6.909739e-04 5.358893e-04 8.845418e-06 2.405374e-07 2.470490e-04
   88    1      2      0    0   500  7.216137e-24 1.585612e-03 2.271549e-02 0.069512062 0.048274199 0.0177300703 1.050189e-02 0.016276649 0.038225826 0.04642847 0.07460419 0.03427159 0.03194585 0.04527850 0.03729799 0.03475591 0.05034662 0.03046573 0.03628253 0.02307661 0.03691122 0.03464448 0.02243310 0.01945047 0.015855081 0.02049866 0.01491629 0.017152318 0.015218096 0.025137160 0.020586045 0.016317505 0.026769883 0.005289751 0.0172487310 0.0060989318 0.0050244746 0.0021164231 2.287732e-03 3.376469e-03 8.937931e-05 3.368590e-04 1.971465e-03 4.072581e-05 6.529531e-04
   90    1      2      0    0   500  3.569185e-20 5.100168e-03 1.403706e-02 0.050628757 0.045829874 0.0354778411 9.120828e-03 0.024510566 0.037068820 0.06124893 0.05262066 0.05142824 0.04603977 0.02034091 0.04245979 0.03376463 0.03001934 0.02059296 0.03396811 0.02324574 0.02420700 0.03317420 0.03647983 0.03796398 0.021209334 0.01676185 0.02264340 0.028384403 0.022835706 0.019006831 0.020778548 0.016768107 0.011821181 0.016715042 0.0123328653 0.0092181825 0.0029189763 0.0027067058 2.436528e-03 1.905199e-03 1.582019e-03 5.626219e-04 3.420015e-05 4.906078e-05 1.241653e-06
   92    1      2      0    0   500  2.222133e-05 1.198815e-03 1.447653e-02 0.040380281 0.044283165 0.0091442909 1.331617e-02 0.020911509 0.042417093 0.07370951 0.07439585 0.03880776 0.02661951 0.03545536 0.04500913 0.03239847 0.04719160 0.01816461 0.04347653 0.04062642 0.03760922 0.01876066 0.03289344 0.02372502 0.022553818 0.01874914 0.02568407 0.017521884 0.018724863 0.015871688 0.019662349 0.024778928 0.009640552 0.015583848 0.0137288829 0.0086192777 0.0048134665 0.0018790318 2.799256e-04 1.452498e-03 3.495356e-04 4.964875e-03 9.441647e-06 1.387597e-04 4.245902e-10
   94    1      2      0    0   500  3.693698e-17 9.241602e-04 1.498847e-02 0.044201261 0.043593827 0.0312867789 7.772495e-03 0.013911662 0.049415643 0.05239094 0.08021619 0.04910399 0.03184815 0.02628798 0.02519963 0.04592926 0.03226338 0.04332141 0.04497012 0.02009337 0.02617016 0.03439865 0.04041616 0.01614544 0.019246177 0.02582956 0.02847955 0.022117921 0.013065885 0.024092328 0.014435017 0.015703083 0.008936472 0.007957184 0.0137263049 0.0060290665 0.0094790753 0.0083148356 8.793130e-04 1.151299e-03 7.818921e-04 1.892451e-04 4.446713e-03 1.041067e-05 2.795374e-04
   96    1      2      0    0   500  1.253398e-15 2.451808e-04 2.557481e-02 0.090361044 0.053743685 0.0154234227 1.905085e-02 0.026809392 0.038928034 0.04617550 0.05298808 0.05224155 0.02538073 0.04274248 0.03238987 0.03121330 0.02688606 0.02987892 0.04008646 0.02956814 0.02424887 0.03161541 0.01017153 0.02334285 0.023195996 0.03021709 0.02041345 0.019497401 0.013988272 0.027613023 0.007955216 0.005434134 0.009881104 0.013185247 0.0178331572 0.0066937795 0.0049513785 0.0085657198 3.710862e-03 2.796812e-03 2.656181e-04 6.190847e-03 7.148466e-03 2.673598e-09 1.396236e-03
   98    1      2      0    0   500  2.296625e-11 4.717042e-03 2.690193e-02 0.046030559 0.042569022 0.0156652750 2.231570e-02 0.018840035 0.038067022 0.06171609 0.05977537 0.03701614 0.02469772 0.02848652 0.04579775 0.03895578 0.02789022 0.04338788 0.04222297 0.02280923 0.03400429 0.02333344 0.01259991 0.04119030 0.031264549 0.02575741 0.01406770 0.032867894 0.014122514 0.027951194 0.021168423 0.015626301 0.011970844 0.007470052 0.0090776665 0.0052188316 0.0064172147 0.0062627129 2.411055e-03 1.781256e-03 2.897230e-03 6.818003e-04 2.550078e-03 2.257141e-05 1.422491e-03
  100    1      2      0    0   500  9.044085e-09 1.320754e-03 2.191220e-02 0.055515847 0.058439822 0.0150217203 1.450716e-02 0.023499278 0.028822578 0.08322541 0.06294517 0.03674569 0.03539481 0.03412339 0.03783227 0.02989984 0.03780246 0.03349343 0.03189751 0.03587339 0.02872875 0.01949844 0.03647455 0.03983333 0.016637142 0.02129187 0.02099432 0.015655645 0.019128569 0.014543229 0.014965330 0.011855422 0.011600186 0.018772991 0.0039777625 0.0038383676 0.0061067807 0.0064183142 5.755659e-04 1.419893e-03 7.312604e-03 1.715096e-03 3.686497e-04 3.768339e-06 1.069504e-05
15 #_N_agebins
#_agebin_vector
1 2 3 4 5 6 7 8 9 10 11 12 13 14 15
1 #_N_ageerror_definitions
 #_age0   age1   age2   age3   age4   age5   age6   age7   age8   age9  age10  age11  age12  age13  age14  age15  age16  age17  age18  age19  age20  age21  age22  age23  age24  age25
 -1.000 -1.000 -1.000 -1.000 -1.000 -1.000 -1.000 -1.000 -1.000 -1.000 -1.000 -1.000 -1.000 -1.000 -1.000 -1.000 -1.000 -1.000 -1.000 -1.000 -1.000 -1.000 -1.000 -1.000 -1.000 -1.000
  0.001  0.001  0.001  0.001  0.001  0.001  0.001  0.001  0.001  0.001  0.001  0.001  0.001  0.001  0.001  0.001  0.001  0.001  0.001  0.001  0.001  0.001  0.001  0.001  0.001  0.001
84 #_N_agecomp
1 #_Lbin_method: 1=poplenbins; 2=datalenbins; 3=lengths
-1 #_combine males into females at or below this bin number
 #_Yr Seas FltSvy Gender Part Ageerr Lbin_lo Lbin_hi Nsamp           a1        a2        a3         a4         a5         a6         a7         a8         a9         a10         a11          a12          a13          a14         a15
   26    1      1      0    0      1      -1      -1   125  0.008895094 0.1543164 0.1267133 0.09377521 0.11850304 0.08290234 0.07816859 0.03891455 0.03619918 0.052482246 0.081886743 0.0247414993 0.0044418439 0.0082291318 0.089830740
   36    1      1      0    0      1      -1      -1   125  0.066926110 0.2210481 0.1507812 0.15961020 0.08699087 0.06460622 0.06419803 0.06599100 0.02930178 0.023853099 0.006521991 0.0127886502 0.0039240151 0.0013833766 0.042075330
   46    1      1      0    0      1      -1      -1   125  0.033932514 0.2202601 0.2012282 0.12330762 0.14557271 0.06725740 0.06323680 0.03110750 0.01689913 0.029494984 0.018205169 0.0081764786 0.0144677197 0.0006654340 0.026188233
   56    1      1      0    0      1      -1      -1   125  0.020859196 0.2059744 0.1808425 0.14353066 0.14886387 0.10892918 0.03755170 0.04177092 0.02240592 0.050151397 0.006720481 0.0043385697 0.0089114746 0.0030119838 0.016137804
   60    1      1      0    0      1      -1      -1   125  0.048996760 0.2447918 0.2124172 0.16048745 0.09264538 0.05676468 0.03202045 0.06397816 0.01397990 0.013330151 0.013837354 0.0103742982 0.0028160239 0.0099291934 0.023631256
   64    1      1      0    0      1      -1      -1   125  0.028109803 0.2681802 0.1871924 0.11288452 0.08556431 0.13731506 0.03976185 0.03636443 0.02526639 0.016700382 0.008018575 0.0313833616 0.0012031132 0.0091797541 0.012875918
   68    1      1      0    0      1      -1      -1   125  0.030915965 0.3068264 0.2010767 0.11408584 0.10151103 0.06674326 0.03635013 0.03434032 0.02878967 0.024858627 0.023024434 0.0031779965 0.0106729939 0.0143714020 0.003255335
   72    1      1      0    0      1      -1      -1   125  0.035207123 0.1767842 0.1851360 0.13197230 0.09941195 0.09776855 0.05210077 0.08213502 0.07138579 0.022557202 0.001756044 0.0191690514 0.0017883617 0.0113741978 0.011453491
   76    1      1      0    0      1      -1      -1   125  0.066052914 0.3061344 0.1872560 0.14980410 0.07648681 0.06299812 0.05868981 0.01735534 0.02585215 0.013760504 0.011065986 0.0085244417 0.0007787375 0.0019644630 0.013276193
   80    1      1      0    0      1      -1      -1   125  0.032530871 0.2797105 0.1674665 0.16705551 0.12781094 0.05348687 0.03567918 0.01447492 0.02041728 0.053410848 0.008477876 0.0062898895 0.0117023355 0.0001674128 0.021319145
   84    1      1      0    0      1      -1      -1   125  0.036095653 0.2201548 0.1978326 0.20541931 0.10359217 0.04300394 0.03782206 0.04697250 0.05749131 0.016917012 0.002469234 0.0005886013 0.0018640064 0.0035550111 0.026221815
   88    1      1      0    0      1      -1      -1   125  0.031914981 0.2516702 0.1552640 0.13175004 0.11287585 0.09676987 0.04982004 0.03607486 0.06017582 0.042244085 0.009353596 0.0060280926 0.0013925862 0.0040333562 0.010632629
   92    1      1      0    0      1      -1      -1   125  0.017540888 0.3192126 0.1509506 0.18718325 0.07666806 0.04129052 0.05256229 0.04757883 0.02905236 0.037288269 0.008537651 0.0093943326 0.0130347229 0.0005660360 0.009139569
   96    1      1      0    0      1      -1      -1   125  0.037701809 0.2009297 0.1791909 0.21176126 0.10055904 0.07727101 0.05886350 0.03715343 0.02561549 0.016371252 0.027044621 0.0049252030 0.0051720909 0.0029382035 0.014502487
  100    1      1      0    0      1      -1      -1   125  0.028484980 0.2764659 0.1757128 0.11429252 0.12021166 0.06455806 0.07343805 0.05535328 0.02190531 0.012849496 0.003405914 0.0056834927 0.0062026014 0.0040475524 0.037388384
   76    1      2      0    0      1      -1      -1   500  0.161874749 0.2415327 0.1704164 0.11877040 0.07467886 0.08313215 0.03229218 0.03717707 0.01748058 0.018372389 0.015264695 0.0051197265 0.0060104708 0.0013097467 0.016567899
   78    1      2      0    0      1      -1      -1   500  0.118790493 0.2001082 0.1762860 0.13343902 0.09055817 0.06291393 0.04451162 0.03842865 0.05220620 0.013767549 0.024250255 0.0140249541 0.0120400967 0.0052443518 0.013430453
   80    1      2      0    0      1      -1      -1   500  0.123705425 0.2128861 0.1526868 0.13261237 0.11501860 0.05597469 0.06244388 0.02640032 0.02841488 0.021660561 0.009361318 0.0144198417 0.0077849609 0.0039868647 0.032643344
   82    1      2      0    0      1      -1      -1   500  0.137449710 0.1869456 0.2149560 0.15136073 0.10131331 0.07348439 0.03311374 0.02441091 0.02643715 0.018849234 0.004804365 0.0098852678 0.0030168236 0.0058363031 0.008136392
   84    1      2      0    0      1      -1      -1   500  0.123511046 0.2452382 0.1840550 0.13312995 0.08094894 0.06606723 0.04463849 0.03328251 0.02463485 0.010529991 0.010534111 0.0164199304 0.0066824160 0.0016369775 0.018690430
   86    1      2      0    0      1      -1      -1   500  0.161767256 0.2172808 0.1677159 0.12132735 0.08011646 0.05029006 0.05464591 0.03522736 0.02583002 0.021348915 0.017925668 0.0223844896 0.0087923265 0.0025381168 0.012809418
   88    1      2      0    0      1      -1      -1   500  0.130475058 0.2453892 0.1570297 0.13127948 0.09277564 0.04841712 0.06630768 0.03261221 0.02837781 0.017182768 0.023452696 0.0095299620 0.0082432561 0.0021480440 0.006779384
   90    1      2      0    0      1      -1      -1   500  0.130468364 0.2459570 0.1758598 0.11185388 0.10328833 0.06043299 0.03590186 0.03122253 0.02918497 0.014676789 0.014820789 0.0117929258 0.0088695063 0.0070829978 0.018587317
   92    1      2      0    0      1      -1      -1   500  0.128059773 0.2302230 0.1805980 0.10149788 0.08432339 0.07663832 0.05322477 0.03656306 0.02557740 0.021061874 0.018083769 0.0122686993 0.0028812165 0.0067743364 0.022224438
   94    1      2      0    0      1      -1      -1   500  0.144857266 0.2599016 0.1532937 0.11446037 0.07950020 0.07527635 0.04720873 0.05403131 0.02140936 0.009058797 0.010046185 0.0067276633 0.0046417552 0.0011902506 0.018396400
   96    1      2      0    0      1      -1      -1   500  0.159899976 0.2055701 0.1512207 0.12720540 0.08402278 0.08835986 0.06005686 0.03256995 0.01796418 0.019225359 0.011268895 0.0167197260 0.0074295163 0.0019707881 0.016515923
   98    1      2      0    0      1      -1      -1   500  0.157058895 0.2229329 0.1722559 0.11985719 0.10169321 0.05567242 0.03957584 0.03217927 0.02479509 0.017264472 0.012400455 0.0136571887 0.0092649376 0.0058825099 0.015509809
  100    1      2      0    0      1      -1      -1   500  0.156985550 0.2222748 0.1597807 0.14077747 0.08806110 0.04569685 0.04636895 0.04080122 0.03729237 0.019311489 0.011300451 0.0120925042 0.0091415977 0.0030430554 0.007071917
   60    1      1      0    0      1       4       4     2  2.000000000 0.0000000 0.0000000 0.00000000 0.00000000 0.00000000 0.00000000 0.00000000 0.00000000 0.000000000 0.000000000 0.0000000000 0.0000000000 0.0000000000 0.000000000
   60    1      1      0    0      1       5       5     1  1.000000000 0.0000000 0.0000000 0.00000000 0.00000000 0.00000000 0.00000000 0.00000000 0.00000000 0.000000000 0.000000000 0.0000000000 0.0000000000 0.0000000000 0.000000000
   60    1      1      0    0      1       8       8     3  3.000000000 0.0000000 0.0000000 0.00000000 0.00000000 0.00000000 0.00000000 0.00000000 0.00000000 0.000000000 0.000000000 0.0000000000 0.0000000000 0.0000000000 0.000000000
   60    1      1      0    0      1      10      10     9  9.000000000 0.0000000 0.0000000 0.00000000 0.00000000 0.00000000 0.00000000 0.00000000 0.00000000 0.000000000 0.000000000 0.0000000000 0.0000000000 0.0000000000 0.000000000
   60    1      1      0    0      1      11      11     2  2.000000000 0.0000000 0.0000000 0.00000000 0.00000000 0.00000000 0.00000000 0.00000000 0.00000000 0.000000000 0.000000000 0.0000000000 0.0000000000 0.0000000000 0.000000000
   60    1      1      0    0      1      12      12     6  6.000000000 0.0000000 0.0000000 0.00000000 0.00000000 0.00000000 0.00000000 0.00000000 0.00000000 0.000000000 0.000000000 0.0000000000 0.0000000000 0.0000000000 0.000000000
   60    1      1      0    0      1      13      13     3  3.000000000 0.0000000 0.0000000 0.00000000 0.00000000 0.00000000 0.00000000 0.00000000 0.00000000 0.000000000 0.000000000 0.0000000000 0.0000000000 0.0000000000 0.000000000
   60    1      1      0    0      1      14      14     2  2.000000000 0.0000000 0.0000000 0.00000000 0.00000000 0.00000000 0.00000000 0.00000000 0.00000000 0.000000000 0.000000000 0.0000000000 0.0000000000 0.0000000000 0.000000000
   60    1      1      0    0      1      15      15     3  3.000000000 0.0000000 0.0000000 0.00000000 0.00000000 0.00000000 0.00000000 0.00000000 0.00000000 0.000000000 0.000000000 0.0000000000 0.0000000000 0.0000000000 0.000000000
   60    1      1      0    0      1      16      16     8  8.000000000 0.0000000 0.0000000 0.00000000 0.00000000 0.00000000 0.00000000 0.00000000 0.00000000 0.000000000 0.000000000 0.0000000000 0.0000000000 0.0000000000 0.000000000
   60    1      1      0    0      1      17      17     9  9.000000000 0.0000000 0.0000000 0.00000000 0.00000000 0.00000000 0.00000000 0.00000000 0.00000000 0.000000000 0.000000000 0.0000000000 0.0000000000 0.0000000000 0.000000000
   60    1      1      0    0      1      18      18     4  4.000000000 0.0000000 0.0000000 0.00000000 0.00000000 0.00000000 0.00000000 0.00000000 0.00000000 0.000000000 0.000000000 0.0000000000 0.0000000000 0.0000000000 0.000000000
   60    1      1      0    0      1      19      19     2  2.000000000 0.0000000 0.0000000 0.00000000 0.00000000 0.00000000 0.00000000 0.00000000 0.00000000 0.000000000 0.000000000 0.0000000000 0.0000000000 0.0000000000 0.000000000
   60    1      1      0    0      1      20      20     5  5.000000000 0.0000000 0.0000000 0.00000000 0.00000000 0.00000000 0.00000000 0.00000000 0.00000000 0.000000000 0.000000000 0.0000000000 0.0000000000 0.0000000000 0.000000000
   60    1      1      0    0      1      21      21     3  3.000000000 0.0000000 0.0000000 0.00000000 0.00000000 0.00000000 0.00000000 0.00000000 0.00000000 0.000000000 0.000000000 0.0000000000 0.0000000000 0.0000000000 0.000000000
   60    1      1      0    0      1      22      22     4  4.000000000 0.0000000 0.0000000 0.00000000 0.00000000 0.00000000 0.00000000 0.00000000 0.00000000 0.000000000 0.000000000 0.0000000000 0.0000000000 0.0000000000 0.000000000
   60    1      1      0    0      1      23      23     5  5.000000000 0.0000000 0.0000000 0.00000000 0.00000000 0.00000000 0.00000000 0.00000000 0.00000000 0.000000000 0.000000000 0.0000000000 0.0000000000 0.0000000000 0.000000000
   60    1      1      0    0      1      24      24     1  1.000000000 0.0000000 0.0000000 0.00000000 0.00000000 0.00000000 0.00000000 0.00000000 0.00000000 0.000000000 0.000000000 0.0000000000 0.0000000000 0.0000000000 0.000000000
   60    1      1      0    0      1      25      25     3  3.000000000 0.0000000 0.0000000 0.00000000 0.00000000 0.00000000 0.00000000 0.00000000 0.00000000 0.000000000 0.000000000 0.0000000000 0.0000000000 0.0000000000 0.000000000
   60    1      1      0    0      1      26      26     1  1.000000000 0.0000000 0.0000000 0.00000000 0.00000000 0.00000000 0.00000000 0.00000000 0.00000000 0.000000000 0.000000000 0.0000000000 0.0000000000 0.0000000000 0.000000000
   60    1      1      0    0      1      27      27     1  1.000000000 0.0000000 0.0000000 0.00000000 0.00000000 0.00000000 0.00000000 0.00000000 0.00000000 0.000000000 0.000000000 0.0000000000 0.0000000000 0.0000000000 0.000000000
   60    1      1      0    0      1      28      28     4  4.000000000 0.0000000 0.0000000 0.00000000 0.00000000 0.00000000 0.00000000 0.00000000 0.00000000 0.000000000 0.000000000 0.0000000000 0.0000000000 0.0000000000 0.000000000
   60    1      1      0    0      1      29      29     2  1.000000000 1.0000000 0.0000000 0.00000000 0.00000000 0.00000000 0.00000000 0.00000000 0.00000000 0.000000000 0.000000000 0.0000000000 0.0000000000 0.0000000000 0.000000000
   60    1      1      0    0      1      30      30     3  1.000000000 2.0000000 0.0000000 0.00000000 0.00000000 0.00000000 0.00000000 0.00000000 0.00000000 0.000000000 0.000000000 0.0000000000 0.0000000000 0.0000000000 0.000000000
   60    1      1      0    0      1      31      31     2  0.000000000 2.0000000 0.0000000 0.00000000 0.00000000 0.00000000 0.00000000 0.00000000 0.00000000 0.000000000 0.000000000 0.0000000000 0.0000000000 0.0000000000 0.000000000
   60    1      1      0    0      1      32      32     2  1.000000000 1.0000000 0.0000000 0.00000000 0.00000000 0.00000000 0.00000000 0.00000000 0.00000000 0.000000000 0.000000000 0.0000000000 0.0000000000 0.0000000000 0.000000000
   60    1      1      0    0      1      33      33     4  0.000000000 4.0000000 0.0000000 0.00000000 0.00000000 0.00000000 0.00000000 0.00000000 0.00000000 0.000000000 0.000000000 0.0000000000 0.0000000000 0.0000000000 0.000000000
   60    1      1      0    0      1      35      35     1  0.000000000 1.0000000 0.0000000 0.00000000 0.00000000 0.00000000 0.00000000 0.00000000 0.00000000 0.000000000 0.000000000 0.0000000000 0.0000000000 0.0000000000 0.000000000
   60    1      1      0    0      1      38      38     3  0.000000000 3.0000000 0.0000000 0.00000000 0.00000000 0.00000000 0.00000000 0.00000000 0.00000000 0.000000000 0.000000000 0.0000000000 0.0000000000 0.0000000000 0.000000000
   60    1      1      0    0      1      39      39     2  0.000000000 2.0000000 0.0000000 0.00000000 0.00000000 0.00000000 0.00000000 0.00000000 0.00000000 0.000000000 0.000000000 0.0000000000 0.0000000000 0.0000000000 0.000000000
  100    1      1      0    0      1       4       4     3  3.000000000 0.0000000 0.0000000 0.00000000 0.00000000 0.00000000 0.00000000 0.00000000 0.00000000 0.000000000 0.000000000 0.0000000000 0.0000000000 0.0000000000 0.000000000
  100    1      1      0    0      1       5       5     2  2.000000000 0.0000000 0.0000000 0.00000000 0.00000000 0.00000000 0.00000000 0.00000000 0.00000000 0.000000000 0.000000000 0.0000000000 0.0000000000 0.0000000000 0.000000000
  100    1      1      0    0      1       8       8     4  4.000000000 0.0000000 0.0000000 0.00000000 0.00000000 0.00000000 0.00000000 0.00000000 0.00000000 0.000000000 0.000000000 0.0000000000 0.0000000000 0.0000000000 0.000000000
  100    1      1      0    0      1       9       9     6  6.000000000 0.0000000 0.0000000 0.00000000 0.00000000 0.00000000 0.00000000 0.00000000 0.00000000 0.000000000 0.000000000 0.0000000000 0.0000000000 0.0000000000 0.000000000
  100    1      1      0    0      1      10      10     9  9.000000000 0.0000000 0.0000000 0.00000000 0.00000000 0.00000000 0.00000000 0.00000000 0.00000000 0.000000000 0.000000000 0.0000000000 0.0000000000 0.0000000000 0.000000000
  100    1      1      0    0      1      11      11    16 16.000000000 0.0000000 0.0000000 0.00000000 0.00000000 0.00000000 0.00000000 0.00000000 0.00000000 0.000000000 0.000000000 0.0000000000 0.0000000000 0.0000000000 0.000000000
  100    1      1      0    0      1      12      12     1  1.000000000 0.0000000 0.0000000 0.00000000 0.00000000 0.00000000 0.00000000 0.00000000 0.00000000 0.000000000 0.000000000 0.0000000000 0.0000000000 0.0000000000 0.000000000
  100    1      1      0    0      1      13      13     2  2.000000000 0.0000000 0.0000000 0.00000000 0.00000000 0.00000000 0.00000000 0.00000000 0.00000000 0.000000000 0.000000000 0.0000000000 0.0000000000 0.0000000000 0.000000000
  100    1      1      0    0      1      14      14     2  2.000000000 0.0000000 0.0000000 0.00000000 0.00000000 0.00000000 0.00000000 0.00000000 0.00000000 0.000000000 0.000000000 0.0000000000 0.0000000000 0.0000000000 0.000000000
  100    1      1      0    0      1      15      15     4  4.000000000 0.0000000 0.0000000 0.00000000 0.00000000 0.00000000 0.00000000 0.00000000 0.00000000 0.000000000 0.000000000 0.0000000000 0.0000000000 0.0000000000 0.000000000
  100    1      1      0    0      1      16      16     4  4.000000000 0.0000000 0.0000000 0.00000000 0.00000000 0.00000000 0.00000000 0.00000000 0.00000000 0.000000000 0.000000000 0.0000000000 0.0000000000 0.0000000000 0.000000000
  100    1      1      0    0      1      17      17     1  1.000000000 0.0000000 0.0000000 0.00000000 0.00000000 0.00000000 0.00000000 0.00000000 0.00000000 0.000000000 0.000000000 0.0000000000 0.0000000000 0.0000000000 0.000000000
  100    1      1      0    0      1      18      18     8  8.000000000 0.0000000 0.0000000 0.00000000 0.00000000 0.00000000 0.00000000 0.00000000 0.00000000 0.000000000 0.000000000 0.0000000000 0.0000000000 0.0000000000 0.000000000
  100    1      1      0    0      1      19      19     6  6.000000000 0.0000000 0.0000000 0.00000000 0.00000000 0.00000000 0.00000000 0.00000000 0.00000000 0.000000000 0.000000000 0.0000000000 0.0000000000 0.0000000000 0.000000000
  100    1      1      0    0      1      20      20     2  2.000000000 0.0000000 0.0000000 0.00000000 0.00000000 0.00000000 0.00000000 0.00000000 0.00000000 0.000000000 0.000000000 0.0000000000 0.0000000000 0.0000000000 0.000000000
  100    1      1      0    0      1      21      21     5  5.000000000 0.0000000 0.0000000 0.00000000 0.00000000 0.00000000 0.00000000 0.00000000 0.00000000 0.000000000 0.000000000 0.0000000000 0.0000000000 0.0000000000 0.000000000
  100    1      1      0    0      1      22      22     1  1.000000000 0.0000000 0.0000000 0.00000000 0.00000000 0.00000000 0.00000000 0.00000000 0.00000000 0.000000000 0.000000000 0.0000000000 0.0000000000 0.0000000000 0.000000000
  100    1      1      0    0      1      23      23     2  2.000000000 0.0000000 0.0000000 0.00000000 0.00000000 0.00000000 0.00000000 0.00000000 0.00000000 0.000000000 0.000000000 0.0000000000 0.0000000000 0.0000000000 0.000000000
  100    1      1      0    0      1      24      24     4  4.000000000 0.0000000 0.0000000 0.00000000 0.00000000 0.00000000 0.00000000 0.00000000 0.00000000 0.000000000 0.000000000 0.0000000000 0.0000000000 0.0000000000 0.000000000
  100    1      1      0    0      1      25      25     3  3.000000000 0.0000000 0.0000000 0.00000000 0.00000000 0.00000000 0.00000000 0.00000000 0.00000000 0.000000000 0.000000000 0.0000000000 0.0000000000 0.0000000000 0.000000000
  100    1      1      0    0      1      26      26     6  6.000000000 0.0000000 0.0000000 0.00000000 0.00000000 0.00000000 0.00000000 0.00000000 0.00000000 0.000000000 0.000000000 0.0000000000 0.0000000000 0.0000000000 0.000000000
  100    1      1      0    0      1      27      27     2  1.000000000 1.0000000 0.0000000 0.00000000 0.00000000 0.00000000 0.00000000 0.00000000 0.00000000 0.000000000 0.000000000 0.0000000000 0.0000000000 0.0000000000 0.000000000
  100    1      1      0    0      1      28      28     2  1.000000000 1.0000000 0.0000000 0.00000000 0.00000000 0.00000000 0.00000000 0.00000000 0.00000000 0.000000000 0.000000000 0.0000000000 0.0000000000 0.0000000000 0.000000000
  100    1      1      0    0      1      30      30     3  0.000000000 3.0000000 0.0000000 0.00000000 0.00000000 0.00000000 0.00000000 0.00000000 0.00000000 0.000000000 0.000000000 0.0000000000 0.0000000000 0.0000000000 0.000000000
  100    1      1      0    0      1      32      32     1  0.000000000 1.0000000 0.0000000 0.00000000 0.00000000 0.00000000 0.00000000 0.00000000 0.00000000 0.000000000 0.000000000 0.0000000000 0.0000000000 0.0000000000 0.000000000
  100    1      1      0    0      1      38      38     1  0.000000000 1.0000000 0.0000000 0.00000000 0.00000000 0.00000000 0.00000000 0.00000000 0.00000000 0.000000000 0.000000000 0.0000000000 0.0000000000 0.0000000000 0.000000000
0 #_N_MeanSize_at_Age_obs
0 #_N_environ_variables
0 #_N_environ_obs
0 #_N_sizefreq_methods
0 #_do_tags
0 #_morphcomp_data
#
999
