#C data file created using the SS_writedat function in the R package r4ss
#C should work with SS version: 
#C file write time: 2015-02-11 09:25:23
#
1 #_styr
100 #_endyr
1 #_nseas
12 #_months_per_seas
1 #_spawn_seas
1 #_Nfleet
2 #_Nsurveys
1 #_N_areas
Fishery%Survey%CPUE #_fleetnames
0.5 0.5 0.5 #_surveytiming_in_season
1 1 1 #_area_assignments_for_each_fishery_and_survey
1 #_units of catch:  1=bio; 2=num
0.01 #_se of log(catch) only used for init_eq_catch and for Fmethod 2 and 3
1 #_Ngenders
25 #_Nages
0 #_init_equil_catch_for_each_fishery
100 #_N_lines_of_catch_to_read
 #_Fishery year seas
         0    1    1
         0    2    1
         0    3    1
         0    4    1
         0    5    1
         0    6    1
         0    7    1
         0    8    1
         0    9    1
         0   10    1
         0   11    1
         0   12    1
         0   13    1
         0   14    1
         0   15    1
         0   16    1
         0   17    1
         0   18    1
         0   19    1
         0   20    1
         0   21    1
         0   22    1
         0   23    1
         0   24    1
         0   25    1
 444646000   26    1
 397608000   27    1
 357583000   28    1
 324161000   29    1
 296656000   30    1
 274240000   31    1
 256057000   32    1
 241314000   33    1
 229322000   34    1
 219511000   35    1
 211426000   36    1
 204710000   37    1
 199088000   38    1
 194347000   39    1
 190324000   40    1
 186891000   41    1
 183948000   42    1
 181416000   43    1
 179230000   44    1
 177337000   45    1
 175694000   46    1
 174266000   47    1
 173022000   48    1
 171937000   49    1
 170990000   50    1
 170161000   51    1
 169436000   52    1
 168801000   53    1
 168243000   54    1
 167755000   55    1
 167325000   56    1
 166948000   57    1
 166617000   58    1
 166326000   59    1
 166070000   60    1
 165844000   61    1
 165646000   62    1
 165471000   63    1
 165317000   64    1
 165182000   65    1
 165063000   66    1
 164958000   67    1
 164865000   68    1
 164784000   69    1
 164712000   70    1
 164649000   71    1
 164593000   72    1
 164544000   73    1
 164500000   74    1
 164462000   75    1
 164429000   76    1
 164399000   77    1
 164373000   78    1
 164350000   79    1
 164329000   80    1
 164311000   81    1
 164296000   82    1
 164282000   83    1
 164269000   84    1
 164258000   85    1
 164249000   86    1
 164240000   87    1
 164233000   88    1
 164227000   89    1
 164221000   90    1
 164216000   91    1
 164211000   92    1
 164207000   93    1
 164204000   94    1
 164201000   95    1
 164198000   96    1
 164195000   97    1
 164193000   98    1
 164192000   99    1
 164190000  100    1
13 #_N_cpue
 #_Fleet Units Errtype
       1     1       0
       2     1       0
       3     1       0
 #_year seas index        obs se_log
     76    1     2 1006673126    0.2
     78    1     2 1306742312    0.2
     80    1     2 1314732821    0.2
     82    1     2 1749711170    0.2
     84    1     2 1199042151    0.2
     86    1     2 1131504860    0.2
     88    1     2 1650394807    0.2
     90    1     2 1801272816    0.2
     92    1     2 1789924253    0.2
     94    1     2 1660735491    0.2
     96    1     2 1717843455    0.2
     98    1     2 1761215325    0.2
    100    1     2 1037309904    0.2
0 #_N_discard_fleets
#_discard_units (1=same_as_catchunits(bio/num); 2=fraction; 3=numbers)
#_discard_errtype:  >0 for DF of T-dist(read CV below); 0 for normal with CV; -1 for normal with se; -2 for lognormal
0 #_N_discard
0 #_N_meanbodywt
1 #_DF_for_meanbodywt_T-distribution_like
2 # length bin method: 1=use databins; 2=generate from binwidth,min,max below; 3=read vector
1 # binwidth for population size comp
10 # minimum size in the population (lower edge of first bin and size at age 0.00)
200 # maximum size in the population (lower edge of last bin)
-0.001 #_comp_tail_compression
1e-05 #_add_to_comp
0 #_combine males into females at or below this bin number
45 #_N_lbins
#_lbin_vector
20 23 26 29 32 35 38 41 44 47 50 53 56 59 62 65 68 71 74 77 80 83 86 89 92 95 98 101 104 107 110 113 116 119 122 125 128 131 134 137 140 143 146 149 152
28 #_N_Length_comp_observations
 #_Yr Seas FltSvy Gender Part Nsamp           l20          l23          l26          l29          l32          l35          l38         l41        l44        l47        l50        l53        l56        l59        l62        l65        l68        l71        l74        l77        l80        l83        l86        l89        l92         l95        l98        l101        l104        l107        l110        l113        l116        l119         l122         l125        l128         l131         l134         l137         l140         l143         l146         l149         l152
   26    1      1      0    0   125 1.539417e-201 9.766037e-15 9.617618e-04 8.931507e-05 0.0009805718 0.0112269079 2.572391e-05 0.027027684 0.04614470 0.02899168 0.04247891 0.04106949 0.02632093 0.03279585 0.02430956 0.04319431 0.03045923 0.01323607 0.03880958 0.02148434 0.02285930 0.07656544 0.02454918 0.02725000 0.01482774 0.056292945 0.03118378 0.008644835 0.044857749 0.023541743 0.045059986 0.012198743 0.009869906 0.003976351 2.985132e-02 0.0166313159 0.039355470 8.511890e-03 1.933777e-02 9.328515e-03 1.500235e-02 1.228269e-02 1.488073e-02 1.117836e-03 2.415820e-03
   36    1      1      0    0   125  1.291349e-73 5.628918e-17 1.598517e-02 2.038074e-02 0.0214241919 0.0139019234 6.967277e-03 0.012582425 0.02737471 0.04344982 0.05842655 0.04571661 0.07949639 0.04317867 0.02965022 0.04320345 0.01960736 0.04090452 0.01788144 0.02686172 0.03684815 0.02303345 0.01718982 0.03043849 0.06405903 0.012043966 0.04481652 0.041453370 0.031828506 0.020711090 0.010868062 0.016081258 0.024287739 0.009016106 2.693301e-02 0.0061554598 0.003451459 5.775966e-03 1.283351e-03 1.299309e-03 3.167968e-03 1.061081e-03 1.505917e-04 1.381557e-04 9.149100e-04
   46    1      1      0    0   125  1.061119e-41 1.103163e-23 8.206435e-04 2.877305e-03 0.0039675806 0.0017140771 3.718627e-05 0.008368432 0.01902705 0.06666885 0.11415822 0.03183223 0.02027074 0.03148322 0.06122204 0.05105484 0.03608625 0.01215907 0.01890229 0.02713628 0.01482856 0.03524066 0.01267748 0.03901433 0.05445552 0.077864385 0.02916301 0.023194933 0.009533302 0.070009019 0.021806778 0.025437639 0.008819094 0.006183064 6.222760e-03 0.0107561882 0.010912208 3.238816e-03 1.827758e-02 1.189263e-03 2.311980e-04 3.136552e-03 3.460800e-08 1.000758e-02 1.375368e-05
   56    1      1      0    0   125  1.452499e-94 4.401743e-19 4.031719e-05 2.276831e-03 0.0108095764 0.0003606520 1.442698e-02 0.024032443 0.03374264 0.03163116 0.11120409 0.08514921 0.02332039 0.03877781 0.04958265 0.03899843 0.02105911 0.03886093 0.05761413 0.01801987 0.01973782 0.04117174 0.04667906 0.03036599 0.03165151 0.039525182 0.03275772 0.035717670 0.026535508 0.051087967 0.009595437 0.005446515 0.003099697 0.001163452 6.197569e-05 0.0064955420 0.015067118 2.171466e-04 1.234678e-05 2.814524e-05 1.437212e-03 2.027095e-03 2.108899e-04 4.723446e-08 1.314956e-13
   60    1      1      0    0   125 9.437513e-136 5.245098e-11 1.374620e-03 3.714046e-03 0.0044055508 0.0175071921 4.730355e-03 0.001423942 0.05256084 0.07942691 0.06927221 0.02689992 0.04357260 0.02853573 0.05021248 0.02920992 0.06198817 0.02867953 0.02648109 0.04380997 0.02926560 0.02279679 0.03774180 0.03814228 0.02875746 0.030730233 0.07487368 0.018135859 0.028274864 0.015574124 0.039144884 0.013054619 0.005290644 0.008190296 1.107541e-02 0.0007494522 0.005985569 1.051334e-02 3.151979e-03 2.595927e-04 4.303226e-03 1.956517e-05 1.862989e-11 1.628785e-04 7.852292e-07
   64    1      1      0    0   125  3.803228e-47 3.343657e-08 3.416072e-03 7.342479e-03 0.0030951978 0.0110716960 9.483015e-04 0.011054149 0.06259778 0.07789468 0.05802579 0.02752910 0.02530070 0.02080843 0.04902235 0.05733370 0.03811530 0.05600619 0.01975926 0.02746904 0.04739221 0.01252510 0.06505132 0.01303054 0.03225959 0.048997479 0.01601732 0.021001338 0.007041852 0.046627305 0.008106195 0.059888704 0.014434648 0.001973248 3.120642e-03 0.0042368610 0.020463345 7.733065e-05 8.207807e-03 6.910043e-03 5.479228e-03 7.220776e-06 4.706239e-05 3.095094e-04 3.836425e-06
   68    1      1      0    0   125  3.257283e-45 8.454994e-09 1.798569e-03 2.326921e-04 0.0331912709 0.0005842751 5.234121e-03 0.013766652 0.05399675 0.07929570 0.08047349 0.05130459 0.01751012 0.02743294 0.02855963 0.02907044 0.04883642 0.04096571 0.02664751 0.04774724 0.02400318 0.04079213 0.01143165 0.03016663 0.04509608 0.070851342 0.02101628 0.020575449 0.010649232 0.043123712 0.019549499 0.024198800 0.013091957 0.002252600 1.100100e-02 0.0126213672 0.002465234 3.960272e-04 2.108474e-03 7.665743e-03 2.640717e-04 6.258437e-08 8.023757e-09 3.192765e-12 3.132556e-05
   72    1      1      0    0   125  8.545463e-30 1.696279e-08 5.614385e-03 5.920265e-03 0.0141713045 0.0048369185 9.606372e-03 0.042223868 0.03687323 0.06483199 0.07341344 0.03335792 0.03008665 0.03412409 0.04383764 0.03284170 0.01732760 0.03247828 0.01365910 0.05236167 0.05886891 0.03310988 0.10698725 0.03680441 0.01479827 0.003558252 0.01281867 0.018154239 0.024883210 0.011751818 0.012583833 0.021798706 0.006582833 0.034910557 2.018323e-02 0.0058895293 0.003150994 1.900858e-02 4.668035e-04 4.244199e-03 1.280968e-03 1.567642e-11 5.926988e-04 5.705419e-06 3.336140e-17
   76    1      1      0    0   125 6.868135e-175 3.804890e-10 3.480266e-03 1.468058e-02 0.0200503180 0.0018366652 1.032639e-02 0.011542543 0.04931026 0.04957763 0.04837468 0.03604929 0.05633432 0.02872312 0.06803356 0.03487885 0.03908727 0.03443595 0.03831870 0.04176062 0.04616397 0.04004238 0.03714443 0.06497653 0.02160671 0.031780789 0.02730195 0.018170465 0.007977804 0.032571643 0.006667546 0.028015241 0.010414590 0.001669616 8.079996e-03 0.0116289996 0.010219157 2.360595e-03 2.045241e-04 1.534848e-04 3.265746e-04 2.896425e-04 1.604593e-04 5.382196e-29 5.271905e-03
   80    1      1      0    0   125 1.294043e-305 3.285983e-15 5.611999e-04 7.616252e-03 0.0139542404 0.0028873405 3.079542e-02 0.017353211 0.03230022 0.04868769 0.05929609 0.04236573 0.01781427 0.02669837 0.06222473 0.04203955 0.03154592 0.03903214 0.05816745 0.01371354 0.03911509 0.03800332 0.04266101 0.01433952 0.03884540 0.087708844 0.03311979 0.015642511 0.019654794 0.031076432 0.033943856 0.012298849 0.011835191 0.005891983 8.043073e-04 0.0024100964 0.010339429 6.693680e-03 7.968670e-04 9.032247e-04 5.053951e-05 4.312805e-09 3.863198e-06 9.248181e-06 6.798780e-03
   84    1      1      0    0   125  2.714685e-05 2.283028e-11 3.293111e-03 5.763539e-03 0.0204756098 0.0048300177 1.203869e-02 0.010051472 0.06795866 0.06909585 0.05077225 0.05893647 0.06227858 0.03441110 0.03706722 0.05223576 0.05358165 0.04911464 0.02038195 0.01994867 0.02448533 0.01825060 0.02201907 0.01446205 0.02772669 0.009919051 0.01262726 0.037075316 0.040661764 0.026292077 0.018799094 0.024600968 0.027433551 0.008144018 2.254521e-02 0.0168851200 0.001854018 1.219218e-02 4.267892e-04 9.340455e-04 4.005428e-04 1.212312e-07 2.472939e-06 2.837671e-07 2.331072e-11
   88    1      1      0    0   125  1.059206e-36 2.796309e-04 1.427282e-03 1.757869e-02 0.0081514999 0.0069153995 1.271835e-05 0.001224116 0.04246030 0.07826372 0.05838126 0.02200165 0.02172647 0.04906253 0.02990792 0.06269416 0.01800741 0.03173805 0.02310552 0.05190868 0.04915420 0.02768661 0.04753939 0.04260073 0.02200971 0.048062821 0.02293177 0.058815031 0.016476966 0.044251139 0.010427468 0.005766059 0.025508179 0.002286166 2.194876e-02 0.0079149526 0.003415212 1.251265e-02 2.144203e-03 2.224195e-03 5.186502e-10 2.807471e-04 3.396568e-04 3.819500e-04 4.744125e-04
   92    1      1      0    0   125  7.109367e-32 1.430855e-16 1.506864e-03 3.854593e-03 0.0267379189 0.0019759585 1.072866e-03 0.012943376 0.00891799 0.04495204 0.07343559 0.06714959 0.02934442 0.02705548 0.02720521 0.07487101 0.04106343 0.03768171 0.03150022 0.05231226 0.06160838 0.03217637 0.03635141 0.03838805 0.02548359 0.036811184 0.01291552 0.032897679 0.067312351 0.011147519 0.008883656 0.032070808 0.007142058 0.014016039 5.296094e-03 0.0007126904 0.002585981 3.165615e-03 5.832773e-03 4.913502e-06 1.046760e-03 1.182323e-04 7.310172e-05 2.727773e-05 3.514329e-04
   96    1      1      0    0   125 1.824314e-229 1.060519e-17 8.520899e-04 1.541657e-03 0.0074975264 0.0033214542 1.107327e-02 0.016475694 0.04514991 0.05955790 0.04941454 0.05858869 0.01414285 0.02524760 0.06245451 0.04056580 0.02775135 0.02819172 0.09063742 0.05082214 0.03244646 0.02399164 0.01561970 0.03848195 0.03400395 0.044129998 0.04098834 0.028851142 0.013675853 0.033169561 0.019207628 0.037639842 0.007223489 0.005202294 5.153275e-03 0.0019696146 0.013796457 3.935439e-03 7.400343e-04 3.709202e-04 2.606255e-03 5.242572e-05 3.172307e-03 6.120135e-05 2.241025e-04
  100    1      1      0    0   125 6.266412e-125 9.441195e-05 2.289690e-04 9.164336e-03 0.0274322085 0.0028702087 2.259752e-03 0.013154894 0.03125229 0.04862454 0.04958617 0.07007051 0.03483952 0.03641148 0.02773445 0.03159023 0.05362102 0.04121520 0.05528362 0.02067539 0.03321917 0.03042456 0.02613993 0.01600010 0.02787932 0.047861065 0.04937915 0.026068105 0.033941417 0.003425025 0.046523005 0.036627783 0.004654880 0.010392437 8.238418e-03 0.0231956978 0.002754026 1.812687e-03 4.123213e-04 2.109899e-05 1.470265e-02 9.363858e-05 1.854922e-08 6.513343e-15 1.243088e-04
   76    1      2      0    0   500  7.779218e-07 2.464173e-03 2.343098e-02 6.641333e-02 0.0445247007 0.0138571635 9.319582e-03 0.017939139 0.04730117 0.05139312 0.03946157 0.05159441 0.01458552 0.04123187 0.03843792 0.02581938 0.02661351 0.04080773 0.03832202 0.02545639 0.02571921 0.03103020 0.03610999 0.02034862 0.02128591 0.017128536 0.02754303 0.022661258 0.025842129 0.018857948 0.025035622 0.014063970 0.007314792 0.010975546 3.391804e-02 0.0150575328 0.002682960 1.284476e-02 4.618357e-03 3.350211e-03 1.703205e-03 1.495994e-03 8.285489e-07 3.401486e-04 1.096737e-03
   78    1      2      0    0   500  4.109307e-05 2.350653e-04 2.367316e-02 4.392149e-02 0.0456609222 0.0172023740 9.965900e-03 0.020956879 0.05611766 0.08136233 0.05012190 0.04093597 0.03372783 0.03454915 0.03695753 0.04287120 0.02478340 0.03256829 0.04424660 0.03210814 0.02192745 0.03275798 0.03543714 0.03126847 0.03140432 0.021072419 0.01647638 0.025732020 0.011911724 0.011362998 0.019768796 0.014370133 0.008748775 0.017701446 7.819826e-03 0.0050054664 0.003363573 2.478636e-03 2.349527e-03 4.104121e-03 1.405268e-03 1.434848e-03 8.848215e-05 1.103603e-06 2.196818e-06
   80    1      2      0    0   500  4.377801e-13 4.229143e-03 2.276969e-02 5.527490e-02 0.0433675655 0.0173886155 7.946697e-03 0.017059862 0.05372597 0.04927821 0.05817442 0.03072337 0.02330346 0.03922358 0.03907915 0.03232385 0.04335223 0.05732527 0.02327820 0.03593239 0.04453296 0.03284547 0.03299580 0.02726868 0.02209354 0.024376243 0.02642208 0.018014741 0.025552508 0.013766554 0.012093466 0.016621235 0.011596426 0.007498586 5.333956e-03 0.0072841811 0.001675284 4.030812e-03 5.353085e-03 3.497230e-03 8.474525e-05 1.159645e-03 1.195525e-03 7.055256e-04 2.451740e-04
   82    1      2      0    0   500  2.691210e-15 6.266213e-04 2.316169e-02 5.942483e-02 0.0484429069 0.0197790930 6.893718e-03 0.026839737 0.04765438 0.05060376 0.03709892 0.05311968 0.04429961 0.03043267 0.04032947 0.03530985 0.04223460 0.03378661 0.02578139 0.04239033 0.03336953 0.02185831 0.03416043 0.03424190 0.02081655 0.028085673 0.01788435 0.016534723 0.012238600 0.020733948 0.011254783 0.012749582 0.009259466 0.017977896 8.529154e-03 0.0058851831 0.003482494 3.711569e-03 3.531574e-03 7.519010e-03 2.817384e-03 7.302566e-04 4.171756e-03 4.870349e-05 1.973154e-04
   84    1      2      0    0   500  1.088191e-16 1.608497e-03 1.848533e-02 6.257173e-02 0.0520977151 0.0137401622 8.385405e-03 0.020372900 0.04127564 0.04694932 0.05405240 0.02935052 0.05842535 0.04443317 0.04792895 0.02487429 0.02632165 0.03073988 0.03918657 0.02705284 0.02848836 0.02522982 0.02833875 0.02419975 0.02342363 0.013009158 0.03657062 0.036442788 0.017338849 0.015863750 0.020938086 0.015186220 0.010916562 0.009549156 3.575001e-03 0.0086365417 0.011002170 8.030922e-03 4.654323e-03 3.079192e-04 6.845281e-06 1.599975e-03 8.430842e-03 2.512722e-05 3.825268e-04
   86    1      2      0    0   500  1.547008e-23 2.177306e-03 1.518099e-02 3.688396e-02 0.0454703733 0.0163010909 1.374091e-02 0.021993536 0.03600336 0.05264576 0.05869050 0.04782962 0.04952101 0.03550839 0.03803118 0.03813672 0.03133717 0.03821666 0.03072621 0.02619554 0.04044101 0.02440617 0.03035306 0.02027998 0.03759130 0.028184482 0.03849036 0.022450651 0.013837503 0.022968377 0.014159561 0.015805730 0.010367715 0.004307763 8.587784e-03 0.0200157765 0.005282670 1.908440e-03 1.922708e-03 2.855773e-03 2.503705e-04 2.807374e-04 2.803156e-06 4.426414e-06 6.545323e-04
   88    1      2      0    0   500  1.139873e-04 6.687409e-04 2.095422e-02 5.153623e-02 0.0341988999 0.0202921559 6.046989e-03 0.036627464 0.04270299 0.06826098 0.06588076 0.02578393 0.03440741 0.02342881 0.02804708 0.05292063 0.03982015 0.04059957 0.03306541 0.03001829 0.03249973 0.03394599 0.02610616 0.03410838 0.02573648 0.027891596 0.02099678 0.028450138 0.018491610 0.022279661 0.009748301 0.019471779 0.005048498 0.010022256 1.026959e-02 0.0042046719 0.005103190 2.906230e-03 8.685061e-04 1.592114e-03 2.409062e-03 8.593931e-05 6.349612e-04 1.647152e-04 1.588964e-03
   90    1      2      0    0   500  1.900503e-06 8.598762e-04 1.302503e-02 5.993366e-02 0.0328455633 0.0178332508 9.568487e-03 0.016250644 0.05842709 0.07555218 0.04893634 0.03836143 0.03203989 0.03687674 0.03731052 0.04886008 0.03502473 0.02460261 0.03420569 0.03851463 0.02584899 0.02855535 0.02287707 0.03199370 0.02650183 0.021075533 0.02230817 0.021531752 0.020926876 0.022669522 0.017942433 0.014349390 0.012709342 0.022681208 9.405926e-03 0.0060059036 0.001512549 4.010393e-03 3.703404e-03 3.406942e-04 1.016288e-03 2.255209e-03 7.466120e-04 1.500133e-06 9.186068e-09
   92    1      2      0    0   500  6.910047e-12 9.392806e-05 1.022742e-02 4.875653e-02 0.0474824018 0.0158401510 5.749670e-03 0.029855177 0.04782860 0.06040107 0.06057366 0.02857104 0.03322929 0.03095989 0.05703486 0.04634335 0.03614817 0.04298547 0.03274482 0.02923118 0.03112896 0.03252420 0.02627148 0.01285277 0.02523524 0.025993380 0.02750613 0.019254801 0.022393544 0.015636611 0.014296096 0.020728720 0.014414286 0.009763122 3.239990e-03 0.0083092986 0.010492627 1.259938e-03 6.078798e-03 2.509586e-03 3.041359e-04 2.401178e-05 1.426766e-03 1.978267e-05 4.279049e-03
   94    1      2      0    0   500  4.074355e-07 5.801225e-03 2.825463e-02 5.645014e-02 0.0371144975 0.0163369240 1.136531e-02 0.020293119 0.06628986 0.06171147 0.03869839 0.03440072 0.03920089 0.02874941 0.03322011 0.03934245 0.03329718 0.04117487 0.02512408 0.02901784 0.03231943 0.02180025 0.04032110 0.04407360 0.02483194 0.026345955 0.02301339 0.018620474 0.018830771 0.023717884 0.009300865 0.014481034 0.009225313 0.007406025 8.044340e-03 0.0075847042 0.004034602 9.232235e-04 7.563328e-03 6.230391e-03 1.178373e-03 2.293696e-03 1.684336e-03 2.578476e-07 3.312213e-04
   96    1      2      0    0   500  3.648165e-05 2.930362e-03 1.237263e-02 5.453134e-02 0.0376470106 0.0112428727 9.084949e-03 0.025881241 0.04056478 0.07403910 0.06597522 0.04029963 0.04184178 0.04061226 0.03001433 0.03431703 0.03075562 0.02115132 0.03039465 0.04427098 0.03839140 0.03375124 0.03363643 0.02454343 0.02577072 0.016681868 0.01733779 0.017183758 0.013997986 0.026297127 0.008971577 0.019374765 0.013477108 0.007312949 2.544417e-02 0.0121169994 0.007384159 2.620755e-03 2.997629e-03 1.116771e-03 8.465521e-04 5.372800e-04 1.147034e-03 8.115867e-04 2.853042e-04
   98    1      2      0    0   500  5.188143e-06 9.984268e-04 1.921838e-02 4.152755e-02 0.0516357411 0.0118760880 1.395222e-02 0.013393273 0.04308658 0.04655598 0.05945854 0.02667372 0.04188852 0.02966430 0.03442502 0.05416401 0.03938252 0.02160139 0.03391787 0.02484250 0.03713450 0.03356432 0.02056806 0.03426111 0.02506280 0.020983851 0.03366176 0.029678311 0.021912058 0.011363473 0.022078421 0.034115302 0.008111263 0.008511160 1.390452e-02 0.0136627563 0.008370664 8.772066e-03 1.781029e-03 8.414653e-04 1.398754e-03 5.499736e-05 4.185163e-04 1.219251e-03 3.017855e-04
  100    1      2      0    0   500  6.707886e-12 5.574794e-04 9.505723e-03 4.992142e-02 0.0644148843 0.0194385826 9.548244e-03 0.024344590 0.06503498 0.04487884 0.05404299 0.04679140 0.04441384 0.03755871 0.03804516 0.02821378 0.03045896 0.02830789 0.02866152 0.03280559 0.02049294 0.02285731 0.03061999 0.04046050 0.02315106 0.018142818 0.01870363 0.018574560 0.022269581 0.024245771 0.010208162 0.025334171 0.012577449 0.015652290 1.669802e-02 0.0054953463 0.004235092 6.274280e-03 1.639521e-03 7.175275e-04 3.569899e-03 1.084983e-03 4.766495e-05 2.068173e-06 7.796746e-07
15 #_N_agebins
#_agebin_vector
1 2 3 4 5 6 7 8 9 10 11 12 13 14 15
1 #_N_ageerror_definitions
 #_age0   age1   age2   age3   age4   age5   age6   age7   age8   age9  age10  age11  age12  age13  age14  age15  age16  age17  age18  age19  age20  age21  age22  age23  age24  age25
 -1.000 -1.000 -1.000 -1.000 -1.000 -1.000 -1.000 -1.000 -1.000 -1.000 -1.000 -1.000 -1.000 -1.000 -1.000 -1.000 -1.000 -1.000 -1.000 -1.000 -1.000 -1.000 -1.000 -1.000 -1.000 -1.000
  0.001  0.001  0.001  0.001  0.001  0.001  0.001  0.001  0.001  0.001  0.001  0.001  0.001  0.001  0.001  0.001  0.001  0.001  0.001  0.001  0.001  0.001  0.001  0.001  0.001  0.001
88 #_N_agecomp
1 #_Lbin_method: 1=poplenbins; 2=datalenbins; 3=lengths
-1 #_combine males into females at or below this bin number
 #_Yr Seas FltSvy Gender Part Ageerr Lbin_lo Lbin_hi Nsamp           a1        a2        a3        a4         a5         a6         a7          a8         a9        a10         a11          a12          a13          a14         a15
   26    1      1      0    0      1      -1      -1   125  0.005657582 0.1245320 0.1038714 0.1555838 0.04674100 0.06159219 0.12278479 0.051961861 0.05191406 0.04804286 0.058296451 0.0295000947 5.990874e-02 0.0095695241 0.070043617
   36    1      1      0    0      1      -1      -1   125  0.050192673 0.2101902 0.2196489 0.1310307 0.11155511 0.08410653 0.04484820 0.007337414 0.04870314 0.02054881 0.008733360 0.0163479411 4.366760e-03 0.0025673513 0.039822830
   46    1      1      0    0      1      -1      -1   125  0.042283171 0.1737449 0.1491443 0.1240141 0.09790869 0.13855071 0.08390774 0.014138594 0.04381792 0.04122801 0.031595337 0.0172133451 9.510762e-03 0.0092200910 0.023722288
   56    1      1      0    0      1      -1      -1   125  0.023359396 0.2624883 0.1700073 0.1582933 0.11680842 0.08413795 0.05168666 0.021922410 0.02955388 0.03447475 0.019266862 0.0038533783 5.352641e-04 0.0070352397 0.016576941
   60    1      1      0    0      1      -1      -1   125  0.015725029 0.2564297 0.2299295 0.1312361 0.10498862 0.05343579 0.04944102 0.038012545 0.04753152 0.01953898 0.012300180 0.0008786349 9.626807e-03 0.0082677917 0.022657753
   64    1      1      0    0      1      -1      -1   125  0.013702000 0.2411537 0.1681171 0.1320056 0.12941005 0.09856328 0.05900471 0.035070403 0.04480467 0.02137121 0.002112662 0.0138157478 3.261223e-04 0.0211533359 0.019389339
   68    1      1      0    0      1      -1      -1   125  0.057779745 0.1596475 0.2569122 0.1615986 0.07791065 0.06472810 0.05293459 0.047355853 0.03797583 0.01320552 0.010062674 0.0140727847 1.387166e-02 0.0231285234 0.008815794
   72    1      1      0    0      1      -1      -1   125  0.023414773 0.3048735 0.1593668 0.1614778 0.09354919 0.06773085 0.02774833 0.040518911 0.02962415 0.01213410 0.020397931 0.0021778055 5.591348e-03 0.0297004124 0.021694109
   76    1      1      0    0      1      -1      -1   125  0.028760387 0.2304193 0.1488186 0.1562317 0.12582154 0.11531809 0.04439441 0.031436965 0.02531274 0.03194149 0.021994046 0.0017855596 8.147761e-04 0.0028549499 0.034095400
   80    1      1      0    0      1      -1      -1   125  0.027607513 0.2449948 0.1633178 0.1857123 0.08782686 0.09109980 0.03454791 0.031481697 0.02843094 0.05065118 0.008980775 0.0121651872 2.041634e-05 0.0054550422 0.027707759
   84    1      1      0    0      1      -1      -1   125  0.024205010 0.2017813 0.1803968 0.1602288 0.16807179 0.05662266 0.05377610 0.048509520 0.05185831 0.00571504 0.016948824 0.0138288244 6.290066e-03 0.0018902640 0.009876780
   88    1      1      0    0      1      -1      -1   125  0.021800028 0.2145736 0.1896085 0.1270504 0.10716182 0.11152942 0.08476443 0.031829390 0.02354324 0.02648121 0.011919225 0.0124689119 1.071391e-02 0.0161671290 0.010388863
   92    1      1      0    0      1      -1      -1   125  0.052668324 0.1826384 0.2372929 0.1449626 0.09244249 0.11750683 0.06551598 0.020650594 0.02027525 0.01202655 0.015896108 0.0124644225 1.783088e-03 0.0116728055 0.012203707
   96    1      1      0    0      1      -1      -1   125  0.032148831 0.1539638 0.2326930 0.1651280 0.10189137 0.08029464 0.06341072 0.039312249 0.03145377 0.02542175 0.026867649 0.0141239556 5.116140e-03 0.0111749615 0.016999215
  100    1      1      0    0      1      -1      -1   125  0.033031081 0.2965512 0.1709821 0.1808438 0.07834309 0.08860890 0.04819061 0.018478617 0.01548811 0.03991607 0.008040723 0.0057742884 1.085962e-02 0.0027693847 0.002122383
   76    1      2      0    0      1      -1      -1   500  0.150487495 0.2502831 0.1743098 0.1394788 0.07278983 0.05359071 0.03671523 0.024436185 0.01304040 0.01843065 0.014188524 0.0044013823 1.468557e-02 0.0055006491 0.027661719
   78    1      2      0    0      1      -1      -1   500  0.160838293 0.2585014 0.1676427 0.1023910 0.06758242 0.06224258 0.04689291 0.039066704 0.04077869 0.01500811 0.012642373 0.0044262239 7.276039e-03 0.0021964076 0.012514167
   80    1      2      0    0      1      -1      -1   500  0.144455391 0.1925873 0.1684327 0.1224136 0.10370834 0.06855740 0.05702121 0.035792830 0.02684560 0.02076603 0.018291897 0.0088882117 1.262124e-02 0.0031763883 0.016441930
   82    1      2      0    0      1      -1      -1   500  0.154438845 0.2088140 0.1660144 0.1215006 0.10033716 0.07909658 0.04852472 0.027886956 0.02246032 0.02007505 0.007303358 0.0117252638 9.409671e-03 0.0062058402 0.016207234
   84    1      2      0    0      1      -1      -1   500  0.123588030 0.2380567 0.1700652 0.1399903 0.07125966 0.07900618 0.05790673 0.025286792 0.02730688 0.01943651 0.021895499 0.0079933878 5.630466e-03 0.0009728138 0.011604897
   86    1      2      0    0      1      -1      -1   500  0.139287471 0.2057193 0.2179541 0.1150398 0.07517797 0.05317163 0.05558826 0.044153574 0.02459567 0.01345766 0.009567268 0.0189381934 1.133093e-02 0.0059574039 0.010060697
   88    1      2      0    0      1      -1      -1   500  0.108706392 0.2449151 0.1654457 0.1345399 0.10032899 0.05704954 0.05471643 0.029893231 0.02510581 0.01222744 0.019408615 0.0115320444 4.796697e-03 0.0026745223 0.028659595
   90    1      2      0    0      1      -1      -1   500  0.132237729 0.1967170 0.1816621 0.1263181 0.10102089 0.07591543 0.07052936 0.027746293 0.02514012 0.01661343 0.012950558 0.0092917146 3.873897e-03 0.0036786910 0.016304714
   92    1      2      0    0      1      -1      -1   500  0.134228556 0.2263176 0.2058716 0.1123606 0.09298844 0.06271744 0.05229585 0.021084570 0.03417890 0.01479363 0.010521960 0.0132228354 6.007945e-03 0.0021476997 0.011262414
   94    1      2      0    0      1      -1      -1   500  0.123960060 0.2507475 0.1746274 0.1093292 0.08617433 0.05874391 0.05886139 0.030469006 0.04421121 0.01821886 0.006388648 0.0082133532 8.916510e-03 0.0023169836 0.018821672
   96    1      2      0    0      1      -1      -1   500  0.117984904 0.2627936 0.1652832 0.1201407 0.10066919 0.06742522 0.03822916 0.033699855 0.02038525 0.02012160 0.020269378 0.0117333627 4.026534e-03 0.0043484650 0.012889607
   98    1      2      0    0      1      -1      -1   500  0.132417588 0.2257419 0.1687757 0.1131782 0.12419627 0.06581748 0.03625757 0.042818486 0.02047460 0.01673107 0.015145163 0.0090631686 9.579052e-03 0.0092173596 0.010586413
  100    1      2      0    0      1      -1      -1   500  0.151538252 0.2339277 0.1675973 0.1217294 0.07133438 0.05623797 0.05344770 0.033622277 0.02647273 0.01584291 0.012723234 0.0116269228 1.157739e-02 0.0052498843 0.027071895
   26    1      1      0    0      1       6       6     1  1.000000000 0.0000000 0.0000000 0.0000000 0.00000000 0.00000000 0.00000000 0.000000000 0.00000000 0.00000000 0.000000000 0.0000000000 0.000000e+00 0.0000000000 0.000000000
   26    1      1      0    0      1       9       9     5  5.000000000 0.0000000 0.0000000 0.0000000 0.00000000 0.00000000 0.00000000 0.000000000 0.00000000 0.00000000 0.000000000 0.0000000000 0.000000e+00 0.0000000000 0.000000000
   26    1      1      0    0      1      10      10     2  2.000000000 0.0000000 0.0000000 0.0000000 0.00000000 0.00000000 0.00000000 0.000000000 0.00000000 0.00000000 0.000000000 0.0000000000 0.000000e+00 0.0000000000 0.000000000
   26    1      1      0    0      1      11      11     6  6.000000000 0.0000000 0.0000000 0.0000000 0.00000000 0.00000000 0.00000000 0.000000000 0.00000000 0.00000000 0.000000000 0.0000000000 0.000000e+00 0.0000000000 0.000000000
   26    1      1      0    0      1      12      12     1  1.000000000 0.0000000 0.0000000 0.0000000 0.00000000 0.00000000 0.00000000 0.000000000 0.00000000 0.00000000 0.000000000 0.0000000000 0.000000e+00 0.0000000000 0.000000000
   26    1      1      0    0      1      13      13     2  2.000000000 0.0000000 0.0000000 0.0000000 0.00000000 0.00000000 0.00000000 0.000000000 0.00000000 0.00000000 0.000000000 0.0000000000 0.000000e+00 0.0000000000 0.000000000
   26    1      1      0    0      1      14      14     3  3.000000000 0.0000000 0.0000000 0.0000000 0.00000000 0.00000000 0.00000000 0.000000000 0.00000000 0.00000000 0.000000000 0.0000000000 0.000000e+00 0.0000000000 0.000000000
   26    1      1      0    0      1      15      15     2  2.000000000 0.0000000 0.0000000 0.0000000 0.00000000 0.00000000 0.00000000 0.000000000 0.00000000 0.00000000 0.000000000 0.0000000000 0.000000e+00 0.0000000000 0.000000000
   26    1      1      0    0      1      16      16     8  8.000000000 0.0000000 0.0000000 0.0000000 0.00000000 0.00000000 0.00000000 0.000000000 0.00000000 0.00000000 0.000000000 0.0000000000 0.000000e+00 0.0000000000 0.000000000
   26    1      1      0    0      1      17      17     3  3.000000000 0.0000000 0.0000000 0.0000000 0.00000000 0.00000000 0.00000000 0.000000000 0.00000000 0.00000000 0.000000000 0.0000000000 0.000000e+00 0.0000000000 0.000000000
   26    1      1      0    0      1      18      18     1  1.000000000 0.0000000 0.0000000 0.0000000 0.00000000 0.00000000 0.00000000 0.000000000 0.00000000 0.00000000 0.000000000 0.0000000000 0.000000e+00 0.0000000000 0.000000000
   26    1      1      0    0      1      19      19     1  1.000000000 0.0000000 0.0000000 0.0000000 0.00000000 0.00000000 0.00000000 0.000000000 0.00000000 0.00000000 0.000000000 0.0000000000 0.000000e+00 0.0000000000 0.000000000
   26    1      1      0    0      1      20      20     3  3.000000000 0.0000000 0.0000000 0.0000000 0.00000000 0.00000000 0.00000000 0.000000000 0.00000000 0.00000000 0.000000000 0.0000000000 0.000000e+00 0.0000000000 0.000000000
   26    1      1      0    0      1      22      22     9  9.000000000 0.0000000 0.0000000 0.0000000 0.00000000 0.00000000 0.00000000 0.000000000 0.00000000 0.00000000 0.000000000 0.0000000000 0.000000e+00 0.0000000000 0.000000000
   26    1      1      0    0      1      24      24     3  3.000000000 0.0000000 0.0000000 0.0000000 0.00000000 0.00000000 0.00000000 0.000000000 0.00000000 0.00000000 0.000000000 0.0000000000 0.000000e+00 0.0000000000 0.000000000
   26    1      1      0    0      1      26      26    10 10.000000000 0.0000000 0.0000000 0.0000000 0.00000000 0.00000000 0.00000000 0.000000000 0.00000000 0.00000000 0.000000000 0.0000000000 0.000000e+00 0.0000000000 0.000000000
   26    1      1      0    0      1      27      27     1  0.000000000 1.0000000 0.0000000 0.0000000 0.00000000 0.00000000 0.00000000 0.000000000 0.00000000 0.00000000 0.000000000 0.0000000000 0.000000e+00 0.0000000000 0.000000000
   26    1      1      0    0      1      28      28     1  1.000000000 0.0000000 0.0000000 0.0000000 0.00000000 0.00000000 0.00000000 0.000000000 0.00000000 0.00000000 0.000000000 0.0000000000 0.000000e+00 0.0000000000 0.000000000
   26    1      1      0    0      1      29      29     8  3.000000000 5.0000000 0.0000000 0.0000000 0.00000000 0.00000000 0.00000000 0.000000000 0.00000000 0.00000000 0.000000000 0.0000000000 0.000000e+00 0.0000000000 0.000000000
   26    1      1      0    0      1      30      30     2  1.000000000 1.0000000 0.0000000 0.0000000 0.00000000 0.00000000 0.00000000 0.000000000 0.00000000 0.00000000 0.000000000 0.0000000000 0.000000e+00 0.0000000000 0.000000000
   26    1      1      0    0      1      31      31     3  0.000000000 3.0000000 0.0000000 0.0000000 0.00000000 0.00000000 0.00000000 0.000000000 0.00000000 0.00000000 0.000000000 0.0000000000 0.000000e+00 0.0000000000 0.000000000
   26    1      1      0    0      1      32      32     2  0.000000000 2.0000000 0.0000000 0.0000000 0.00000000 0.00000000 0.00000000 0.000000000 0.00000000 0.00000000 0.000000000 0.0000000000 0.000000e+00 0.0000000000 0.000000000
   26    1      1      0    0      1      33      33     1  0.000000000 1.0000000 0.0000000 0.0000000 0.00000000 0.00000000 0.00000000 0.000000000 0.00000000 0.00000000 0.000000000 0.0000000000 0.000000e+00 0.0000000000 0.000000000
   26    1      1      0    0      1      34      34     2  0.000000000 2.0000000 0.0000000 0.0000000 0.00000000 0.00000000 0.00000000 0.000000000 0.00000000 0.00000000 0.000000000 0.0000000000 0.000000e+00 0.0000000000 0.000000000
   26    1      1      0    0      1      35      35     2  0.000000000 1.0000000 1.0000000 0.0000000 0.00000000 0.00000000 0.00000000 0.000000000 0.00000000 0.00000000 0.000000000 0.0000000000 0.000000e+00 0.0000000000 0.000000000
   26    1      1      0    0      1      36      36     2  0.000000000 2.0000000 0.0000000 0.0000000 0.00000000 0.00000000 0.00000000 0.000000000 0.00000000 0.00000000 0.000000000 0.0000000000 0.000000e+00 0.0000000000 0.000000000
   26    1      1      0    0      1      37      37     4  0.000000000 4.0000000 0.0000000 0.0000000 0.00000000 0.00000000 0.00000000 0.000000000 0.00000000 0.00000000 0.000000000 0.0000000000 0.000000e+00 0.0000000000 0.000000000
   26    1      1      0    0      1      38      38     1  0.000000000 1.0000000 0.0000000 0.0000000 0.00000000 0.00000000 0.00000000 0.000000000 0.00000000 0.00000000 0.000000000 0.0000000000 0.000000e+00 0.0000000000 0.000000000
   26    1      1      0    0      1      39      39     5  0.000000000 5.0000000 0.0000000 0.0000000 0.00000000 0.00000000 0.00000000 0.000000000 0.00000000 0.00000000 0.000000000 0.0000000000 0.000000e+00 0.0000000000 0.000000000
   26    1      1      0    0      1      41      41     1  0.000000000 1.0000000 0.0000000 0.0000000 0.00000000 0.00000000 0.00000000 0.000000000 0.00000000 0.00000000 0.000000000 0.0000000000 0.000000e+00 0.0000000000 0.000000000
   26    1      1      0    0      1      42      42     2  0.000000000 1.0000000 1.0000000 0.0000000 0.00000000 0.00000000 0.00000000 0.000000000 0.00000000 0.00000000 0.000000000 0.0000000000 0.000000e+00 0.0000000000 0.000000000
   26    1      1      0    0      1      43      43     3  0.000000000 2.0000000 1.0000000 0.0000000 0.00000000 0.00000000 0.00000000 0.000000000 0.00000000 0.00000000 0.000000000 0.0000000000 0.000000e+00 0.0000000000 0.000000000
   92    1      1      0    0      1       4       4     2  2.000000000 0.0000000 0.0000000 0.0000000 0.00000000 0.00000000 0.00000000 0.000000000 0.00000000 0.00000000 0.000000000 0.0000000000 0.000000e+00 0.0000000000 0.000000000
   92    1      1      0    0      1       5       5     3  3.000000000 0.0000000 0.0000000 0.0000000 0.00000000 0.00000000 0.00000000 0.000000000 0.00000000 0.00000000 0.000000000 0.0000000000 0.000000e+00 0.0000000000 0.000000000
   92    1      1      0    0      1       6       6     2  2.000000000 0.0000000 0.0000000 0.0000000 0.00000000 0.00000000 0.00000000 0.000000000 0.00000000 0.00000000 0.000000000 0.0000000000 0.000000e+00 0.0000000000 0.000000000
   92    1      1      0    0      1       8       8     3  3.000000000 0.0000000 0.0000000 0.0000000 0.00000000 0.00000000 0.00000000 0.000000000 0.00000000 0.00000000 0.000000000 0.0000000000 0.000000e+00 0.0000000000 0.000000000
   92    1      1      0    0      1       9       9     2  2.000000000 0.0000000 0.0000000 0.0000000 0.00000000 0.00000000 0.00000000 0.000000000 0.00000000 0.00000000 0.000000000 0.0000000000 0.000000e+00 0.0000000000 0.000000000
   92    1      1      0    0      1      10      10     5  5.000000000 0.0000000 0.0000000 0.0000000 0.00000000 0.00000000 0.00000000 0.000000000 0.00000000 0.00000000 0.000000000 0.0000000000 0.000000e+00 0.0000000000 0.000000000
   92    1      1      0    0      1      11      11     6  6.000000000 0.0000000 0.0000000 0.0000000 0.00000000 0.00000000 0.00000000 0.000000000 0.00000000 0.00000000 0.000000000 0.0000000000 0.000000e+00 0.0000000000 0.000000000
   92    1      1      0    0      1      12      12     7  7.000000000 0.0000000 0.0000000 0.0000000 0.00000000 0.00000000 0.00000000 0.000000000 0.00000000 0.00000000 0.000000000 0.0000000000 0.000000e+00 0.0000000000 0.000000000
   92    1      1      0    0      1      13      13     1  1.000000000 0.0000000 0.0000000 0.0000000 0.00000000 0.00000000 0.00000000 0.000000000 0.00000000 0.00000000 0.000000000 0.0000000000 0.000000e+00 0.0000000000 0.000000000
   92    1      1      0    0      1      14      14     4  4.000000000 0.0000000 0.0000000 0.0000000 0.00000000 0.00000000 0.00000000 0.000000000 0.00000000 0.00000000 0.000000000 0.0000000000 0.000000e+00 0.0000000000 0.000000000
   92    1      1      0    0      1      15      15     4  4.000000000 0.0000000 0.0000000 0.0000000 0.00000000 0.00000000 0.00000000 0.000000000 0.00000000 0.00000000 0.000000000 0.0000000000 0.000000e+00 0.0000000000 0.000000000
   92    1      1      0    0      1      16      16     7  7.000000000 0.0000000 0.0000000 0.0000000 0.00000000 0.00000000 0.00000000 0.000000000 0.00000000 0.00000000 0.000000000 0.0000000000 0.000000e+00 0.0000000000 0.000000000
   92    1      1      0    0      1      17      17     4  4.000000000 0.0000000 0.0000000 0.0000000 0.00000000 0.00000000 0.00000000 0.000000000 0.00000000 0.00000000 0.000000000 0.0000000000 0.000000e+00 0.0000000000 0.000000000
   92    1      1      0    0      1      18      18     1  1.000000000 0.0000000 0.0000000 0.0000000 0.00000000 0.00000000 0.00000000 0.000000000 0.00000000 0.00000000 0.000000000 0.0000000000 0.000000e+00 0.0000000000 0.000000000
   92    1      1      0    0      1      19      19     5  5.000000000 0.0000000 0.0000000 0.0000000 0.00000000 0.00000000 0.00000000 0.000000000 0.00000000 0.00000000 0.000000000 0.0000000000 0.000000e+00 0.0000000000 0.000000000
   92    1      1      0    0      1      20      20     7  7.000000000 0.0000000 0.0000000 0.0000000 0.00000000 0.00000000 0.00000000 0.000000000 0.00000000 0.00000000 0.000000000 0.0000000000 0.000000e+00 0.0000000000 0.000000000
   92    1      1      0    0      1      21      21     6  6.000000000 0.0000000 0.0000000 0.0000000 0.00000000 0.00000000 0.00000000 0.000000000 0.00000000 0.00000000 0.000000000 0.0000000000 0.000000e+00 0.0000000000 0.000000000
   92    1      1      0    0      1      22      22     1  1.000000000 0.0000000 0.0000000 0.0000000 0.00000000 0.00000000 0.00000000 0.000000000 0.00000000 0.00000000 0.000000000 0.0000000000 0.000000e+00 0.0000000000 0.000000000
   92    1      1      0    0      1      23      23     5  5.000000000 0.0000000 0.0000000 0.0000000 0.00000000 0.00000000 0.00000000 0.000000000 0.00000000 0.00000000 0.000000000 0.0000000000 0.000000e+00 0.0000000000 0.000000000
   92    1      1      0    0      1      24      24     1  1.000000000 0.0000000 0.0000000 0.0000000 0.00000000 0.00000000 0.00000000 0.000000000 0.00000000 0.00000000 0.000000000 0.0000000000 0.000000e+00 0.0000000000 0.000000000
   92    1      1      0    0      1      25      25     1  1.000000000 0.0000000 0.0000000 0.0000000 0.00000000 0.00000000 0.00000000 0.000000000 0.00000000 0.00000000 0.000000000 0.0000000000 0.000000e+00 0.0000000000 0.000000000
   92    1      1      0    0      1      26      26     5  5.000000000 0.0000000 0.0000000 0.0000000 0.00000000 0.00000000 0.00000000 0.000000000 0.00000000 0.00000000 0.000000000 0.0000000000 0.000000e+00 0.0000000000 0.000000000
   92    1      1      0    0      1      27      27     1  1.000000000 0.0000000 0.0000000 0.0000000 0.00000000 0.00000000 0.00000000 0.000000000 0.00000000 0.00000000 0.000000000 0.0000000000 0.000000e+00 0.0000000000 0.000000000
   92    1      1      0    0      1      28      28     4  3.000000000 1.0000000 0.0000000 0.0000000 0.00000000 0.00000000 0.00000000 0.000000000 0.00000000 0.00000000 0.000000000 0.0000000000 0.000000e+00 0.0000000000 0.000000000
   92    1      1      0    0      1      29      29     7  5.000000000 2.0000000 0.0000000 0.0000000 0.00000000 0.00000000 0.00000000 0.000000000 0.00000000 0.00000000 0.000000000 0.0000000000 0.000000e+00 0.0000000000 0.000000000
   92    1      1      0    0      1      30      30     1  1.000000000 0.0000000 0.0000000 0.0000000 0.00000000 0.00000000 0.00000000 0.000000000 0.00000000 0.00000000 0.000000000 0.0000000000 0.000000e+00 0.0000000000 0.000000000
   92    1      1      0    0      1      32      32     4  0.000000000 4.0000000 0.0000000 0.0000000 0.00000000 0.00000000 0.00000000 0.000000000 0.00000000 0.00000000 0.000000000 0.0000000000 0.000000e+00 0.0000000000 0.000000000
   92    1      1      0    0      1      34      34     1  0.000000000 1.0000000 0.0000000 0.0000000 0.00000000 0.00000000 0.00000000 0.000000000 0.00000000 0.00000000 0.000000000 0.0000000000 0.000000e+00 0.0000000000 0.000000000
0 #_N_MeanSize_at_Age_obs
0 #_N_environ_variables
0 #_N_environ_obs
0 #_N_sizefreq_methods
0 #_do_tags
0 #_morphcomp_data
#
999
