#C data file created using the SS_writedat function in the R package r4ss
#C should work with SS version: 
#C file write time: 2015-02-11 18:35:28
#
1 #_styr
100 #_endyr
1 #_nseas
12 #_months_per_seas
1 #_spawn_seas
1 #_Nfleet
2 #_Nsurveys
1 #_N_areas
Fishery%Survey%CPUE #_fleetnames
0.5 0.5 0.5 #_surveytiming_in_season
1 1 1 #_area_assignments_for_each_fishery_and_survey
1 #_units of catch:  1=bio; 2=num
0.01 #_se of log(catch) only used for init_eq_catch and for Fmethod 2 and 3
1 #_Ngenders
25 #_Nages
0 #_init_equil_catch_for_each_fishery
100 #_N_lines_of_catch_to_read
 #_Fishery year seas
         0    1    1
         0    2    1
         0    3    1
         0    4    1
         0    5    1
         0    6    1
         0    7    1
         0    8    1
         0    9    1
         0   10    1
         0   11    1
         0   12    1
         0   13    1
         0   14    1
         0   15    1
         0   16    1
         0   17    1
         0   18    1
         0   19    1
         0   20    1
         0   21    1
         0   22    1
         0   23    1
         0   24    1
         0   25    1
 444646000   26    1
 397608000   27    1
 357583000   28    1
 324161000   29    1
 296656000   30    1
 274240000   31    1
 256057000   32    1
 241314000   33    1
 229322000   34    1
 219511000   35    1
 211426000   36    1
 204710000   37    1
 199088000   38    1
 194347000   39    1
 190324000   40    1
 186891000   41    1
 183948000   42    1
 181416000   43    1
 179230000   44    1
 177337000   45    1
 175694000   46    1
 174266000   47    1
 173022000   48    1
 171937000   49    1
 170990000   50    1
 170161000   51    1
 169436000   52    1
 168801000   53    1
 168243000   54    1
 167755000   55    1
 167325000   56    1
 166948000   57    1
 166617000   58    1
 166326000   59    1
 166070000   60    1
 165844000   61    1
 165646000   62    1
 165471000   63    1
 165317000   64    1
 165182000   65    1
 165063000   66    1
 164958000   67    1
 164865000   68    1
 164784000   69    1
 164712000   70    1
 164649000   71    1
 164593000   72    1
 164544000   73    1
 164500000   74    1
 164462000   75    1
 164429000   76    1
 164399000   77    1
 164373000   78    1
 164350000   79    1
 164329000   80    1
 164311000   81    1
 164296000   82    1
 164282000   83    1
 164269000   84    1
 164258000   85    1
 164249000   86    1
 164240000   87    1
 164233000   88    1
 164227000   89    1
 164221000   90    1
 164216000   91    1
 164211000   92    1
 164207000   93    1
 164204000   94    1
 164201000   95    1
 164198000   96    1
 164195000   97    1
 164193000   98    1
 164192000   99    1
 164190000  100    1
13 #_N_cpue
 #_Fleet Units Errtype
       1     1       0
       2     1       0
       3     1       0
 #_year seas index        obs se_log
     76    1     2 1875843089    0.2
     78    1     2 1864711974    0.2
     80    1     2 1442328140    0.2
     82    1     2 1332935595    0.2
     84    1     2  932530882    0.2
     86    1     2 1442818229    0.2
     88    1     2 1317965904    0.2
     90    1     2 1209932446    0.2
     92    1     2 1729234271    0.2
     94    1     2 1934439494    0.2
     96    1     2 1123583437    0.2
     98    1     2 1136271662    0.2
    100    1     2 1477363183    0.2
0 #_N_discard_fleets
#_discard_units (1=same_as_catchunits(bio/num); 2=fraction; 3=numbers)
#_discard_errtype:  >0 for DF of T-dist(read CV below); 0 for normal with CV; -1 for normal with se; -2 for lognormal
0 #_N_discard
0 #_N_meanbodywt
1 #_DF_for_meanbodywt_T-distribution_like
2 # length bin method: 1=use databins; 2=generate from binwidth,min,max below; 3=read vector
1 # binwidth for population size comp
10 # minimum size in the population (lower edge of first bin and size at age 0.00)
200 # maximum size in the population (lower edge of last bin)
-0.001 #_comp_tail_compression
1e-05 #_add_to_comp
0 #_combine males into females at or below this bin number
45 #_N_lbins
#_lbin_vector
20 23 26 29 32 35 38 41 44 47 50 53 56 59 62 65 68 71 74 77 80 83 86 89 92 95 98 101 104 107 110 113 116 119 122 125 128 131 134 137 140 143 146 149 152
28 #_N_Length_comp_observations
 #_Yr Seas FltSvy Gender Part Nsamp           l20          l23          l26         l29         l32          l35          l38         l41        l44        l47        l50        l53        l56        l59        l62        l65        l68         l71        l74        l77        l80        l83        l86        l89        l92         l95         l98        l101       l104        l107        l110        l113        l116         l119        l122         l125         l128         l131         l134         l137         l140         l143         l146         l149         l152
   26    1      1      0    0   125  1.422737e-76 2.870119e-08 2.892283e-04 0.007860259 0.002122008 2.976168e-05 3.114384e-04 0.019949989 0.05457892 0.03469317 0.01575295 0.01137282 0.02332313 0.01711446 0.05546593 0.03032892 0.02610434 0.007083117 0.08026807 0.05042140 0.03773458 0.05039723 0.02548679 0.05126851 0.02774321 0.052457433 0.017935463 0.021553489 0.03123679 0.017891015 0.042220169 0.008966391 0.043868272 0.0387984684 0.024214178 0.0130404883 0.0070998827 3.276424e-02 5.434860e-03 3.789017e-03 1.076597e-03 7.453025e-03 4.476253e-04 3.979234e-05 1.255500e-05
   36    1      1      0    0   125 5.610654e-108 2.237222e-07 4.990087e-06 0.002128257 0.014108984 8.580808e-04 4.846369e-03 0.006816713 0.01467781 0.04024301 0.03934070 0.06965125 0.04571072 0.04662803 0.03487164 0.03248585 0.06098455 0.036645059 0.02599778 0.05501000 0.08822663 0.04370533 0.01450490 0.06393209 0.02488437 0.027324549 0.011166413 0.026185646 0.01900394 0.040550534 0.005685023 0.008637774 0.009412101 0.0089963587 0.006209615 0.0276266732 0.0009784220 2.379915e-02 4.661553e-03 3.263938e-03 2.159375e-03 5.108426e-03 4.498299e-06 1.479737e-03 1.482951e-03
   46    1      1      0    0   125  8.920206e-95 1.355696e-04 9.429021e-04 0.011094690 0.001267165 4.119899e-04 1.338899e-02 0.014013152 0.01306573 0.04126978 0.04156185 0.04839708 0.04412115 0.04083946 0.02664842 0.01955819 0.01976774 0.027265739 0.06372116 0.02573707 0.03875469 0.03713481 0.03730577 0.04696113 0.05925677 0.048953412 0.030556217 0.029817368 0.03531302 0.013679467 0.039832668 0.008032394 0.036434343 0.0133415808 0.042346589 0.0054171510 0.0041810683 6.751714e-03 2.130423e-03 2.838052e-03 7.470203e-05 7.678830e-03 1.252142e-12 1.318067e-09 2.454885e-10
   56    1      1      0    0   125  1.891554e-65 3.124293e-04 1.004636e-03 0.001837951 0.007367851 1.862295e-02 1.466073e-02 0.014488666 0.02885689 0.09230636 0.09820481 0.05807134 0.04412403 0.02786245 0.05020833 0.04816938 0.04484818 0.028133454 0.02885919 0.03825798 0.02782058 0.01493347 0.02335352 0.02343858 0.03180542 0.028624984 0.002324354 0.024990757 0.02975634 0.015292816 0.016321962 0.005691731 0.010294396 0.0072600704 0.033351711 0.0228823973 0.0125216744 1.897998e-03 2.836099e-03 1.524024e-03 7.094529e-04 1.544260e-02 2.681584e-09 2.234143e-08 7.274197e-04
   60    1      1      0    0   125  0.000000e+00 1.064334e-16 1.266479e-02 0.018749220 0.015478730 2.785788e-03 1.877726e-03 0.005421638 0.03750023 0.04981706 0.07527149 0.04416595 0.04022512 0.07881962 0.08367466 0.02195605 0.04177192 0.037647398 0.01386117 0.02568697 0.01966346 0.01853619 0.02230890 0.07592149 0.01017218 0.023501934 0.011782328 0.022666307 0.02707718 0.025175813 0.046128529 0.015201669 0.012172599 0.0306778184 0.013645525 0.0008589033 0.0037340187 7.310737e-03 2.142925e-04 5.782080e-03 4.888125e-05 4.292742e-05 7.020564e-07 1.534995e-12 1.040938e-09
   64    1      1      0    0   125 1.200849e-185 9.628522e-20 2.193879e-04 0.001793489 0.006649768 4.354722e-03 1.362678e-02 0.031025302 0.05441264 0.07618299 0.04601176 0.04410093 0.03177124 0.05034630 0.04639544 0.05146913 0.04416584 0.032024524 0.03358398 0.01779397 0.02261225 0.02581059 0.02131826 0.05862460 0.02265813 0.039402787 0.063795577 0.029459107 0.01061617 0.023820274 0.011381282 0.011680220 0.013666115 0.0043604105 0.008482141 0.0065394484 0.0021157736 9.563277e-03 1.021958e-03 2.681489e-02 1.661435e-05 6.277947e-07 3.113118e-04 8.641150e-11 1.021618e-26
   68    1      1      0    0   125  8.540944e-48 1.612623e-04 1.635384e-05 0.008242032 0.002236860 7.387106e-03 3.492213e-05 0.009555057 0.03235024 0.05234260 0.07565519 0.03007884 0.07021891 0.01813316 0.02670489 0.02947019 0.10346184 0.023758606 0.01698686 0.02578063 0.02469578 0.01342202 0.05363691 0.02064925 0.03118188 0.036757731 0.014285464 0.028118773 0.03596151 0.030972150 0.007024889 0.022269879 0.024597603 0.0239177611 0.013684540 0.0716038885 0.0069729509 1.829571e-03 2.147788e-03 1.272294e-06 1.590661e-06 5.160257e-05 1.698717e-05 4.146285e-04 3.208018e-03
   72    1      1      0    0   125  2.392132e-36 1.219580e-11 6.960194e-03 0.013435133 0.002411598 1.441064e-02 1.213740e-03 0.028031333 0.01669447 0.03205271 0.04221336 0.05522906 0.02078910 0.04376252 0.03912858 0.09292812 0.03254584 0.033870891 0.01806943 0.05603641 0.03175157 0.04297161 0.06521295 0.05599474 0.01304314 0.039290357 0.036849450 0.030234884 0.01636853 0.037399278 0.022295358 0.016270761 0.004373375 0.0191923446 0.010176688 0.0049553155 0.0006704648 7.725649e-04 5.191218e-04 1.845236e-03 2.848858e-05 4.761248e-08 5.937754e-07 5.527851e-11 6.825021e-11
   76    1      1      0    0   125  5.024298e-83 3.215773e-25 1.980591e-05 0.019094801 0.014062849 3.091437e-04 3.266776e-03 0.008557415 0.09921984 0.05974761 0.05417514 0.02127213 0.06013381 0.05730691 0.04647252 0.03928270 0.04043323 0.047815356 0.02430840 0.03256687 0.04280341 0.02306091 0.02655316 0.05208872 0.01400171 0.005840868 0.021618718 0.003979354 0.03552362 0.038714447 0.025649024 0.012790365 0.016821122 0.0140372319 0.005359571 0.0144053106 0.0030854938 1.521163e-02 4.006168e-04 6.918026e-06 1.507665e-06 7.583701e-07 5.149757e-15 2.203933e-07 6.532993e-25
   80    1      1      0    0   125 5.434722e-323 4.447409e-04 5.215247e-03 0.010823387 0.012497118 1.088588e-02 5.767108e-03 0.015202555 0.05591187 0.04670532 0.02773406 0.02677366 0.03702642 0.03242903 0.04196938 0.05720443 0.02146124 0.044784890 0.02552113 0.04632132 0.02118961 0.07263912 0.05796542 0.06582150 0.04975440 0.042787244 0.021791484 0.018072668 0.03861054 0.017895074 0.010172160 0.020785639 0.008232258 0.0001246035 0.017252923 0.0020677115 0.0031461732 3.499903e-04 5.239541e-04 1.216888e-03 8.027431e-04 4.924094e-05 3.714198e-03 3.553280e-04 3.557534e-07
   84    1      1      0    0   125  2.056598e-92 3.838628e-10 1.250636e-04 0.005826271 0.003780297 7.488645e-03 1.161890e-02 0.008641330 0.04768922 0.08496851 0.07431444 0.04002012 0.03366940 0.04272448 0.05095505 0.02783992 0.05032604 0.046881417 0.06221700 0.03655805 0.03082569 0.03111725 0.03208339 0.01369644 0.01640274 0.090919485 0.005718392 0.006348810 0.01174690 0.003446693 0.012589959 0.034200655 0.015157877 0.0135463635 0.003784493 0.0103077822 0.0034803484 3.900264e-05 2.264075e-02 2.110416e-04 1.917131e-04 5.898464e-03 1.355674e-06 2.339002e-07 3.773568e-09
   88    1      1      0    0   125 4.054259e-218 3.006596e-09 1.200478e-03 0.001548725 0.005625733 6.561309e-04 9.074293e-03 0.028381227 0.03784792 0.06370400 0.04916986 0.06144636 0.01226663 0.03085398 0.06277961 0.03395229 0.08553756 0.070798082 0.07260241 0.04309649 0.03567516 0.02032842 0.01026825 0.01986669 0.01303049 0.023981377 0.017011502 0.048716689 0.03837024 0.007680121 0.017680963 0.001195304 0.003462121 0.0149737021 0.018988546 0.0117542417 0.0124327791 1.289438e-02 9.191426e-06 1.891511e-04 4.456523e-11 1.339616e-04 5.907655e-05 1.659439e-05 7.392631e-04
   92    1      1      0    0   125 1.269862e-100 2.653087e-03 1.274280e-02 0.013926862 0.020322557 1.199580e-05 8.632516e-05 0.008425009 0.04950440 0.06209700 0.03889731 0.04788295 0.04156392 0.02850321 0.05087331 0.06337755 0.03070075 0.024296776 0.02795988 0.04245915 0.03211008 0.01927172 0.02356538 0.01625325 0.04698190 0.011130409 0.031043560 0.019467162 0.03002952 0.011453675 0.030843927 0.032366605 0.023257041 0.0018796061 0.043936096 0.0143307770 0.0127018535 2.565644e-02 1.804733e-05 2.577026e-06 2.920816e-06 1.726485e-03 5.685125e-03 1.023281e-06 1.214591e-09
   96    1      1      0    0   125  0.000000e+00 1.006895e-06 1.066440e-02 0.008901698 0.004582004 5.829625e-03 2.669761e-04 0.044930356 0.04968648 0.06368452 0.08578972 0.03864495 0.02976071 0.01479909 0.04208123 0.02100475 0.02782943 0.013549403 0.05870915 0.03269383 0.02838417 0.03652970 0.04822707 0.01535471 0.02203952 0.026207785 0.105281897 0.038029522 0.01842661 0.034211628 0.004759241 0.037588519 0.005404183 0.0005663488 0.007979356 0.0005360954 0.0035728728 7.630471e-04 1.519713e-03 1.028094e-02 6.934075e-04 2.336365e-04 1.594000e-07 5.335522e-07 1.936293e-11
  100    1      1      0    0   125  1.756145e-79 3.202958e-11 1.341476e-04 0.016376344 0.009201772 1.308968e-03 9.526088e-03 0.014127633 0.02852854 0.08308633 0.08123399 0.03952339 0.03555273 0.03119996 0.07308072 0.03903378 0.02003834 0.053765196 0.03281043 0.01580265 0.01983119 0.05086979 0.06716481 0.02020659 0.06800864 0.010048172 0.021355272 0.025322874 0.03256956 0.024560222 0.016437256 0.009437219 0.004196728 0.0223403874 0.004524650 0.0058190800 0.0052409964 1.065943e-03 3.344794e-04 1.390986e-04 5.520832e-03 7.151470e-05 8.060092e-06 4.118559e-04 1.837507e-04
   76    1      2      0    0   500  6.850578e-13 3.743368e-03 1.796285e-02 0.056936531 0.052841471 1.136295e-02 1.294622e-02 0.022916612 0.04664314 0.05280537 0.05261168 0.03172999 0.02363095 0.01967547 0.02143706 0.03252557 0.03647348 0.041723854 0.03349122 0.05270997 0.02879053 0.02576888 0.02183617 0.01437261 0.05092583 0.036484717 0.017960496 0.026587639 0.03733892 0.019588857 0.020214034 0.002636462 0.017456469 0.0112537197 0.012375111 0.0063952703 0.0048951895 3.574808e-03 2.438346e-03 5.305114e-03 1.170649e-04 6.247788e-03 1.937269e-04 1.286729e-03 1.787768e-03
   78    1      2      0    0   500  4.360857e-10 3.396912e-03 2.215975e-02 0.029952856 0.054745141 1.536049e-02 8.417969e-03 0.022723658 0.04608642 0.05782494 0.06161365 0.03029988 0.02970725 0.03052542 0.05385623 0.03134329 0.03386335 0.028513059 0.04407060 0.04126569 0.03712899 0.02769548 0.01994856 0.03047253 0.02008106 0.032618251 0.020185957 0.018516345 0.02211226 0.023460359 0.012409078 0.023437102 0.011297507 0.0126402594 0.012240669 0.0104661558 0.0066026073 3.557191e-03 3.704210e-03 1.092134e-03 3.121200e-03 3.896760e-04 8.662378e-04 2.249564e-04 4.661642e-06
   80    1      2      0    0   500  4.296134e-04 2.777697e-03 3.468229e-02 0.064976096 0.057277832 1.771786e-02 1.048338e-02 0.021422193 0.04881872 0.07799401 0.05109883 0.03703650 0.02319706 0.04123364 0.02942898 0.03857493 0.04487112 0.028890269 0.02389821 0.03292718 0.02308011 0.01922636 0.02533591 0.02742370 0.02446606 0.023149440 0.034531502 0.016382962 0.01651091 0.010928683 0.009651395 0.018848043 0.019019146 0.0076250893 0.010398874 0.0070068556 0.0040264307 1.561261e-03 1.343589e-03 2.962403e-03 4.744862e-04 2.198328e-03 1.158204e-04 1.923682e-05 5.977005e-03
   82    1      2      0    0   500  1.918881e-08 3.589887e-03 1.192594e-02 0.054438129 0.027058774 2.347947e-02 9.885521e-03 0.026101518 0.03686036 0.06208527 0.05927093 0.04493032 0.03579841 0.02648501 0.04794349 0.02948133 0.03432736 0.045021661 0.03195764 0.03997757 0.02688046 0.02138439 0.02946183 0.03158579 0.03546804 0.015609619 0.032271833 0.019755860 0.02134296 0.024103907 0.022859979 0.011550029 0.013367856 0.0190972599 0.010145194 0.0020359778 0.0027135661 2.647562e-03 4.227066e-03 1.416424e-03 9.770956e-04 3.103150e-04 9.926622e-05 6.229726e-05 6.813083e-06
   84    1      2      0    0   500  7.725825e-12 1.592972e-03 1.354869e-02 0.061705978 0.037426366 1.969996e-02 1.005582e-02 0.019191336 0.02562221 0.05355081 0.06333021 0.02975932 0.02869319 0.02505970 0.04282988 0.03509861 0.03039444 0.058671916 0.02306944 0.02777957 0.01886205 0.03010988 0.03062606 0.03152958 0.03544002 0.019033974 0.023862682 0.028427832 0.01879817 0.022136406 0.023775318 0.033683301 0.012059961 0.0123904833 0.006111416 0.0135274596 0.0110479988 4.518772e-03 7.926872e-03 2.603647e-03 3.509798e-03 1.606881e-03 5.085671e-04 5.477616e-06 8.169551e-04
   86    1      2      0    0   500  2.830460e-06 2.283505e-03 2.018254e-02 0.061145866 0.036180289 2.983960e-02 1.264651e-02 0.015527595 0.03680361 0.06283118 0.04011473 0.03684404 0.03566399 0.02945641 0.04833242 0.05101098 0.04193582 0.027999855 0.04442323 0.02876224 0.02740012 0.02296985 0.02818080 0.03177855 0.02308182 0.023508231 0.018449008 0.014481275 0.01846352 0.015979041 0.016495495 0.026558690 0.017215688 0.0139083991 0.010950277 0.0106696593 0.0022949176 6.320040e-04 5.649511e-03 6.016811e-04 6.225491e-04 9.204201e-04 3.994730e-04 5.289617e-05 6.748892e-03
   88    1      2      0    0   500  1.039072e-12 5.481382e-04 1.632888e-02 0.053084329 0.061505823 1.461141e-02 8.143894e-03 0.022941892 0.05013002 0.05824181 0.04124810 0.03798343 0.03665030 0.03214292 0.03125574 0.03837369 0.03517126 0.051564955 0.02264093 0.02745533 0.03094262 0.03014994 0.02053892 0.03980436 0.02373453 0.030385960 0.012254406 0.018212560 0.02230037 0.021904808 0.011633290 0.019600410 0.014426910 0.0085022930 0.013455567 0.0068267350 0.0060310385 1.587676e-02 7.207651e-03 9.401553e-04 3.026018e-03 2.360894e-04 1.763350e-03 1.693218e-04 5.308920e-05
   90    1      2      0    0   500  1.243630e-15 1.124526e-03 1.336118e-02 0.055582691 0.055882166 1.337273e-02 8.711298e-03 0.029944763 0.05394657 0.04338043 0.04613274 0.02215710 0.03203963 0.06412558 0.04392752 0.03356102 0.03330032 0.037836838 0.02908998 0.01692386 0.03683708 0.03187021 0.02122239 0.02920898 0.02411584 0.025649585 0.032133169 0.028937940 0.02117749 0.017412224 0.015372689 0.019029543 0.013050747 0.0132274231 0.009968167 0.0057084171 0.0050404179 4.734160e-03 3.696056e-03 1.420118e-03 7.034276e-04 1.218702e-04 1.176219e-03 2.661986e-03 1.122901e-03
   92    1      2      0    0   500  5.917271e-10 6.473889e-04 1.362645e-02 0.050516978 0.034952454 2.186227e-02 1.217477e-02 0.029911061 0.02972149 0.06220117 0.05911062 0.04099539 0.03349072 0.03960961 0.02437789 0.03375254 0.03739466 0.032256033 0.03047806 0.03120034 0.03554647 0.02790954 0.02982539 0.02200836 0.03832393 0.028056416 0.023047716 0.017013586 0.02673497 0.026875686 0.013654060 0.015609551 0.013072194 0.0209448863 0.017424924 0.0076754793 0.0023628432 5.098046e-03 2.975323e-03 2.261735e-03 4.621061e-03 6.284972e-04 1.389799e-06 4.657769e-05 1.470285e-06
   94    1      2      0    0   500  5.560719e-12 7.459742e-04 1.194498e-02 0.050289262 0.063124778 1.784740e-02 9.697340e-03 0.022978544 0.04795017 0.04955186 0.05770387 0.04669341 0.03062141 0.02998498 0.03677972 0.04749070 0.03690638 0.021214050 0.04020629 0.03552280 0.03408974 0.03162116 0.02244486 0.03152463 0.02389978 0.018353251 0.042826141 0.023280745 0.02098454 0.014045613 0.013558424 0.010105018 0.014429081 0.0039299500 0.010916559 0.0038314763 0.0136117741 4.240764e-03 1.562139e-03 1.782444e-03 8.668869e-04 1.086804e-05 3.066328e-04 5.235234e-04 8.355254e-08
   96    1      2      0    0   500  8.324177e-12 7.105580e-04 1.499961e-02 0.050251665 0.043692768 1.845781e-02 6.567472e-03 0.020143681 0.06097439 0.06754025 0.06319852 0.02717353 0.02994577 0.03358108 0.04920158 0.03059780 0.04531373 0.035221637 0.02700523 0.03203610 0.03545165 0.03529938 0.02486349 0.02340242 0.02196477 0.014280199 0.021719113 0.016970270 0.01611993 0.015811384 0.014041592 0.018155942 0.025483500 0.0120730052 0.011866627 0.0083971997 0.0047508778 3.059854e-03 4.324444e-03 1.024234e-02 3.098731e-03 1.775421e-03 2.262621e-05 1.999935e-04 1.206068e-05
   98    1      2      0    0   500  3.234223e-06 6.403409e-03 2.242441e-02 0.051314222 0.035337177 1.592987e-02 1.131992e-02 0.018473081 0.06249350 0.07631722 0.06845445 0.04598760 0.02352030 0.02356407 0.04359623 0.04004174 0.02683838 0.027567031 0.02759980 0.03419097 0.02983951 0.02642300 0.03198859 0.02355118 0.02746254 0.016173419 0.019398467 0.016204885 0.01810910 0.015632425 0.018462526 0.012691871 0.009982741 0.0150972041 0.008471977 0.0054048364 0.0091869640 1.240588e-02 1.209627e-02 1.433865e-03 5.816097e-03 1.755026e-03 2.370022e-04 8.799626e-05 7.100088e-04
  100    1      2      0    0   500  2.872726e-10 7.132509e-03 2.313641e-02 0.056904525 0.072410953 2.238034e-02 9.827404e-03 0.033158924 0.03295492 0.04299937 0.04031418 0.04758741 0.02938637 0.05163549 0.03857521 0.04349356 0.02676933 0.031350377 0.02829441 0.02068925 0.01717017 0.03233108 0.02552409 0.02358770 0.03054163 0.033892036 0.020507722 0.025700940 0.02393307 0.011959162 0.010031740 0.018968903 0.027464562 0.0097361193 0.005984122 0.0120072095 0.0034493276 4.617997e-03 2.314926e-03 4.555572e-05 2.034015e-04 6.150528e-04 2.642018e-04 1.700285e-07 1.481812e-04
15 #_N_agebins
#_agebin_vector
1 2 3 4 5 6 7 8 9 10 11 12 13 14 15
1 #_N_ageerror_definitions
 #_age0   age1   age2   age3   age4   age5   age6   age7   age8   age9  age10  age11  age12  age13  age14  age15  age16  age17  age18  age19  age20  age21  age22  age23  age24  age25
 -1.000 -1.000 -1.000 -1.000 -1.000 -1.000 -1.000 -1.000 -1.000 -1.000 -1.000 -1.000 -1.000 -1.000 -1.000 -1.000 -1.000 -1.000 -1.000 -1.000 -1.000 -1.000 -1.000 -1.000 -1.000 -1.000
  0.001  0.001  0.001  0.001  0.001  0.001  0.001  0.001  0.001  0.001  0.001  0.001  0.001  0.001  0.001  0.001  0.001  0.001  0.001  0.001  0.001  0.001  0.001  0.001  0.001  0.001
86 #_N_agecomp
1 #_Lbin_method: 1=poplenbins; 2=datalenbins; 3=lengths
-1 #_combine males into females at or below this bin number
 #_Yr Seas FltSvy Gender Part Ageerr Lbin_lo Lbin_hi Nsamp          a1        a2        a3         a4         a5         a6         a7         a8          a9         a10         a11         a12          a13          a14         a15
   26    1      1      0    0      1      -1      -1   125  0.04377125 0.1724766 0.1543919 0.08553538 0.09996578 0.08883900 0.04585051 0.06865971 0.043175344 0.053165254 0.043640863 0.026386552 0.0059788408 6.798649e-03 0.061364422
   36    1      1      0    0      1      -1      -1   125  0.02867146 0.2334317 0.1661301 0.13813860 0.12722156 0.01790974 0.03951825 0.06887341 0.043424178 0.015991449 0.020413816 0.006402626 0.0356007523 1.795216e-02 0.040320155
   46    1      1      0    0      1      -1      -1   125  0.02595911 0.2248693 0.1785367 0.16458477 0.14249152 0.05635037 0.03536716 0.05155144 0.042009169 0.020897671 0.025870688 0.004673808 0.0009248801 7.736299e-03 0.018177197
   56    1      1      0    0      1      -1      -1   125  0.04423352 0.2324762 0.2049235 0.15372405 0.07848749 0.09065752 0.05451187 0.03057600 0.015974937 0.018961701 0.008903948 0.004349033 0.0007529202 1.861718e-03 0.059605636
   60    1      1      0    0      1      -1      -1   125  0.02148063 0.2534648 0.1991571 0.13189780 0.15064802 0.04448219 0.02631605 0.01131752 0.056282348 0.019485272 0.053922069 0.010112460 0.0104294645 1.956710e-03 0.009047487
   64    1      1      0    0      1      -1      -1   125  0.03737778 0.1693316 0.2426822 0.07887828 0.10852903 0.16272126 0.06434790 0.08857870 0.013122958 0.003759910 0.012754167 0.007453399 0.0026791168 1.661753e-03 0.006122012
   68    1      1      0    0      1      -1      -1   125  0.03133197 0.1326993 0.2099446 0.16913028 0.15428697 0.10599498 0.06471438 0.05018776 0.027942469 0.021552467 0.007396873 0.003862418 0.0044647763 2.757924e-03 0.013732882
   72    1      1      0    0      1      -1      -1   125  0.01399493 0.3682656 0.1581852 0.12624250 0.05972053 0.07364255 0.04555656 0.05244559 0.030574882 0.011847974 0.002122072 0.023874467 0.0024237901 9.809850e-03 0.021293486
   76    1      1      0    0      1      -1      -1   125  0.03091671 0.3109284 0.1837625 0.15237376 0.05731797 0.08195025 0.06210175 0.01249708 0.009780357 0.021371892 0.031530050 0.016196006 0.0003514552 1.083406e-02 0.018087710
   80    1      1      0    0      1      -1      -1   125  0.03990386 0.2713333 0.1969144 0.12417419 0.09442216 0.07150029 0.04346938 0.02480347 0.023956072 0.029882436 0.019985822 0.001858481 0.0253772990 2.410320e-02 0.008315608
   84    1      1      0    0      1      -1      -1   125  0.03661789 0.1920751 0.1913020 0.13653788 0.09092103 0.12810398 0.06254576 0.05201919 0.018926938 0.027490706 0.030172846 0.001365036 0.0112481986 7.990515e-04 0.019874350
   88    1      1      0    0      1      -1      -1   125  0.04650492 0.2770515 0.1450902 0.15612405 0.09830361 0.09058901 0.06405371 0.02370513 0.035169004 0.026104871 0.002898366 0.014670798 0.0069994780 5.648886e-03 0.007086436
   92    1      1      0    0      1      -1      -1   125  0.02718487 0.3013447 0.2458356 0.13004788 0.09010248 0.05845151 0.03534332 0.02692734 0.023838785 0.003770814 0.003345869 0.016602024 0.0048518706 3.507983e-05 0.032317801
   96    1      1      0    0      1      -1      -1   125  0.07078130 0.2923240 0.1538293 0.15122703 0.11206204 0.10183861 0.02385047 0.03939998 0.006036288 0.007346599 0.014800489 0.004276448 0.0129833615 4.355343e-03 0.004888733
  100    1      1      0    0      1      -1      -1   125  0.03501910 0.2630108 0.1828934 0.10709634 0.14192900 0.07070865 0.03924780 0.02356528 0.015909614 0.030362056 0.027283259 0.004236614 0.0140946977 2.160468e-02 0.023038717
   76    1      2      0    0      1      -1      -1   500  0.18278210 0.2676947 0.1358681 0.12822207 0.06072096 0.05322826 0.04513212 0.02266635 0.029261058 0.021881547 0.022239653 0.010825269 0.0030569631 3.726819e-03 0.012694029
   78    1      2      0    0      1      -1      -1   500  0.13481056 0.2469063 0.1451523 0.13022561 0.09138505 0.06917030 0.04133626 0.03923248 0.038368158 0.022860252 0.008301996 0.010165715 0.0045065073 5.079588e-03 0.012498954
   80    1      2      0    0      1      -1      -1   500  0.16410437 0.2628217 0.1550198 0.10821942 0.08053727 0.05393556 0.03332551 0.05390687 0.013192784 0.017785617 0.015253850 0.013171739 0.0072252628 1.149609e-03 0.020350637
   82    1      2      0    0      1      -1      -1   500  0.12014859 0.2474336 0.1510350 0.12460691 0.09193116 0.07513342 0.05186837 0.04026656 0.024361007 0.020308162 0.017193559 0.007841209 0.0135100600 3.244282e-03 0.011118205
   84    1      2      0    0      1      -1      -1   500  0.15703583 0.2036313 0.1920474 0.14174988 0.09485462 0.05638712 0.04737765 0.02873990 0.020850317 0.016824389 0.012836635 0.007012687 0.0058642979 4.814272e-03 0.009973765
   86    1      2      0    0      1      -1      -1   500  0.16033390 0.1967498 0.1623294 0.12585619 0.07905817 0.06658052 0.07771947 0.03844667 0.023106129 0.013477643 0.015828763 0.012876885 0.0039429746 4.822830e-03 0.018870640
   88    1      2      0    0      1      -1      -1   500  0.15087139 0.2228941 0.1669833 0.13232690 0.08346082 0.07844553 0.03870678 0.03605867 0.017163324 0.021395399 0.009738052 0.010841687 0.0120478579 1.445468e-02 0.004611490
   90    1      2      0    0      1      -1      -1   500  0.11285883 0.2577067 0.1907819 0.10989480 0.09261930 0.08902984 0.04206565 0.01803070 0.017590580 0.013969452 0.016557069 0.009551630 0.0054902350 5.919985e-03 0.017933323
   92    1      2      0    0      1      -1      -1   500  0.14127155 0.2387977 0.1946655 0.12658782 0.06807770 0.05141995 0.05414282 0.04280086 0.026277314 0.012466794 0.014866638 0.006388007 0.0052312682 7.914371e-03 0.009091737
   94    1      2      0    0      1      -1      -1   500  0.14659524 0.2615657 0.1671156 0.10506937 0.07887897 0.07152596 0.03654166 0.02521750 0.033531767 0.017036898 0.016536439 0.007656478 0.0059426369 4.402988e-03 0.022382792
   96    1      2      0    0      1      -1      -1   500  0.15631764 0.2301758 0.1654129 0.09312778 0.08387553 0.06586904 0.06216418 0.04991799 0.026664449 0.019033248 0.011797885 0.006787170 0.0053988881 6.800303e-03 0.016657233
   98    1      2      0    0      1      -1      -1   500  0.11171748 0.2361253 0.2093347 0.12390715 0.07620744 0.07096870 0.03815351 0.03160131 0.027806145 0.016430922 0.014184757 0.011458543 0.0082813314 8.868499e-03 0.014954160
  100    1      2      0    0      1      -1      -1   500  0.11833950 0.2732730 0.1582884 0.13169484 0.08921694 0.05908324 0.03906233 0.02972762 0.029842136 0.015098823 0.007677459 0.006765400 0.0063857206 9.292907e-03 0.026251742
   60    1      1      0    0      1       3       3     1  1.00000000 0.0000000 0.0000000 0.00000000 0.00000000 0.00000000 0.00000000 0.00000000 0.000000000 0.000000000 0.000000000 0.000000000 0.0000000000 0.000000e+00 0.000000000
   60    1      1      0    0      1       4       4     5  5.00000000 0.0000000 0.0000000 0.00000000 0.00000000 0.00000000 0.00000000 0.00000000 0.000000000 0.000000000 0.000000000 0.000000000 0.0000000000 0.000000e+00 0.000000000
   60    1      1      0    0      1       5       5     1  1.00000000 0.0000000 0.0000000 0.00000000 0.00000000 0.00000000 0.00000000 0.00000000 0.000000000 0.000000000 0.000000000 0.000000000 0.0000000000 0.000000e+00 0.000000000
   60    1      1      0    0      1       9       9     5  5.00000000 0.0000000 0.0000000 0.00000000 0.00000000 0.00000000 0.00000000 0.00000000 0.000000000 0.000000000 0.000000000 0.000000000 0.0000000000 0.000000e+00 0.000000000
   60    1      1      0    0      1      10      10     4  4.00000000 0.0000000 0.0000000 0.00000000 0.00000000 0.00000000 0.00000000 0.00000000 0.000000000 0.000000000 0.000000000 0.000000000 0.0000000000 0.000000e+00 0.000000000
   60    1      1      0    0      1      11      11     9  9.00000000 0.0000000 0.0000000 0.00000000 0.00000000 0.00000000 0.00000000 0.00000000 0.000000000 0.000000000 0.000000000 0.000000000 0.0000000000 0.000000e+00 0.000000000
   60    1      1      0    0      1      12      12     3  3.00000000 0.0000000 0.0000000 0.00000000 0.00000000 0.00000000 0.00000000 0.00000000 0.000000000 0.000000000 0.000000000 0.000000000 0.0000000000 0.000000e+00 0.000000000
   60    1      1      0    0      1      13      13     1  1.00000000 0.0000000 0.0000000 0.00000000 0.00000000 0.00000000 0.00000000 0.00000000 0.000000000 0.000000000 0.000000000 0.000000000 0.0000000000 0.000000e+00 0.000000000
   60    1      1      0    0      1      14      14    10 10.00000000 0.0000000 0.0000000 0.00000000 0.00000000 0.00000000 0.00000000 0.00000000 0.000000000 0.000000000 0.000000000 0.000000000 0.0000000000 0.000000e+00 0.000000000
   60    1      1      0    0      1      15      15    12 12.00000000 0.0000000 0.0000000 0.00000000 0.00000000 0.00000000 0.00000000 0.00000000 0.000000000 0.000000000 0.000000000 0.000000000 0.0000000000 0.000000e+00 0.000000000
   60    1      1      0    0      1      16      16     2  2.00000000 0.0000000 0.0000000 0.00000000 0.00000000 0.00000000 0.00000000 0.00000000 0.000000000 0.000000000 0.000000000 0.000000000 0.0000000000 0.000000e+00 0.000000000
   60    1      1      0    0      1      17      17     3  3.00000000 0.0000000 0.0000000 0.00000000 0.00000000 0.00000000 0.00000000 0.00000000 0.000000000 0.000000000 0.000000000 0.000000000 0.0000000000 0.000000e+00 0.000000000
   60    1      1      0    0      1      18      18     4  4.00000000 0.0000000 0.0000000 0.00000000 0.00000000 0.00000000 0.00000000 0.00000000 0.000000000 0.000000000 0.000000000 0.000000000 0.0000000000 0.000000e+00 0.000000000
   60    1      1      0    0      1      19      19     3  3.00000000 0.0000000 0.0000000 0.00000000 0.00000000 0.00000000 0.00000000 0.00000000 0.000000000 0.000000000 0.000000000 0.000000000 0.0000000000 0.000000e+00 0.000000000
   60    1      1      0    0      1      20      20     1  1.00000000 0.0000000 0.0000000 0.00000000 0.00000000 0.00000000 0.00000000 0.00000000 0.000000000 0.000000000 0.000000000 0.000000000 0.0000000000 0.000000e+00 0.000000000
   60    1      1      0    0      1      22      22     2  2.00000000 0.0000000 0.0000000 0.00000000 0.00000000 0.00000000 0.00000000 0.00000000 0.000000000 0.000000000 0.000000000 0.000000000 0.0000000000 0.000000e+00 0.000000000
   60    1      1      0    0      1      24      24     5  5.00000000 0.0000000 0.0000000 0.00000000 0.00000000 0.00000000 0.00000000 0.00000000 0.000000000 0.000000000 0.000000000 0.000000000 0.0000000000 0.000000e+00 0.000000000
   60    1      1      0    0      1      25      25     2  2.00000000 0.0000000 0.0000000 0.00000000 0.00000000 0.00000000 0.00000000 0.00000000 0.000000000 0.000000000 0.000000000 0.000000000 0.0000000000 0.000000e+00 0.000000000
   60    1      1      0    0      1      26      26     4  4.00000000 0.0000000 0.0000000 0.00000000 0.00000000 0.00000000 0.00000000 0.00000000 0.000000000 0.000000000 0.000000000 0.000000000 0.0000000000 0.000000e+00 0.000000000
   60    1      1      0    0      1      28      28     1  1.00000000 0.0000000 0.0000000 0.00000000 0.00000000 0.00000000 0.00000000 0.00000000 0.000000000 0.000000000 0.000000000 0.000000000 0.0000000000 0.000000e+00 0.000000000
   60    1      1      0    0      1      29      29     4  3.00000000 1.0000000 0.0000000 0.00000000 0.00000000 0.00000000 0.00000000 0.00000000 0.000000000 0.000000000 0.000000000 0.000000000 0.0000000000 0.000000e+00 0.000000000
   60    1      1      0    0      1      30      30     4  0.00000000 3.0000000 0.0000000 0.00000000 0.00000000 0.00000000 0.00000000 0.00000000 0.000000000 0.000000000 0.000000000 1.000000000 0.0000000000 0.000000e+00 0.000000000
   60    1      1      0    0      1      31      31     6  1.00000000 5.0000000 0.0000000 0.00000000 0.00000000 0.00000000 0.00000000 0.00000000 0.000000000 0.000000000 0.000000000 0.000000000 0.0000000000 0.000000e+00 0.000000000
   60    1      1      0    0      1      32      32     2  0.00000000 2.0000000 0.0000000 0.00000000 0.00000000 0.00000000 0.00000000 0.00000000 0.000000000 0.000000000 0.000000000 0.000000000 0.0000000000 0.000000e+00 0.000000000
   60    1      1      0    0      1      33      33     1  0.00000000 1.0000000 0.0000000 0.00000000 0.00000000 0.00000000 0.00000000 0.00000000 0.000000000 0.000000000 0.000000000 0.000000000 0.0000000000 0.000000e+00 0.000000000
   60    1      1      0    0      1      34      34     2  0.00000000 2.0000000 0.0000000 0.00000000 0.00000000 0.00000000 0.00000000 0.00000000 0.000000000 0.000000000 0.000000000 0.000000000 0.0000000000 0.000000e+00 0.000000000
   60    1      1      0    0      1      35      35     1  0.00000000 1.0000000 0.0000000 0.00000000 0.00000000 0.00000000 0.00000000 0.00000000 0.000000000 0.000000000 0.000000000 0.000000000 0.0000000000 0.000000e+00 0.000000000
   60    1      1      0    0      1      38      38     1  0.00000000 1.0000000 0.0000000 0.00000000 0.00000000 0.00000000 0.00000000 0.00000000 0.000000000 0.000000000 0.000000000 0.000000000 0.0000000000 0.000000e+00 0.000000000
   60    1      1      0    0      1      40      40     1  0.00000000 1.0000000 0.0000000 0.00000000 0.00000000 0.00000000 0.00000000 0.00000000 0.000000000 0.000000000 0.000000000 0.000000000 0.0000000000 0.000000e+00 0.000000000
  100    1      1      0    0      1       4       4     1  1.00000000 0.0000000 0.0000000 0.00000000 0.00000000 0.00000000 0.00000000 0.00000000 0.000000000 0.000000000 0.000000000 0.000000000 0.0000000000 0.000000e+00 0.000000000
  100    1      1      0    0      1       8       8     1  1.00000000 0.0000000 0.0000000 0.00000000 0.00000000 0.00000000 0.00000000 0.00000000 0.000000000 0.000000000 0.000000000 0.000000000 0.0000000000 0.000000e+00 0.000000000
  100    1      1      0    0      1       9       9     2  2.00000000 0.0000000 0.0000000 0.00000000 0.00000000 0.00000000 0.00000000 0.00000000 0.000000000 0.000000000 0.000000000 0.000000000 0.0000000000 0.000000e+00 0.000000000
  100    1      1      0    0      1      10      10     5  5.00000000 0.0000000 0.0000000 0.00000000 0.00000000 0.00000000 0.00000000 0.00000000 0.000000000 0.000000000 0.000000000 0.000000000 0.0000000000 0.000000e+00 0.000000000
  100    1      1      0    0      1      11      11    13 13.00000000 0.0000000 0.0000000 0.00000000 0.00000000 0.00000000 0.00000000 0.00000000 0.000000000 0.000000000 0.000000000 0.000000000 0.0000000000 0.000000e+00 0.000000000
  100    1      1      0    0      1      12      12     4  4.00000000 0.0000000 0.0000000 0.00000000 0.00000000 0.00000000 0.00000000 0.00000000 0.000000000 0.000000000 0.000000000 0.000000000 0.0000000000 0.000000e+00 0.000000000
  100    1      1      0    0      1      13      13     2  2.00000000 0.0000000 0.0000000 0.00000000 0.00000000 0.00000000 0.00000000 0.00000000 0.000000000 0.000000000 0.000000000 0.000000000 0.0000000000 0.000000e+00 0.000000000
  100    1      1      0    0      1      14      14     7  7.00000000 0.0000000 0.0000000 0.00000000 0.00000000 0.00000000 0.00000000 0.00000000 0.000000000 0.000000000 0.000000000 0.000000000 0.0000000000 0.000000e+00 0.000000000
  100    1      1      0    0      1      15      15    10 10.00000000 0.0000000 0.0000000 0.00000000 0.00000000 0.00000000 0.00000000 0.00000000 0.000000000 0.000000000 0.000000000 0.000000000 0.0000000000 0.000000e+00 0.000000000
  100    1      1      0    0      1      16      16     4  4.00000000 0.0000000 0.0000000 0.00000000 0.00000000 0.00000000 0.00000000 0.00000000 0.000000000 0.000000000 0.000000000 0.000000000 0.0000000000 0.000000e+00 0.000000000
  100    1      1      0    0      1      17      17     4  4.00000000 0.0000000 0.0000000 0.00000000 0.00000000 0.00000000 0.00000000 0.00000000 0.000000000 0.000000000 0.000000000 0.000000000 0.0000000000 0.000000e+00 0.000000000
  100    1      1      0    0      1      18      18     5  5.00000000 0.0000000 0.0000000 0.00000000 0.00000000 0.00000000 0.00000000 0.00000000 0.000000000 0.000000000 0.000000000 0.000000000 0.0000000000 0.000000e+00 0.000000000
  100    1      1      0    0      1      19      19     3  3.00000000 0.0000000 0.0000000 0.00000000 0.00000000 0.00000000 0.00000000 0.00000000 0.000000000 0.000000000 0.000000000 0.000000000 0.0000000000 0.000000e+00 0.000000000
  100    1      1      0    0      1      20      20     1  1.00000000 0.0000000 0.0000000 0.00000000 0.00000000 0.00000000 0.00000000 0.00000000 0.000000000 0.000000000 0.000000000 0.000000000 0.0000000000 0.000000e+00 0.000000000
  100    1      1      0    0      1      21      21     1  1.00000000 0.0000000 0.0000000 0.00000000 0.00000000 0.00000000 0.00000000 0.00000000 0.000000000 0.000000000 0.000000000 0.000000000 0.0000000000 0.000000e+00 0.000000000
  100    1      1      0    0      1      22      22     3  3.00000000 0.0000000 0.0000000 0.00000000 0.00000000 0.00000000 0.00000000 0.00000000 0.000000000 0.000000000 0.000000000 0.000000000 0.0000000000 0.000000e+00 0.000000000
  100    1      1      0    0      1      23      23     8  8.00000000 0.0000000 0.0000000 0.00000000 0.00000000 0.00000000 0.00000000 0.00000000 0.000000000 0.000000000 0.000000000 0.000000000 0.0000000000 0.000000e+00 0.000000000
  100    1      1      0    0      1      24      24     1  1.00000000 0.0000000 0.0000000 0.00000000 0.00000000 0.00000000 0.00000000 0.00000000 0.000000000 0.000000000 0.000000000 0.000000000 0.0000000000 0.000000e+00 0.000000000
  100    1      1      0    0      1      25      25     7  7.00000000 0.0000000 0.0000000 0.00000000 0.00000000 0.00000000 0.00000000 0.00000000 0.000000000 0.000000000 0.000000000 0.000000000 0.0000000000 0.000000e+00 0.000000000
  100    1      1      0    0      1      26      26     1  1.00000000 0.0000000 0.0000000 0.00000000 0.00000000 0.00000000 0.00000000 0.00000000 0.000000000 0.000000000 0.000000000 0.000000000 0.0000000000 0.000000e+00 0.000000000
  100    1      1      0    0      1      27      27     1  1.00000000 0.0000000 0.0000000 0.00000000 0.00000000 0.00000000 0.00000000 0.00000000 0.000000000 0.000000000 0.000000000 0.000000000 0.0000000000 0.000000e+00 0.000000000
  100    1      1      0    0      1      28      28     2  1.00000000 1.0000000 0.0000000 0.00000000 0.00000000 0.00000000 0.00000000 0.00000000 0.000000000 0.000000000 0.000000000 0.000000000 0.0000000000 0.000000e+00 0.000000000
  100    1      1      0    0      1      29      29     2  1.00000000 1.0000000 0.0000000 0.00000000 0.00000000 0.00000000 0.00000000 0.00000000 0.000000000 0.000000000 0.000000000 0.000000000 0.0000000000 0.000000e+00 0.000000000
  100    1      1      0    0      1      30      30     2  0.00000000 2.0000000 0.0000000 0.00000000 0.00000000 0.00000000 0.00000000 0.00000000 0.000000000 0.000000000 0.000000000 0.000000000 0.0000000000 0.000000e+00 0.000000000
  100    1      1      0    0      1      31      31     1  0.00000000 1.0000000 0.0000000 0.00000000 0.00000000 0.00000000 0.00000000 0.00000000 0.000000000 0.000000000 0.000000000 0.000000000 0.0000000000 0.000000e+00 0.000000000
  100    1      1      0    0      1      32      32     1  0.00000000 1.0000000 0.0000000 0.00000000 0.00000000 0.00000000 0.00000000 0.00000000 0.000000000 0.000000000 0.000000000 0.000000000 0.0000000000 0.000000e+00 0.000000000
  100    1      1      0    0      1      34      34     5  0.00000000 5.0000000 0.0000000 0.00000000 0.00000000 0.00000000 0.00000000 0.00000000 0.000000000 0.000000000 0.000000000 0.000000000 0.0000000000 0.000000e+00 0.000000000
  100    1      1      0    0      1      36      36     1  0.00000000 1.0000000 0.0000000 0.00000000 0.00000000 0.00000000 0.00000000 0.00000000 0.000000000 0.000000000 0.000000000 0.000000000 0.0000000000 0.000000e+00 0.000000000
  100    1      1      0    0      1      37      37     2  0.00000000 2.0000000 0.0000000 0.00000000 0.00000000 0.00000000 0.00000000 0.00000000 0.000000000 0.000000000 0.000000000 0.000000000 0.0000000000 0.000000e+00 0.000000000
0 #_N_MeanSize_at_Age_obs
0 #_N_environ_variables
0 #_N_environ_obs
0 #_N_sizefreq_methods
0 #_do_tags
0 #_morphcomp_data
#
999
