#C data file created using the SS_writedat function in the R package r4ss
#C should work with SS version: 
#C file write time: 2015-02-11 18:36:21
#
1 #_styr
100 #_endyr
1 #_nseas
12 #_months_per_seas
1 #_spawn_seas
1 #_Nfleet
2 #_Nsurveys
1 #_N_areas
Fishery%Survey%CPUE #_fleetnames
0.5 0.5 0.5 #_surveytiming_in_season
1 1 1 #_area_assignments_for_each_fishery_and_survey
1 #_units of catch:  1=bio; 2=num
0.01 #_se of log(catch) only used for init_eq_catch and for Fmethod 2 and 3
1 #_Ngenders
25 #_Nages
0 #_init_equil_catch_for_each_fishery
100 #_N_lines_of_catch_to_read
 #_Fishery year seas
         0    1    1
         0    2    1
         0    3    1
         0    4    1
         0    5    1
         0    6    1
         0    7    1
         0    8    1
         0    9    1
         0   10    1
         0   11    1
         0   12    1
         0   13    1
         0   14    1
         0   15    1
         0   16    1
         0   17    1
         0   18    1
         0   19    1
         0   20    1
         0   21    1
         0   22    1
         0   23    1
         0   24    1
         0   25    1
 444646000   26    1
 397608000   27    1
 357583000   28    1
 324161000   29    1
 296656000   30    1
 274240000   31    1
 256057000   32    1
 241314000   33    1
 229322000   34    1
 219511000   35    1
 211426000   36    1
 204710000   37    1
 199088000   38    1
 194347000   39    1
 190324000   40    1
 186891000   41    1
 183948000   42    1
 181416000   43    1
 179230000   44    1
 177337000   45    1
 175694000   46    1
 174266000   47    1
 173022000   48    1
 171937000   49    1
 170990000   50    1
 170161000   51    1
 169436000   52    1
 168801000   53    1
 168243000   54    1
 167755000   55    1
 167325000   56    1
 166948000   57    1
 166617000   58    1
 166326000   59    1
 166070000   60    1
 165844000   61    1
 165646000   62    1
 165471000   63    1
 165317000   64    1
 165182000   65    1
 165063000   66    1
 164958000   67    1
 164865000   68    1
 164784000   69    1
 164712000   70    1
 164649000   71    1
 164593000   72    1
 164544000   73    1
 164500000   74    1
 164462000   75    1
 164429000   76    1
 164399000   77    1
 164373000   78    1
 164350000   79    1
 164329000   80    1
 164311000   81    1
 164296000   82    1
 164282000   83    1
 164269000   84    1
 164258000   85    1
 164249000   86    1
 164240000   87    1
 164233000   88    1
 164227000   89    1
 164221000   90    1
 164216000   91    1
 164211000   92    1
 164207000   93    1
 164204000   94    1
 164201000   95    1
 164198000   96    1
 164195000   97    1
 164193000   98    1
 164192000   99    1
 164190000  100    1
13 #_N_cpue
 #_Fleet Units Errtype
       1     1       0
       2     1       0
       3     1       0
 #_year seas index        obs se_log
     76    1     2 1306943473    0.2
     78    1     2 1529038099    0.2
     80    1     2 1235586803    0.2
     82    1     2 1512939385    0.2
     84    1     2 1044082525    0.2
     86    1     2 1733017707    0.2
     88    1     2  939783843    0.2
     90    1     2 1130118250    0.2
     92    1     2 1097383953    0.2
     94    1     2 1466835394    0.2
     96    1     2  942099995    0.2
     98    1     2 1333070789    0.2
    100    1     2 1334091131    0.2
0 #_N_discard_fleets
#_discard_units (1=same_as_catchunits(bio/num); 2=fraction; 3=numbers)
#_discard_errtype:  >0 for DF of T-dist(read CV below); 0 for normal with CV; -1 for normal with se; -2 for lognormal
0 #_N_discard
0 #_N_meanbodywt
1 #_DF_for_meanbodywt_T-distribution_like
2 # length bin method: 1=use databins; 2=generate from binwidth,min,max below; 3=read vector
1 # binwidth for population size comp
10 # minimum size in the population (lower edge of first bin and size at age 0.00)
200 # maximum size in the population (lower edge of last bin)
-0.001 #_comp_tail_compression
1e-05 #_add_to_comp
0 #_combine males into females at or below this bin number
45 #_N_lbins
#_lbin_vector
20 23 26 29 32 35 38 41 44 47 50 53 56 59 62 65 68 71 74 77 80 83 86 89 92 95 98 101 104 107 110 113 116 119 122 125 128 131 134 137 140 143 146 149 152
28 #_N_Length_comp_observations
 #_Yr Seas FltSvy Gender Part Nsamp           l20          l23          l26          l29         l32         l35          l38         l41        l44        l47        l50        l53        l56        l59         l62        l65        l68        l71        l74         l77         l80        l83         l86        l89        l92         l95        l98        l101        l104        l107        l110        l113        l116        l119        l122         l125         l128         l131         l134         l137         l140         l143         l146         l149         l152
   26    1      1      0    0   125 4.066471e-177 2.144900e-13 4.360268e-06 0.0015334846 0.002209148 0.003608497 0.0025983039 0.001936030 0.02872859 0.03704741 0.03051649 0.04562735 0.04523037 0.04508171 0.042833828 0.02407714 0.06120289 0.07511983 0.04354442 0.041918896 0.037980154 0.01546613 0.029427335 0.01771739 0.02561611 0.026624337 0.01788540 0.009648124 0.026719508 0.025051099 0.043342119 0.035711341 0.043786940 0.016457113 0.027223626 0.0081385449 0.0019845054 0.0114203599 1.143532e-02 2.804145e-03 6.057578e-03 1.021392e-04 2.354044e-02 1.166140e-03 1.875346e-03
   36    1      1      0    0   125  4.673512e-08 3.340847e-06 4.352727e-04 0.0023104690 0.009484586 0.007767858 0.0050982036 0.012752248 0.03886138 0.05363432 0.04258069 0.04434444 0.02536364 0.03527824 0.044944687 0.03799081 0.05830867 0.02723185 0.06570183 0.048475100 0.023116716 0.04368163 0.057030124 0.02907213 0.02350535 0.021188490 0.04555859 0.022727997 0.039610604 0.003068453 0.007475230 0.034847370 0.019735611 0.010548509 0.012146966 0.0049404576 0.0066559908 0.0179700767 3.117254e-03 3.356551e-04 5.865260e-04 1.040083e-02 5.589784e-05 6.959714e-11 2.055856e-03
   46    1      1      0    0   125  1.322880e-95 8.297355e-37 7.787759e-04 0.0003954358 0.032317976 0.002526318 0.0042458771 0.018133971 0.04944606 0.04986510 0.06222234 0.01992360 0.01547630 0.03547983 0.052017580 0.09024540 0.05962803 0.03610303 0.04363994 0.008293078 0.006313574 0.02284897 0.025541466 0.03013092 0.02541281 0.026318514 0.03775553 0.040562033 0.034120170 0.027642326 0.026952776 0.007267716 0.003283892 0.010428346 0.009471563 0.0187740474 0.0200250521 0.0155998913 3.738132e-03 8.041798e-03 9.358236e-03 9.664783e-03 2.633094e-14 1.560147e-09 8.814880e-06
   56    1      1      0    0   125 1.209148e-232 2.329948e-15 8.015197e-04 0.0042887645 0.036934296 0.006308663 0.0064658613 0.054891071 0.05471566 0.03603478 0.06369405 0.03457816 0.02658391 0.03773862 0.041790587 0.03426877 0.01994015 0.01946697 0.04228037 0.036745737 0.044340146 0.05597440 0.012794279 0.03088023 0.05914876 0.035327964 0.02119071 0.040920167 0.005795598 0.039732572 0.014582133 0.014616288 0.006003285 0.002563122 0.014706936 0.0109198559 0.0004898929 0.0001717804 7.937436e-03 2.402686e-04 2.060351e-04 6.609533e-04 4.987150e-05 2.226030e-03 2.099333e-02
   60    1      1      0    0   125  5.777098e-85 1.081684e-07 8.216685e-04 0.0006997641 0.019392070 0.019926952 0.0003678044 0.007768859 0.06518548 0.05730862 0.03761068 0.05435735 0.03106902 0.05537945 0.053648457 0.01464379 0.06976427 0.02621993 0.02063541 0.022892215 0.026844358 0.03512288 0.040287289 0.03055672 0.05703363 0.021342407 0.01362457 0.021297419 0.035362722 0.036316281 0.012419325 0.032657561 0.006682802 0.008927533 0.019628715 0.0187977635 0.0025326019 0.0104712945 4.260626e-03 8.520020e-07 7.604126e-03 4.389035e-04 1.773268e-09 1.207272e-09 9.772134e-05
   64    1      1      0    0   125 1.027162e-320 1.221730e-10 1.425214e-04 0.0112486437 0.075314752 0.017909331 0.0002104717 0.021785765 0.07271552 0.06048123 0.04937359 0.05649950 0.02299976 0.04227901 0.016559636 0.04183071 0.05734336 0.03380845 0.01805250 0.028295485 0.079612037 0.03909462 0.024174314 0.01270924 0.01976877 0.009357067 0.02162857 0.019298210 0.020217202 0.007718749 0.022332985 0.015202994 0.015313217 0.026529542 0.004249898 0.0104152694 0.0106690841 0.0069657766 2.065578e-03 3.886716e-03 2.692053e-04 6.395128e-06 2.152203e-04 1.449104e-03 3.365982e-09
   68    1      1      0    0   125 2.040610e-271 1.192217e-05 4.247211e-04 0.0083839151 0.015140352 0.011770155 0.0058231608 0.009379798 0.03135383 0.10360520 0.05521726 0.04763598 0.04641959 0.04123468 0.040437001 0.03811965 0.05174036 0.04113187 0.03572722 0.037900407 0.067598279 0.02286651 0.031780952 0.03417406 0.02038286 0.027606158 0.01253198 0.014031025 0.023776426 0.016605960 0.007803839 0.019432452 0.006363401 0.024605002 0.018349296 0.0128916400 0.0007554092 0.0003829252 1.982795e-03 1.440198e-02 6.606152e-05 1.537181e-04 8.193893e-09 3.077663e-16 1.983462e-07
   72    1      1      0    0   125 8.014580e-226 2.710187e-05 2.642477e-05 0.0131720273 0.003809321 0.012281923 0.0030513902 0.027153540 0.09085031 0.05193015 0.05475479 0.05366097 0.02604844 0.03791516 0.037996367 0.02139510 0.04199328 0.03923412 0.03782438 0.021036264 0.057565861 0.06557475 0.019185565 0.06934801 0.01890188 0.031885857 0.03303669 0.019694032 0.024869373 0.010217454 0.015266957 0.005332527 0.016542664 0.006371358 0.003400770 0.0038532071 0.0032546080 0.0137583696 8.874847e-04 2.559369e-06 5.427762e-03 7.515129e-04 6.777016e-04 3.391115e-10 3.198554e-05
   76    1      1      0    0   125  1.153757e-51 1.324812e-12 3.913563e-04 0.0087047225 0.019304061 0.007747777 0.0250635744 0.013459901 0.03091871 0.05383146 0.06771094 0.01689493 0.05072564 0.05030509 0.065727882 0.03261927 0.04863626 0.05456820 0.04866663 0.063093352 0.012404371 0.03632147 0.025506716 0.02458331 0.01563843 0.035306723 0.02747127 0.007919755 0.039229565 0.008653464 0.004909493 0.007286617 0.024972502 0.014919399 0.008694340 0.0104159130 0.0110158170 0.0042639316 1.466178e-02 9.583369e-05 9.117081e-08 6.970955e-03 3.436797e-04 1.889897e-06 4.293776e-05
   80    1      1      0    0   125 2.025920e-267 3.706141e-11 9.523505e-03 0.0046180639 0.003745577 0.013397481 0.0002049252 0.006092439 0.06656561 0.08955131 0.05835684 0.04092252 0.04003815 0.03904249 0.020480365 0.04002641 0.04428860 0.01686290 0.04439273 0.031779097 0.023050088 0.01258331 0.015767874 0.04875152 0.03458328 0.034945634 0.01711512 0.035152481 0.011630037 0.034919711 0.030593571 0.033343359 0.046808521 0.009804376 0.007997487 0.0009914145 0.0002848249 0.0094944427 5.135338e-03 4.534965e-03 9.609081e-06 1.246323e-02 1.499044e-04 1.711544e-10 8.828822e-07
   84    1      1      0    0   125 1.006946e-160 6.851936e-19 3.273659e-02 0.0127288079 0.016154589 0.003748954 0.0080779483 0.028001180 0.05360602 0.03828392 0.05866709 0.02846500 0.02768908 0.02669568 0.007914704 0.10349588 0.03425312 0.01595227 0.08572980 0.028685216 0.014725025 0.03129584 0.032478083 0.04149755 0.02885282 0.039704572 0.02894501 0.007356247 0.012915697 0.007776882 0.024815568 0.020046477 0.020537874 0.043824377 0.001431841 0.0049092202 0.0003103029 0.0100023877 3.991928e-03 7.616656e-05 2.132310e-05 1.301854e-12 1.116251e-04 9.195621e-03 4.291694e-03
   88    1      1      0    0   125  5.409272e-53 9.119717e-24 9.756120e-07 0.0150965013 0.009231722 0.003629866 0.0003850835 0.041381210 0.06296059 0.06096260 0.03265153 0.02105023 0.02831644 0.02567270 0.052732204 0.03995541 0.04697558 0.04021850 0.04555354 0.038314759 0.036987895 0.01978278 0.009977517 0.02624045 0.01584485 0.079239388 0.01750782 0.035675747 0.050817773 0.004220500 0.034653402 0.035155942 0.024155287 0.004244951 0.015063220 0.0103070452 0.0024824248 0.0017317366 3.722156e-03 5.611455e-03 2.644783e-04 1.628114e-04 9.547083e-04 2.732198e-05 7.888312e-05
   92    1      1      0    0   125  3.375744e-90 1.271056e-08 1.478551e-04 0.0002250625 0.036180454 0.009213217 0.0057749276 0.021162785 0.01751267 0.08223945 0.07396727 0.04838476 0.02814845 0.02365307 0.025896190 0.08187991 0.05214731 0.02864808 0.03974722 0.022134286 0.045867026 0.02660508 0.054307616 0.04132886 0.01431923 0.015374867 0.02879340 0.015550622 0.023640838 0.009350830 0.026044259 0.002316926 0.011937538 0.006521674 0.056297774 0.0060809314 0.0041038263 0.0017699741 8.143184e-03 2.574216e-03 1.759848e-04 3.626116e-04 1.455951e-03 1.003378e-08 1.379470e-05
   96    1      1      0    0   125 1.568575e-130 6.559237e-09 7.004001e-04 0.0221543972 0.004848771 0.007556323 0.0019401653 0.029379382 0.04728097 0.07417929 0.03037350 0.02746769 0.05037796 0.05526343 0.029627781 0.03824201 0.02342186 0.03242112 0.02215112 0.068364584 0.048025572 0.04813745 0.038917624 0.05468362 0.01951094 0.022745753 0.01511232 0.054508087 0.013902695 0.008784825 0.030025484 0.005639466 0.001647791 0.004272611 0.019537299 0.0059317231 0.0070921555 0.0004684588 1.451354e-06 3.403277e-03 6.321702e-05 1.219338e-05 3.179162e-02 3.361307e-05 1.753184e-12
  100    1      1      0    0   125  2.791276e-06 3.144757e-32 2.974521e-03 0.0153570439 0.004866933 0.010560165 0.0088248852 0.007229938 0.04288150 0.05888038 0.03371608 0.03625758 0.03520953 0.02405861 0.054642461 0.05185866 0.02695379 0.03013412 0.03315026 0.061933365 0.067539447 0.04662561 0.023518706 0.02329985 0.03617953 0.014293793 0.02785729 0.022883209 0.043970143 0.035845047 0.010041536 0.043115667 0.001536712 0.013047933 0.012451014 0.0023999789 0.0070870239 0.0245333527 6.738731e-04 2.291803e-03 2.936520e-05 8.705314e-05 2.386340e-10 7.437800e-06 1.192003e-03
   76    1      2      0    0   500  6.747069e-18 4.469192e-03 7.547904e-03 0.0299746432 0.051088323 0.014254072 0.0073257399 0.019430892 0.05790309 0.07975870 0.03754762 0.02922822 0.02970142 0.03186224 0.059940302 0.04786531 0.02897502 0.04411140 0.04035137 0.021887128 0.031395824 0.02598716 0.021890252 0.02805069 0.03655583 0.022294374 0.02028813 0.034475778 0.022394310 0.015218710 0.022736317 0.006740344 0.014599877 0.013539334 0.013321662 0.0058402604 0.0035527772 0.0014889283 1.273342e-03 4.786507e-03 4.628059e-04 6.006329e-03 1.215021e-03 4.771772e-04 2.185676e-03
   78    1      2      0    0   500  2.995039e-09 1.658349e-04 8.586348e-03 0.0554047135 0.073507480 0.015928726 0.0177338857 0.011861409 0.03738069 0.05266726 0.05651554 0.03844293 0.03360510 0.02704076 0.030896367 0.04424406 0.04300742 0.04183207 0.03143425 0.029238972 0.036255851 0.03692519 0.022375678 0.02600116 0.02843998 0.023698722 0.02745535 0.017386685 0.011159921 0.019326406 0.011105049 0.013272660 0.014283117 0.011534056 0.009354183 0.0074643599 0.0148773170 0.0016945141 7.089665e-03 9.812448e-03 1.697249e-05 4.980749e-04 4.783043e-04 4.757507e-07 4.046570e-08
   80    1      2      0    0   500  6.661113e-29 2.305254e-03 2.623293e-02 0.0665802421 0.047318560 0.018769002 0.0053161603 0.035195226 0.03533231 0.05855066 0.04965230 0.02696341 0.03746116 0.03449207 0.037470189 0.02655631 0.04201770 0.04041930 0.03740073 0.024823968 0.040056494 0.02315237 0.016182308 0.01955761 0.04820639 0.018463141 0.01845316 0.026131158 0.013208322 0.017375863 0.023926555 0.012900279 0.018022772 0.009019839 0.013808506 0.0123697794 0.0090340531 0.0011423608 2.031518e-03 2.800094e-03 1.029488e-03 1.707777e-05 6.838667e-06 2.465420e-04 1.415035e-13
   82    1      2      0    0   500  1.634348e-13 3.189549e-03 9.997064e-03 0.0385878732 0.045743728 0.023333874 0.0118616321 0.021337640 0.05386650 0.07656486 0.04855736 0.03330493 0.03486942 0.02672901 0.055300195 0.03346638 0.02710737 0.04144987 0.02563423 0.025844123 0.029159889 0.02897574 0.031128156 0.01761089 0.03140456 0.036733410 0.02443228 0.013605389 0.020806649 0.036209544 0.013910954 0.012696654 0.015239929 0.021896242 0.005888885 0.0093227198 0.0042324857 0.0016601995 6.031532e-04 5.108596e-03 1.652060e-03 1.850600e-04 8.179626e-06 6.010015e-04 1.817644e-04
   84    1      2      0    0   500  6.302081e-18 4.506838e-03 1.865137e-02 0.0401341503 0.047619591 0.013919488 0.0154464513 0.023213543 0.04723245 0.07477702 0.04018623 0.04581989 0.03562888 0.03230717 0.041495717 0.02702724 0.03082625 0.03316855 0.03384205 0.029395983 0.027489995 0.02987358 0.024375840 0.02881014 0.02289249 0.030421443 0.02798450 0.015673942 0.013021449 0.033318323 0.020496582 0.021286858 0.010496466 0.015811479 0.006294767 0.0164199580 0.0104596164 0.0048730055 3.577634e-04 1.797145e-03 1.168893e-03 2.505436e-04 9.208312e-06 2.298042e-05 1.194175e-03
   86    1      2      0    0   500  3.702148e-07 1.557611e-03 6.177776e-03 0.0540019552 0.053665982 0.014390324 0.0063945065 0.026389748 0.03974163 0.04601779 0.04565223 0.03272329 0.02774917 0.03488311 0.048406785 0.02517506 0.02570440 0.03981645 0.02959007 0.041940742 0.048490289 0.02678879 0.022427889 0.04282459 0.02795508 0.027238149 0.02993311 0.054761801 0.016386244 0.017336264 0.007536607 0.013358694 0.008207480 0.010081128 0.008091005 0.0075835994 0.0057500303 0.0067948932 8.984670e-03 1.837895e-03 1.837930e-03 1.971814e-03 4.961688e-06 2.066200e-03 1.771910e-03
   88    1      2      0    0   500  5.143832e-06 5.644906e-04 2.019908e-02 0.0467123555 0.036797827 0.019832369 0.0125244765 0.027010476 0.03726683 0.06288884 0.06024583 0.03092098 0.04578170 0.02549442 0.021149701 0.03188714 0.03785635 0.05597089 0.03453836 0.049812273 0.023293665 0.03366854 0.028745300 0.03126333 0.02401437 0.022010356 0.02611516 0.023788350 0.024907201 0.028506200 0.013010706 0.008925936 0.007054374 0.005871653 0.004952620 0.0051413682 0.0110549800 0.0038446164 1.287268e-03 8.589184e-03 1.102817e-03 9.557320e-04 4.025036e-03 3.167462e-04 9.496702e-05
   90    1      2      0    0   500  7.631919e-15 4.268481e-03 1.641631e-02 0.0295188876 0.052560243 0.018323245 0.0113932624 0.040306615 0.05387291 0.04687786 0.06197710 0.04664201 0.03828817 0.02187690 0.043055531 0.03986200 0.02592863 0.03812512 0.03357319 0.034220794 0.023454211 0.03284257 0.027637644 0.04608960 0.01673922 0.031365413 0.01294030 0.030785281 0.010816585 0.015699946 0.011467301 0.013489319 0.011684543 0.014141742 0.009521694 0.0024088920 0.0074914534 0.0027165383 2.724740e-03 1.243275e-03 1.261995e-02 3.548377e-03 6.481604e-06 1.031705e-03 4.459639e-04
   92    1      2      0    0   500  1.344722e-11 2.065627e-04 1.758723e-02 0.0452848635 0.041184597 0.028355490 0.0076786511 0.014003153 0.03942931 0.05536227 0.05862948 0.03313187 0.02984204 0.03265661 0.050324504 0.04734000 0.03739083 0.04272597 0.02137260 0.027913091 0.044947766 0.02144315 0.048642179 0.02875436 0.03403976 0.026114786 0.01751849 0.024057429 0.028679302 0.013500682 0.019556104 0.013401067 0.009079978 0.006218262 0.004057397 0.0021951716 0.0054880866 0.0109546950 3.346457e-03 5.413275e-04 1.035679e-03 2.927786e-04 3.037507e-03 1.922335e-09 2.678445e-03
   94    1      2      0    0   500  1.391217e-04 1.213461e-03 2.237775e-02 0.0711614661 0.035410955 0.014962885 0.0153662366 0.027247720 0.04386351 0.06792786 0.06142409 0.03444020 0.03987625 0.04964759 0.053305887 0.04550159 0.03538020 0.02895108 0.03210759 0.019073629 0.038801253 0.03002955 0.016177616 0.03126575 0.02414683 0.020522340 0.02181444 0.011462253 0.027743481 0.019817295 0.004325326 0.009109813 0.006282358 0.004929225 0.008694233 0.0037552537 0.0098557471 0.0053205442 3.437001e-03 1.618837e-04 1.609060e-03 8.745032e-04 4.357582e-04 2.810857e-05 2.130141e-05
   96    1      2      0    0   500  2.610375e-06 2.406178e-04 2.592959e-02 0.0502370174 0.032076064 0.016456756 0.0207471471 0.022543718 0.03574431 0.07353746 0.05053613 0.04855737 0.01805048 0.03221284 0.046598313 0.03528126 0.04159522 0.04069384 0.02596145 0.035926789 0.031171853 0.03409772 0.035951126 0.02818091 0.03797430 0.014250057 0.02196790 0.029534552 0.025083622 0.017908928 0.014408960 0.014142571 0.008418489 0.007830208 0.002641130 0.0065665976 0.0008280263 0.0045563598 1.067356e-03 7.163454e-03 6.858636e-04 1.333249e-03 1.192932e-03 1.040308e-05 1.044458e-04
   98    1      2      0    0   500  9.688958e-44 1.186133e-03 9.778872e-03 0.0402340430 0.047927436 0.018933586 0.0108167729 0.017029668 0.05234049 0.06120020 0.08729493 0.03888076 0.03345099 0.04458265 0.033614656 0.02935976 0.03364522 0.03177573 0.03994698 0.030151162 0.032601853 0.03396391 0.025098510 0.02620885 0.01932394 0.017487194 0.01296480 0.029295554 0.014288904 0.029189136 0.022181522 0.019337885 0.010573138 0.012891061 0.002664636 0.0070003333 0.0055819119 0.0062891346 6.046972e-03 1.468483e-03 3.172369e-03 1.144798e-04 2.091477e-06 4.251134e-05 6.078519e-05
  100    1      2      0    0   500  3.805145e-40 2.303870e-04 1.578730e-02 0.0512352136 0.053805642 0.024273210 0.0065400995 0.021602424 0.03830235 0.06300805 0.04418055 0.04561379 0.06162398 0.02480594 0.049633198 0.04359201 0.02622750 0.03987493 0.03406365 0.039938875 0.019806279 0.02529680 0.018614470 0.01979742 0.02632553 0.021042429 0.01729330 0.018545597 0.014949612 0.016559156 0.023233467 0.018178129 0.009964727 0.010382002 0.004051621 0.0098641981 0.0204896747 0.0151447504 1.717061e-03 1.886569e-03 1.879418e-03 6.036820e-04 7.479787e-06 4.219948e-07 2.710662e-05
15 #_N_agebins
#_agebin_vector
1 2 3 4 5 6 7 8 9 10 11 12 13 14 15
1 #_N_ageerror_definitions
 #_age0   age1   age2   age3   age4   age5   age6   age7   age8   age9  age10  age11  age12  age13  age14  age15  age16  age17  age18  age19  age20  age21  age22  age23  age24  age25
 -1.000 -1.000 -1.000 -1.000 -1.000 -1.000 -1.000 -1.000 -1.000 -1.000 -1.000 -1.000 -1.000 -1.000 -1.000 -1.000 -1.000 -1.000 -1.000 -1.000 -1.000 -1.000 -1.000 -1.000 -1.000 -1.000
  0.001  0.001  0.001  0.001  0.001  0.001  0.001  0.001  0.001  0.001  0.001  0.001  0.001  0.001  0.001  0.001  0.001  0.001  0.001  0.001  0.001  0.001  0.001  0.001  0.001  0.001
84 #_N_agecomp
1 #_Lbin_method: 1=poplenbins; 2=datalenbins; 3=lengths
-1 #_combine males into females at or below this bin number
 #_Yr Seas FltSvy Gender Part Ageerr Lbin_lo Lbin_hi Nsamp           a1        a2        a3         a4         a5         a6         a7         a8          a9         a10         a11         a12          a13          a14         a15
   26    1      1      0    0      1      -1      -1   125  0.009722676 0.1320462 0.1479323 0.16398027 0.11234903 0.06018754 0.04017030 0.06517776 0.061914033 0.011700352 0.018332454 0.012804137 0.0425038419 1.689791e-02 0.104281253
   36    1      1      0    0      1      -1      -1   125  0.051109640 0.1912581 0.1662764 0.14425496 0.04997765 0.11062770 0.04520329 0.09563777 0.013766940 0.032226680 0.030931315 0.015079042 0.0088707958 8.111385e-03 0.036668346
   46    1      1      0    0      1      -1      -1   125  0.033612426 0.2668583 0.2281546 0.13040218 0.08692054 0.05249902 0.06896149 0.02802583 0.028187244 0.026780759 0.011136296 0.009080597 0.0013722029 1.251585e-03 0.026756904
   56    1      1      0    0      1      -1      -1   125  0.027980289 0.2763002 0.1508715 0.12372257 0.14607929 0.04938747 0.07514140 0.05408885 0.025622427 0.009202807 0.023068214 0.014522209 0.0018970832 2.577701e-03 0.019537998
   60    1      1      0    0      1      -1      -1   125  0.030028772 0.2403961 0.1797169 0.14657276 0.14186182 0.05239089 0.06949181 0.02566546 0.013947738 0.045754759 0.017345368 0.020832029 0.0031663105 8.700502e-03 0.004128739
   64    1      1      0    0      1      -1      -1   125  0.068648389 0.1430305 0.2444884 0.12587039 0.09086359 0.08354257 0.08939266 0.02821255 0.034709325 0.020695846 0.019935328 0.002448459 0.0108170395 5.460922e-04 0.036798911
   68    1      1      0    0      1      -1      -1   125  0.037075523 0.3092540 0.1731128 0.10588379 0.10308538 0.08266415 0.08452350 0.02861530 0.019987463 0.013955945 0.019851054 0.015998958 0.0019370302 3.182524e-05 0.004023205
   72    1      1      0    0      1      -1      -1   125  0.030375554 0.1881610 0.1984054 0.17622470 0.08533680 0.07536957 0.07003514 0.04493015 0.076367110 0.003424379 0.018157555 0.000721488 0.0119224083 7.781217e-03 0.012787527
   76    1      1      0    0      1      -1      -1   125  0.030837071 0.2465318 0.1683872 0.14784784 0.12536666 0.07905111 0.03158212 0.02346590 0.030845263 0.033559423 0.012853917 0.048534187 0.0008121503 2.317569e-03 0.018007858
   80    1      1      0    0      1      -1      -1   125  0.024329851 0.2441007 0.2228068 0.14512495 0.11773765 0.05849472 0.04504213 0.04381880 0.032804125 0.025230646 0.007356443 0.006022323 0.0035775895 8.094664e-04 0.022743883
   84    1      1      0    0      1      -1      -1   125  0.046897615 0.3311223 0.1687489 0.12682848 0.12985626 0.03592114 0.03160333 0.02701622 0.034779672 0.005403510 0.027610291 0.007803308 0.0096505404 5.038696e-04 0.016254568
   88    1      1      0    0      1      -1      -1   125  0.054413435 0.1924636 0.1403949 0.18621960 0.17148794 0.03312797 0.07876590 0.07120659 0.009123932 0.011900969 0.005943468 0.004935635 0.0144208919 7.285188e-04 0.024866681
   92    1      1      0    0      1      -1      -1   125  0.029321355 0.2566639 0.1732253 0.15835523 0.09342541 0.10023988 0.04733587 0.05871904 0.026855290 0.007568077 0.010337928 0.004077689 0.0013070514 2.647822e-02 0.006089756
   96    1      1      0    0      1      -1      -1   125  0.015241928 0.2527981 0.1315533 0.14140068 0.16824401 0.03990679 0.06296338 0.07601335 0.032309054 0.014250533 0.014665526 0.004574837 0.0108844152 1.040854e-02 0.024785535
  100    1      1      0    0      1      -1      -1   125  0.019520522 0.2628823 0.1689406 0.13742067 0.10788868 0.06156664 0.03959286 0.06829117 0.033881802 0.053731951 0.013048182 0.013241553 0.0084608025 4.110516e-04 0.011121305
   76    1      2      0    0      1      -1      -1   500  0.132702012 0.2144116 0.2013179 0.12022342 0.09142633 0.06014002 0.05867296 0.02420433 0.034059548 0.014185708 0.010842368 0.013703091 0.0078238053 3.678318e-03 0.012608639
   78    1      2      0    0      1      -1      -1   500  0.130632473 0.2340622 0.1550881 0.11791902 0.08586747 0.05608657 0.07958379 0.03405146 0.020736468 0.021383442 0.028447893 0.007287793 0.0072703667 1.155005e-02 0.010032967
   80    1      2      0    0      1      -1      -1   500  0.136466508 0.2328884 0.1576233 0.11146746 0.10081850 0.05835294 0.05612510 0.04360065 0.029026795 0.025133957 0.009801789 0.007322022 0.0089854308 1.277179e-03 0.021109876
   82    1      2      0    0      1      -1      -1   500  0.108585509 0.2342760 0.2059855 0.10337936 0.08252378 0.04181986 0.07407729 0.04250770 0.028505737 0.019528910 0.013946238 0.006104702 0.0072687747 4.265516e-03 0.027225041
   84    1      2      0    0      1      -1      -1   500  0.142470406 0.2457198 0.1640626 0.09831331 0.10168726 0.05841235 0.05656195 0.04068628 0.036091740 0.018002072 0.009674116 0.011957924 0.0064124049 1.863132e-03 0.008084640
   86    1      2      0    0      1      -1      -1   500  0.160597170 0.2435739 0.1688351 0.09105074 0.08012120 0.07586681 0.05640481 0.03362626 0.025086505 0.025743566 0.021327613 0.003490048 0.0092493615 1.169470e-03 0.003857498
   88    1      2      0    0      1      -1      -1   500  0.122306757 0.2160749 0.2078911 0.12289401 0.10520752 0.07225366 0.05140991 0.02903016 0.020792978 0.014089975 0.006403252 0.009449396 0.0035385527 3.377198e-03 0.015280533
   90    1      2      0    0      1      -1      -1   500  0.136240077 0.2545750 0.1483816 0.12947471 0.10099469 0.04670608 0.04422892 0.02141281 0.035529991 0.022909250 0.010792866 0.017812908 0.0082036925 1.039222e-02 0.012345185
   92    1      2      0    0      1      -1      -1   500  0.154143204 0.2259839 0.1574805 0.12841154 0.09325789 0.05803057 0.04896909 0.04182886 0.020319663 0.019569772 0.016182719 0.007452242 0.0026980039 1.064893e-02 0.015023127
   94    1      2      0    0      1      -1      -1   500  0.147002423 0.2421973 0.1742478 0.10192389 0.09779510 0.06798102 0.05872267 0.03075891 0.025038541 0.014148208 0.011188642 0.006078658 0.0055665090 3.181223e-03 0.014169030
   96    1      2      0    0      1      -1      -1   500  0.108095075 0.2083140 0.2093784 0.13404095 0.10154754 0.09327595 0.03708991 0.02565477 0.016775508 0.014997803 0.009786332 0.008873127 0.0047945369 5.727354e-03 0.021648804
   98    1      2      0    0      1      -1      -1   500  0.133210170 0.2342429 0.1555319 0.13791492 0.10456484 0.06182315 0.03798306 0.03930319 0.024873257 0.033259027 0.013391163 0.004350324 0.0081012548 1.374064e-03 0.010076744
  100    1      2      0    0      1      -1      -1   500  0.115519787 0.2331089 0.2085638 0.12195338 0.07505058 0.06783466 0.05032054 0.03634179 0.024288249 0.013685438 0.012100676 0.007648334 0.0126674083 1.798738e-03 0.019117680
   60    1      1      0    0      1       5       5     3  3.000000000 0.0000000 0.0000000 0.00000000 0.00000000 0.00000000 0.00000000 0.00000000 0.000000000 0.000000000 0.000000000 0.000000000 0.0000000000 0.000000e+00 0.000000000
   60    1      1      0    0      1       6       6     2  2.000000000 0.0000000 0.0000000 0.00000000 0.00000000 0.00000000 0.00000000 0.00000000 0.000000000 0.000000000 0.000000000 0.000000000 0.0000000000 0.000000e+00 0.000000000
   60    1      1      0    0      1       9       9     5  5.000000000 0.0000000 0.0000000 0.00000000 0.00000000 0.00000000 0.00000000 0.00000000 0.000000000 0.000000000 0.000000000 0.000000000 0.0000000000 0.000000e+00 0.000000000
   60    1      1      0    0      1      10      10     2  2.000000000 0.0000000 0.0000000 0.00000000 0.00000000 0.00000000 0.00000000 0.00000000 0.000000000 0.000000000 0.000000000 0.000000000 0.0000000000 0.000000e+00 0.000000000
   60    1      1      0    0      1      11      11     4  4.000000000 0.0000000 0.0000000 0.00000000 0.00000000 0.00000000 0.00000000 0.00000000 0.000000000 0.000000000 0.000000000 0.000000000 0.0000000000 0.000000e+00 0.000000000
   60    1      1      0    0      1      12      12     5  5.000000000 0.0000000 0.0000000 0.00000000 0.00000000 0.00000000 0.00000000 0.00000000 0.000000000 0.000000000 0.000000000 0.000000000 0.0000000000 0.000000e+00 0.000000000
   60    1      1      0    0      1      13      13     1  1.000000000 0.0000000 0.0000000 0.00000000 0.00000000 0.00000000 0.00000000 0.00000000 0.000000000 0.000000000 0.000000000 0.000000000 0.0000000000 0.000000e+00 0.000000000
   60    1      1      0    0      1      14      14     5  5.000000000 0.0000000 0.0000000 0.00000000 0.00000000 0.00000000 0.00000000 0.00000000 0.000000000 0.000000000 0.000000000 0.000000000 0.0000000000 0.000000e+00 0.000000000
   60    1      1      0    0      1      15      15     7  7.000000000 0.0000000 0.0000000 0.00000000 0.00000000 0.00000000 0.00000000 0.00000000 0.000000000 0.000000000 0.000000000 0.000000000 0.0000000000 0.000000e+00 0.000000000
   60    1      1      0    0      1      17      17    12 12.000000000 0.0000000 0.0000000 0.00000000 0.00000000 0.00000000 0.00000000 0.00000000 0.000000000 0.000000000 0.000000000 0.000000000 0.0000000000 0.000000e+00 0.000000000
   60    1      1      0    0      1      18      18     5  5.000000000 0.0000000 0.0000000 0.00000000 0.00000000 0.00000000 0.00000000 0.00000000 0.000000000 0.000000000 0.000000000 0.000000000 0.0000000000 0.000000e+00 0.000000000
   60    1      1      0    0      1      19      19     3  3.000000000 0.0000000 0.0000000 0.00000000 0.00000000 0.00000000 0.00000000 0.00000000 0.000000000 0.000000000 0.000000000 0.000000000 0.0000000000 0.000000e+00 0.000000000
   60    1      1      0    0      1      20      20     1  1.000000000 0.0000000 0.0000000 0.00000000 0.00000000 0.00000000 0.00000000 0.00000000 0.000000000 0.000000000 0.000000000 0.000000000 0.0000000000 0.000000e+00 0.000000000
   60    1      1      0    0      1      21      21     2  2.000000000 0.0000000 0.0000000 0.00000000 0.00000000 0.00000000 0.00000000 0.00000000 0.000000000 0.000000000 0.000000000 0.000000000 0.0000000000 0.000000e+00 0.000000000
   60    1      1      0    0      1      22      22     8  7.000000000 1.0000000 0.0000000 0.00000000 0.00000000 0.00000000 0.00000000 0.00000000 0.000000000 0.000000000 0.000000000 0.000000000 0.0000000000 0.000000e+00 0.000000000
   60    1      1      0    0      1      23      23     2  2.000000000 0.0000000 0.0000000 0.00000000 0.00000000 0.00000000 0.00000000 0.00000000 0.000000000 0.000000000 0.000000000 0.000000000 0.0000000000 0.000000e+00 0.000000000
   60    1      1      0    0      1      24      24     1  1.000000000 0.0000000 0.0000000 0.00000000 0.00000000 0.00000000 0.00000000 0.00000000 0.000000000 0.000000000 0.000000000 0.000000000 0.0000000000 0.000000e+00 0.000000000
   60    1      1      0    0      1      25      25     6  6.000000000 0.0000000 0.0000000 0.00000000 0.00000000 0.00000000 0.00000000 0.00000000 0.000000000 0.000000000 0.000000000 0.000000000 0.0000000000 0.000000e+00 0.000000000
   60    1      1      0    0      1      26      26     1  1.000000000 0.0000000 0.0000000 0.00000000 0.00000000 0.00000000 0.00000000 0.00000000 0.000000000 0.000000000 0.000000000 0.000000000 0.0000000000 0.000000e+00 0.000000000
   60    1      1      0    0      1      27      27     4  3.000000000 1.0000000 0.0000000 0.00000000 0.00000000 0.00000000 0.00000000 0.00000000 0.000000000 0.000000000 0.000000000 0.000000000 0.0000000000 0.000000e+00 0.000000000
   60    1      1      0    0      1      28      28     1  1.000000000 0.0000000 0.0000000 0.00000000 0.00000000 0.00000000 0.00000000 0.00000000 0.000000000 0.000000000 0.000000000 0.000000000 0.0000000000 0.000000e+00 0.000000000
   60    1      1      0    0      1      29      29     2  0.000000000 2.0000000 0.0000000 0.00000000 0.00000000 0.00000000 0.00000000 0.00000000 0.000000000 0.000000000 0.000000000 0.000000000 0.0000000000 0.000000e+00 0.000000000
   60    1      1      0    0      1      30      30     5  2.000000000 3.0000000 0.0000000 0.00000000 0.00000000 0.00000000 0.00000000 0.00000000 0.000000000 0.000000000 0.000000000 0.000000000 0.0000000000 0.000000e+00 0.000000000
   60    1      1      0    0      1      31      31     3  0.000000000 3.0000000 0.0000000 0.00000000 0.00000000 0.00000000 0.00000000 0.00000000 0.000000000 0.000000000 0.000000000 0.000000000 0.0000000000 0.000000e+00 0.000000000
   60    1      1      0    0      1      32      32     2  0.000000000 2.0000000 0.0000000 0.00000000 0.00000000 0.00000000 0.00000000 0.00000000 0.000000000 0.000000000 0.000000000 0.000000000 0.0000000000 0.000000e+00 0.000000000
   60    1      1      0    0      1      35      35     4  0.000000000 4.0000000 0.0000000 0.00000000 0.00000000 0.00000000 0.00000000 0.00000000 0.000000000 0.000000000 0.000000000 0.000000000 0.0000000000 0.000000e+00 0.000000000
   60    1      1      0    0      1      36      36     3  0.000000000 3.0000000 0.0000000 0.00000000 0.00000000 0.00000000 0.00000000 0.00000000 0.000000000 0.000000000 0.000000000 0.000000000 0.0000000000 0.000000e+00 0.000000000
   60    1      1      0    0      1      39      39     1  0.000000000 1.0000000 0.0000000 0.00000000 0.00000000 0.00000000 0.00000000 0.00000000 0.000000000 0.000000000 0.000000000 0.000000000 0.0000000000 0.000000e+00 0.000000000
  100    1      1      0    0      1       3       3     1  1.000000000 0.0000000 0.0000000 0.00000000 0.00000000 0.00000000 0.00000000 0.00000000 0.000000000 0.000000000 0.000000000 0.000000000 0.0000000000 0.000000e+00 0.000000000
  100    1      1      0    0      1       4       4     1  1.000000000 0.0000000 0.0000000 0.00000000 0.00000000 0.00000000 0.00000000 0.00000000 0.000000000 0.000000000 0.000000000 0.000000000 0.0000000000 0.000000e+00 0.000000000
  100    1      1      0    0      1       6       6     1  1.000000000 0.0000000 0.0000000 0.00000000 0.00000000 0.00000000 0.00000000 0.00000000 0.000000000 0.000000000 0.000000000 0.000000000 0.0000000000 0.000000e+00 0.000000000
  100    1      1      0    0      1       8       8     1  1.000000000 0.0000000 0.0000000 0.00000000 0.00000000 0.00000000 0.00000000 0.00000000 0.000000000 0.000000000 0.000000000 0.000000000 0.0000000000 0.000000e+00 0.000000000
  100    1      1      0    0      1       9       9     7  7.000000000 0.0000000 0.0000000 0.00000000 0.00000000 0.00000000 0.00000000 0.00000000 0.000000000 0.000000000 0.000000000 0.000000000 0.0000000000 0.000000e+00 0.000000000
  100    1      1      0    0      1      10      10     7  7.000000000 0.0000000 0.0000000 0.00000000 0.00000000 0.00000000 0.00000000 0.00000000 0.000000000 0.000000000 0.000000000 0.000000000 0.0000000000 0.000000e+00 0.000000000
  100    1      1      0    0      1      11      11     3  3.000000000 0.0000000 0.0000000 0.00000000 0.00000000 0.00000000 0.00000000 0.00000000 0.000000000 0.000000000 0.000000000 0.000000000 0.0000000000 0.000000e+00 0.000000000
  100    1      1      0    0      1      12      12     6  6.000000000 0.0000000 0.0000000 0.00000000 0.00000000 0.00000000 0.00000000 0.00000000 0.000000000 0.000000000 0.000000000 0.000000000 0.0000000000 0.000000e+00 0.000000000
  100    1      1      0    0      1      13      13     3  3.000000000 0.0000000 0.0000000 0.00000000 0.00000000 0.00000000 0.00000000 0.00000000 0.000000000 0.000000000 0.000000000 0.000000000 0.0000000000 0.000000e+00 0.000000000
  100    1      1      0    0      1      15      15     9  9.000000000 0.0000000 0.0000000 0.00000000 0.00000000 0.00000000 0.00000000 0.00000000 0.000000000 0.000000000 0.000000000 0.000000000 0.0000000000 0.000000e+00 0.000000000
  100    1      1      0    0      1      16      16     5  5.000000000 0.0000000 0.0000000 0.00000000 0.00000000 0.00000000 0.00000000 0.00000000 0.000000000 0.000000000 0.000000000 0.000000000 0.0000000000 0.000000e+00 0.000000000
  100    1      1      0    0      1      17      17     2  2.000000000 0.0000000 0.0000000 0.00000000 0.00000000 0.00000000 0.00000000 0.00000000 0.000000000 0.000000000 0.000000000 0.000000000 0.0000000000 0.000000e+00 0.000000000
  100    1      1      0    0      1      18      18     3  3.000000000 0.0000000 0.0000000 0.00000000 0.00000000 0.00000000 0.00000000 0.00000000 0.000000000 0.000000000 0.000000000 0.000000000 0.0000000000 0.000000e+00 0.000000000
  100    1      1      0    0      1      19      19     2  2.000000000 0.0000000 0.0000000 0.00000000 0.00000000 0.00000000 0.00000000 0.00000000 0.000000000 0.000000000 0.000000000 0.000000000 0.0000000000 0.000000e+00 0.000000000
  100    1      1      0    0      1      20      20     4  4.000000000 0.0000000 0.0000000 0.00000000 0.00000000 0.00000000 0.00000000 0.00000000 0.000000000 0.000000000 0.000000000 0.000000000 0.0000000000 0.000000e+00 0.000000000
  100    1      1      0    0      1      21      21     4  4.000000000 0.0000000 0.0000000 0.00000000 0.00000000 0.00000000 0.00000000 0.00000000 0.000000000 0.000000000 0.000000000 0.000000000 0.0000000000 0.000000e+00 0.000000000
  100    1      1      0    0      1      22      22     4  4.000000000 0.0000000 0.0000000 0.00000000 0.00000000 0.00000000 0.00000000 0.00000000 0.000000000 0.000000000 0.000000000 0.000000000 0.0000000000 0.000000e+00 0.000000000
  100    1      1      0    0      1      23      23     7  7.000000000 0.0000000 0.0000000 0.00000000 0.00000000 0.00000000 0.00000000 0.00000000 0.000000000 0.000000000 0.000000000 0.000000000 0.0000000000 0.000000e+00 0.000000000
  100    1      1      0    0      1      24      24     3  3.000000000 0.0000000 0.0000000 0.00000000 0.00000000 0.00000000 0.00000000 0.00000000 0.000000000 0.000000000 0.000000000 0.000000000 0.0000000000 0.000000e+00 0.000000000
  100    1      1      0    0      1      25      25     3  3.000000000 0.0000000 0.0000000 0.00000000 0.00000000 0.00000000 0.00000000 0.00000000 0.000000000 0.000000000 0.000000000 0.000000000 0.0000000000 0.000000e+00 0.000000000
  100    1      1      0    0      1      26      26     1  1.000000000 0.0000000 0.0000000 0.00000000 0.00000000 0.00000000 0.00000000 0.00000000 0.000000000 0.000000000 0.000000000 0.000000000 0.0000000000 0.000000e+00 0.000000000
  100    1      1      0    0      1      27      27     3  3.000000000 0.0000000 0.0000000 0.00000000 0.00000000 0.00000000 0.00000000 0.00000000 0.000000000 0.000000000 0.000000000 0.000000000 0.0000000000 0.000000e+00 0.000000000
  100    1      1      0    0      1      28      28     2  1.000000000 1.0000000 0.0000000 0.00000000 0.00000000 0.00000000 0.00000000 0.00000000 0.000000000 0.000000000 0.000000000 0.000000000 0.0000000000 0.000000e+00 0.000000000
  100    1      1      0    0      1      29      29     4  1.000000000 3.0000000 0.0000000 0.00000000 0.00000000 0.00000000 0.00000000 0.00000000 0.000000000 0.000000000 0.000000000 0.000000000 0.0000000000 0.000000e+00 0.000000000
  100    1      1      0    0      1      30      30     4  1.000000000 3.0000000 0.0000000 0.00000000 0.00000000 0.00000000 0.00000000 0.00000000 0.000000000 0.000000000 0.000000000 0.000000000 0.0000000000 0.000000e+00 0.000000000
  100    1      1      0    0      1      32      32     6  0.000000000 6.0000000 0.0000000 0.00000000 0.00000000 0.00000000 0.00000000 0.00000000 0.000000000 0.000000000 0.000000000 0.000000000 0.0000000000 0.000000e+00 0.000000000
  100    1      1      0    0      1      36      36     1  0.000000000 1.0000000 0.0000000 0.00000000 0.00000000 0.00000000 0.00000000 0.00000000 0.000000000 0.000000000 0.000000000 0.000000000 0.0000000000 0.000000e+00 0.000000000
  100    1      1      0    0      1      38      38     3  0.000000000 3.0000000 0.0000000 0.00000000 0.00000000 0.00000000 0.00000000 0.00000000 0.000000000 0.000000000 0.000000000 0.000000000 0.0000000000 0.000000e+00 0.000000000
0 #_N_MeanSize_at_Age_obs
0 #_N_environ_variables
0 #_N_environ_obs
0 #_N_sizefreq_methods
0 #_do_tags
0 #_morphcomp_data
#
999
