#C data file created using the SS_writedat function in the R package r4ss
#C should work with SS version: 
#C file write time: 2015-02-11 18:06:28
#
1 #_styr
100 #_endyr
1 #_nseas
12 #_months_per_seas
1 #_spawn_seas
1 #_Nfleet
2 #_Nsurveys
1 #_N_areas
Fishery%Survey%CPUE #_fleetnames
0.5 0.5 0.5 #_surveytiming_in_season
1 1 1 #_area_assignments_for_each_fishery_and_survey
1 #_units of catch:  1=bio; 2=num
0.01 #_se of log(catch) only used for init_eq_catch and for Fmethod 2 and 3
1 #_Ngenders
25 #_Nages
0 #_init_equil_catch_for_each_fishery
100 #_N_lines_of_catch_to_read
 #_Fishery year seas
         0    1    1
         0    2    1
         0    3    1
         0    4    1
         0    5    1
         0    6    1
         0    7    1
         0    8    1
         0    9    1
         0   10    1
         0   11    1
         0   12    1
         0   13    1
         0   14    1
         0   15    1
         0   16    1
         0   17    1
         0   18    1
         0   19    1
         0   20    1
         0   21    1
         0   22    1
         0   23    1
         0   24    1
         0   25    1
 444646000   26    1
 397608000   27    1
 357583000   28    1
 324161000   29    1
 296656000   30    1
 274240000   31    1
 256057000   32    1
 241314000   33    1
 229322000   34    1
 219511000   35    1
 211426000   36    1
 204710000   37    1
 199088000   38    1
 194347000   39    1
 190324000   40    1
 186891000   41    1
 183948000   42    1
 181416000   43    1
 179230000   44    1
 177337000   45    1
 175694000   46    1
 174266000   47    1
 173022000   48    1
 171937000   49    1
 170990000   50    1
 170161000   51    1
 169436000   52    1
 168801000   53    1
 168243000   54    1
 167755000   55    1
 167325000   56    1
 166948000   57    1
 166617000   58    1
 166326000   59    1
 166070000   60    1
 165844000   61    1
 165646000   62    1
 165471000   63    1
 165317000   64    1
 165182000   65    1
 165063000   66    1
 164958000   67    1
 164865000   68    1
 164784000   69    1
 164712000   70    1
 164649000   71    1
 164593000   72    1
 164544000   73    1
 164500000   74    1
 164462000   75    1
 164429000   76    1
 164399000   77    1
 164373000   78    1
 164350000   79    1
 164329000   80    1
 164311000   81    1
 164296000   82    1
 164282000   83    1
 164269000   84    1
 164258000   85    1
 164249000   86    1
 164240000   87    1
 164233000   88    1
 164227000   89    1
 164221000   90    1
 164216000   91    1
 164211000   92    1
 164207000   93    1
 164204000   94    1
 164201000   95    1
 164198000   96    1
 164195000   97    1
 164193000   98    1
 164192000   99    1
 164190000  100    1
13 #_N_cpue
 #_Fleet Units Errtype
       1     1       0
       2     1       0
       3     1       0
 #_year seas index        obs se_log
     76    1     2 1190157755    0.2
     78    1     2 1269192760    0.2
     80    1     2 1305739458    0.2
     82    1     2 1786238585    0.2
     84    1     2 1014110387    0.2
     86    1     2 1321803645    0.2
     88    1     2 1193208009    0.2
     90    1     2 1686592701    0.2
     92    1     2 1189957080    0.2
     94    1     2 1139196173    0.2
     96    1     2 1239560353    0.2
     98    1     2 1396230793    0.2
    100    1     2 1359051950    0.2
0 #_N_discard_fleets
#_discard_units (1=same_as_catchunits(bio/num); 2=fraction; 3=numbers)
#_discard_errtype:  >0 for DF of T-dist(read CV below); 0 for normal with CV; -1 for normal with se; -2 for lognormal
0 #_N_discard
0 #_N_meanbodywt
1 #_DF_for_meanbodywt_T-distribution_like
2 # length bin method: 1=use databins; 2=generate from binwidth,min,max below; 3=read vector
1 # binwidth for population size comp
10 # minimum size in the population (lower edge of first bin and size at age 0.00)
200 # maximum size in the population (lower edge of last bin)
-0.001 #_comp_tail_compression
1e-05 #_add_to_comp
0 #_combine males into females at or below this bin number
45 #_N_lbins
#_lbin_vector
20 23 26 29 32 35 38 41 44 47 50 53 56 59 62 65 68 71 74 77 80 83 86 89 92 95 98 101 104 107 110 113 116 119 122 125 128 131 134 137 140 143 146 149 152
28 #_N_Length_comp_observations
 #_Yr Seas FltSvy Gender Part Nsamp           l20          l23          l26         l29         l32          l35          l38         l41        l44        l47        l50        l53         l56        l59        l62        l65        l68        l71         l74         l77         l80        l83         l86        l89         l92        l95         l98        l101        l104        l107        l110        l113        l116        l119         l122        l125         l128         l131         l134         l137         l140         l143         l146         l149         l152
   26    1      1      0    0   125  0.000000e+00 2.900774e-10 1.224477e-03 0.001830010 0.008427021 0.0002624698 5.623078e-05 0.017790273 0.02359454 0.02975506 0.05796643 0.03660775 0.019513587 0.04371871 0.01919906 0.03570911 0.03446436 0.04602242 0.040151971 0.027718843 0.034336810 0.03108794 0.050233953 0.02502588 0.067997168 0.05562353 0.061611790 0.031152584 0.013280654 0.016427663 0.019912637 0.017232263 0.016309970 0.024014902 0.0376597419 0.003454273 0.0277053091 0.0029244193 7.348741e-04 2.552091e-03 1.269915e-02 2.175776e-03 7.552341e-07 3.760468e-04 1.457509e-03
   36    1      1      0    0   125  1.315052e-99 3.056735e-08 6.762888e-05 0.004677958 0.011785086 0.0059595201 2.007316e-03 0.001939399 0.05797106 0.07920423 0.03398946 0.03975518 0.005393275 0.03068592 0.01528053 0.06347563 0.07125691 0.04941151 0.075345864 0.023754849 0.035371135 0.05944579 0.031905786 0.01959029 0.046035525 0.02649659 0.023865179 0.021151960 0.017884217 0.010207700 0.004233129 0.001750302 0.031113161 0.035537919 0.0187226031 0.008134794 0.0053595877 0.0172020325 5.043541e-03 2.885823e-03 3.249070e-03 2.640913e-03 2.552301e-09 4.341271e-06 2.072472e-04
   46    1      1      0    0   125  5.215003e-06 2.113563e-19 4.849670e-03 0.002926290 0.007154817 0.0006989964 3.009060e-03 0.039603297 0.03430861 0.07819637 0.05671728 0.01522128 0.058231050 0.05126735 0.02481650 0.03210274 0.04995408 0.05710580 0.059056327 0.031477342 0.042414675 0.03176767 0.030310050 0.02476138 0.025569467 0.03085501 0.031124048 0.042739978 0.018162668 0.008203015 0.009368728 0.010890313 0.003224954 0.016427998 0.0191231069 0.016712118 0.0112747844 0.0063694347 3.064622e-03 2.076254e-03 4.402486e-03 4.453657e-03 1.463537e-06 7.261231e-11 4.130576e-08
   56    1      1      0    0   125  7.352067e-83 3.719210e-16 3.202828e-05 0.004735907 0.009467571 0.0189503094 2.890102e-04 0.005073240 0.05767887 0.07087988 0.05320966 0.03470343 0.021196212 0.03741384 0.05842322 0.03023730 0.02554495 0.04499189 0.013250374 0.037266231 0.057354592 0.02087043 0.026712360 0.06797841 0.022181382 0.02513164 0.047838400 0.038731883 0.021334337 0.013074000 0.023095419 0.007075839 0.011070423 0.022894192 0.0237392996 0.023708029 0.0155462727 0.0024279114 1.056870e-03 2.210235e-08 4.736750e-06 3.941528e-03 3.562050e-04 5.099988e-04 2.191079e-05
   60    1      1      0    0   125  1.077092e-70 1.194678e-03 6.304356e-05 0.011900106 0.025995491 0.0070908776 3.916197e-03 0.011595391 0.07899474 0.03651572 0.03866341 0.04840412 0.028201823 0.05048627 0.03860554 0.06284389 0.02664408 0.04337662 0.045178215 0.065854136 0.039074596 0.02541898 0.015034292 0.04079946 0.015960375 0.03531217 0.014226197 0.045693760 0.008033224 0.045793369 0.025746704 0.010189322 0.014952649 0.013996486 0.0082460342 0.002190392 0.0010153003 0.0040896314 2.700875e-03 5.809162e-03 4.114339e-06 3.770716e-07 1.672948e-04 2.090900e-05 2.303370e-16
   64    1      1      0    0   125  2.172516e-49 2.007440e-08 2.157503e-06 0.004607821 0.010902506 0.0076492769 6.504838e-03 0.012245471 0.02399144 0.05375521 0.09776808 0.04542052 0.028557314 0.07177521 0.08533535 0.04959063 0.01659920 0.02500483 0.009444285 0.078888609 0.025030957 0.05512625 0.029946407 0.03799051 0.022373902 0.02668755 0.019346054 0.015878753 0.029923929 0.011094841 0.005751650 0.014454010 0.016058648 0.020082087 0.0063072846 0.004934989 0.0040609189 0.0091654288 5.515367e-04 1.802503e-03 1.530656e-02 2.806460e-07 7.650899e-07 1.291571e-22 8.144379e-05
   68    1      1      0    0   125 3.300844e-131 7.350284e-17 1.569644e-04 0.008095527 0.016051209 0.0017312342 5.672190e-03 0.008092968 0.07779411 0.04228415 0.02870969 0.02217639 0.040723530 0.03221664 0.03335952 0.05409513 0.01798652 0.07159061 0.023701371 0.047916015 0.021997055 0.06213790 0.019255802 0.03223430 0.040014284 0.03756550 0.025246623 0.021625454 0.068455492 0.021625337 0.021500573 0.016254956 0.025578464 0.009811270 0.0070587413 0.005922182 0.0009706032 0.0199765119 1.666435e-03 3.687113e-03 1.068890e-03 4.551568e-04 5.699339e-07 3.432240e-03 1.047933e-04
   72    1      1      0    0   125 6.877784e-157 8.015710e-19 4.099901e-03 0.009535293 0.012918787 0.0058497155 6.171249e-03 0.020461524 0.03742691 0.06432144 0.08818141 0.05296495 0.032600638 0.03981753 0.06645133 0.03884454 0.02904937 0.04644563 0.027857169 0.012664653 0.043945522 0.03411607 0.031906908 0.04344433 0.054636868 0.01015897 0.019835317 0.035391082 0.016016866 0.022317076 0.020621911 0.009142094 0.012471031 0.014483394 0.0137784787 0.000636287 0.0028802876 0.0115431914 5.619147e-03 5.083201e-05 1.901755e-04 2.519590e-04 4.328862e-06 7.094620e-05 8.248897e-04
   76    1      1      0    0   125  4.778445e-63 2.206662e-06 7.607626e-07 0.009486642 0.001580809 0.0068313165 2.777040e-03 0.010689480 0.02699894 0.07407086 0.04797112 0.08088761 0.033452098 0.02399691 0.03376408 0.04699103 0.01668936 0.06092862 0.044152961 0.044838466 0.021469845 0.03889898 0.023752796 0.06746733 0.020833613 0.03101693 0.008169485 0.028941728 0.035502322 0.007435563 0.033157762 0.029098109 0.013407148 0.019246302 0.0123063098 0.013364070 0.0026326998 0.0104190924 9.149455e-04 1.324946e-02 2.343014e-03 2.610910e-04 5.182119e-11 1.525946e-15 1.100697e-06
   80    1      1      0    0   125 2.025137e-279 2.721636e-08 1.745645e-03 0.029135544 0.004949129 0.0194438624 8.231278e-04 0.012103298 0.07840960 0.09433275 0.03869411 0.01875733 0.051551817 0.08065544 0.04695073 0.03423989 0.02614189 0.04776089 0.028455368 0.027949074 0.007478119 0.05599462 0.009533511 0.02297863 0.015197334 0.01801573 0.034023997 0.013607302 0.050095259 0.027206627 0.010089647 0.023222746 0.025058215 0.015910727 0.0010173794 0.014683997 0.0078299622 0.0028322127 2.237239e-04 2.995723e-04 5.985948e-07 2.157710e-03 3.234800e-06 4.396257e-04 6.379522e-09
   84    1      1      0    0   125  3.609502e-31 1.729002e-03 1.553405e-04 0.006996312 0.007413822 0.0113620706 4.362984e-03 0.020540284 0.07632973 0.06788435 0.03332430 0.03651485 0.023166903 0.04271595 0.05734959 0.05019035 0.01346600 0.06423667 0.069665212 0.007962596 0.037349292 0.04454236 0.060090103 0.02429214 0.003395822 0.04510595 0.020846529 0.043589492 0.023860791 0.039210696 0.005376644 0.010237778 0.020858852 0.003424713 0.0077259280 0.005094386 0.0069477585 0.0004292008 5.974100e-04 2.902966e-07 6.588389e-05 1.406310e-03 3.243951e-11 1.843154e-04 1.038950e-06
   88    1      1      0    0   125  0.000000e+00 1.841080e-05 1.253032e-03 0.006270143 0.042362279 0.0077273370 1.792490e-04 0.003381135 0.02760728 0.04715077 0.03875343 0.04630721 0.051865259 0.04106883 0.06515479 0.06092800 0.03678827 0.03843036 0.034638941 0.043366358 0.043644612 0.02309602 0.054440735 0.02970178 0.027089795 0.02966876 0.011763025 0.022611626 0.021943634 0.023296067 0.018108175 0.009230391 0.001419411 0.036954581 0.0065640046 0.030263506 0.0061969761 0.0018765291 3.813397e-06 3.123055e-03 5.316828e-04 1.607101e-03 2.363626e-11 1.376381e-15 3.613643e-03
   92    1      1      0    0   125  8.390319e-04 7.988602e-15 7.670118e-04 0.013303118 0.016911950 0.0005057891 9.339827e-05 0.042900778 0.01365010 0.08150801 0.05950092 0.01830494 0.061237630 0.01582824 0.04526197 0.04261203 0.02627233 0.01635769 0.030803138 0.029829749 0.056628175 0.04529250 0.033951300 0.07642800 0.081739030 0.01147017 0.018832612 0.022237746 0.003214790 0.034511633 0.016120045 0.007599567 0.005448750 0.023849731 0.0001299238 0.022884557 0.0058002012 0.0004372934 6.304373e-03 1.002654e-04 1.178950e-03 3.233897e-04 8.995066e-03 3.398380e-05 1.358867e-07
   96    1      1      0    0   125  1.989820e-65 2.568804e-23 2.633955e-04 0.002000307 0.013473145 0.0092999099 4.311109e-03 0.012540465 0.03416479 0.08639742 0.09252288 0.07241201 0.012322315 0.03206374 0.08176054 0.04167716 0.04415437 0.03911989 0.031260617 0.053924037 0.051241452 0.03214054 0.026406200 0.02242315 0.016320891 0.01661537 0.007398705 0.025105652 0.027572895 0.025841882 0.017096041 0.020078446 0.013175561 0.012678983 0.0067885925 0.001485471 0.0042784660 0.0030146921 1.537060e-04 6.073677e-03 2.561075e-07 4.360892e-04 5.178274e-06 7.152569e-15 2.517722e-10
  100    1      1      0    0   125  8.936541e-19 3.281369e-13 7.520971e-05 0.002662600 0.024468974 0.0098336286 1.743360e-03 0.007483827 0.06515980 0.09699842 0.05788687 0.05654677 0.049859862 0.01456294 0.05336090 0.02984952 0.05207059 0.02800749 0.036376933 0.064714943 0.030015725 0.04335423 0.032661299 0.02267052 0.021396179 0.02026245 0.018689219 0.009562012 0.003673058 0.032297497 0.015978956 0.002108649 0.022633028 0.005228274 0.0171555654 0.015814408 0.0259244330 0.0077922404 7.945267e-05 8.913682e-04 1.460026e-04 2.465873e-06 1.026474e-09 4.223630e-09 3.189252e-07
   76    1      2      0    0   500  7.197031e-39 8.338434e-03 1.798179e-02 0.053657447 0.047389864 0.0162841388 1.088812e-02 0.032330783 0.03151277 0.05801909 0.05256327 0.04684685 0.030066110 0.04337882 0.04312036 0.03395767 0.04065553 0.05797414 0.033801691 0.019918989 0.025387149 0.03349239 0.018631945 0.01829554 0.027440309 0.01982582 0.021059127 0.016086102 0.024594564 0.031737399 0.020608885 0.008018233 0.009223774 0.010476047 0.0112371805 0.007407172 0.0034848004 0.0020436789 3.934120e-03 2.834437e-04 3.697860e-04 7.170686e-04 6.813620e-03 1.173068e-04 2.865986e-05
   78    1      2      0    0   500  2.583067e-22 8.334211e-04 2.441747e-02 0.057390146 0.032287066 0.0196616973 1.572847e-02 0.028401293 0.05290442 0.05407339 0.04845498 0.05552156 0.020506832 0.03323572 0.03720320 0.04610407 0.03511175 0.02556117 0.039687112 0.031048328 0.039174625 0.02035338 0.034012027 0.01935498 0.022125187 0.02747827 0.022201459 0.019054156 0.021730568 0.012277684 0.020307235 0.022919720 0.012416058 0.011645476 0.0059647066 0.002630281 0.0077887668 0.0039158527 1.243754e-02 3.003072e-03 1.221628e-06 1.677686e-05 8.455716e-04 1.478126e-04 6.547215e-05
   80    1      2      0    0   500  1.611346e-05 6.987915e-04 1.552899e-02 0.047806618 0.047116808 0.0313073845 1.740680e-02 0.024772685 0.04412303 0.07122522 0.04893380 0.05228197 0.027399806 0.03845755 0.03328691 0.03452679 0.03910911 0.03690903 0.028807349 0.026319971 0.037015124 0.02308525 0.027018702 0.03899015 0.017007383 0.03083489 0.030265113 0.027403669 0.026514499 0.009891301 0.012582960 0.010510140 0.007582658 0.009415288 0.0059057266 0.004237136 0.0059029929 0.0018867407 2.563978e-03 3.218049e-03 2.378691e-04 1.273476e-03 1.448028e-07 5.715163e-04 5.051150e-05
   82    1      2      0    0   500  2.488807e-08 3.149887e-04 3.398856e-02 0.054887685 0.058287018 0.0257986996 1.082201e-02 0.027956867 0.03355164 0.05728818 0.06590652 0.04031059 0.036001388 0.02921108 0.03149327 0.03192832 0.01794346 0.03638465 0.023643343 0.022933912 0.040866379 0.03326941 0.016660590 0.03106180 0.017990825 0.02564653 0.036209421 0.022288625 0.028205011 0.024210313 0.013399792 0.019899840 0.014140110 0.012124838 0.0030523841 0.005509714 0.0052548402 0.0020729830 1.877958e-03 1.752095e-04 2.389959e-03 1.034943e-03 9.409489e-04 3.053226e-03 1.213879e-05
   84    1      2      0    0   500  2.413701e-06 2.078496e-04 2.043813e-02 0.042789561 0.063549814 0.0313070485 8.136680e-03 0.020339199 0.02931646 0.04990574 0.06529295 0.03188446 0.044885361 0.03962191 0.03538353 0.03392574 0.03612328 0.03405940 0.038292163 0.045929939 0.028100852 0.02112832 0.027832296 0.04255779 0.026599962 0.02845326 0.023512940 0.025348235 0.016201954 0.015234413 0.009098841 0.012937116 0.012359908 0.013669921 0.0033880606 0.006710167 0.0036975548 0.0042304005 3.556552e-03 1.400031e-03 2.572512e-04 2.713937e-04 2.768449e-04 2.331563e-04 1.551137e-03
   86    1      2      0    0   500  6.713486e-28 1.466351e-03 8.451446e-03 0.056340879 0.044075101 0.0106814879 1.495189e-02 0.017404352 0.05466149 0.05146644 0.04366648 0.06335101 0.032646103 0.02342856 0.04018817 0.04802309 0.03298734 0.03599105 0.035854186 0.039542148 0.037812292 0.03421729 0.031860085 0.02367271 0.016937045 0.01479214 0.021500792 0.038496085 0.019901734 0.013485072 0.024775366 0.013916442 0.011107713 0.006023072 0.0129438717 0.004385401 0.0096136357 0.0018824241 1.054290e-03 1.785780e-03 3.507181e-03 5.605315e-04 5.895980e-04 5.763203e-07 1.292563e-06
   88    1      2      0    0   500  1.472074e-07 2.749105e-03 2.625987e-02 0.050320491 0.041554363 0.0094943220 4.061825e-03 0.024482713 0.07155484 0.05233561 0.05666000 0.02673299 0.039946805 0.02689935 0.03887037 0.04768167 0.05163223 0.04662657 0.024018513 0.011685337 0.031339312 0.02512343 0.024293734 0.02978936 0.029918631 0.01551311 0.027148124 0.029267828 0.020163388 0.015531541 0.020432883 0.011268543 0.017242998 0.010035990 0.0062203536 0.009189302 0.0026176199 0.0104475849 5.744686e-03 1.769382e-03 2.192404e-04 1.381911e-03 4.822227e-04 1.291556e-03 1.483591e-07
   90    1      2      0    0   500  1.053717e-09 1.479460e-03 2.195654e-02 0.037662906 0.034734290 0.0066833623 9.936992e-03 0.028856839 0.03385523 0.05914929 0.06404699 0.03988613 0.035644900 0.03228669 0.04655718 0.03712237 0.04087096 0.02903351 0.029588551 0.033505496 0.027633839 0.03292638 0.028736974 0.01481901 0.014948214 0.03407969 0.022317671 0.035897110 0.016295257 0.026136800 0.025759528 0.010690743 0.019397091 0.014910373 0.0153779682 0.004435643 0.0096155590 0.0074108787 1.508885e-02 5.232995e-04 9.252521e-05 1.590512e-05 1.665998e-06 8.691897e-06 2.264975e-05
   92    1      2      0    0   500  1.608079e-08 3.761978e-03 2.579659e-02 0.045681427 0.047013501 0.0365246002 5.115849e-03 0.022871219 0.04064945 0.04332812 0.06929253 0.04321284 0.037835593 0.03582621 0.02872121 0.03871841 0.04574081 0.03495310 0.034776079 0.024490482 0.035802777 0.02073645 0.026321336 0.02814976 0.023456768 0.01151864 0.029197925 0.026061457 0.018910017 0.018630796 0.012111490 0.011298087 0.014687581 0.013918249 0.0099434417 0.013799773 0.0102004423 0.0065172696 1.320108e-03 1.493233e-03 1.049533e-03 1.357491e-05 1.230030e-04 4.263818e-04 1.870835e-06
   94    1      2      0    0   500  4.398234e-15 7.253946e-04 2.404015e-02 0.054317322 0.052577559 0.0272328878 6.495358e-03 0.018763377 0.04897438 0.04792379 0.05733892 0.04429700 0.023104684 0.03101764 0.02895391 0.03887586 0.03314719 0.01652787 0.025828172 0.043251612 0.036387021 0.02076005 0.027494124 0.01541529 0.040539038 0.02475245 0.025217684 0.022917556 0.031268207 0.022193506 0.014064877 0.021278183 0.007513251 0.013238945 0.0113866096 0.015869719 0.0102710045 0.0054748492 1.595687e-03 4.500319e-05 4.088474e-04 6.774466e-06 2.894747e-04 7.459770e-03 7.589907e-04
   96    1      2      0    0   500  4.951860e-24 9.860041e-04 1.473937e-02 0.044981793 0.035340460 0.0249988478 1.303522e-02 0.027737696 0.05157305 0.05292396 0.06694468 0.05329360 0.040502465 0.02805399 0.03077998 0.03572466 0.02867003 0.02838057 0.032450222 0.025225937 0.039475861 0.02397749 0.035345651 0.02349299 0.034254854 0.03428339 0.018808395 0.015597658 0.020782133 0.026120653 0.012684823 0.023904852 0.007451556 0.006451168 0.0072235427 0.013849483 0.0011841731 0.0030224638 9.829465e-03 1.711559e-03 6.782206e-04 5.744434e-05 3.005276e-04 3.162014e-03 7.101262e-06
   98    1      2      0    0   500  8.169364e-17 8.492039e-04 2.200852e-02 0.056781766 0.057054761 0.0230247674 1.120559e-02 0.025067889 0.05144983 0.03681171 0.05653609 0.02816120 0.032336024 0.03068603 0.03954463 0.04888488 0.04536030 0.03909585 0.026226029 0.024742289 0.030623381 0.03646371 0.019507120 0.01745219 0.021052951 0.01530804 0.022840117 0.019874757 0.011291353 0.029707724 0.025428184 0.005072536 0.022788544 0.013655742 0.0102921471 0.010400885 0.0068600598 0.0045491407 8.299286e-03 2.024833e-03 1.036456e-03 2.951107e-03 6.344634e-03 1.370506e-04 2.106781e-04
  100    1      2      0    0   500  1.900509e-13 4.688420e-04 2.268260e-02 0.059128415 0.038512019 0.0123553241 7.807371e-03 0.014339988 0.03481294 0.04627945 0.03704047 0.02707501 0.028151029 0.03993588 0.02945116 0.04445363 0.03892333 0.03650461 0.030289199 0.046548966 0.031171220 0.02726706 0.037880467 0.04545290 0.032769273 0.05052402 0.022593098 0.026832005 0.014180588 0.023307342 0.019747561 0.010724040 0.008167586 0.009013261 0.0123397289 0.010579782 0.0025524385 0.0148700946 3.065383e-03 8.289281e-04 2.242986e-04 8.475775e-05 3.293134e-04 1.338287e-08 7.346182e-04
15 #_N_agebins
#_agebin_vector
1 2 3 4 5 6 7 8 9 10 11 12 13 14 15
1 #_N_ageerror_definitions
 #_age0   age1   age2   age3   age4   age5   age6   age7   age8   age9  age10  age11  age12  age13  age14  age15  age16  age17  age18  age19  age20  age21  age22  age23  age24  age25
 -1.000 -1.000 -1.000 -1.000 -1.000 -1.000 -1.000 -1.000 -1.000 -1.000 -1.000 -1.000 -1.000 -1.000 -1.000 -1.000 -1.000 -1.000 -1.000 -1.000 -1.000 -1.000 -1.000 -1.000 -1.000 -1.000
  0.001  0.001  0.001  0.001  0.001  0.001  0.001  0.001  0.001  0.001  0.001  0.001  0.001  0.001  0.001  0.001  0.001  0.001  0.001  0.001  0.001  0.001  0.001  0.001  0.001  0.001
83 #_N_agecomp
1 #_Lbin_method: 1=poplenbins; 2=datalenbins; 3=lengths
-1 #_combine males into females at or below this bin number
 #_Yr Seas FltSvy Gender Part Ageerr Lbin_lo Lbin_hi Nsamp           a1        a2        a3         a4         a5         a6         a7         a8          a9         a10         a11          a12          a13          a14         a15
   26    1      1      0    0      1      -1      -1   125  0.006865701 0.2028780 0.1736176 0.04565913 0.13094764 0.06476626 0.03686645 0.02804527 0.039155503 0.066745256 0.016165252 0.0284020543 0.0389658290 0.0443747143 0.076545355
   36    1      1      0    0      1      -1      -1   125  0.028146009 0.1931346 0.2387201 0.12966208 0.11479531 0.05888978 0.02925838 0.03891927 0.019250441 0.047097426 0.024868278 0.0090145890 0.0155065088 0.0210722208 0.031665073
   46    1      1      0    0      1      -1      -1   125  0.032461340 0.2626237 0.2013966 0.14957306 0.12061584 0.07939049 0.02488160 0.02939164 0.028230739 0.014143409 0.004775541 0.0103658829 0.0276088262 0.0103548793 0.004186466
   56    1      1      0    0      1      -1      -1   125  0.047249232 0.2627375 0.1385815 0.18317777 0.08699104 0.11130480 0.03365037 0.03381771 0.047431226 0.012523353 0.013588773 0.0050311245 0.0041735225 0.0006723965 0.019069648
   60    1      1      0    0      1      -1      -1   125  0.025407188 0.2600293 0.2099253 0.13080842 0.11139404 0.09874082 0.05750726 0.03638356 0.018893058 0.015098803 0.012701051 0.0108580029 0.0050046750 0.0017435951 0.005504948
   64    1      1      0    0      1      -1      -1   125  0.041476663 0.2584478 0.1497398 0.14469488 0.09414934 0.13891266 0.06139503 0.04184563 0.011191080 0.024594863 0.004072546 0.0001260291 0.0099773667 0.0036000589 0.015776211
   68    1      1      0    0      1      -1      -1   125  0.022758846 0.2484553 0.1443329 0.19671657 0.08593503 0.08063982 0.06814549 0.03065481 0.038752114 0.018775154 0.008474378 0.0216388195 0.0002466473 0.0052334943 0.029240628
   72    1      1      0    0      1      -1      -1   125  0.013802259 0.2533812 0.1881003 0.14310672 0.08544416 0.06888794 0.03723383 0.02957789 0.021157427 0.011784441 0.053687687 0.0150475056 0.0013415989 0.0133068613 0.064140198
   76    1      1      0    0      1      -1      -1   125  0.029459013 0.2330827 0.1741912 0.15156064 0.10765142 0.08969180 0.07232768 0.04699874 0.030805090 0.026463747 0.006897757 0.0176855490 0.0023629129 0.0075038385 0.003317928
   80    1      1      0    0      1      -1      -1   125  0.012745639 0.3456089 0.1753078 0.15499380 0.05184474 0.08393237 0.06343330 0.01233530 0.028574024 0.008416961 0.006227263 0.0124465636 0.0129527703 0.0173374984 0.013843145
   84    1      1      0    0      1      -1      -1   125  0.047866544 0.2241849 0.2518897 0.11990118 0.06196263 0.04623897 0.02979249 0.06286635 0.028572140 0.030365505 0.033628909 0.0266365055 0.0098600662 0.0168131116 0.009420971
   88    1      1      0    0      1      -1      -1   125  0.039548592 0.2200297 0.1771653 0.08844594 0.14040782 0.07213181 0.06616304 0.11359560 0.009506525 0.025010548 0.008518012 0.0042820235 0.0069344368 0.0012329735 0.027027680
   92    1      1      0    0      1      -1      -1   125  0.067508095 0.2521316 0.1416342 0.13672348 0.09165664 0.07660123 0.03728643 0.03192150 0.084616616 0.029279115 0.008839180 0.0143203016 0.0114735424 0.0132755476 0.002732516
   96    1      1      0    0      1      -1      -1   125  0.027663910 0.2812900 0.1431240 0.17346165 0.12601582 0.09750295 0.04957354 0.04204125 0.013273490 0.003817797 0.009698194 0.0119503580 0.0034583150 0.0005386983 0.016590028
  100    1      1      0    0      1      -1      -1   125  0.050253134 0.2246615 0.2254711 0.13536855 0.09723328 0.10532398 0.05985954 0.04146189 0.009370546 0.013146040 0.018646872 0.0069644198 0.0012067084 0.0029806428 0.008051771
   76    1      2      0    0      1      -1      -1   500  0.141514201 0.2301196 0.1893681 0.11532652 0.07384959 0.08956304 0.03258301 0.02822458 0.027161483 0.024698075 0.016344253 0.0076532225 0.0069569526 0.0096599742 0.006977442
   78    1      2      0    0      1      -1      -1   500  0.133250815 0.2302417 0.1705214 0.12947080 0.08752679 0.08775314 0.03763148 0.02300355 0.023676685 0.027140000 0.014201817 0.0133363489 0.0073334629 0.0032595760 0.011652444
   80    1      2      0    0      1      -1      -1   500  0.127706243 0.2409505 0.1787411 0.10537654 0.09528725 0.07800809 0.05103193 0.04091703 0.017267540 0.025291209 0.013662860 0.0040051340 0.0048234788 0.0078848215 0.009046296
   82    1      2      0    0      1      -1      -1   500  0.115451153 0.2462313 0.1437499 0.13000999 0.10449169 0.08435741 0.04820434 0.03662866 0.019892542 0.014000150 0.013533778 0.0064520248 0.0074665395 0.0070451308 0.022485386
   84    1      2      0    0      1      -1      -1   500  0.122485217 0.2537573 0.1427934 0.11058381 0.11748991 0.08097667 0.05134945 0.03867697 0.019975795 0.013261343 0.010073074 0.0154750479 0.0054003799 0.0053063164 0.012395330
   86    1      2      0    0      1      -1      -1   500  0.148472329 0.2185439 0.1936102 0.10531269 0.09673699 0.06693728 0.04727239 0.02547315 0.023755478 0.022131291 0.010079545 0.0094898988 0.0105518624 0.0079385180 0.013694424
   88    1      2      0    0      1      -1      -1   500  0.149315606 0.2086753 0.1679950 0.13642483 0.09613800 0.07013618 0.03656784 0.03177916 0.025796857 0.018288924 0.028750431 0.0097755090 0.0035108552 0.0035754638 0.013270061
   90    1      2      0    0      1      -1      -1   500  0.134834770 0.2070755 0.2002899 0.11766475 0.09163740 0.06960529 0.05868156 0.04262241 0.031344850 0.014782459 0.009462444 0.0062281650 0.0066895845 0.0022156003 0.006865280
   92    1      2      0    0      1      -1      -1   500  0.140054273 0.2187116 0.1820921 0.14160390 0.08448118 0.06755755 0.03989067 0.04154063 0.034425951 0.013110161 0.009792987 0.0102096071 0.0015096314 0.0034172353 0.011602603
   94    1      2      0    0      1      -1      -1   500  0.122738477 0.2352931 0.1970662 0.13031056 0.10539873 0.04477585 0.04074890 0.02953781 0.021181999 0.013553998 0.012654363 0.0125341138 0.0061177281 0.0110014195 0.017086777
   96    1      2      0    0      1      -1      -1   500  0.152444912 0.2360594 0.1594239 0.11680045 0.09431735 0.07327440 0.03649944 0.02527923 0.018273861 0.024418025 0.028606143 0.0082968635 0.0068258689 0.0028581433 0.016622052
   98    1      2      0    0      1      -1      -1   500  0.179517986 0.2126918 0.1466996 0.10650920 0.08907247 0.07961437 0.03183068 0.04646258 0.026831146 0.023215678 0.014600722 0.0196964393 0.0127603247 0.0016007331 0.008896300
  100    1      2      0    0      1      -1      -1   500  0.141650178 0.2146395 0.1791394 0.12596678 0.07861445 0.05587515 0.06037096 0.04654119 0.018649491 0.007266536 0.015203211 0.0029554961 0.0171599843 0.0139899104 0.021977660
   60    1      1      0    0      1       4       4     1  1.000000000 0.0000000 0.0000000 0.00000000 0.00000000 0.00000000 0.00000000 0.00000000 0.000000000 0.000000000 0.000000000 0.0000000000 0.0000000000 0.0000000000 0.000000000
   60    1      1      0    0      1       5       5     5  5.000000000 0.0000000 0.0000000 0.00000000 0.00000000 0.00000000 0.00000000 0.00000000 0.000000000 0.000000000 0.000000000 0.0000000000 0.0000000000 0.0000000000 0.000000000
   60    1      1      0    0      1       7       7     1  1.000000000 0.0000000 0.0000000 0.00000000 0.00000000 0.00000000 0.00000000 0.00000000 0.000000000 0.000000000 0.000000000 0.0000000000 0.0000000000 0.0000000000 0.000000000
   60    1      1      0    0      1       9       9     6  6.000000000 0.0000000 0.0000000 0.00000000 0.00000000 0.00000000 0.00000000 0.00000000 0.000000000 0.000000000 0.000000000 0.0000000000 0.0000000000 0.0000000000 0.000000000
   60    1      1      0    0      1      10      10     4  4.000000000 0.0000000 0.0000000 0.00000000 0.00000000 0.00000000 0.00000000 0.00000000 0.000000000 0.000000000 0.000000000 0.0000000000 0.0000000000 0.0000000000 0.000000000
   60    1      1      0    0      1      11      11     1  1.000000000 0.0000000 0.0000000 0.00000000 0.00000000 0.00000000 0.00000000 0.00000000 0.000000000 0.000000000 0.000000000 0.0000000000 0.0000000000 0.0000000000 0.000000000
   60    1      1      0    0      1      12      12     2  2.000000000 0.0000000 0.0000000 0.00000000 0.00000000 0.00000000 0.00000000 0.00000000 0.000000000 0.000000000 0.000000000 0.0000000000 0.0000000000 0.0000000000 0.000000000
   60    1      1      0    0      1      13      13     5  5.000000000 0.0000000 0.0000000 0.00000000 0.00000000 0.00000000 0.00000000 0.00000000 0.000000000 0.000000000 0.000000000 0.0000000000 0.0000000000 0.0000000000 0.000000000
   60    1      1      0    0      1      14      14     5  5.000000000 0.0000000 0.0000000 0.00000000 0.00000000 0.00000000 0.00000000 0.00000000 0.000000000 0.000000000 0.000000000 0.0000000000 0.0000000000 0.0000000000 0.000000000
   60    1      1      0    0      1      15      15     6  6.000000000 0.0000000 0.0000000 0.00000000 0.00000000 0.00000000 0.00000000 0.00000000 0.000000000 0.000000000 0.000000000 0.0000000000 0.0000000000 0.0000000000 0.000000000
   60    1      1      0    0      1      16      16     6  6.000000000 0.0000000 0.0000000 0.00000000 0.00000000 0.00000000 0.00000000 0.00000000 0.000000000 0.000000000 0.000000000 0.0000000000 0.0000000000 0.0000000000 0.000000000
   60    1      1      0    0      1      17      17     1  1.000000000 0.0000000 0.0000000 0.00000000 0.00000000 0.00000000 0.00000000 0.00000000 0.000000000 0.000000000 0.000000000 0.0000000000 0.0000000000 0.0000000000 0.000000000
   60    1      1      0    0      1      18      18     4  4.000000000 0.0000000 0.0000000 0.00000000 0.00000000 0.00000000 0.00000000 0.00000000 0.000000000 0.000000000 0.000000000 0.0000000000 0.0000000000 0.0000000000 0.000000000
   60    1      1      0    0      1      19      19     5  5.000000000 0.0000000 0.0000000 0.00000000 0.00000000 0.00000000 0.00000000 0.00000000 0.000000000 0.000000000 0.000000000 0.0000000000 0.0000000000 0.0000000000 0.000000000
   60    1      1      0    0      1      20      20     8  8.000000000 0.0000000 0.0000000 0.00000000 0.00000000 0.00000000 0.00000000 0.00000000 0.000000000 0.000000000 0.000000000 0.0000000000 0.0000000000 0.0000000000 0.000000000
   60    1      1      0    0      1      21      21     2  2.000000000 0.0000000 0.0000000 0.00000000 0.00000000 0.00000000 0.00000000 0.00000000 0.000000000 0.000000000 0.000000000 0.0000000000 0.0000000000 0.0000000000 0.000000000
   60    1      1      0    0      1      22      22     2  2.000000000 0.0000000 0.0000000 0.00000000 0.00000000 0.00000000 0.00000000 0.00000000 0.000000000 0.000000000 0.000000000 0.0000000000 0.0000000000 0.0000000000 0.000000000
   60    1      1      0    0      1      23      23     1  1.000000000 0.0000000 0.0000000 0.00000000 0.00000000 0.00000000 0.00000000 0.00000000 0.000000000 0.000000000 0.000000000 0.0000000000 0.0000000000 0.0000000000 0.000000000
   60    1      1      0    0      1      24      24     5  5.000000000 0.0000000 0.0000000 0.00000000 0.00000000 0.00000000 0.00000000 0.00000000 0.000000000 0.000000000 0.000000000 0.0000000000 0.0000000000 0.0000000000 0.000000000
   60    1      1      0    0      1      25      25     1  0.000000000 1.0000000 0.0000000 0.00000000 0.00000000 0.00000000 0.00000000 0.00000000 0.000000000 0.000000000 0.000000000 0.0000000000 0.0000000000 0.0000000000 0.000000000
   60    1      1      0    0      1      26      26     2  2.000000000 0.0000000 0.0000000 0.00000000 0.00000000 0.00000000 0.00000000 0.00000000 0.000000000 0.000000000 0.000000000 0.0000000000 0.0000000000 0.0000000000 0.000000000
   60    1      1      0    0      1      27      27     1  0.000000000 1.0000000 0.0000000 0.00000000 0.00000000 0.00000000 0.00000000 0.00000000 0.000000000 0.000000000 0.000000000 0.0000000000 0.0000000000 0.0000000000 0.000000000
   60    1      1      0    0      1      28      28     8  6.000000000 2.0000000 0.0000000 0.00000000 0.00000000 0.00000000 0.00000000 0.00000000 0.000000000 0.000000000 0.000000000 0.0000000000 0.0000000000 0.0000000000 0.000000000
   60    1      1      0    0      1      29      29     3  3.000000000 0.0000000 0.0000000 0.00000000 0.00000000 0.00000000 0.00000000 0.00000000 0.000000000 0.000000000 0.000000000 0.0000000000 0.0000000000 0.0000000000 0.000000000
   60    1      1      0    0      1      30      30     6  0.000000000 6.0000000 0.0000000 0.00000000 0.00000000 0.00000000 0.00000000 0.00000000 0.000000000 0.000000000 0.000000000 0.0000000000 0.0000000000 0.0000000000 0.000000000
   60    1      1      0    0      1      31      31     4  0.000000000 4.0000000 0.0000000 0.00000000 0.00000000 0.00000000 0.00000000 0.00000000 0.000000000 0.000000000 0.000000000 0.0000000000 0.0000000000 0.0000000000 0.000000000
   60    1      1      0    0      1      33      33     2  0.000000000 2.0000000 0.0000000 0.00000000 0.00000000 0.00000000 0.00000000 0.00000000 0.000000000 0.000000000 0.000000000 0.0000000000 0.0000000000 0.0000000000 0.000000000
   60    1      1      0    0      1      34      34     3  0.000000000 3.0000000 0.0000000 0.00000000 0.00000000 0.00000000 0.00000000 0.00000000 0.000000000 0.000000000 0.000000000 0.0000000000 0.0000000000 0.0000000000 0.000000000
  100    1      1      0    0      1       5       5     4  4.000000000 0.0000000 0.0000000 0.00000000 0.00000000 0.00000000 0.00000000 0.00000000 0.000000000 0.000000000 0.000000000 0.0000000000 0.0000000000 0.0000000000 0.000000000
  100    1      1      0    0      1       6       6     2  2.000000000 0.0000000 0.0000000 0.00000000 0.00000000 0.00000000 0.00000000 0.00000000 0.000000000 0.000000000 0.000000000 0.0000000000 0.0000000000 0.0000000000 0.000000000
  100    1      1      0    0      1       9       9     7  7.000000000 0.0000000 0.0000000 0.00000000 0.00000000 0.00000000 0.00000000 0.00000000 0.000000000 0.000000000 0.000000000 0.0000000000 0.0000000000 0.0000000000 0.000000000
  100    1      1      0    0      1      10      10     9  9.000000000 0.0000000 0.0000000 0.00000000 0.00000000 0.00000000 0.00000000 0.00000000 0.000000000 0.000000000 0.000000000 0.0000000000 0.0000000000 0.0000000000 0.000000000
  100    1      1      0    0      1      11      11    11 11.000000000 0.0000000 0.0000000 0.00000000 0.00000000 0.00000000 0.00000000 0.00000000 0.000000000 0.000000000 0.000000000 0.0000000000 0.0000000000 0.0000000000 0.000000000
  100    1      1      0    0      1      12      12     8  8.000000000 0.0000000 0.0000000 0.00000000 0.00000000 0.00000000 0.00000000 0.00000000 0.000000000 0.000000000 0.000000000 0.0000000000 0.0000000000 0.0000000000 0.000000000
  100    1      1      0    0      1      13      13     4  4.000000000 0.0000000 0.0000000 0.00000000 0.00000000 0.00000000 0.00000000 0.00000000 0.000000000 0.000000000 0.000000000 0.0000000000 0.0000000000 0.0000000000 0.000000000
  100    1      1      0    0      1      15      15     2  2.000000000 0.0000000 0.0000000 0.00000000 0.00000000 0.00000000 0.00000000 0.00000000 0.000000000 0.000000000 0.000000000 0.0000000000 0.0000000000 0.0000000000 0.000000000
  100    1      1      0    0      1      16      16     3  3.000000000 0.0000000 0.0000000 0.00000000 0.00000000 0.00000000 0.00000000 0.00000000 0.000000000 0.000000000 0.000000000 0.0000000000 0.0000000000 0.0000000000 0.000000000
  100    1      1      0    0      1      17      17     5  5.000000000 0.0000000 0.0000000 0.00000000 0.00000000 0.00000000 0.00000000 0.00000000 0.000000000 0.000000000 0.000000000 0.0000000000 0.0000000000 0.0000000000 0.000000000
  100    1      1      0    0      1      18      18     2  2.000000000 0.0000000 0.0000000 0.00000000 0.00000000 0.00000000 0.00000000 0.00000000 0.000000000 0.000000000 0.000000000 0.0000000000 0.0000000000 0.0000000000 0.000000000
  100    1      1      0    0      1      19      19     3  3.000000000 0.0000000 0.0000000 0.00000000 0.00000000 0.00000000 0.00000000 0.00000000 0.000000000 0.000000000 0.000000000 0.0000000000 0.0000000000 0.0000000000 0.000000000
  100    1      1      0    0      1      20      20     8  8.000000000 0.0000000 0.0000000 0.00000000 0.00000000 0.00000000 0.00000000 0.00000000 0.000000000 0.000000000 0.000000000 0.0000000000 0.0000000000 0.0000000000 0.000000000
  100    1      1      0    0      1      21      21     3  3.000000000 0.0000000 0.0000000 0.00000000 0.00000000 0.00000000 0.00000000 0.00000000 0.000000000 0.000000000 0.000000000 0.0000000000 0.0000000000 0.0000000000 0.000000000
  100    1      1      0    0      1      22      22     5  5.000000000 0.0000000 0.0000000 0.00000000 0.00000000 0.00000000 0.00000000 0.00000000 0.000000000 0.000000000 0.000000000 0.0000000000 0.0000000000 0.0000000000 0.000000000
  100    1      1      0    0      1      23      23     2  2.000000000 0.0000000 0.0000000 0.00000000 0.00000000 0.00000000 0.00000000 0.00000000 0.000000000 0.000000000 0.000000000 0.0000000000 0.0000000000 0.0000000000 0.000000000
  100    1      1      0    0      1      25      25     2  2.000000000 0.0000000 0.0000000 0.00000000 0.00000000 0.00000000 0.00000000 0.00000000 0.000000000 0.000000000 0.000000000 0.0000000000 0.0000000000 0.0000000000 0.000000000
  100    1      1      0    0      1      26      26     1  1.000000000 0.0000000 0.0000000 0.00000000 0.00000000 0.00000000 0.00000000 0.00000000 0.000000000 0.000000000 0.000000000 0.0000000000 0.0000000000 0.0000000000 0.000000000
  100    1      1      0    0      1      27      27     2  2.000000000 0.0000000 0.0000000 0.00000000 0.00000000 0.00000000 0.00000000 0.00000000 0.000000000 0.000000000 0.000000000 0.0000000000 0.0000000000 0.0000000000 0.000000000
  100    1      1      0    0      1      28      28     1  1.000000000 0.0000000 0.0000000 0.00000000 0.00000000 0.00000000 0.00000000 0.00000000 0.000000000 0.000000000 0.000000000 0.0000000000 0.0000000000 0.0000000000 0.000000000
  100    1      1      0    0      1      30      30     7  2.000000000 5.0000000 0.0000000 0.00000000 0.00000000 0.00000000 0.00000000 0.00000000 0.000000000 0.000000000 0.000000000 0.0000000000 0.0000000000 0.0000000000 0.000000000
  100    1      1      0    0      1      32      32     1  0.000000000 1.0000000 0.0000000 0.00000000 0.00000000 0.00000000 0.00000000 0.00000000 0.000000000 0.000000000 0.000000000 0.0000000000 0.0000000000 0.0000000000 0.000000000
  100    1      1      0    0      1      33      33     1  0.000000000 1.0000000 0.0000000 0.00000000 0.00000000 0.00000000 0.00000000 0.00000000 0.000000000 0.000000000 0.000000000 0.0000000000 0.0000000000 0.0000000000 0.000000000
  100    1      1      0    0      1      34      34     2  0.000000000 2.0000000 0.0000000 0.00000000 0.00000000 0.00000000 0.00000000 0.00000000 0.000000000 0.000000000 0.000000000 0.0000000000 0.0000000000 0.0000000000 0.000000000
  100    1      1      0    0      1      36      36     2  0.000000000 2.0000000 0.0000000 0.00000000 0.00000000 0.00000000 0.00000000 0.00000000 0.000000000 0.000000000 0.000000000 0.0000000000 0.0000000000 0.0000000000 0.000000000
  100    1      1      0    0      1      37      37     1  0.000000000 1.0000000 0.0000000 0.00000000 0.00000000 0.00000000 0.00000000 0.00000000 0.000000000 0.000000000 0.000000000 0.0000000000 0.0000000000 0.0000000000 0.000000000
  100    1      1      0    0      1      38      38     2  0.000000000 1.0000000 0.0000000 0.00000000 1.00000000 0.00000000 0.00000000 0.00000000 0.000000000 0.000000000 0.000000000 0.0000000000 0.0000000000 0.0000000000 0.000000000
0 #_N_MeanSize_at_Age_obs
0 #_N_environ_variables
0 #_N_environ_obs
0 #_N_sizefreq_methods
0 #_do_tags
0 #_morphcomp_data
#
999
