#C data file created using the SS_writedat function in the R package r4ss
#C should work with SS version: 
#C file write time: 2015-02-11 18:32:45
#
1 #_styr
100 #_endyr
1 #_nseas
12 #_months_per_seas
1 #_spawn_seas
1 #_Nfleet
2 #_Nsurveys
1 #_N_areas
Fishery%Survey%CPUE #_fleetnames
0.5 0.5 0.5 #_surveytiming_in_season
1 1 1 #_area_assignments_for_each_fishery_and_survey
1 #_units of catch:  1=bio; 2=num
0.01 #_se of log(catch) only used for init_eq_catch and for Fmethod 2 and 3
1 #_Ngenders
25 #_Nages
0 #_init_equil_catch_for_each_fishery
100 #_N_lines_of_catch_to_read
 #_Fishery year seas
         0    1    1
         0    2    1
         0    3    1
         0    4    1
         0    5    1
         0    6    1
         0    7    1
         0    8    1
         0    9    1
         0   10    1
         0   11    1
         0   12    1
         0   13    1
         0   14    1
         0   15    1
         0   16    1
         0   17    1
         0   18    1
         0   19    1
         0   20    1
         0   21    1
         0   22    1
         0   23    1
         0   24    1
         0   25    1
 444646000   26    1
 397608000   27    1
 357583000   28    1
 324161000   29    1
 296656000   30    1
 274240000   31    1
 256057000   32    1
 241314000   33    1
 229322000   34    1
 219511000   35    1
 211426000   36    1
 204710000   37    1
 199088000   38    1
 194347000   39    1
 190324000   40    1
 186891000   41    1
 183948000   42    1
 181416000   43    1
 179230000   44    1
 177337000   45    1
 175694000   46    1
 174266000   47    1
 173022000   48    1
 171937000   49    1
 170990000   50    1
 170161000   51    1
 169436000   52    1
 168801000   53    1
 168243000   54    1
 167755000   55    1
 167325000   56    1
 166948000   57    1
 166617000   58    1
 166326000   59    1
 166070000   60    1
 165844000   61    1
 165646000   62    1
 165471000   63    1
 165317000   64    1
 165182000   65    1
 165063000   66    1
 164958000   67    1
 164865000   68    1
 164784000   69    1
 164712000   70    1
 164649000   71    1
 164593000   72    1
 164544000   73    1
 164500000   74    1
 164462000   75    1
 164429000   76    1
 164399000   77    1
 164373000   78    1
 164350000   79    1
 164329000   80    1
 164311000   81    1
 164296000   82    1
 164282000   83    1
 164269000   84    1
 164258000   85    1
 164249000   86    1
 164240000   87    1
 164233000   88    1
 164227000   89    1
 164221000   90    1
 164216000   91    1
 164211000   92    1
 164207000   93    1
 164204000   94    1
 164201000   95    1
 164198000   96    1
 164195000   97    1
 164193000   98    1
 164192000   99    1
 164190000  100    1
13 #_N_cpue
 #_Fleet Units Errtype
       1     1       0
       2     1       0
       3     1       0
 #_year seas index        obs se_log
     76    1     2  780021711    0.2
     78    1     2 1159745132    0.2
     80    1     2 1240127515    0.2
     82    1     2 1691675527    0.2
     84    1     2 1309323537    0.2
     86    1     2 1241046708    0.2
     88    1     2 1197189799    0.2
     90    1     2 1453351780    0.2
     92    1     2 1157708022    0.2
     94    1     2 1857549903    0.2
     96    1     2 1828084907    0.2
     98    1     2 1735500713    0.2
    100    1     2 1171552361    0.2
0 #_N_discard_fleets
#_discard_units (1=same_as_catchunits(bio/num); 2=fraction; 3=numbers)
#_discard_errtype:  >0 for DF of T-dist(read CV below); 0 for normal with CV; -1 for normal with se; -2 for lognormal
0 #_N_discard
0 #_N_meanbodywt
1 #_DF_for_meanbodywt_T-distribution_like
2 # length bin method: 1=use databins; 2=generate from binwidth,min,max below; 3=read vector
1 # binwidth for population size comp
10 # minimum size in the population (lower edge of first bin and size at age 0.00)
200 # maximum size in the population (lower edge of last bin)
-0.001 #_comp_tail_compression
1e-05 #_add_to_comp
0 #_combine males into females at or below this bin number
45 #_N_lbins
#_lbin_vector
20 23 26 29 32 35 38 41 44 47 50 53 56 59 62 65 68 71 74 77 80 83 86 89 92 95 98 101 104 107 110 113 116 119 122 125 128 131 134 137 140 143 146 149 152
28 #_N_Length_comp_observations
 #_Yr Seas FltSvy Gender Part Nsamp           l20          l23          l26         l29         l32          l35          l38         l41        l44        l47        l50        l53        l56        l59        l62        l65        l68        l71        l74        l77        l80        l83        l86         l89        l92        l95         l98        l101        l104        l107        l110        l113        l116        l119        l122         l125         l128         l131         l134         l137         l140         l143         l146         l149         l152
   26    1      1      0    0   125  2.978620e-46 1.875320e-16 1.528703e-04 0.017443370 0.009882867 0.0079313897 0.0054202930 0.043191838 0.01757085 0.02466246 0.02315956 0.03920947 0.04712959 0.04794311 0.02583555 0.02709783 0.02687215 0.01251508 0.01972687 0.02561848 0.04076269 0.04918290 0.05205087 0.016849673 0.01542467 0.04936065 0.044361885 0.022147670 0.011104732 0.025040154 0.026687123 0.064885294 0.009929265 0.019242565 0.007958098 0.0064332831 0.0377652204 4.016247e-02 0.0049375878 1.446434e-02 1.703932e-02 8.935517e-04 3.270359e-04 4.723166e-04 1.153008e-03
   36    1      1      0    0   125  3.681288e-29 1.449445e-16 2.194979e-03 0.006744170 0.004490559 0.0015300124 0.0109134319 0.004947036 0.01773590 0.04842908 0.07625160 0.06706990 0.01917561 0.02533486 0.03494157 0.05639822 0.03119075 0.04343143 0.05116636 0.05419355 0.03306342 0.01768749 0.02176551 0.022917982 0.01959758 0.02374401 0.071902587 0.006996676 0.027654121 0.006310396 0.011080606 0.043666487 0.044868331 0.015697802 0.044973610 0.0031451108 0.0064840029 3.668948e-03 0.0004753700 1.016026e-02 6.288778e-03 1.023524e-03 1.659524e-04 1.521269e-12 5.224191e-04
   46    1      1      0    0   125  4.453535e-31 2.387438e-13 5.659836e-05 0.011630433 0.015947609 0.0002422610 0.0137010401 0.028508444 0.02082083 0.06966655 0.05346263 0.04043273 0.02210625 0.03143224 0.03457330 0.09710426 0.03106577 0.03461070 0.05129757 0.03197418 0.05736180 0.04375159 0.01371275 0.025724270 0.03956329 0.01896926 0.020226194 0.029399297 0.009111059 0.014362479 0.006009480 0.025294986 0.009662591 0.020197067 0.005995763 0.0090573119 0.0098008520 3.735681e-02 0.0035120033 4.601893e-05 7.200356e-03 3.002870e-03 2.048375e-03 8.483966e-10 1.163776e-07
   56    1      1      0    0   125 2.248301e-116 3.604159e-15 8.654747e-04 0.010656081 0.005744403 0.0019377129 0.0022328446 0.046160514 0.06882895 0.04766052 0.08352224 0.04657167 0.02574329 0.04360861 0.02094505 0.07079840 0.03670375 0.08118418 0.02518107 0.05016800 0.01900223 0.01441581 0.03368950 0.016243981 0.00924023 0.02908131 0.025325480 0.019474826 0.008373100 0.015842526 0.003446115 0.036234773 0.022701314 0.017828727 0.027001949 0.0026605802 0.0224382166 5.256729e-03 0.0031100141 3.416617e-06 1.580673e-07 3.896831e-05 7.107652e-05 1.363714e-08 6.224615e-06
   60    1      1      0    0   125  5.117183e-59 5.928752e-11 9.096888e-05 0.002095404 0.011936224 0.0163291602 0.0067299884 0.023862632 0.03278142 0.04054162 0.09108103 0.02716601 0.03013571 0.03294307 0.07890126 0.05244021 0.05210243 0.01727134 0.04910159 0.01546354 0.04172416 0.02768483 0.03427652 0.014510128 0.02450828 0.03751139 0.008718368 0.009665463 0.059247654 0.028876375 0.017778054 0.012994449 0.008536256 0.035148506 0.022920925 0.0173209167 0.0016775926 2.916474e-03 0.0087879235 2.921110e-03 2.331787e-09 4.335675e-04 8.564632e-04 1.098901e-05 3.186765e-15
   64    1      1      0    0   125  2.007209e-72 3.023247e-09 3.902315e-03 0.007977977 0.009072280 0.0042005385 0.0008844031 0.002164555 0.03545725 0.09940792 0.05254069 0.06897152 0.02900385 0.02136848 0.04869771 0.04617416 0.02876527 0.03795540 0.03487855 0.01527859 0.03948582 0.04356395 0.03956612 0.014634823 0.04817132 0.03071429 0.007311877 0.041096443 0.008907927 0.044143865 0.011521515 0.034776416 0.009346413 0.025636983 0.010102965 0.0247352795 0.0022150316 1.246908e-02 0.0003447050 5.319928e-09 3.894982e-03 5.589514e-08 6.586851e-04 4.749967e-17 2.270060e-12
   68    1      1      0    0   125 4.509600e-113 1.222788e-40 2.443140e-03 0.014336115 0.004251465 0.0025501072 0.0020007727 0.020977673 0.04776999 0.06581994 0.04957577 0.03099437 0.04847335 0.02879782 0.03666851 0.05699181 0.03235772 0.05441642 0.07919516 0.02234406 0.03690068 0.04810243 0.03965706 0.028080884 0.02816301 0.01389855 0.032126666 0.039384228 0.009865949 0.016595142 0.013011034 0.017953116 0.017006751 0.018052560 0.007733016 0.0134177989 0.0001621039 4.963590e-03 0.0103781935 4.312426e-03 3.296397e-06 2.627015e-04 1.676825e-13 3.797914e-15 4.612147e-06
   72    1      1      0    0   125 1.125012e-276 1.426046e-33 1.394801e-02 0.012753555 0.022810536 0.0118316830 0.0053758398 0.007520663 0.03672091 0.05631117 0.04616663 0.05582181 0.05192823 0.04437986 0.05637790 0.04034543 0.06768099 0.05313303 0.06625374 0.01633116 0.02542267 0.02961695 0.03850950 0.034572809 0.02159092 0.01270098 0.033067887 0.001675429 0.009160672 0.020859571 0.015432929 0.021122491 0.013163336 0.021843944 0.011724576 0.0021418442 0.0112766849 2.559551e-03 0.0023615414 1.785567e-05 5.821037e-06 2.447381e-08 4.608238e-05 5.429655e-03 5.121031e-06
   76    1      1      0    0   125  0.000000e+00 1.838049e-14 3.312031e-03 0.008217483 0.033100025 0.0132526742 0.0036022252 0.031936793 0.03203345 0.05952010 0.02487040 0.06165637 0.07578271 0.04461164 0.04062436 0.05239965 0.01797526 0.03373872 0.03578939 0.03898242 0.03774764 0.03265650 0.01596616 0.036821903 0.02172622 0.04866899 0.020133831 0.011110531 0.023491545 0.005214165 0.027241844 0.016862200 0.008624374 0.002372970 0.004794493 0.0036989944 0.0032823108 4.720553e-04 0.0028373766 9.854784e-04 5.468296e-02 9.201741e-03 1.420812e-08 1.858161e-14 3.225030e-18
   80    1      1      0    0   125 1.149992e-163 2.607613e-18 2.833887e-07 0.015310768 0.009471587 0.0001544398 0.0008698687 0.006367836 0.03514562 0.11251733 0.04673068 0.05876401 0.01897880 0.09231296 0.05900935 0.02409630 0.04373940 0.04902125 0.01712703 0.02634244 0.02768642 0.02755152 0.01696821 0.009995699 0.04464593 0.05245576 0.019303939 0.020689971 0.016329026 0.029561713 0.015526645 0.040239851 0.026351677 0.014016962 0.004319704 0.0050400059 0.0001004045 4.586178e-03 0.0009120279 1.998636e-04 8.867982e-09 1.190094e-06 5.697782e-04 6.981995e-03 5.550423e-06
   84    1      1      0    0   125  3.265563e-80 9.273280e-04 8.470161e-04 0.004832020 0.004873575 0.0037185308 0.0162913182 0.013124823 0.06356732 0.05926147 0.05354687 0.02933260 0.02208630 0.02282655 0.03384997 0.04476477 0.10665141 0.03641811 0.04799818 0.02445350 0.04253261 0.03975722 0.02345136 0.034685420 0.03366393 0.02054131 0.027393987 0.023942224 0.011416795 0.026567775 0.032992165 0.029506535 0.003941250 0.019215259 0.004115785 0.0010399090 0.0073381267 1.998866e-05 0.0132984181 9.761691e-04 1.320062e-02 4.009674e-04 6.304183e-04 1.879287e-08 7.212025e-08
   88    1      1      0    0   125  5.572040e-15 1.405349e-03 7.010824e-03 0.005182748 0.009092883 0.0006005017 0.0020155196 0.006809630 0.01150333 0.05816347 0.07887686 0.04729755 0.01891950 0.03906334 0.06065298 0.02922628 0.04461457 0.01769251 0.06094917 0.05829800 0.03418579 0.02647496 0.02486930 0.045564857 0.03107258 0.02143247 0.005992122 0.082734880 0.034934805 0.016065180 0.036965434 0.018141641 0.010505964 0.008215256 0.011781489 0.0026935419 0.0125783005 1.754870e-03 0.0039857683 5.202888e-05 1.163053e-02 1.752881e-04 3.380494e-04 4.783699e-04 1.521971e-06
   92    1      1      0    0   125  1.483837e-05 7.701465e-09 5.576473e-03 0.015035749 0.003393994 0.0002815654 0.0058876496 0.026001210 0.06139042 0.08378568 0.05227014 0.03058056 0.02516015 0.05259183 0.05706245 0.06387677 0.02991681 0.03197148 0.04903448 0.01495612 0.03888172 0.03413275 0.05843846 0.018597282 0.03973838 0.02286359 0.024788433 0.005210722 0.043526627 0.030065610 0.017515101 0.020101870 0.001237620 0.016492056 0.006467201 0.0015021045 0.0018199301 7.162172e-05 0.0005122774 1.396178e-04 9.046591e-03 6.827898e-06 5.203974e-05 1.835603e-06 1.355401e-06
   96    1      1      0    0   125  1.455172e-68 1.015616e-19 3.742527e-03 0.003920705 0.001291154 0.0029069128 0.0088241347 0.014830500 0.04382551 0.07937397 0.09310030 0.04561386 0.03839761 0.01922215 0.04971229 0.02428086 0.05691850 0.06120509 0.01815338 0.03197525 0.03897807 0.01102153 0.03324217 0.016929614 0.04102874 0.02616684 0.018118924 0.028003194 0.012042266 0.018618849 0.022652422 0.033439870 0.018805359 0.024156602 0.003906950 0.0234019420 0.0174291564 9.762296e-04 0.0085814356 2.203904e-03 1.756475e-03 2.174984e-07 1.835708e-06 3.282132e-13 1.242699e-03
  100    1      1      0    0   125 2.356217e-166 1.255525e-13 5.722394e-03 0.002558341 0.006762848 0.0046584499 0.0014785443 0.006398460 0.08713557 0.07846874 0.06028094 0.02206873 0.03221134 0.03928730 0.05733036 0.05842211 0.04855868 0.07876697 0.02839926 0.02480300 0.04501908 0.01208251 0.01303034 0.026511611 0.03857879 0.03499970 0.009271284 0.005666451 0.033653676 0.045754483 0.015322448 0.008296285 0.002645561 0.008368818 0.021722235 0.0002680054 0.0110681364 9.798399e-03 0.0043003432 2.678195e-05 1.352981e-03 1.801007e-03 7.131615e-03 1.741996e-05 1.503721e-13
   76    1      2      0    0   500  7.945462e-31 1.326938e-03 1.370842e-02 0.064193110 0.042460226 0.0219981229 0.0068748211 0.013536683 0.04255505 0.04229800 0.04453756 0.05065832 0.01988141 0.03686291 0.03468974 0.03029479 0.06049951 0.03627687 0.02817299 0.04134091 0.03188180 0.03940932 0.02190015 0.025362043 0.03354080 0.01660116 0.038336253 0.020997029 0.023662708 0.024163692 0.016111269 0.010776207 0.012012981 0.015235247 0.007941320 0.0066250010 0.0098505537 3.944521e-03 0.0029296539 3.374032e-03 1.967090e-04 1.252382e-03 1.167216e-03 3.957682e-04 1.658146e-04
   78    1      2      0    0   500  1.986650e-17 1.165285e-03 1.934208e-02 0.055501007 0.056514863 0.0118732431 0.0091799813 0.024448530 0.05694796 0.06136768 0.03567117 0.03386626 0.03363399 0.02299467 0.03305419 0.04037034 0.03509071 0.02312920 0.02685652 0.02165429 0.02730055 0.02901673 0.03724641 0.021062485 0.01706330 0.01500613 0.032864702 0.041151945 0.012962183 0.021643929 0.023234232 0.023135869 0.018478813 0.015945028 0.013029358 0.0146314142 0.0075686155 1.460423e-02 0.0044185502 7.487133e-04 3.891831e-03 2.079568e-03 1.189748e-05 8.771259e-08 2.414569e-04
   80    1      2      0    0   500  4.217178e-24 7.448322e-04 2.036048e-02 0.051801421 0.034612681 0.0184065849 0.0077350234 0.017118783 0.04920304 0.05286917 0.05494398 0.04720350 0.03300504 0.03597417 0.03319716 0.04148022 0.04339414 0.03437439 0.02011583 0.03260502 0.03337812 0.03766531 0.02275230 0.028974415 0.03537989 0.01769904 0.026810097 0.026210289 0.011956526 0.028566296 0.018806564 0.008822234 0.024009838 0.016143270 0.008722211 0.0021281356 0.0074959532 4.298485e-03 0.0004548197 6.822934e-03 8.924759e-04 4.647849e-04 6.414575e-04 1.534146e-06 1.757571e-03
   82    1      2      0    0   500  1.156375e-11 1.610418e-03 2.186336e-02 0.034652377 0.048526426 0.0184833486 0.0219437273 0.022898831 0.04052290 0.02857511 0.05599145 0.04251097 0.02640365 0.01982097 0.03879466 0.04162025 0.03504957 0.02858276 0.03778202 0.04686470 0.02710819 0.04222706 0.03625649 0.033206365 0.02451217 0.01837345 0.027693184 0.024586273 0.028158208 0.028079310 0.017028226 0.013874255 0.013319969 0.005810636 0.005497260 0.0074990981 0.0173887820 5.696106e-03 0.0016012217 1.227951e-03 2.106678e-03 1.166612e-06 8.296815e-05 6.052603e-03 1.148836e-04
   84    1      2      0    0   500  5.371079e-05 2.441442e-03 1.867112e-02 0.033134167 0.051799825 0.0208989269 0.0077905050 0.016625088 0.04768602 0.06578406 0.04980012 0.04150948 0.02496253 0.03463458 0.03945708 0.02956321 0.04287663 0.03363428 0.03362671 0.05488585 0.01735286 0.02837291 0.02888621 0.027884166 0.06018994 0.02232395 0.018042342 0.021793323 0.018869239 0.013679388 0.018346151 0.008346033 0.012321813 0.014520746 0.016420014 0.0015926630 0.0039555965 2.635510e-03 0.0037262420 6.747662e-03 1.472776e-04 2.124599e-03 1.238045e-03 6.347004e-04 1.327687e-05
   86    1      2      0    0   500  7.806995e-14 1.155609e-03 1.913785e-02 0.055399212 0.061768354 0.0232589463 0.0157658444 0.024107566 0.04835564 0.07175742 0.04619325 0.03934525 0.02612425 0.03572227 0.03579800 0.03287593 0.04081941 0.03396626 0.02224410 0.02433537 0.02032794 0.04675101 0.01900264 0.014688662 0.02869501 0.02727142 0.022413860 0.026474219 0.014428604 0.022314790 0.010639429 0.011105647 0.013176508 0.016366398 0.011788241 0.0093145876 0.0062784135 6.438084e-03 0.0039027826 3.546282e-03 2.084024e-03 3.040837e-03 1.365579e-03 4.211629e-04 3.335201e-05
   88    1      2      0    0   500  1.395672e-33 1.396244e-03 1.392117e-02 0.043800155 0.059762866 0.0146436952 0.0171608318 0.024505555 0.04944749 0.05902696 0.03648386 0.03762690 0.02006644 0.03267457 0.04458628 0.05475095 0.03501291 0.02856568 0.03141965 0.03054298 0.02651880 0.02402743 0.03377765 0.031517316 0.02529005 0.02672254 0.018305356 0.035737549 0.013124732 0.022942172 0.025323999 0.012990815 0.017339994 0.009564108 0.010178242 0.0080431727 0.0078990030 6.283631e-03 0.0063114271 6.383502e-04 1.117903e-03 6.653790e-06 5.334741e-04 9.537721e-07 4.095159e-04
   90    1      2      0    0   500  2.685552e-42 4.871525e-03 1.794064e-02 0.044170841 0.045890186 0.0199143560 0.0137541855 0.024922505 0.03615947 0.05614997 0.06019977 0.04234164 0.02830956 0.04450307 0.03113451 0.04200249 0.02711334 0.02891764 0.02166914 0.02953567 0.02574190 0.04072765 0.03265472 0.017359312 0.02061175 0.03153387 0.026352078 0.028162499 0.022136287 0.020726352 0.022421144 0.014533028 0.020837613 0.011453211 0.010617900 0.0107740311 0.0069192547 7.000325e-03 0.0016408936 8.199869e-04 5.269181e-04 8.791220e-04 5.691282e-03 1.230538e-04 2.553223e-04
   92    1      2      0    0   500  1.056118e-06 4.759142e-04 1.530221e-02 0.060452919 0.053009559 0.0173868636 0.0079558388 0.019057935 0.05291607 0.05080687 0.04772590 0.04291648 0.03199592 0.01421274 0.05062258 0.02457465 0.03386161 0.03827019 0.03459536 0.01875848 0.02929738 0.03411999 0.02674357 0.027238951 0.03902191 0.01576332 0.015266430 0.039336850 0.009823607 0.029708860 0.023795027 0.021272229 0.014011613 0.013040626 0.009570490 0.0033963459 0.0100074881 6.064323e-03 0.0074536042 6.151385e-03 1.975666e-03 7.416590e-04 1.237417e-03 3.722701e-05 2.488285e-05
   94    1      2      0    0   500  7.844113e-24 2.416673e-03 1.665165e-02 0.070200432 0.036041058 0.0241572374 0.0090071367 0.019041380 0.04866588 0.04733388 0.04802720 0.04659754 0.04399162 0.04027400 0.03656809 0.04264920 0.04271983 0.03009470 0.03846263 0.01792802 0.02864047 0.02755421 0.01908009 0.036323405 0.02711543 0.02652479 0.019538674 0.037507205 0.016554810 0.026172706 0.011822739 0.010109473 0.013070699 0.009913578 0.006908189 0.0048316049 0.0028548309 4.932429e-03 0.0025196069 6.653421e-04 3.177981e-03 1.600594e-03 1.165316e-03 1.870148e-04 4.006506e-04
   96    1      2      0    0   500  2.335894e-06 1.664245e-03 3.295249e-02 0.046516630 0.055773053 0.0161048567 0.0088424889 0.027163174 0.04328742 0.05478726 0.06856763 0.02725380 0.04306154 0.03301932 0.02657578 0.02997269 0.03460817 0.04264008 0.02978905 0.02759655 0.03111642 0.02249788 0.03070533 0.034336598 0.03806839 0.02460027 0.031006361 0.010574222 0.018387527 0.021894701 0.012779559 0.006833513 0.014181971 0.014991302 0.010440339 0.0037326397 0.0088796953 4.433641e-03 0.0081630867 1.623481e-03 5.484963e-05 1.603686e-04 6.164160e-05 2.949735e-04 2.681153e-06
   98    1      2      0    0   500  7.617546e-17 8.188084e-04 1.896356e-02 0.039430920 0.053381267 0.0164017362 0.0132409790 0.028356483 0.03560144 0.04701311 0.05189939 0.04283988 0.02185217 0.05801005 0.03896434 0.04450311 0.02752800 0.02424317 0.03790597 0.04633851 0.04176440 0.03191324 0.01978113 0.039833850 0.03291137 0.02069485 0.023968811 0.015493160 0.015460985 0.018062901 0.008555091 0.014195957 0.013741194 0.014779490 0.007045727 0.0108524495 0.0104874891 4.912304e-03 0.0004366225 4.003232e-03 3.399337e-03 1.441734e-04 2.999934e-05 2.378404e-04 1.498820e-06
  100    1      2      0    0   500  3.050009e-22 1.862264e-03 1.180378e-02 0.058509319 0.037728828 0.0108180005 0.0109317907 0.015689513 0.05109220 0.04684512 0.06362353 0.04473538 0.05360692 0.02712580 0.03670699 0.02684171 0.02695455 0.04849575 0.02816321 0.03935822 0.04522904 0.04722652 0.04031157 0.018088995 0.02575490 0.01836664 0.021087475 0.025560360 0.011542313 0.010065904 0.012692415 0.021013776 0.011676324 0.011272555 0.003942888 0.0069894606 0.0083580558 1.212977e-02 0.0037735874 2.667818e-03 7.325459e-04 5.085861e-05 4.401072e-04 5.627645e-05 7.695925e-05
15 #_N_agebins
#_agebin_vector
1 2 3 4 5 6 7 8 9 10 11 12 13 14 15
1 #_N_ageerror_definitions
 #_age0   age1   age2   age3   age4   age5   age6   age7   age8   age9  age10  age11  age12  age13  age14  age15  age16  age17  age18  age19  age20  age21  age22  age23  age24  age25
 -1.000 -1.000 -1.000 -1.000 -1.000 -1.000 -1.000 -1.000 -1.000 -1.000 -1.000 -1.000 -1.000 -1.000 -1.000 -1.000 -1.000 -1.000 -1.000 -1.000 -1.000 -1.000 -1.000 -1.000 -1.000 -1.000
  0.001  0.001  0.001  0.001  0.001  0.001  0.001  0.001  0.001  0.001  0.001  0.001  0.001  0.001  0.001  0.001  0.001  0.001  0.001  0.001  0.001  0.001  0.001  0.001  0.001  0.001
82 #_N_agecomp
1 #_Lbin_method: 1=poplenbins; 2=datalenbins; 3=lengths
-1 #_combine males into females at or below this bin number
 #_Yr Seas FltSvy Gender Part Ageerr Lbin_lo Lbin_hi Nsamp          a1        a2        a3         a4         a5         a6         a7         a8         a9         a10         a11         a12         a13          a14         a15
   26    1      1      0    0      1      -1      -1   125  0.02209441 0.1525758 0.1724426 0.09450888 0.09260254 0.13470321 0.03557816 0.04167696 0.06256251 0.049572268 0.008680654 0.004341019 0.020785236 0.0072912393 0.100584496
   36    1      1      0    0      1      -1      -1   125  0.02628303 0.2475245 0.1691844 0.13479525 0.08167867 0.09809562 0.04211296 0.04717489 0.06957748 0.028887636 0.017677824 0.011689376 0.005627164 0.0035023565 0.016188799
   46    1      1      0    0      1      -1      -1   125  0.03883429 0.2619797 0.1744502 0.18862749 0.08495613 0.07889249 0.05209249 0.02160367 0.01658774 0.034586350 0.015472268 0.003383334 0.012107359 0.0080611983 0.008365298
   56    1      1      0    0      1      -1      -1   125  0.05075370 0.2190921 0.1956645 0.15264889 0.05579256 0.06641108 0.08326145 0.03916443 0.02732206 0.020069135 0.002814199 0.021160632 0.008459627 0.0139758402 0.043409746
   60    1      1      0    0      1      -1      -1   125  0.03944592 0.1889479 0.2297545 0.12410696 0.11567278 0.11294700 0.06401669 0.04696015 0.02274352 0.014656235 0.011268420 0.007967636 0.010668804 0.0027432701 0.008100162
   64    1      1      0    0      1      -1      -1   125  0.02056353 0.2044496 0.1886157 0.16761576 0.12828458 0.06863117 0.05476273 0.05022104 0.01440728 0.040436697 0.037068351 0.003254306 0.001992517 0.0031339507 0.016562745
   68    1      1      0    0      1      -1      -1   125  0.04050880 0.3173187 0.2114562 0.10066543 0.07947191 0.07466546 0.04531487 0.02485796 0.02096582 0.033112305 0.001105390 0.022005032 0.005878862 0.0008225463 0.021850734
   72    1      1      0    0      1      -1      -1   125  0.01686936 0.1856416 0.1695746 0.17154840 0.09334036 0.12129161 0.07172314 0.01701625 0.03300790 0.050683960 0.014370691 0.025431836 0.021275635 0.0028738563 0.005350842
   76    1      1      0    0      1      -1      -1   125  0.02788155 0.2205970 0.1968418 0.17448685 0.09630365 0.06956615 0.03961059 0.06306334 0.02595718 0.022001739 0.026111792 0.018643320 0.001303078 0.0038474229 0.013784516
   80    1      1      0    0      1      -1      -1   125  0.01623946 0.2669280 0.1794745 0.15701573 0.09471392 0.08011894 0.07566696 0.01687933 0.02665334 0.028441368 0.015121464 0.002876475 0.010237096 0.0002897692 0.029343571
   84    1      1      0    0      1      -1      -1   125  0.07047079 0.2754101 0.1575322 0.13315353 0.09511658 0.04334564 0.07620123 0.04739174 0.03180664 0.025031041 0.010755235 0.005559726 0.021505283 0.0009376347 0.005782545
   88    1      1      0    0      1      -1      -1   125  0.03487271 0.1921698 0.2166728 0.17772376 0.12302293 0.10464338 0.04691329 0.04518781 0.01383367 0.020171487 0.006587838 0.001966827 0.008007311 0.0065493923 0.001677045
   92    1      1      0    0      1      -1      -1   125  0.04648631 0.2198414 0.1694850 0.14349402 0.15987029 0.05203563 0.01169167 0.05673784 0.03750858 0.026108147 0.032612426 0.006112232 0.006220557 0.0159350117 0.015860868
   96    1      1      0    0      1      -1      -1   125  0.02885223 0.2643501 0.1586917 0.11360809 0.13658889 0.06422203 0.06879921 0.04608157 0.03212330 0.006167595 0.015484103 0.016289392 0.036600181 0.0024590221 0.009682598
  100    1      1      0    0      1      -1      -1   125  0.04947266 0.2457653 0.1481483 0.14525461 0.07993179 0.06243324 0.08682602 0.03743859 0.05258377 0.041677158 0.020323962 0.001490799 0.017169527 0.0039950113 0.007489248
   76    1      2      0    0      1      -1      -1   500  0.13459820 0.2068935 0.1682328 0.14064774 0.10986257 0.06806001 0.04447054 0.03740465 0.02251018 0.025485423 0.006574898 0.010849475 0.004944581 0.0042516548 0.015213752
   78    1      2      0    0      1      -1      -1   500  0.12803775 0.2478678 0.1518234 0.15940486 0.07484924 0.07538555 0.05256127 0.02509108 0.02852172 0.016500826 0.010448794 0.006538389 0.011609137 0.0014936867 0.009866457
   80    1      2      0    0      1      -1      -1   500  0.14133465 0.2320096 0.1557325 0.11957734 0.09013473 0.07696214 0.05846821 0.02824699 0.02813709 0.021713184 0.012211540 0.005948551 0.013648385 0.0060564356 0.009818672
   82    1      2      0    0      1      -1      -1   500  0.11910921 0.2087464 0.1769532 0.15514631 0.09934440 0.06603409 0.05115200 0.02158102 0.02775017 0.012906798 0.007497346 0.009332773 0.006252774 0.0115527034 0.026640821
   84    1      2      0    0      1      -1      -1   500  0.10921302 0.2241196 0.1853285 0.10275601 0.08186356 0.07268603 0.05053790 0.06324313 0.03013731 0.013461598 0.022029081 0.011499339 0.007893773 0.0100856280 0.015145605
   86    1      2      0    0      1      -1      -1   500  0.11270642 0.2243935 0.1623462 0.11420576 0.10928607 0.07880767 0.04604087 0.03011578 0.02560456 0.019562489 0.028717237 0.024011304 0.006384261 0.0019031962 0.015914674
   88    1      2      0    0      1      -1      -1   500  0.14117528 0.2205488 0.1990219 0.11943775 0.10348308 0.07926046 0.03588888 0.02180880 0.01958314 0.018961114 0.015763616 0.005484809 0.002449295 0.0030464476 0.014086657
   90    1      2      0    0      1      -1      -1   500  0.15725530 0.2219414 0.1691024 0.12665067 0.09208606 0.06457147 0.05206332 0.02917312 0.01864211 0.016394526 0.021621144 0.010031504 0.005489869 0.0045757238 0.010401359
   92    1      2      0    0      1      -1      -1   500  0.14042451 0.2209053 0.1634975 0.12675005 0.10626892 0.07309089 0.04556448 0.04510809 0.02298944 0.009338599 0.009797217 0.010567436 0.004185567 0.0027793624 0.018732642
   94    1      2      0    0      1      -1      -1   500  0.12597092 0.2259019 0.1620406 0.12665160 0.10645993 0.07365931 0.04110385 0.03656165 0.02795132 0.007132024 0.020167663 0.009765185 0.008015576 0.0087602246 0.019858257
   96    1      2      0    0      1      -1      -1   500  0.15493095 0.2826262 0.1202255 0.13752820 0.09494385 0.04014908 0.04564064 0.02301796 0.01938217 0.015192556 0.016854334 0.010802774 0.009837199 0.0067436007 0.022124891
   98    1      2      0    0      1      -1      -1   500  0.15405037 0.2216843 0.1659593 0.14079412 0.09717763 0.07100416 0.04179785 0.02966444 0.02053180 0.018215092 0.011386065 0.006662381 0.005885379 0.0032479472 0.011939152
  100    1      2      0    0      1      -1      -1   500  0.14979328 0.2315456 0.1841637 0.13143317 0.08331450 0.06076328 0.04129195 0.03009902 0.03402749 0.014151983 0.012115160 0.009795077 0.003656180 0.0053261811 0.008523445
   60    1      1      0    0      1       5       5     1  1.00000000 0.0000000 0.0000000 0.00000000 0.00000000 0.00000000 0.00000000 0.00000000 0.00000000 0.000000000 0.000000000 0.000000000 0.000000000 0.0000000000 0.000000000
   60    1      1      0    0      1       7       7     1  1.00000000 0.0000000 0.0000000 0.00000000 0.00000000 0.00000000 0.00000000 0.00000000 0.00000000 0.000000000 0.000000000 0.000000000 0.000000000 0.0000000000 0.000000000
   60    1      1      0    0      1       8       8     3  3.00000000 0.0000000 0.0000000 0.00000000 0.00000000 0.00000000 0.00000000 0.00000000 0.00000000 0.000000000 0.000000000 0.000000000 0.000000000 0.0000000000 0.000000000
   60    1      1      0    0      1       9       9     2  2.00000000 0.0000000 0.0000000 0.00000000 0.00000000 0.00000000 0.00000000 0.00000000 0.00000000 0.000000000 0.000000000 0.000000000 0.000000000 0.0000000000 0.000000000
   60    1      1      0    0      1      10      10     5  5.00000000 0.0000000 0.0000000 0.00000000 0.00000000 0.00000000 0.00000000 0.00000000 0.00000000 0.000000000 0.000000000 0.000000000 0.000000000 0.0000000000 0.000000000
   60    1      1      0    0      1      11      11     9  9.00000000 0.0000000 0.0000000 0.00000000 0.00000000 0.00000000 0.00000000 0.00000000 0.00000000 0.000000000 0.000000000 0.000000000 0.000000000 0.0000000000 0.000000000
   60    1      1      0    0      1      12      12     4  4.00000000 0.0000000 0.0000000 0.00000000 0.00000000 0.00000000 0.00000000 0.00000000 0.00000000 0.000000000 0.000000000 0.000000000 0.000000000 0.0000000000 0.000000000
   60    1      1      0    0      1      13      13     5  5.00000000 0.0000000 0.0000000 0.00000000 0.00000000 0.00000000 0.00000000 0.00000000 0.00000000 0.000000000 0.000000000 0.000000000 0.000000000 0.0000000000 0.000000000
   60    1      1      0    0      1      14      14     2  2.00000000 0.0000000 0.0000000 0.00000000 0.00000000 0.00000000 0.00000000 0.00000000 0.00000000 0.000000000 0.000000000 0.000000000 0.000000000 0.0000000000 0.000000000
   60    1      1      0    0      1      15      15     8  8.00000000 0.0000000 0.0000000 0.00000000 0.00000000 0.00000000 0.00000000 0.00000000 0.00000000 0.000000000 0.000000000 0.000000000 0.000000000 0.0000000000 0.000000000
   60    1      1      0    0      1      16      16     8  8.00000000 0.0000000 0.0000000 0.00000000 0.00000000 0.00000000 0.00000000 0.00000000 0.00000000 0.000000000 0.000000000 0.000000000 0.000000000 0.0000000000 0.000000000
   60    1      1      0    0      1      17      17     3  3.00000000 0.0000000 0.0000000 0.00000000 0.00000000 0.00000000 0.00000000 0.00000000 0.00000000 0.000000000 0.000000000 0.000000000 0.000000000 0.0000000000 0.000000000
   60    1      1      0    0      1      18      18     2  2.00000000 0.0000000 0.0000000 0.00000000 0.00000000 0.00000000 0.00000000 0.00000000 0.00000000 0.000000000 0.000000000 0.000000000 0.000000000 0.0000000000 0.000000000
   60    1      1      0    0      1      19      19     7  7.00000000 0.0000000 0.0000000 0.00000000 0.00000000 0.00000000 0.00000000 0.00000000 0.00000000 0.000000000 0.000000000 0.000000000 0.000000000 0.0000000000 0.000000000
   60    1      1      0    0      1      20      20     2  2.00000000 0.0000000 0.0000000 0.00000000 0.00000000 0.00000000 0.00000000 0.00000000 0.00000000 0.000000000 0.000000000 0.000000000 0.000000000 0.0000000000 0.000000000
   60    1      1      0    0      1      21      21     5  5.00000000 0.0000000 0.0000000 0.00000000 0.00000000 0.00000000 0.00000000 0.00000000 0.00000000 0.000000000 0.000000000 0.000000000 0.000000000 0.0000000000 0.000000000
   60    1      1      0    0      1      22      22     1  1.00000000 0.0000000 0.0000000 0.00000000 0.00000000 0.00000000 0.00000000 0.00000000 0.00000000 0.000000000 0.000000000 0.000000000 0.000000000 0.0000000000 0.000000000
   60    1      1      0    0      1      23      23     1  1.00000000 0.0000000 0.0000000 0.00000000 0.00000000 0.00000000 0.00000000 0.00000000 0.00000000 0.000000000 0.000000000 0.000000000 0.000000000 0.0000000000 0.000000000
   60    1      1      0    0      1      25      25     2  2.00000000 0.0000000 0.0000000 0.00000000 0.00000000 0.00000000 0.00000000 0.00000000 0.00000000 0.000000000 0.000000000 0.000000000 0.000000000 0.0000000000 0.000000000
   60    1      1      0    0      1      26      26     3  3.00000000 0.0000000 0.0000000 0.00000000 0.00000000 0.00000000 0.00000000 0.00000000 0.00000000 0.000000000 0.000000000 0.000000000 0.000000000 0.0000000000 0.000000000
   60    1      1      0    0      1      28      28     1  1.00000000 0.0000000 0.0000000 0.00000000 0.00000000 0.00000000 0.00000000 0.00000000 0.00000000 0.000000000 0.000000000 0.000000000 0.000000000 0.0000000000 0.000000000
   60    1      1      0    0      1      29      29     7  1.00000000 6.0000000 0.0000000 0.00000000 0.00000000 0.00000000 0.00000000 0.00000000 0.00000000 0.000000000 0.000000000 0.000000000 0.000000000 0.0000000000 0.000000000
   60    1      1      0    0      1      30      30     8  1.00000000 7.0000000 0.0000000 0.00000000 0.00000000 0.00000000 0.00000000 0.00000000 0.00000000 0.000000000 0.000000000 0.000000000 0.000000000 0.0000000000 0.000000000
   60    1      1      0    0      1      32      32     2  0.00000000 2.0000000 0.0000000 0.00000000 0.00000000 0.00000000 0.00000000 0.00000000 0.00000000 0.000000000 0.000000000 0.000000000 0.000000000 0.0000000000 0.000000000
   60    1      1      0    0      1      33      33     2  0.00000000 2.0000000 0.0000000 0.00000000 0.00000000 0.00000000 0.00000000 0.00000000 0.00000000 0.000000000 0.000000000 0.000000000 0.000000000 0.0000000000 0.000000000
   60    1      1      0    0      1      34      34     2  0.00000000 2.0000000 0.0000000 0.00000000 0.00000000 0.00000000 0.00000000 0.00000000 0.00000000 0.000000000 0.000000000 0.000000000 0.000000000 0.0000000000 0.000000000
   60    1      1      0    0      1      35      35     2  0.00000000 2.0000000 0.0000000 0.00000000 0.00000000 0.00000000 0.00000000 0.00000000 0.00000000 0.000000000 0.000000000 0.000000000 0.000000000 0.0000000000 0.000000000
   60    1      1      0    0      1      36      36     2  0.00000000 2.0000000 0.0000000 0.00000000 0.00000000 0.00000000 0.00000000 0.00000000 0.00000000 0.000000000 0.000000000 0.000000000 0.000000000 0.0000000000 0.000000000
  100    1      1      0    0      1       5       5     2  2.00000000 0.0000000 0.0000000 0.00000000 0.00000000 0.00000000 0.00000000 0.00000000 0.00000000 0.000000000 0.000000000 0.000000000 0.000000000 0.0000000000 0.000000000
  100    1      1      0    0      1       9       9     5  5.00000000 0.0000000 0.0000000 0.00000000 0.00000000 0.00000000 0.00000000 0.00000000 0.00000000 0.000000000 0.000000000 0.000000000 0.000000000 0.0000000000 0.000000000
  100    1      1      0    0      1      10      10    12 12.00000000 0.0000000 0.0000000 0.00000000 0.00000000 0.00000000 0.00000000 0.00000000 0.00000000 0.000000000 0.000000000 0.000000000 0.000000000 0.0000000000 0.000000000
  100    1      1      0    0      1      11      11     6  6.00000000 0.0000000 0.0000000 0.00000000 0.00000000 0.00000000 0.00000000 0.00000000 0.00000000 0.000000000 0.000000000 0.000000000 0.000000000 0.0000000000 0.000000000
  100    1      1      0    0      1      12      12     3  3.00000000 0.0000000 0.0000000 0.00000000 0.00000000 0.00000000 0.00000000 0.00000000 0.00000000 0.000000000 0.000000000 0.000000000 0.000000000 0.0000000000 0.000000000
  100    1      1      0    0      1      13      13     3  3.00000000 0.0000000 0.0000000 0.00000000 0.00000000 0.00000000 0.00000000 0.00000000 0.00000000 0.000000000 0.000000000 0.000000000 0.000000000 0.0000000000 0.000000000
  100    1      1      0    0      1      14      14     6  6.00000000 0.0000000 0.0000000 0.00000000 0.00000000 0.00000000 0.00000000 0.00000000 0.00000000 0.000000000 0.000000000 0.000000000 0.000000000 0.0000000000 0.000000000
  100    1      1      0    0      1      15      15     3  3.00000000 0.0000000 0.0000000 0.00000000 0.00000000 0.00000000 0.00000000 0.00000000 0.00000000 0.000000000 0.000000000 0.000000000 0.000000000 0.0000000000 0.000000000
  100    1      1      0    0      1      16      16     6  6.00000000 0.0000000 0.0000000 0.00000000 0.00000000 0.00000000 0.00000000 0.00000000 0.00000000 0.000000000 0.000000000 0.000000000 0.000000000 0.0000000000 0.000000000
  100    1      1      0    0      1      17      17     6  6.00000000 0.0000000 0.0000000 0.00000000 0.00000000 0.00000000 0.00000000 0.00000000 0.00000000 0.000000000 0.000000000 0.000000000 0.000000000 0.0000000000 0.000000000
  100    1      1      0    0      1      18      18     6  6.00000000 0.0000000 0.0000000 0.00000000 0.00000000 0.00000000 0.00000000 0.00000000 0.00000000 0.000000000 0.000000000 0.000000000 0.000000000 0.0000000000 0.000000000
  100    1      1      0    0      1      19      19     4  4.00000000 0.0000000 0.0000000 0.00000000 0.00000000 0.00000000 0.00000000 0.00000000 0.00000000 0.000000000 0.000000000 0.000000000 0.000000000 0.0000000000 0.000000000
  100    1      1      0    0      1      20      20     4  4.00000000 0.0000000 0.0000000 0.00000000 0.00000000 0.00000000 0.00000000 0.00000000 0.00000000 0.000000000 0.000000000 0.000000000 0.000000000 0.0000000000 0.000000000
  100    1      1      0    0      1      21      21     4  4.00000000 0.0000000 0.0000000 0.00000000 0.00000000 0.00000000 0.00000000 0.00000000 0.00000000 0.000000000 0.000000000 0.000000000 0.000000000 0.0000000000 0.000000000
  100    1      1      0    0      1      23      23     1  1.00000000 0.0000000 0.0000000 0.00000000 0.00000000 0.00000000 0.00000000 0.00000000 0.00000000 0.000000000 0.000000000 0.000000000 0.000000000 0.0000000000 0.000000000
  100    1      1      0    0      1      25      25     4  4.00000000 0.0000000 0.0000000 0.00000000 0.00000000 0.00000000 0.00000000 0.00000000 0.00000000 0.000000000 0.000000000 0.000000000 0.000000000 0.0000000000 0.000000000
  100    1      1      0    0      1      26      26     4  3.00000000 1.0000000 0.0000000 0.00000000 0.00000000 0.00000000 0.00000000 0.00000000 0.00000000 0.000000000 0.000000000 0.000000000 0.000000000 0.0000000000 0.000000000
  100    1      1      0    0      1      27      27     1  0.00000000 1.0000000 0.0000000 0.00000000 0.00000000 0.00000000 0.00000000 0.00000000 0.00000000 0.000000000 0.000000000 0.000000000 0.000000000 0.0000000000 0.000000000
  100    1      1      0    0      1      28      28     1  0.00000000 1.0000000 0.0000000 0.00000000 0.00000000 0.00000000 0.00000000 0.00000000 0.00000000 0.000000000 0.000000000 0.000000000 0.000000000 0.0000000000 0.000000000
  100    1      1      0    0      1      29      29     8  3.00000000 5.0000000 0.0000000 0.00000000 0.00000000 0.00000000 0.00000000 0.00000000 0.00000000 0.000000000 0.000000000 0.000000000 0.000000000 0.0000000000 0.000000000
  100    1      1      0    0      1      30      30     3  1.00000000 2.0000000 0.0000000 0.00000000 0.00000000 0.00000000 0.00000000 0.00000000 0.00000000 0.000000000 0.000000000 0.000000000 0.000000000 0.0000000000 0.000000000
  100    1      1      0    0      1      31      31     2  0.00000000 2.0000000 0.0000000 0.00000000 0.00000000 0.00000000 0.00000000 0.00000000 0.00000000 0.000000000 0.000000000 0.000000000 0.000000000 0.0000000000 0.000000000
  100    1      1      0    0      1      32      32     2  0.00000000 2.0000000 0.0000000 0.00000000 0.00000000 0.00000000 0.00000000 0.00000000 0.00000000 0.000000000 0.000000000 0.000000000 0.000000000 0.0000000000 0.000000000
  100    1      1      0    0      1      34      34     1  0.00000000 1.0000000 0.0000000 0.00000000 0.00000000 0.00000000 0.00000000 0.00000000 0.00000000 0.000000000 0.000000000 0.000000000 0.000000000 0.0000000000 0.000000000
  100    1      1      0    0      1      35      35     1  0.00000000 1.0000000 0.0000000 0.00000000 0.00000000 0.00000000 0.00000000 0.00000000 0.00000000 0.000000000 0.000000000 0.000000000 0.000000000 0.0000000000 0.000000000
  100    1      1      0    0      1      38      38     2  0.00000000 2.0000000 0.0000000 0.00000000 0.00000000 0.00000000 0.00000000 0.00000000 0.00000000 0.000000000 0.000000000 0.000000000 0.000000000 0.0000000000 0.000000000
0 #_N_MeanSize_at_Age_obs
0 #_N_environ_variables
0 #_N_environ_obs
0 #_N_sizefreq_methods
0 #_do_tags
0 #_morphcomp_data
#
999
