#C data file created using the SS_writedat function in the R package r4ss
#C should work with SS version: 
#C file write time: 2015-02-11 18:07:22
#
1 #_styr
100 #_endyr
1 #_nseas
12 #_months_per_seas
1 #_spawn_seas
1 #_Nfleet
2 #_Nsurveys
1 #_N_areas
Fishery%Survey%CPUE #_fleetnames
0.5 0.5 0.5 #_surveytiming_in_season
1 1 1 #_area_assignments_for_each_fishery_and_survey
1 #_units of catch:  1=bio; 2=num
0.01 #_se of log(catch) only used for init_eq_catch and for Fmethod 2 and 3
1 #_Ngenders
25 #_Nages
0 #_init_equil_catch_for_each_fishery
100 #_N_lines_of_catch_to_read
 #_Fishery year seas
         0    1    1
         0    2    1
         0    3    1
         0    4    1
         0    5    1
         0    6    1
         0    7    1
         0    8    1
         0    9    1
         0   10    1
         0   11    1
         0   12    1
         0   13    1
         0   14    1
         0   15    1
         0   16    1
         0   17    1
         0   18    1
         0   19    1
         0   20    1
         0   21    1
         0   22    1
         0   23    1
         0   24    1
         0   25    1
 444646000   26    1
 397608000   27    1
 357583000   28    1
 324161000   29    1
 296656000   30    1
 274240000   31    1
 256057000   32    1
 241314000   33    1
 229322000   34    1
 219511000   35    1
 211426000   36    1
 204710000   37    1
 199088000   38    1
 194347000   39    1
 190324000   40    1
 186891000   41    1
 183948000   42    1
 181416000   43    1
 179230000   44    1
 177337000   45    1
 175694000   46    1
 174266000   47    1
 173022000   48    1
 171937000   49    1
 170990000   50    1
 170161000   51    1
 169436000   52    1
 168801000   53    1
 168243000   54    1
 167755000   55    1
 167325000   56    1
 166948000   57    1
 166617000   58    1
 166326000   59    1
 166070000   60    1
 165844000   61    1
 165646000   62    1
 165471000   63    1
 165317000   64    1
 165182000   65    1
 165063000   66    1
 164958000   67    1
 164865000   68    1
 164784000   69    1
 164712000   70    1
 164649000   71    1
 164593000   72    1
 164544000   73    1
 164500000   74    1
 164462000   75    1
 164429000   76    1
 164399000   77    1
 164373000   78    1
 164350000   79    1
 164329000   80    1
 164311000   81    1
 164296000   82    1
 164282000   83    1
 164269000   84    1
 164258000   85    1
 164249000   86    1
 164240000   87    1
 164233000   88    1
 164227000   89    1
 164221000   90    1
 164216000   91    1
 164211000   92    1
 164207000   93    1
 164204000   94    1
 164201000   95    1
 164198000   96    1
 164195000   97    1
 164193000   98    1
 164192000   99    1
 164190000  100    1
13 #_N_cpue
 #_Fleet Units Errtype
       1     1       0
       2     1       0
       3     1       0
 #_year seas index        obs se_log
     76    1     2 1346790378    0.2
     78    1     2  842590562    0.2
     80    1     2 1704810873    0.2
     82    1     2 1338021036    0.2
     84    1     2 1544343387    0.2
     86    1     2  733141712    0.2
     88    1     2 1550041494    0.2
     90    1     2 1224777133    0.2
     92    1     2 1443679318    0.2
     94    1     2  888873871    0.2
     96    1     2 1243435643    0.2
     98    1     2 1906322512    0.2
    100    1     2 1318559455    0.2
0 #_N_discard_fleets
#_discard_units (1=same_as_catchunits(bio/num); 2=fraction; 3=numbers)
#_discard_errtype:  >0 for DF of T-dist(read CV below); 0 for normal with CV; -1 for normal with se; -2 for lognormal
0 #_N_discard
0 #_N_meanbodywt
1 #_DF_for_meanbodywt_T-distribution_like
2 # length bin method: 1=use databins; 2=generate from binwidth,min,max below; 3=read vector
1 # binwidth for population size comp
10 # minimum size in the population (lower edge of first bin and size at age 0.00)
200 # maximum size in the population (lower edge of last bin)
-0.001 #_comp_tail_compression
1e-05 #_add_to_comp
0 #_combine males into females at or below this bin number
45 #_N_lbins
#_lbin_vector
20 23 26 29 32 35 38 41 44 47 50 53 56 59 62 65 68 71 74 77 80 83 86 89 92 95 98 101 104 107 110 113 116 119 122 125 128 131 134 137 140 143 146 149 152
28 #_N_Length_comp_observations
 #_Yr Seas FltSvy Gender Part Nsamp           l20          l23          l26          l29         l32          l35          l38         l41        l44        l47        l50        l53        l56        l59        l62        l65        l68        l71        l74        l77         l80        l83        l86        l89         l92         l95         l98       l101        l104        l107        l110        l113        l116        l119         l122         l125         l128         l131         l134         l137         l140         l143         l146         l149         l152
   26    1      1      0    0   125 3.490993e-167 7.336582e-38 2.414611e-03 0.0008341048 0.001798343 6.790877e-03 0.0039148836 0.003980898 0.01586997 0.09057153 0.04795767 0.03198013 0.02805311 0.02432567 0.02641792 0.02505567 0.04660258 0.01019952 0.01742424 0.04896485 0.033983429 0.04658196 0.02915719 0.02328283 0.043054455 0.029322292 0.034127143 0.02517181 0.049164417 0.022283687 0.016213640 0.016421593 0.013695813 0.010940335 0.0477913254 0.0391066596 0.0557402364 4.205371e-03 1.071796e-02 1.778309e-03 4.940595e-03 6.680400e-03 1.358817e-05 2.456340e-03 1.202845e-05
   36    1      1      0    0   125  1.727120e-78 4.613505e-20 4.372303e-03 0.0116926022 0.009372882 3.965743e-03 0.0013795544 0.015125729 0.03050622 0.06868517 0.06168596 0.02761826 0.04300354 0.04626021 0.05351230 0.06004208 0.05982668 0.03436693 0.01856447 0.03636511 0.020539672 0.01408627 0.04002378 0.04104650 0.059503052 0.030133449 0.043160371 0.01758583 0.017455380 0.018731960 0.016927733 0.019698999 0.015916764 0.004290288 0.0014177189 0.0272802905 0.0015052619 4.473144e-03 1.427407e-02 1.588294e-03 9.832994e-04 2.593588e-05 2.362790e-06 8.995711e-04 2.104231e-03
   46    1      1      0    0   125  3.023160e-75 9.211390e-06 3.715054e-04 0.0065968636 0.035932572 8.743162e-03 0.0027915601 0.013590908 0.04540149 0.05839142 0.07969256 0.04682673 0.02196189 0.01994965 0.02170675 0.08095109 0.01467643 0.03005446 0.01756817 0.02848369 0.069501939 0.01863080 0.03690549 0.04465903 0.041625057 0.049512411 0.022269464 0.01708155 0.014531057 0.008149190 0.021987361 0.015650063 0.023862755 0.004275158 0.0092535412 0.0092363058 0.0236361735 1.650436e-02 9.308040e-03 1.394712e-03 2.756410e-08 7.708436e-04 5.646455e-03 1.908111e-03 7.839502e-15
   56    1      1      0    0   125  1.868628e-21 1.358697e-25 4.665337e-03 0.0107280218 0.014906122 1.934124e-05 0.0020731356 0.024707279 0.07821097 0.04123292 0.05615867 0.02292759 0.05911173 0.03315986 0.01349658 0.04494319 0.02691772 0.09031424 0.02745943 0.05090598 0.032092726 0.04284644 0.02862859 0.02274408 0.035885891 0.031804735 0.037123563 0.01731488 0.007943678 0.015924671 0.024516405 0.015706174 0.012264478 0.008946381 0.0129572994 0.0218736554 0.0044166007 5.913662e-05 1.645863e-02 7.751969e-04 5.766107e-03 7.829905e-05 1.529050e-08 1.932699e-03 1.572214e-06
   60    1      1      0    0   125  4.113664e-70 2.217782e-07 9.665148e-03 0.0130568062 0.005243950 1.843838e-03 0.0093927585 0.020094327 0.04312167 0.05583696 0.03422715 0.05317926 0.05336032 0.05275581 0.02692597 0.03182169 0.06031713 0.05010680 0.04260509 0.01128924 0.032174836 0.05643025 0.03700033 0.01904384 0.030814821 0.023615900 0.024705736 0.04889174 0.018345038 0.026968905 0.029795228 0.030288103 0.005496280 0.008911788 0.0195077750 0.0014080411 0.0018004471 9.524152e-03 6.104746e-05 3.733490e-05 1.366699e-05 2.929544e-04 1.603685e-07 1.466609e-09 2.750120e-05
   64    1      1      0    0   125  0.000000e+00 9.674691e-53 1.040107e-05 0.0180488477 0.004024335 1.665970e-03 0.0007318364 0.026891440 0.02057882 0.07444657 0.05282230 0.04712085 0.05040944 0.04525712 0.04037857 0.03916630 0.04233463 0.08793495 0.02309339 0.05199196 0.018930050 0.01175163 0.03771424 0.05746412 0.032759199 0.030128757 0.032404654 0.03231332 0.004336162 0.022415550 0.021506546 0.010102401 0.004009332 0.041242725 0.0007717395 0.0045566993 0.0055942001 1.222336e-04 6.801668e-04 3.942272e-04 3.390340e-04 2.462269e-05 2.202223e-03 4.927809e-04 8.356494e-04
   68    1      1      0    0   125  0.000000e+00 1.683187e-21 2.171961e-03 0.0053723204 0.007144162 8.048121e-04 0.0027103630 0.073627489 0.03328651 0.04323646 0.08489705 0.02851190 0.06642543 0.03277987 0.04488315 0.07879114 0.06267220 0.01951644 0.04275876 0.05508639 0.055576067 0.04660259 0.02188041 0.02821236 0.020855502 0.021579326 0.023043994 0.01877481 0.004604894 0.009018045 0.007608489 0.012151565 0.012311783 0.008815567 0.0074683814 0.0033356294 0.0017342841 9.886374e-03 1.024619e-03 3.677069e-04 1.144770e-04 1.098967e-04 2.467935e-04 4.543718e-08 1.102396e-13
   72    1      1      0    0   125  0.000000e+00 1.838866e-14 2.776536e-03 0.0093127453 0.004067750 1.434245e-02 0.0012443663 0.014570209 0.02200640 0.10899660 0.07662403 0.02747389 0.02845908 0.07619555 0.03146411 0.06441156 0.03770141 0.02324956 0.04121442 0.06417252 0.090936501 0.03416403 0.02588488 0.02251212 0.028519881 0.022118748 0.021400038 0.01060306 0.014984893 0.013152016 0.013754465 0.010261042 0.010539260 0.002928938 0.0174370111 0.0007111687 0.0015588740 6.342102e-03 2.826897e-03 1.062185e-04 8.702479e-04 4.827528e-07 6.643669e-05 3.749064e-05 6.071913e-09
   76    1      1      0    0   125  7.655515e-32 9.643462e-11 2.774114e-03 0.0079439339 0.013673009 9.228839e-04 0.0145182801 0.007147236 0.02800712 0.07329053 0.06028216 0.03584067 0.03218420 0.01896235 0.05346733 0.03906865 0.03929739 0.05183626 0.02197384 0.04723805 0.035314253 0.08237039 0.02057980 0.02950885 0.042167567 0.010301762 0.022351749 0.01847520 0.037944292 0.013211967 0.038374038 0.022286702 0.016743287 0.002520170 0.0101878272 0.0043011403 0.0039881584 2.292652e-04 3.997109e-03 1.441381e-02 2.677715e-03 9.409945e-05 1.838128e-07 1.953267e-02 9.797754e-12
   80    1      1      0    0   125  6.522061e-41 4.517085e-09 1.858088e-02 0.0057169667 0.005639085 3.192770e-03 0.0534575954 0.014964441 0.03934382 0.06810853 0.04526514 0.03737671 0.05740418 0.03162589 0.02559718 0.01999124 0.05916837 0.03073598 0.03946666 0.04114145 0.024316861 0.02969199 0.04434906 0.04102170 0.048877066 0.008982397 0.035351503 0.02684206 0.060682722 0.012850422 0.027793456 0.003590814 0.003220487 0.009708661 0.0014421633 0.0037289437 0.0048042611 3.158396e-03 4.206087e-03 1.021116e-04 4.790422e-03 3.394887e-03 6.065997e-05 2.420041e-04 1.397078e-05
   84    1      1      0    0   125 2.012162e-246 1.264079e-15 3.259142e-04 0.0275286465 0.004718245 2.230680e-03 0.0141372741 0.018372598 0.07472324 0.03686200 0.05477574 0.04043231 0.06232457 0.04030900 0.01910467 0.02204122 0.04330685 0.04135663 0.02021421 0.04417720 0.034092167 0.05485070 0.03136581 0.06730380 0.028064319 0.032668942 0.047630422 0.03320702 0.010844988 0.023479776 0.011718398 0.010338229 0.007805003 0.007862263 0.0048611544 0.0043566558 0.0011482751 4.872678e-03 8.455553e-03 5.552610e-03 1.650929e-05 2.547817e-03 1.553229e-05 3.748325e-07 5.582735e-09
   88    1      1      0    0   125  0.000000e+00 4.295457e-05 1.103525e-04 0.0284669596 0.003852487 7.027132e-03 0.0020539210 0.034187065 0.07744613 0.04953888 0.04750548 0.02252181 0.02354512 0.06352836 0.04928033 0.02220240 0.04511324 0.01564780 0.05258534 0.03854664 0.030310133 0.03156138 0.03154251 0.03696127 0.062311506 0.017210276 0.023477073 0.04644352 0.022431968 0.020263562 0.005914885 0.009285905 0.016829066 0.008113667 0.0233622162 0.0112744161 0.0132532340 2.524356e-03 2.169342e-04 1.378424e-03 2.523385e-04 8.573349e-07 2.367688e-05 1.854430e-03 2.296006e-13
   92    1      1      0    0   125  2.452151e-67 1.042666e-04 1.451315e-04 0.0140920179 0.025315649 1.093540e-02 0.0006399832 0.031043603 0.04944154 0.08408837 0.06591459 0.02523462 0.05146531 0.01630727 0.03503837 0.04234213 0.03774441 0.05931206 0.05457204 0.02852255 0.005842742 0.04690065 0.02323542 0.01400163 0.019355053 0.031337064 0.031945666 0.02020474 0.022982151 0.002548592 0.024436467 0.020096767 0.034967808 0.018527783 0.0060512008 0.0280047256 0.0006773163 1.977451e-03 2.946612e-03 7.316826e-03 3.995088e-03 2.149969e-04 3.319159e-05 1.095012e-04 3.124107e-05
   96    1      1      0    0   125 3.426592e-207 3.730458e-03 2.849697e-03 0.0086245486 0.018428099 2.804135e-03 0.0064652528 0.013259751 0.04027017 0.10749143 0.07182707 0.03377369 0.03739807 0.03517836 0.06628796 0.04143200 0.02427149 0.05355719 0.05488598 0.02996611 0.017062824 0.07474596 0.02643816 0.03863524 0.008825159 0.014750610 0.008790123 0.01238953 0.036148206 0.015032792 0.007062078 0.003291881 0.004685522 0.007440146 0.0247628102 0.0017158185 0.0052507204 2.249997e-02 1.529171e-02 3.186987e-05 2.142818e-03 4.243141e-12 1.079118e-05 1.442986e-06 4.923727e-04
  100    1      1      0    0   125  7.320094e-05 1.441420e-05 1.797367e-02 0.0034102174 0.016348489 1.876638e-03 0.0053656072 0.038714093 0.07300584 0.05321445 0.10218534 0.03842285 0.04153463 0.02776277 0.04331430 0.05407284 0.03308958 0.03362769 0.05777735 0.04146009 0.071017494 0.02109916 0.02104244 0.01791980 0.014683276 0.012593274 0.021781101 0.02233425 0.022116506 0.003283154 0.012270255 0.003374916 0.007170827 0.017195160 0.0013587327 0.0190461005 0.0065260032 4.873028e-03 1.242061e-02 3.375423e-03 9.952123e-04 3.098629e-10 1.408904e-08 1.276155e-05 2.664331e-04
   76    1      2      0    0   500  2.151964e-12 2.831917e-03 1.137874e-02 0.0510588706 0.040018355 1.980924e-02 0.0141812222 0.024462092 0.02924621 0.05522421 0.05842069 0.05301880 0.03645222 0.02245988 0.04510302 0.03779095 0.05713482 0.02185427 0.04431536 0.03224841 0.026644182 0.02892142 0.03436624 0.04114664 0.020243039 0.026100667 0.022387332 0.02075220 0.014027660 0.013815718 0.016745597 0.008703220 0.016434454 0.007153966 0.0055500322 0.0118853494 0.0128178068 6.813452e-03 2.913096e-04 2.991262e-03 9.456506e-04 7.592787e-04 5.125714e-04 1.282813e-05 2.968853e-03
   78    1      2      0    0   500  1.198792e-18 2.073193e-04 2.318248e-02 0.0284636746 0.041402532 1.895427e-02 0.0052822572 0.017672614 0.03599749 0.05117516 0.04223536 0.04415725 0.03438199 0.02804667 0.02857496 0.05274498 0.04723496 0.03675230 0.04245009 0.05093295 0.044574629 0.02413756 0.03171981 0.02584648 0.031913876 0.040391056 0.025781811 0.02068225 0.022237568 0.015583867 0.017073807 0.014333509 0.009739536 0.014540344 0.0044068853 0.0059341880 0.0075300830 4.148248e-03 2.996713e-04 2.076428e-03 1.735969e-03 1.412360e-04 5.140028e-03 1.756332e-04 6.225091e-06
   80    1      2      0    0   500  1.766275e-10 1.501498e-03 1.756865e-02 0.0384044731 0.030237117 1.466210e-02 0.0076797837 0.026992779 0.05156737 0.05721113 0.08695842 0.03553463 0.03077501 0.02774349 0.02828341 0.03286105 0.03030485 0.03103383 0.02794526 0.04088205 0.027157637 0.02882786 0.01841920 0.03215555 0.036192301 0.038517421 0.019632324 0.01604880 0.024701949 0.029339177 0.030970186 0.016400893 0.007474084 0.010800714 0.0094336234 0.0075209307 0.0046995945 2.236411e-03 6.750021e-03 6.825483e-03 5.534899e-03 1.812486e-03 9.838389e-05 2.751660e-04 2.801338e-05
   82    1      2      0    0   500  5.132417e-15 4.913031e-03 2.302811e-02 0.0517746558 0.051826054 2.603789e-02 0.0180203511 0.029622770 0.05151874 0.04712931 0.06248616 0.05310999 0.03106502 0.02087879 0.03743412 0.03267409 0.04122742 0.03648552 0.02734876 0.02881213 0.025288405 0.02301868 0.02490472 0.01936259 0.033808538 0.025291641 0.024746983 0.01808268 0.021794434 0.020427332 0.021164014 0.008173043 0.009146960 0.009328202 0.0077550661 0.0072096598 0.0021495231 3.805979e-03 6.474473e-03 1.764966e-03 4.084523e-03 4.095972e-03 2.400519e-03 1.648685e-04 1.633164e-04
   84    1      2      0    0   500  6.524358e-24 6.626747e-04 2.110295e-02 0.0588038275 0.049817140 2.957873e-02 0.0094910756 0.008803586 0.03747314 0.06340478 0.06000113 0.02825498 0.03469631 0.04279235 0.05163774 0.02393212 0.02616406 0.02540425 0.02968829 0.02714169 0.030865052 0.03328133 0.03154945 0.02042073 0.027685716 0.040794798 0.013415572 0.01889324 0.014594316 0.027725049 0.014051524 0.007912288 0.022061481 0.008536164 0.0060547386 0.0092615652 0.0110995064 6.728071e-03 8.108310e-03 8.836475e-03 6.019410e-03 7.327270e-04 1.540769e-03 9.354255e-04 4.548089e-05
   86    1      2      0    0   500  4.949597e-32 7.103506e-04 1.961336e-02 0.0235331013 0.054504338 2.999118e-02 0.0086322461 0.024265602 0.04622458 0.06766232 0.05733703 0.05655337 0.03712583 0.02875652 0.02932706 0.04352024 0.04160600 0.03293133 0.03165283 0.02981353 0.040447822 0.02866323 0.02401028 0.02545096 0.019611346 0.026612363 0.027763616 0.01994836 0.017055833 0.014375641 0.014855807 0.008826095 0.015471615 0.015387830 0.0111735317 0.0019375261 0.0074215782 5.648250e-03 1.442861e-03 6.454137e-03 1.299654e-03 1.999404e-03 4.600046e-05 8.910541e-08 3.353552e-04
   88    1      2      0    0   500  3.759316e-11 3.523053e-03 9.862327e-03 0.0654380728 0.038730381 1.446284e-02 0.0038720844 0.017753202 0.03221547 0.06309902 0.06169320 0.04923387 0.02439217 0.03194349 0.02770838 0.05026168 0.03583035 0.04669666 0.03009097 0.02717838 0.030480274 0.02668713 0.02589744 0.04617856 0.031692441 0.018947744 0.030580962 0.01661582 0.014410000 0.021839056 0.020458216 0.009680660 0.012696026 0.016057201 0.0092758627 0.0053515946 0.0036216979 4.464740e-03 1.223209e-03 4.773799e-03 9.991253e-03 1.371341e-03 4.391007e-06 3.631304e-03 8.366301e-05
   90    1      2      0    0   500  1.514625e-24 6.874993e-04 1.956519e-02 0.0571263426 0.053642496 2.117671e-02 0.0047420970 0.016405485 0.05670779 0.05540742 0.06039003 0.04609623 0.02035881 0.03123279 0.04482667 0.02815780 0.04647004 0.04489711 0.03339409 0.02321984 0.034316713 0.02070872 0.02884747 0.03526355 0.029427576 0.020143611 0.013669175 0.01602514 0.017016994 0.019781541 0.018261022 0.014214622 0.015039245 0.014573712 0.0135181679 0.0045019073 0.0029326431 2.038507e-03 2.849017e-03 1.943533e-03 5.326180e-03 8.076400e-05 3.568354e-03 8.525099e-07 1.446565e-03
   92    1      2      0    0   500  3.664475e-08 2.125602e-03 9.099545e-03 0.0539870136 0.043414102 1.547441e-02 0.0069307726 0.028759964 0.04700418 0.07686012 0.04801985 0.04328858 0.03821861 0.03437781 0.02353547 0.04435460 0.04257152 0.04135792 0.03672587 0.04289839 0.037059968 0.03863883 0.03798330 0.01360828 0.026418432 0.022254621 0.021799741 0.01439026 0.012708823 0.017808677 0.009959326 0.013012904 0.013919766 0.006228092 0.0041595314 0.0060759701 0.0089629036 8.096046e-03 2.508866e-03 3.110995e-03 1.805994e-03 1.669596e-04 2.434154e-04 4.581216e-05 2.812461e-05
   94    1      2      0    0   500  2.107297e-06 3.665344e-04 1.272947e-02 0.0544538980 0.056212444 1.570623e-02 0.0135952994 0.026739546 0.04159691 0.06080397 0.04222840 0.04333388 0.03681447 0.03811230 0.03547353 0.04155815 0.03202475 0.05354863 0.02904078 0.02194267 0.017030123 0.02730032 0.03001358 0.02210733 0.037359440 0.017442579 0.021563758 0.02633620 0.013119671 0.035628664 0.012658212 0.011400848 0.012427425 0.011389280 0.0111543598 0.0114413386 0.0102682497 4.347673e-03 2.055338e-03 2.974311e-03 4.451844e-04 1.159900e-03 3.326421e-03 3.979003e-07 7.654357e-04
   96    1      2      0    0   500  8.264528e-11 2.277942e-04 2.638304e-02 0.0361938241 0.056100768 1.706537e-02 0.0078979026 0.025438005 0.06554731 0.05069201 0.04732860 0.04429532 0.03021361 0.03050298 0.03178187 0.05240102 0.03757006 0.03732875 0.04077503 0.03305655 0.031040154 0.02467266 0.04216213 0.01651001 0.030825581 0.019300871 0.022708604 0.02033182 0.017229911 0.016593943 0.009353316 0.006933672 0.022305268 0.010286814 0.0095971164 0.0052548950 0.0069096584 5.232555e-03 4.897926e-03 5.307383e-03 8.002830e-05 7.439981e-07 4.816343e-06 7.193419e-05 1.588366e-03
   98    1      2      0    0   500  5.914384e-19 2.156932e-03 1.082651e-02 0.0371966000 0.051518997 2.204785e-02 0.0072269350 0.029509923 0.04866431 0.07951720 0.04458450 0.03632804 0.05217586 0.01919596 0.03872155 0.02903873 0.02338827 0.02955229 0.02358418 0.02634557 0.042150158 0.03482824 0.03348064 0.02804099 0.029974737 0.034710359 0.025014052 0.02637784 0.016430150 0.022032605 0.006277713 0.023442105 0.006696479 0.012088697 0.0110325668 0.0151727426 0.0019422095 6.080538e-03 9.183049e-03 2.741114e-03 5.042422e-05 3.726487e-05 1.338571e-05 3.265833e-04 2.951464e-04
  100    1      2      0    0   500  2.054704e-11 1.330958e-03 2.518583e-02 0.0613220935 0.059867637 2.743838e-02 0.0094959398 0.031951113 0.04371567 0.05101727 0.05714020 0.03530443 0.02740142 0.02448283 0.02425843 0.03840953 0.03138348 0.03049092 0.02704946 0.03217923 0.029106761 0.02341350 0.02363521 0.02036216 0.023029469 0.046215420 0.035735653 0.02236488 0.020429467 0.013618912 0.014998189 0.014144817 0.020943738 0.004774320 0.0083801399 0.0056105171 0.0108759470 6.614257e-03 5.194493e-03 5.539050e-03 6.397973e-04 1.435464e-03 1.298279e-04 6.016556e-04 2.781546e-03
15 #_N_agebins
#_agebin_vector
1 2 3 4 5 6 7 8 9 10 11 12 13 14 15
1 #_N_ageerror_definitions
 #_age0   age1   age2   age3   age4   age5   age6   age7   age8   age9  age10  age11  age12  age13  age14  age15  age16  age17  age18  age19  age20  age21  age22  age23  age24  age25
 -1.000 -1.000 -1.000 -1.000 -1.000 -1.000 -1.000 -1.000 -1.000 -1.000 -1.000 -1.000 -1.000 -1.000 -1.000 -1.000 -1.000 -1.000 -1.000 -1.000 -1.000 -1.000 -1.000 -1.000 -1.000 -1.000
  0.001  0.001  0.001  0.001  0.001  0.001  0.001  0.001  0.001  0.001  0.001  0.001  0.001  0.001  0.001  0.001  0.001  0.001  0.001  0.001  0.001  0.001  0.001  0.001  0.001  0.001
85 #_N_agecomp
1 #_Lbin_method: 1=poplenbins; 2=datalenbins; 3=lengths
-1 #_combine males into females at or below this bin number
 #_Yr Seas FltSvy Gender Part Ageerr Lbin_lo Lbin_hi Nsamp          a1        a2        a3         a4         a5         a6         a7         a8          a9         a10         a11         a12         a13          a14         a15
   26    1      1      0    0      1      -1      -1   125  0.01554530 0.1259991 0.1262674 0.08971507 0.12012331 0.13617373 0.02767267 0.04389244 0.055371573 0.063353634 0.078045176 0.016016485 0.035632568 5.140608e-03 0.061051011
   36    1      1      0    0      1      -1      -1   125  0.01228203 0.2242970 0.1726036 0.10709917 0.12121824 0.06590565 0.06257228 0.03131870 0.087194621 0.004812642 0.021414503 0.023642869 0.024135717 4.887502e-03 0.036615502
   46    1      1      0    0      1      -1      -1   125  0.02593200 0.2289443 0.2183338 0.12811475 0.11263250 0.04310310 0.09600629 0.05800227 0.020398723 0.008659247 0.032124579 0.007497786 0.001028646 5.971729e-03 0.013250319
   56    1      1      0    0      1      -1      -1   125  0.02399518 0.2122203 0.1940343 0.14636309 0.09345330 0.07822561 0.12832918 0.01522146 0.047224584 0.006585410 0.021129657 0.011561852 0.010658445 2.194382e-06 0.010995374
   60    1      1      0    0      1      -1      -1   125  0.01758166 0.2329532 0.2371851 0.14852912 0.07243522 0.07942636 0.05279627 0.03659072 0.041881386 0.033468334 0.024160357 0.006013746 0.005920927 1.065186e-03 0.009992416
   64    1      1      0    0      1      -1      -1   125  0.02872444 0.2245760 0.2263723 0.13465410 0.08468145 0.10142422 0.05075556 0.03613209 0.029195050 0.003555691 0.013594951 0.014451533 0.021575127 1.539646e-02 0.014911011
   68    1      1      0    0      1      -1      -1   125  0.07093808 0.2716577 0.1428783 0.14475384 0.09573076 0.09155520 0.07361677 0.01985122 0.018919769 0.009478649 0.001403254 0.026595372 0.011900080 5.594444e-03 0.015126489
   72    1      1      0    0      1      -1      -1   125  0.10629938 0.2652500 0.1889402 0.13596381 0.08492200 0.03349334 0.04251327 0.04053044 0.025129447 0.028726844 0.023511060 0.006628750 0.002139338 3.559864e-03 0.012392335
   76    1      1      0    0      1      -1      -1   125  0.03531792 0.3046106 0.1547190 0.17296595 0.07622415 0.07590519 0.06277541 0.02993663 0.024890653 0.004855333 0.002912292 0.005142111 0.030516228 1.389197e-03 0.017839388
   80    1      1      0    0      1      -1      -1   125  0.03537261 0.2291201 0.2141221 0.14033689 0.06043821 0.05657321 0.09401980 0.04312303 0.020304919 0.020456406 0.034791799 0.010833757 0.013491268 1.920548e-03 0.025095301
   84    1      1      0    0      1      -1      -1   125  0.04203760 0.2639186 0.1437928 0.16308934 0.09476967 0.07718067 0.07777687 0.04687461 0.015503693 0.029251108 0.014731474 0.015982584 0.003021037 2.079902e-03 0.009990080
   88    1      1      0    0      1      -1      -1   125  0.03420557 0.3220451 0.1827360 0.08905191 0.05288860 0.07561250 0.07399352 0.03148040 0.039302491 0.025792352 0.028577632 0.005530381 0.004968289 2.745003e-03 0.031070250
   92    1      1      0    0      1      -1      -1   125  0.04767236 0.1885998 0.1949860 0.10470107 0.14287903 0.05749439 0.07190177 0.04765593 0.020936952 0.018254715 0.003699219 0.022204638 0.021612604 2.088278e-02 0.036518789
   96    1      1      0    0      1      -1      -1   125  0.01599638 0.2151712 0.1982462 0.14019134 0.10311011 0.06501120 0.10935115 0.04401586 0.006823535 0.038544222 0.022216716 0.008683525 0.002853622 4.848428e-04 0.029300135
  100    1      1      0    0      1      -1      -1   125  0.01690389 0.1671992 0.2705758 0.21766489 0.10233291 0.07775591 0.04211835 0.03410620 0.013118839 0.005112797 0.009305731 0.005764324 0.002322288 2.932728e-02 0.006391564
   76    1      2      0    0      1      -1      -1   500  0.13802911 0.2327103 0.1752562 0.12426659 0.07926683 0.07518950 0.05957482 0.04161373 0.028086524 0.012531983 0.005422915 0.007330011 0.004669342 7.012165e-03 0.009039982
   78    1      2      0    0      1      -1      -1   500  0.13506326 0.2363659 0.1815687 0.11662620 0.07236129 0.07055518 0.04586794 0.03841873 0.031390407 0.019727566 0.024214702 0.007140021 0.004617738 1.151801e-02 0.004564295
   80    1      2      0    0      1      -1      -1   500  0.14198034 0.2228306 0.1864042 0.11738931 0.10276871 0.05351878 0.05038098 0.03612650 0.019411267 0.021803532 0.013522488 0.007312875 0.005179867 4.262376e-03 0.017108156
   82    1      2      0    0      1      -1      -1   500  0.16747093 0.2368654 0.1953011 0.11823664 0.07986733 0.05226747 0.03601443 0.03249885 0.021955653 0.010450450 0.012257006 0.009791241 0.005032558 7.788717e-03 0.014202237
   84    1      2      0    0      1      -1      -1   500  0.13811058 0.2255109 0.1475628 0.14485339 0.09177205 0.09194087 0.03178174 0.03775224 0.024687829 0.017021616 0.009627362 0.007123613 0.010052785 9.205444e-03 0.012996817
   86    1      2      0    0      1      -1      -1   500  0.13715979 0.2323073 0.1392611 0.13041204 0.08707905 0.10703291 0.04442393 0.03406981 0.016044204 0.017668461 0.006595561 0.016836033 0.015523689 3.030169e-03 0.012555962
   88    1      2      0    0      1      -1      -1   500  0.13275830 0.2140232 0.1774233 0.10754570 0.11990999 0.06940057 0.04022623 0.03868589 0.025036025 0.014224706 0.005730042 0.015039511 0.013187242 4.645086e-03 0.022164219
   90    1      2      0    0      1      -1      -1   500  0.13013247 0.2325881 0.1961332 0.12925896 0.07305614 0.07149238 0.03466358 0.04332998 0.018201352 0.025811804 0.006434435 0.004559219 0.003057850 7.207134e-03 0.024073413
   92    1      2      0    0      1      -1      -1   500  0.12859815 0.2347235 0.1655731 0.10862826 0.10965916 0.06591339 0.05397939 0.03838771 0.031624193 0.012876892 0.017245423 0.008979974 0.005906619 3.305066e-03 0.014599229
   94    1      2      0    0      1      -1      -1   500  0.15550091 0.2185940 0.1754674 0.11111900 0.10284190 0.06270125 0.03244010 0.03757133 0.031667598 0.016207575 0.012385011 0.014922073 0.003675218 7.164743e-03 0.017741925
   96    1      2      0    0      1      -1      -1   500  0.15302432 0.2148555 0.1621358 0.14411216 0.09956392 0.06275527 0.03890910 0.03648621 0.024473275 0.019328160 0.006440573 0.010791586 0.011593585 3.452490e-03 0.012078073
   98    1      2      0    0      1      -1      -1   500  0.12330026 0.2857718 0.1424890 0.10637567 0.09367341 0.06662216 0.04820948 0.04016105 0.019870383 0.020395881 0.014861985 0.009036205 0.008079989 3.619814e-03 0.017532848
  100    1      2      0    0      1      -1      -1   500  0.13503461 0.2186697 0.1895069 0.12432394 0.07602634 0.08858074 0.05224387 0.04158756 0.015417106 0.021842983 0.008530634 0.003891005 0.004489553 4.652221e-03 0.015202845
   60    1      1      0    0      1       3       3     2  2.00000000 0.0000000 0.0000000 0.00000000 0.00000000 0.00000000 0.00000000 0.00000000 0.000000000 0.000000000 0.000000000 0.000000000 0.000000000 0.000000e+00 0.000000000
   60    1      1      0    0      1       4       4     2  2.00000000 0.0000000 0.0000000 0.00000000 0.00000000 0.00000000 0.00000000 0.00000000 0.000000000 0.000000000 0.000000000 0.000000000 0.000000000 0.000000e+00 0.000000000
   60    1      1      0    0      1       7       7     3  3.00000000 0.0000000 0.0000000 0.00000000 0.00000000 0.00000000 0.00000000 0.00000000 0.000000000 0.000000000 0.000000000 0.000000000 0.000000000 0.000000e+00 0.000000000
   60    1      1      0    0      1       8       8     2  2.00000000 0.0000000 0.0000000 0.00000000 0.00000000 0.00000000 0.00000000 0.00000000 0.000000000 0.000000000 0.000000000 0.000000000 0.000000000 0.000000e+00 0.000000000
   60    1      1      0    0      1       9       9     3  3.00000000 0.0000000 0.0000000 0.00000000 0.00000000 0.00000000 0.00000000 0.00000000 0.000000000 0.000000000 0.000000000 0.000000000 0.000000000 0.000000e+00 0.000000000
   60    1      1      0    0      1      10      10     5  5.00000000 0.0000000 0.0000000 0.00000000 0.00000000 0.00000000 0.00000000 0.00000000 0.000000000 0.000000000 0.000000000 0.000000000 0.000000000 0.000000e+00 0.000000000
   60    1      1      0    0      1      11      11     6  6.00000000 0.0000000 0.0000000 0.00000000 0.00000000 0.00000000 0.00000000 0.00000000 0.000000000 0.000000000 0.000000000 0.000000000 0.000000000 0.000000e+00 0.000000000
   60    1      1      0    0      1      12      12     3  3.00000000 0.0000000 0.0000000 0.00000000 0.00000000 0.00000000 0.00000000 0.00000000 0.000000000 0.000000000 0.000000000 0.000000000 0.000000000 0.000000e+00 0.000000000
   60    1      1      0    0      1      13      13     6  6.00000000 0.0000000 0.0000000 0.00000000 0.00000000 0.00000000 0.00000000 0.00000000 0.000000000 0.000000000 0.000000000 0.000000000 0.000000000 0.000000e+00 0.000000000
   60    1      1      0    0      1      14      14     4  4.00000000 0.0000000 0.0000000 0.00000000 0.00000000 0.00000000 0.00000000 0.00000000 0.000000000 0.000000000 0.000000000 0.000000000 0.000000000 0.000000e+00 0.000000000
   60    1      1      0    0      1      15      15     2  2.00000000 0.0000000 0.0000000 0.00000000 0.00000000 0.00000000 0.00000000 0.00000000 0.000000000 0.000000000 0.000000000 0.000000000 0.000000000 0.000000e+00 0.000000000
   60    1      1      0    0      1      16      16     2  2.00000000 0.0000000 0.0000000 0.00000000 0.00000000 0.00000000 0.00000000 0.00000000 0.000000000 0.000000000 0.000000000 0.000000000 0.000000000 0.000000e+00 0.000000000
   60    1      1      0    0      1      17      17     1  1.00000000 0.0000000 0.0000000 0.00000000 0.00000000 0.00000000 0.00000000 0.00000000 0.000000000 0.000000000 0.000000000 0.000000000 0.000000000 0.000000e+00 0.000000000
   60    1      1      0    0      1      18      18     5  5.00000000 0.0000000 0.0000000 0.00000000 0.00000000 0.00000000 0.00000000 0.00000000 0.000000000 0.000000000 0.000000000 0.000000000 0.000000000 0.000000e+00 0.000000000
   60    1      1      0    0      1      19      19     4  4.00000000 0.0000000 0.0000000 0.00000000 0.00000000 0.00000000 0.00000000 0.00000000 0.000000000 0.000000000 0.000000000 0.000000000 0.000000000 0.000000e+00 0.000000000
   60    1      1      0    0      1      20      20     5  5.00000000 0.0000000 0.0000000 0.00000000 0.00000000 0.00000000 0.00000000 0.00000000 0.000000000 0.000000000 0.000000000 0.000000000 0.000000000 0.000000e+00 0.000000000
   60    1      1      0    0      1      21      21     6  6.00000000 0.0000000 0.0000000 0.00000000 0.00000000 0.00000000 0.00000000 0.00000000 0.000000000 0.000000000 0.000000000 0.000000000 0.000000000 0.000000e+00 0.000000000
   60    1      1      0    0      1      22      22     6  6.00000000 0.0000000 0.0000000 0.00000000 0.00000000 0.00000000 0.00000000 0.00000000 0.000000000 0.000000000 0.000000000 0.000000000 0.000000000 0.000000e+00 0.000000000
   60    1      1      0    0      1      23      23     5  5.00000000 0.0000000 0.0000000 0.00000000 0.00000000 0.00000000 0.00000000 0.00000000 0.000000000 0.000000000 0.000000000 0.000000000 0.000000000 0.000000e+00 0.000000000
   60    1      1      0    0      1      25      25     5  5.00000000 0.0000000 0.0000000 0.00000000 0.00000000 0.00000000 0.00000000 0.00000000 0.000000000 0.000000000 0.000000000 0.000000000 0.000000000 0.000000e+00 0.000000000
   60    1      1      0    0      1      26      26     5  5.00000000 0.0000000 0.0000000 0.00000000 0.00000000 0.00000000 0.00000000 0.00000000 0.000000000 0.000000000 0.000000000 0.000000000 0.000000000 0.000000e+00 0.000000000
   60    1      1      0    0      1      28      28     5  3.00000000 2.0000000 0.0000000 0.00000000 0.00000000 0.00000000 0.00000000 0.00000000 0.000000000 0.000000000 0.000000000 0.000000000 0.000000000 0.000000e+00 0.000000000
   60    1      1      0    0      1      29      29     2  2.00000000 0.0000000 0.0000000 0.00000000 0.00000000 0.00000000 0.00000000 0.00000000 0.000000000 0.000000000 0.000000000 0.000000000 0.000000000 0.000000e+00 0.000000000
   60    1      1      0    0      1      30      30     1  1.00000000 0.0000000 0.0000000 0.00000000 0.00000000 0.00000000 0.00000000 0.00000000 0.000000000 0.000000000 0.000000000 0.000000000 0.000000000 0.000000e+00 0.000000000
   60    1      1      0    0      1      31      31     3  1.00000000 2.0000000 0.0000000 0.00000000 0.00000000 0.00000000 0.00000000 0.00000000 0.000000000 0.000000000 0.000000000 0.000000000 0.000000000 0.000000e+00 0.000000000
   60    1      1      0    0      1      32      32     4  0.00000000 4.0000000 0.0000000 0.00000000 0.00000000 0.00000000 0.00000000 0.00000000 0.000000000 0.000000000 0.000000000 0.000000000 0.000000000 0.000000e+00 0.000000000
   60    1      1      0    0      1      35      35     2  0.00000000 2.0000000 0.0000000 0.00000000 0.00000000 0.00000000 0.00000000 0.00000000 0.000000000 0.000000000 0.000000000 0.000000000 0.000000000 0.000000e+00 0.000000000
   60    1      1      0    0      1      38      38     1  0.00000000 1.0000000 0.0000000 0.00000000 0.00000000 0.00000000 0.00000000 0.00000000 0.000000000 0.000000000 0.000000000 0.000000000 0.000000000 0.000000e+00 0.000000000
  100    1      1      0    0      1       3       3     2  2.00000000 0.0000000 0.0000000 0.00000000 0.00000000 0.00000000 0.00000000 0.00000000 0.000000000 0.000000000 0.000000000 0.000000000 0.000000000 0.000000e+00 0.000000000
  100    1      1      0    0      1       4       4     2  2.00000000 0.0000000 0.0000000 0.00000000 0.00000000 0.00000000 0.00000000 0.00000000 0.000000000 0.000000000 0.000000000 0.000000000 0.000000000 0.000000e+00 0.000000000
  100    1      1      0    0      1       5       5     3  3.00000000 0.0000000 0.0000000 0.00000000 0.00000000 0.00000000 0.00000000 0.00000000 0.000000000 0.000000000 0.000000000 0.000000000 0.000000000 0.000000e+00 0.000000000
  100    1      1      0    0      1       8       8     3  3.00000000 0.0000000 0.0000000 0.00000000 0.00000000 0.00000000 0.00000000 0.00000000 0.000000000 0.000000000 0.000000000 0.000000000 0.000000000 0.000000e+00 0.000000000
  100    1      1      0    0      1       9       9     4  4.00000000 0.0000000 0.0000000 0.00000000 0.00000000 0.00000000 0.00000000 0.00000000 0.000000000 0.000000000 0.000000000 0.000000000 0.000000000 0.000000e+00 0.000000000
  100    1      1      0    0      1      10      10    10 10.00000000 0.0000000 0.0000000 0.00000000 0.00000000 0.00000000 0.00000000 0.00000000 0.000000000 0.000000000 0.000000000 0.000000000 0.000000000 0.000000e+00 0.000000000
  100    1      1      0    0      1      11      11    13 13.00000000 0.0000000 0.0000000 0.00000000 0.00000000 0.00000000 0.00000000 0.00000000 0.000000000 0.000000000 0.000000000 0.000000000 0.000000000 0.000000e+00 0.000000000
  100    1      1      0    0      1      12      12     3  3.00000000 0.0000000 0.0000000 0.00000000 0.00000000 0.00000000 0.00000000 0.00000000 0.000000000 0.000000000 0.000000000 0.000000000 0.000000000 0.000000e+00 0.000000000
  100    1      1      0    0      1      13      13     1  1.00000000 0.0000000 0.0000000 0.00000000 0.00000000 0.00000000 0.00000000 0.00000000 0.000000000 0.000000000 0.000000000 0.000000000 0.000000000 0.000000e+00 0.000000000
  100    1      1      0    0      1      14      14     3  3.00000000 0.0000000 0.0000000 0.00000000 0.00000000 0.00000000 0.00000000 0.00000000 0.000000000 0.000000000 0.000000000 0.000000000 0.000000000 0.000000e+00 0.000000000
  100    1      1      0    0      1      15      15     2  2.00000000 0.0000000 0.0000000 0.00000000 0.00000000 0.00000000 0.00000000 0.00000000 0.000000000 0.000000000 0.000000000 0.000000000 0.000000000 0.000000e+00 0.000000000
  100    1      1      0    0      1      16      16     5  5.00000000 0.0000000 0.0000000 0.00000000 0.00000000 0.00000000 0.00000000 0.00000000 0.000000000 0.000000000 0.000000000 0.000000000 0.000000000 0.000000e+00 0.000000000
  100    1      1      0    0      1      17      17     2  2.00000000 0.0000000 0.0000000 0.00000000 0.00000000 0.00000000 0.00000000 0.00000000 0.000000000 0.000000000 0.000000000 0.000000000 0.000000000 0.000000e+00 0.000000000
  100    1      1      0    0      1      18      18     5  5.00000000 0.0000000 0.0000000 0.00000000 0.00000000 0.00000000 0.00000000 0.00000000 0.000000000 0.000000000 0.000000000 0.000000000 0.000000000 0.000000e+00 0.000000000
  100    1      1      0    0      1      19      19     4  4.00000000 0.0000000 0.0000000 0.00000000 0.00000000 0.00000000 0.00000000 0.00000000 0.000000000 0.000000000 0.000000000 0.000000000 0.000000000 0.000000e+00 0.000000000
  100    1      1      0    0      1      20      20     6  6.00000000 0.0000000 0.0000000 0.00000000 0.00000000 0.00000000 0.00000000 0.00000000 0.000000000 0.000000000 0.000000000 0.000000000 0.000000000 0.000000e+00 0.000000000
  100    1      1      0    0      1      21      21     7  7.00000000 0.0000000 0.0000000 0.00000000 0.00000000 0.00000000 0.00000000 0.00000000 0.000000000 0.000000000 0.000000000 0.000000000 0.000000000 0.000000e+00 0.000000000
  100    1      1      0    0      1      22      22     1  1.00000000 0.0000000 0.0000000 0.00000000 0.00000000 0.00000000 0.00000000 0.00000000 0.000000000 0.000000000 0.000000000 0.000000000 0.000000000 0.000000e+00 0.000000000
  100    1      1      0    0      1      23      23     1  1.00000000 0.0000000 0.0000000 0.00000000 0.00000000 0.00000000 0.00000000 0.00000000 0.000000000 0.000000000 0.000000000 0.000000000 0.000000000 0.000000e+00 0.000000000
  100    1      1      0    0      1      24      24     1  1.00000000 0.0000000 0.0000000 0.00000000 0.00000000 0.00000000 0.00000000 0.00000000 0.000000000 0.000000000 0.000000000 0.000000000 0.000000000 0.000000e+00 0.000000000
  100    1      1      0    0      1      25      25     3  3.00000000 0.0000000 0.0000000 0.00000000 0.00000000 0.00000000 0.00000000 0.00000000 0.000000000 0.000000000 0.000000000 0.000000000 0.000000000 0.000000e+00 0.000000000
  100    1      1      0    0      1      26      26     1  1.00000000 0.0000000 0.0000000 0.00000000 0.00000000 0.00000000 0.00000000 0.00000000 0.000000000 0.000000000 0.000000000 0.000000000 0.000000000 0.000000e+00 0.000000000
  100    1      1      0    0      1      27      27     2  2.00000000 0.0000000 0.0000000 0.00000000 0.00000000 0.00000000 0.00000000 0.00000000 0.000000000 0.000000000 0.000000000 0.000000000 0.000000000 0.000000e+00 0.000000000
  100    1      1      0    0      1      28      28     3  3.00000000 0.0000000 0.0000000 0.00000000 0.00000000 0.00000000 0.00000000 0.00000000 0.000000000 0.000000000 0.000000000 0.000000000 0.000000000 0.000000e+00 0.000000000
  100    1      1      0    0      1      29      29     3  2.00000000 1.0000000 0.0000000 0.00000000 0.00000000 0.00000000 0.00000000 0.00000000 0.000000000 0.000000000 0.000000000 0.000000000 0.000000000 0.000000e+00 0.000000000
  100    1      1      0    0      1      34      34     4  0.00000000 4.0000000 0.0000000 0.00000000 0.00000000 0.00000000 0.00000000 0.00000000 0.000000000 0.000000000 0.000000000 0.000000000 0.000000000 0.000000e+00 0.000000000
  100    1      1      0    0      1      36      36     3  0.00000000 3.0000000 0.0000000 0.00000000 0.00000000 0.00000000 0.00000000 0.00000000 0.000000000 0.000000000 0.000000000 0.000000000 0.000000000 0.000000e+00 0.000000000
  100    1      1      0    0      1      37      37     2  0.00000000 2.0000000 0.0000000 0.00000000 0.00000000 0.00000000 0.00000000 0.00000000 0.000000000 0.000000000 0.000000000 0.000000000 0.000000000 0.000000e+00 0.000000000
  100    1      1      0    0      1      40      40     1  0.00000000 1.0000000 0.0000000 0.00000000 0.00000000 0.00000000 0.00000000 0.00000000 0.000000000 0.000000000 0.000000000 0.000000000 0.000000000 0.000000e+00 0.000000000
0 #_N_MeanSize_at_Age_obs
0 #_N_environ_variables
0 #_N_environ_obs
0 #_N_sizefreq_methods
0 #_do_tags
0 #_morphcomp_data
#
999
