#C data file created using the SS_writedat function in the R package r4ss
#C should work with SS version: 
#C file write time: 2015-02-11 18:18:41
#
1 #_styr
100 #_endyr
1 #_nseas
12 #_months_per_seas
1 #_spawn_seas
1 #_Nfleet
2 #_Nsurveys
1 #_N_areas
Fishery%Survey%CPUE #_fleetnames
0.5 0.5 0.5 #_surveytiming_in_season
1 1 1 #_area_assignments_for_each_fishery_and_survey
1 #_units of catch:  1=bio; 2=num
0.01 #_se of log(catch) only used for init_eq_catch and for Fmethod 2 and 3
1 #_Ngenders
25 #_Nages
0 #_init_equil_catch_for_each_fishery
100 #_N_lines_of_catch_to_read
 #_Fishery year seas
         0    1    1
         0    2    1
         0    3    1
         0    4    1
         0    5    1
         0    6    1
         0    7    1
         0    8    1
         0    9    1
         0   10    1
         0   11    1
         0   12    1
         0   13    1
         0   14    1
         0   15    1
         0   16    1
         0   17    1
         0   18    1
         0   19    1
         0   20    1
         0   21    1
         0   22    1
         0   23    1
         0   24    1
         0   25    1
 444646000   26    1
 397608000   27    1
 357583000   28    1
 324161000   29    1
 296656000   30    1
 274240000   31    1
 256057000   32    1
 241314000   33    1
 229322000   34    1
 219511000   35    1
 211426000   36    1
 204710000   37    1
 199088000   38    1
 194347000   39    1
 190324000   40    1
 186891000   41    1
 183948000   42    1
 181416000   43    1
 179230000   44    1
 177337000   45    1
 175694000   46    1
 174266000   47    1
 173022000   48    1
 171937000   49    1
 170990000   50    1
 170161000   51    1
 169436000   52    1
 168801000   53    1
 168243000   54    1
 167755000   55    1
 167325000   56    1
 166948000   57    1
 166617000   58    1
 166326000   59    1
 166070000   60    1
 165844000   61    1
 165646000   62    1
 165471000   63    1
 165317000   64    1
 165182000   65    1
 165063000   66    1
 164958000   67    1
 164865000   68    1
 164784000   69    1
 164712000   70    1
 164649000   71    1
 164593000   72    1
 164544000   73    1
 164500000   74    1
 164462000   75    1
 164429000   76    1
 164399000   77    1
 164373000   78    1
 164350000   79    1
 164329000   80    1
 164311000   81    1
 164296000   82    1
 164282000   83    1
 164269000   84    1
 164258000   85    1
 164249000   86    1
 164240000   87    1
 164233000   88    1
 164227000   89    1
 164221000   90    1
 164216000   91    1
 164211000   92    1
 164207000   93    1
 164204000   94    1
 164201000   95    1
 164198000   96    1
 164195000   97    1
 164193000   98    1
 164192000   99    1
 164190000  100    1
13 #_N_cpue
 #_Fleet Units Errtype
       1     1       0
       2     1       0
       3     1       0
 #_year seas index        obs se_log
     76    1     2 2316286571    0.2
     78    1     2 1301302393    0.2
     80    1     2 1692994331    0.2
     82    1     2 1747336871    0.2
     84    1     2 1916368162    0.2
     86    1     2 1457559804    0.2
     88    1     2 1258485797    0.2
     90    1     2  794201790    0.2
     92    1     2 1209372685    0.2
     94    1     2 1771429911    0.2
     96    1     2 1235913397    0.2
     98    1     2 1399760719    0.2
    100    1     2 1690362158    0.2
0 #_N_discard_fleets
#_discard_units (1=same_as_catchunits(bio/num); 2=fraction; 3=numbers)
#_discard_errtype:  >0 for DF of T-dist(read CV below); 0 for normal with CV; -1 for normal with se; -2 for lognormal
0 #_N_discard
0 #_N_meanbodywt
1 #_DF_for_meanbodywt_T-distribution_like
2 # length bin method: 1=use databins; 2=generate from binwidth,min,max below; 3=read vector
1 # binwidth for population size comp
10 # minimum size in the population (lower edge of first bin and size at age 0.00)
200 # maximum size in the population (lower edge of last bin)
-0.001 #_comp_tail_compression
1e-05 #_add_to_comp
0 #_combine males into females at or below this bin number
45 #_N_lbins
#_lbin_vector
20 23 26 29 32 35 38 41 44 47 50 53 56 59 62 65 68 71 74 77 80 83 86 89 92 95 98 101 104 107 110 113 116 119 122 125 128 131 134 137 140 143 146 149 152
28 #_N_Length_comp_observations
 #_Yr Seas FltSvy Gender Part Nsamp           l20          l23          l26          l29         l32          l35          l38         l41        l44        l47        l50        l53        l56        l59        l62         l65         l68         l71        l74         l77         l80        l83         l86         l89        l92         l95         l98        l101        l104        l107       l110        l113        l116        l119        l122         l125         l128         l131         l134         l137         l140         l143         l146         l149         l152
   26    1      1      0    0   125 1.286890e-158 3.521893e-16 6.410153e-05 0.0042199107 0.003764156 1.817041e-03 0.0072081690 0.004804776 0.02858424 0.07295434 0.04117519 0.03375840 0.02117887 0.03718708 0.01781968 0.053809509 0.028109735 0.025283396 0.04572085 0.025690446 0.042938129 0.02289130 0.019438281 0.020755722 0.01641523 0.026526948 0.053255779 0.084596679 0.033407827 0.008609414 0.01196644 0.048455937 0.040662052 0.013834335 0.023757894 0.0117159331 1.439648e-02 2.504825e-02 0.0024837682 9.993229e-03 1.187455e-03 4.195569e-04 8.212401e-03 5.464976e-03 4.160806e-04
   36    1      1      0    0   125 1.850397e-198 3.680387e-17 7.424752e-03 0.0017560702 0.021696795 4.503839e-03 0.0073077707 0.028111993 0.02550776 0.07698939 0.05183512 0.06110118 0.03406324 0.02974530 0.04650827 0.054332332 0.042065369 0.052337684 0.02446610 0.039896099 0.043428283 0.03095531 0.027988998 0.050591431 0.01420358 0.029772416 0.033409064 0.007181328 0.029457332 0.015875792 0.02220448 0.009832246 0.014831376 0.020184191 0.012237054 0.0075905088 3.891098e-03 3.568823e-03 0.0086770880 3.734133e-03 9.239650e-05 3.695437e-04 2.744588e-04 9.664281e-13 8.999622e-09
   46    1      1      0    0   125  1.204499e-97 3.609131e-26 1.048772e-04 0.0035339881 0.011531098 1.339087e-03 0.0015315104 0.014657374 0.05047845 0.04825785 0.07782512 0.06152769 0.05273636 0.02114017 0.03600491 0.040915906 0.023076098 0.050370467 0.04252693 0.034595369 0.063548091 0.05390911 0.033488753 0.033816571 0.01011393 0.044455692 0.034393803 0.014647372 0.029490214 0.029633895 0.01676593 0.021190365 0.001473585 0.005377296 0.005487173 0.0025124678 1.669445e-02 8.662526e-05 0.0065518221 2.401663e-03 1.158304e-03 1.811342e-04 2.790553e-05 4.399381e-04 6.335504e-07
   56    1      1      0    0   125  4.456465e-32 1.737915e-08 7.909665e-04 0.0212787535 0.028514299 1.628894e-02 0.0048882464 0.009713587 0.03385014 0.03690234 0.06690326 0.04390685 0.02299086 0.05343162 0.06937326 0.037994646 0.035747759 0.018646167 0.04883540 0.033324623 0.050138610 0.04117832 0.032421472 0.058078885 0.01914667 0.063271105 0.016074023 0.017056289 0.025840077 0.025180147 0.01824432 0.001137002 0.016544510 0.004728308 0.005217869 0.0195454718 1.097178e-03 7.770538e-05 0.0011817711 1.137962e-04 8.818631e-07 1.872626e-04 6.316984e-05 5.822091e-07 9.283664e-05
   60    1      1      0    0   125  1.953075e-70 2.945877e-09 1.605123e-06 0.0244875455 0.007535688 1.046355e-03 0.0050860038 0.014168622 0.05114875 0.07345134 0.03721683 0.04705455 0.04370127 0.02443826 0.05164089 0.030269579 0.042543883 0.044945463 0.04296052 0.015984558 0.028462931 0.03893859 0.032964064 0.029899669 0.02215116 0.022059510 0.052364573 0.009199615 0.031144565 0.039364767 0.01250189 0.024833351 0.005741265 0.014099780 0.039396879 0.0064540080 2.397189e-03 6.137646e-03 0.0214412430 1.964828e-03 7.016262e-05 1.332937e-10 6.956869e-04 5.963391e-08 3.484954e-05
   64    1      1      0    0   125 1.653129e-255 2.164257e-04 1.070169e-06 0.0015367841 0.007190256 8.505863e-05 0.0246005884 0.045359677 0.03830845 0.04697210 0.07599477 0.03542004 0.04236624 0.03992916 0.03653650 0.039501727 0.045084834 0.030234335 0.02971117 0.009096251 0.030308772 0.05410890 0.046782626 0.025426351 0.02757738 0.008174469 0.006365461 0.028226288 0.016615107 0.030486191 0.01316047 0.030113974 0.044249175 0.030327376 0.026844378 0.0133267568 4.605554e-03 6.882851e-03 0.0067376949 9.703223e-04 1.545493e-05 1.720432e-06 4.843269e-10 2.002519e-18 5.472804e-04
   68    1      1      0    0   125  4.623078e-56 2.993236e-14 5.583435e-04 0.0101740320 0.008041201 1.268989e-03 0.0059537284 0.032490753 0.02863953 0.07358291 0.02143244 0.12643488 0.01285410 0.03648157 0.04792004 0.028096107 0.017557835 0.048621162 0.05708629 0.019737053 0.027924769 0.07495901 0.009953645 0.017398631 0.03171657 0.038860546 0.009822199 0.036358890 0.018113887 0.061166341 0.01251911 0.017441587 0.001486618 0.022083111 0.008358927 0.0064826605 1.739310e-02 6.408911e-04 0.0014768506 8.888913e-03 3.539152e-07 4.716178e-08 1.980940e-05 3.358803e-07 2.224057e-06
   72    1      1      0    0   125  2.328870e-47 4.301783e-36 9.835647e-05 0.0258770009 0.002163074 6.947044e-04 0.0055102646 0.019709505 0.04680282 0.04918891 0.09634534 0.05122835 0.03033437 0.03564680 0.03800120 0.042389438 0.043290796 0.036930811 0.02701866 0.019162056 0.071803316 0.01953288 0.025740274 0.041498048 0.02253699 0.006287162 0.013165590 0.046133493 0.019159916 0.009585558 0.01957894 0.050461511 0.023706916 0.010007889 0.011368472 0.0135142287 9.569011e-03 9.404031e-04 0.0133141613 9.781248e-04 2.910744e-04 9.367792e-06 7.302025e-08 4.240228e-04 1.289875e-07
   76    1      1      0    0   125  5.535763e-49 7.794870e-24 1.201452e-03 0.0282136410 0.017772081 8.377584e-04 0.0069657886 0.024010122 0.01701900 0.04929951 0.07415193 0.02715452 0.05393087 0.02335652 0.02965120 0.031499876 0.062407490 0.009194986 0.05742068 0.023103058 0.007672126 0.07343696 0.036779491 0.026436731 0.05063671 0.043780627 0.030563729 0.011080718 0.009485269 0.052875459 0.02368008 0.029822891 0.016994123 0.018267623 0.005456946 0.0132390266 4.854937e-03 1.552308e-03 0.0010971175 1.887938e-03 1.089130e-05 3.154857e-03 2.322468e-10 4.296802e-05 4.522261e-12
   80    1      1      0    0   125 1.230608e-114 3.830867e-37 4.850735e-03 0.0180939380 0.004389527 6.511137e-03 0.0007145706 0.023717896 0.03547302 0.08250304 0.05363432 0.02189350 0.02457292 0.01955648 0.04782792 0.009968074 0.054374275 0.073328954 0.01859891 0.024458207 0.037761060 0.03062234 0.014804032 0.042521514 0.03066436 0.067024672 0.025312892 0.012780263 0.013670719 0.017517231 0.05066105 0.015413236 0.040055926 0.016082705 0.005293927 0.0002501325 5.435101e-05 6.043381e-04 0.0002128416 1.965014e-02 5.134014e-03 1.110791e-03 1.872210e-02 3.977242e-10 9.607935e-03
   84    1      1      0    0   125  4.136801e-75 1.189365e-05 1.633872e-03 0.0069870806 0.007447452 1.057527e-03 0.0026149723 0.019879939 0.06201775 0.05637421 0.09820202 0.07783577 0.03145690 0.04945941 0.03650516 0.034328317 0.036148979 0.061421883 0.04345388 0.015829566 0.028141543 0.02142233 0.027365984 0.004574478 0.04565555 0.027917685 0.019797266 0.013027707 0.062026713 0.015112602 0.02048511 0.006050234 0.006875058 0.007792521 0.024475215 0.0025764121 3.568446e-03 1.175933e-02 0.0068799337 1.146730e-03 6.357389e-04 1.418782e-05 2.950094e-05 2.919894e-06 2.228950e-07
   88    1      1      0    0   125  2.691451e-80 5.727856e-33 1.852736e-03 0.0002772026 0.012026633 1.071558e-03 0.0025245115 0.002676756 0.03265486 0.05168498 0.06903471 0.06075297 0.03469903 0.05424027 0.07503591 0.044215619 0.058202798 0.014985495 0.06420234 0.032884872 0.039907667 0.06023805 0.035095318 0.026368551 0.02488773 0.019114263 0.021981108 0.015722587 0.010985777 0.022110421 0.03291594 0.018106712 0.018692761 0.007164511 0.013113992 0.0071534507 5.520420e-03 1.853144e-03 0.0021926040 3.049004e-03 7.636022e-04 2.253211e-05 1.269724e-05 3.242000e-38 3.912084e-06
   92    1      1      0    0   125 1.802699e-103 1.458314e-14 1.557723e-04 0.0043536260 0.004227218 3.638791e-03 0.0141106905 0.007750155 0.05910033 0.05830803 0.06507967 0.05365881 0.02516774 0.03348598 0.06766198 0.091188428 0.009415112 0.040549770 0.03816474 0.042209246 0.027127825 0.03103148 0.027276320 0.063999109 0.03728216 0.050896866 0.008153911 0.016614718 0.011962895 0.027237480 0.01870999 0.018096275 0.017095775 0.003397563 0.004302519 0.0050075112 4.832031e-03 3.510478e-03 0.0018174587 1.617957e-04 5.873273e-04 4.098520e-06 7.671362e-25 2.658671e-03 9.660957e-06
   96    1      1      0    0   125 1.546709e-187 6.577938e-10 5.631159e-05 0.0038575981 0.011909983 7.512617e-03 0.0100974926 0.004717180 0.01264319 0.06861195 0.03819395 0.06520454 0.04204768 0.02983901 0.04242266 0.060400547 0.043255168 0.048020069 0.02968655 0.050742384 0.019843961 0.02973528 0.065927052 0.020102997 0.05807320 0.022136400 0.045233227 0.021942386 0.014027316 0.039374571 0.01741976 0.013256752 0.015778345 0.013433211 0.011528565 0.0128954363 1.400092e-03 6.533561e-05 0.0024538665 2.187582e-03 4.181064e-09 7.967324e-04 7.112615e-04 4.919794e-14 2.457782e-03
  100    1      1      0    0   125  3.641398e-21 6.192031e-13 1.972474e-04 0.0475980697 0.009842060 8.197549e-03 0.0038681067 0.016378158 0.02727097 0.06935307 0.09077014 0.03617525 0.02032986 0.02960058 0.03717147 0.057402041 0.030847266 0.044185923 0.02473273 0.025341202 0.011749869 0.02870574 0.056076993 0.045130298 0.01633442 0.035545443 0.006050146 0.034194796 0.031617359 0.012582155 0.01340884 0.036715167 0.012535710 0.004640803 0.030895169 0.0105782757 1.525062e-03 5.876347e-04 0.0214815618 6.441167e-04 9.281013e-03 6.051059e-05 3.870901e-04 2.952070e-17 1.013840e-05
   76    1      2      0    0   500  6.356724e-09 1.914806e-03 1.459529e-02 0.0546596057 0.053734934 1.478564e-02 0.0023725464 0.020421616 0.03991647 0.04723847 0.06765488 0.05648843 0.03164938 0.02316175 0.05023456 0.038001272 0.056727884 0.044787108 0.02755631 0.031913339 0.043723734 0.03322093 0.033677806 0.017668124 0.01933456 0.027920428 0.026253930 0.018491848 0.015093376 0.014490857 0.01599307 0.011131044 0.017105052 0.012633134 0.003484117 0.0013692139 3.622886e-03 1.026845e-03 0.0023265201 1.781983e-03 9.986656e-04 8.464606e-06 8.165058e-04 8.479254e-08 1.251324e-05
   78    1      2      0    0   500  4.831835e-21 4.263291e-03 9.639030e-03 0.0688875252 0.050993405 1.962177e-02 0.0114548011 0.022307881 0.04560810 0.04499810 0.03764458 0.03898003 0.03741526 0.03826182 0.04180427 0.036176004 0.034651282 0.037177735 0.05466665 0.021342802 0.030266008 0.02047842 0.029101450 0.022265993 0.02712668 0.040429003 0.024432094 0.024326563 0.026075326 0.013260716 0.01623281 0.016586271 0.008200034 0.011745757 0.009185533 0.0032476415 5.567814e-03 1.847647e-03 0.0019391710 4.366146e-04 4.304814e-03 1.615214e-03 3.045181e-03 1.381738e-04 2.250717e-03
   80    1      2      0    0   500  1.081237e-04 2.351146e-03 1.498444e-02 0.0382471231 0.057783983 1.598741e-02 0.0088271243 0.013480126 0.04419584 0.04627918 0.04315743 0.05061375 0.03672329 0.02296663 0.03819936 0.054652314 0.035864601 0.027513101 0.03824700 0.036094905 0.033185192 0.02797736 0.031149639 0.017490142 0.02757556 0.022182336 0.034472165 0.015408100 0.027446427 0.023270619 0.01893800 0.012980468 0.009559841 0.011692114 0.010003818 0.0200405872 3.885340e-03 1.016717e-02 0.0109246265 3.896268e-05 4.967609e-03 3.319817e-06 3.617911e-04 3.961305e-11 1.935974e-06
   82    1      2      0    0   500  1.128539e-13 4.127755e-04 2.728427e-02 0.0471362670 0.047914811 1.019328e-02 0.0084971286 0.026949739 0.04828857 0.05063724 0.04526481 0.03458433 0.03171071 0.03064017 0.04929626 0.033656014 0.049138485 0.021515486 0.03667007 0.025617475 0.029974173 0.03977019 0.028801135 0.041421089 0.02638791 0.025677580 0.025894057 0.025679746 0.027189279 0.016895283 0.02020703 0.015925766 0.012501034 0.009840727 0.005322673 0.0053212474 6.398865e-03 1.055084e-03 0.0047517851 3.909903e-03 3.328178e-04 4.392139e-04 7.588858e-04 1.358522e-04 7.777218e-07
   84    1      2      0    0   500  3.200226e-15 8.341231e-04 2.414861e-02 0.0452835660 0.037473135 2.110891e-02 0.0093105029 0.022607758 0.04732467 0.05506022 0.04234425 0.04337766 0.02334441 0.03036062 0.04682914 0.051232657 0.036246567 0.035589261 0.03255887 0.026235229 0.038011292 0.03058594 0.027977455 0.018123149 0.02988343 0.026618467 0.022558046 0.015074367 0.026932207 0.016936178 0.01890986 0.031775525 0.011059236 0.010162994 0.018067335 0.0072925902 3.260385e-03 3.822044e-03 0.0029948891 5.074052e-03 1.504567e-03 1.852775e-03 3.606889e-05 2.041874e-04 1.281187e-05
   86    1      2      0    0   500  1.773914e-07 4.530791e-04 2.252243e-02 0.0657908296 0.052332315 1.921512e-02 0.0111812576 0.024096286 0.02972996 0.05195261 0.05338604 0.04171532 0.02945050 0.05649968 0.03087742 0.037232115 0.033074174 0.029717080 0.02399336 0.025786133 0.047612633 0.02664144 0.027049610 0.025775921 0.02253287 0.028510380 0.031261043 0.021098088 0.027064170 0.015761649 0.01203809 0.015650934 0.008162797 0.014935263 0.008734223 0.0083108341 2.001771e-03 4.482384e-03 0.0052603789 3.969339e-03 3.130438e-03 6.723545e-04 1.552518e-06 3.344119e-04 1.535790e-06
   88    1      2      0    0   500  6.493456e-04 2.348273e-03 2.900756e-02 0.0435229510 0.032079165 5.645124e-03 0.0253078430 0.027847245 0.03170179 0.05318984 0.07934495 0.05623732 0.04480032 0.02906278 0.05016836 0.027692554 0.029590404 0.025251964 0.02857645 0.033732035 0.025797499 0.03294938 0.031896234 0.041348111 0.01625804 0.028203058 0.023152926 0.012945601 0.035701546 0.018416878 0.01051074 0.014092540 0.012516412 0.007622842 0.006619127 0.0062018407 7.430950e-03 8.174184e-03 0.0017182687 1.503142e-03 1.460587e-04 5.396671e-04 4.031995e-04 8.758975e-05 7.878279e-06
   90    1      2      0    0   500  5.950709e-08 5.836517e-04 1.196407e-02 0.0621924286 0.048799560 1.469000e-02 0.0134664756 0.016950269 0.06014414 0.03918819 0.05220114 0.04003320 0.03614981 0.03090212 0.03837560 0.050399893 0.039464357 0.037008232 0.03669724 0.022708465 0.035858950 0.02474685 0.030554453 0.026930919 0.02028734 0.032479724 0.031809973 0.020024975 0.013197585 0.014378411 0.02185393 0.018492244 0.008115825 0.012611310 0.006449117 0.0084671029 5.051987e-03 6.002171e-03 0.0018971636 4.792491e-04 1.264912e-04 7.079323e-03 2.710276e-09 1.032670e-03 1.533395e-04
   92    1      2      0    0   500  8.137056e-08 4.064858e-04 1.757967e-02 0.0573213208 0.036551359 1.746984e-02 0.0073890727 0.021862344 0.05946798 0.06350578 0.04783253 0.04308017 0.03817182 0.02464778 0.03117114 0.038781246 0.034683888 0.030319769 0.02354571 0.038067835 0.032945135 0.03527183 0.024356224 0.026583367 0.02909684 0.013536332 0.033407525 0.017482156 0.014158583 0.019865238 0.01920374 0.007365520 0.020940909 0.009263241 0.012609773 0.0140445256 1.050604e-02 2.444121e-03 0.0103573820 5.246335e-03 6.883799e-03 2.062313e-03 4.612016e-04 5.118504e-05 8.511020e-07
   94    1      2      0    0   500  7.600892e-36 1.910275e-03 1.464675e-02 0.0499424253 0.071879918 2.207934e-02 0.0183534778 0.021550582 0.04635796 0.06691721 0.04809442 0.03931596 0.05844763 0.03033781 0.03979047 0.030473252 0.032227192 0.022062373 0.02244616 0.023059561 0.032085782 0.01473315 0.024126655 0.042107736 0.02434428 0.035989841 0.026711159 0.018366139 0.007501985 0.009201288 0.01959147 0.018901221 0.014611060 0.010858431 0.005866926 0.0040234882 8.731461e-03 6.701448e-03 0.0047872791 6.935597e-03 2.888110e-04 2.398337e-03 1.132972e-03 8.403665e-07 1.098723e-04
   96    1      2      0    0   500  7.629257e-11 5.000076e-03 1.553073e-02 0.0686111370 0.049058311 2.406666e-02 0.0141815230 0.018000534 0.02894044 0.06324164 0.06223837 0.04452003 0.02528778 0.03455540 0.03181727 0.035338746 0.037687300 0.032726952 0.02905901 0.035291188 0.028081468 0.04543083 0.028502725 0.022868898 0.01945822 0.016393671 0.024733978 0.018497909 0.016083105 0.025396050 0.01495221 0.022373218 0.010039918 0.012385311 0.010711507 0.0084086467 8.937502e-03 2.543136e-03 0.0046794050 2.273597e-03 1.088110e-03 1.842253e-04 2.510191e-05 1.740030e-07 7.979883e-04
   98    1      2      0    0   500  1.067354e-05 1.220006e-03 1.538648e-02 0.0458270443 0.071057360 1.623927e-02 0.0109865264 0.028256400 0.03340849 0.06889778 0.04287290 0.03066121 0.04055345 0.03852841 0.04006290 0.037038187 0.039445016 0.029762011 0.03736125 0.031531144 0.020293303 0.02972539 0.021313624 0.021225386 0.02154697 0.026352895 0.021888972 0.026262579 0.025142560 0.024755360 0.03332239 0.008342778 0.016999975 0.013005506 0.005910934 0.0062497417 4.604587e-03 4.500836e-03 0.0033668766 1.032514e-03 2.192679e-03 4.204351e-04 2.279295e-04 2.502252e-04 1.959059e-03
  100    1      2      0    0   500  2.572265e-11 2.514269e-04 2.447632e-02 0.0718761139 0.055098162 2.237958e-02 0.0141275480 0.023646722 0.04084194 0.05447092 0.04662820 0.04228593 0.03274553 0.04399361 0.02634988 0.035917537 0.029969686 0.024216620 0.02842974 0.028355824 0.046233845 0.01761231 0.037818618 0.018607487 0.03350142 0.017775536 0.017473164 0.020724914 0.013794837 0.022112398 0.02466291 0.006611177 0.009895029 0.007117248 0.014598988 0.0102940035 8.752588e-03 1.638356e-02 0.0006168443 4.896990e-03 3.697224e-03 2.105059e-05 1.470586e-04 5.678593e-04 2.165333e-05
15 #_N_agebins
#_agebin_vector
1 2 3 4 5 6 7 8 9 10 11 12 13 14 15
1 #_N_ageerror_definitions
 #_age0   age1   age2   age3   age4   age5   age6   age7   age8   age9  age10  age11  age12  age13  age14  age15  age16  age17  age18  age19  age20  age21  age22  age23  age24  age25
 -1.000 -1.000 -1.000 -1.000 -1.000 -1.000 -1.000 -1.000 -1.000 -1.000 -1.000 -1.000 -1.000 -1.000 -1.000 -1.000 -1.000 -1.000 -1.000 -1.000 -1.000 -1.000 -1.000 -1.000 -1.000 -1.000
  0.001  0.001  0.001  0.001  0.001  0.001  0.001  0.001  0.001  0.001  0.001  0.001  0.001  0.001  0.001  0.001  0.001  0.001  0.001  0.001  0.001  0.001  0.001  0.001  0.001  0.001
85 #_N_agecomp
1 #_Lbin_method: 1=poplenbins; 2=datalenbins; 3=lengths
-1 #_combine males into females at or below this bin number
 #_Yr Seas FltSvy Gender Part Ageerr Lbin_lo Lbin_hi Nsamp          a1        a2        a3         a4         a5         a6         a7         a8          a9         a10         a11          a12          a13          a14          a15
   26    1      1      0    0      1      -1      -1   125  0.01872805 0.1452675 0.1950569 0.11830917 0.07327843 0.05465958 0.06843313 0.04883360 0.041165733 0.027171571 0.016914431 0.0238400105 0.0141945964 0.0232615484 0.1308857293
   36    1      1      0    0      1      -1      -1   125  0.06405771 0.2125726 0.2481248 0.13578847 0.07604503 0.08872673 0.03779772 0.02510410 0.013863011 0.017412306 0.012498325 0.0265502116 0.0051574568 0.0005923119 0.0357092037
   46    1      1      0    0      1      -1      -1   125  0.01724667 0.1493748 0.1875514 0.20347590 0.08412624 0.10344232 0.06844820 0.02617739 0.071672424 0.023636223 0.010000291 0.0133129290 0.0114332303 0.0029740061 0.0271279137
   56    1      1      0    0      1      -1      -1   125  0.03929925 0.2545607 0.1829287 0.10013950 0.07963663 0.09215616 0.10463549 0.06633628 0.019210636 0.026370721 0.017396188 0.0007737523 0.0002666925 0.0062512640 0.0100379520
   60    1      1      0    0      1      -1      -1   125  0.02136637 0.3318991 0.1617196 0.11604637 0.08153538 0.08498553 0.05014864 0.04872145 0.024997007 0.015586239 0.001157365 0.0024784058 0.0308845857 0.0161943503 0.0122796706
   64    1      1      0    0      1      -1      -1   125  0.04053191 0.2506797 0.1824358 0.15937598 0.11342196 0.12658288 0.01341162 0.03410434 0.009982082 0.004928385 0.014839520 0.0172751398 0.0063162452 0.0088890041 0.0172253740
   68    1      1      0    0      1      -1      -1   125  0.04410206 0.2388188 0.1225376 0.15582448 0.09851763 0.11410531 0.03249690 0.03294217 0.057708554 0.033216960 0.002297861 0.0147078456 0.0002664021 0.0154824645 0.0369748874
   72    1      1      0    0      1      -1      -1   125  0.04325148 0.2231025 0.2408152 0.12822022 0.12358022 0.05446938 0.04905179 0.03645646 0.012262149 0.012115431 0.022355647 0.0186956274 0.0245541756 0.0004650545 0.0106047040
   76    1      1      0    0      1      -1      -1   125  0.02951762 0.2813444 0.2500888 0.11386982 0.08786195 0.07748566 0.05384071 0.02201721 0.031160348 0.019628423 0.005391115 0.0066849314 0.0027684707 0.0001743910 0.0181661738
   80    1      1      0    0      1      -1      -1   125  0.03495338 0.2366003 0.1331745 0.14459695 0.13347824 0.11345350 0.05713902 0.02322155 0.019915074 0.043405094 0.029715892 0.0010921708 0.0170457508 0.0005738399 0.0116347805
   84    1      1      0    0      1      -1      -1   125  0.03545237 0.2122045 0.2856079 0.12100273 0.08115125 0.09094521 0.02341192 0.04123339 0.007120938 0.038449268 0.029209746 0.0078499452 0.0053489227 0.0143047697 0.0067071980
   88    1      1      0    0      1      -1      -1   125  0.02192496 0.2755768 0.2231310 0.17901175 0.08380077 0.05782145 0.05093825 0.03004167 0.030015484 0.017801779 0.007754500 0.0034985340 0.0006930465 0.0119691097 0.0060209293
   92    1      1      0    0      1      -1      -1   125  0.06331771 0.2303999 0.2453137 0.11817578 0.11660204 0.05640911 0.04931948 0.01796956 0.038083977 0.010019953 0.001669944 0.0184704444 0.0117435286 0.0084294187 0.0140754384
   96    1      1      0    0      1      -1      -1   125  0.02458096 0.3303234 0.1955166 0.13316132 0.12967859 0.04000648 0.04725808 0.02004255 0.025249013 0.012699767 0.001331565 0.0119734295 0.0087589671 0.0058384238 0.0135808534
  100    1      1      0    0      1      -1      -1   125  0.04199724 0.2788669 0.2340641 0.09699388 0.06404192 0.11736466 0.04179626 0.03458912 0.027035316 0.015206592 0.026068584 0.0089572871 0.0042422386 0.0083999463 0.0003759413
   76    1      2      0    0      1      -1      -1   500  0.12653732 0.1782295 0.1934919 0.12098094 0.10752743 0.07816246 0.06643441 0.03456744 0.019564977 0.014692808 0.017205706 0.0057681873 0.0070233501 0.0095909476 0.0202226212
   78    1      2      0    0      1      -1      -1   500  0.12923862 0.2259197 0.1960403 0.10324871 0.09479740 0.08891623 0.04147056 0.03498247 0.026146946 0.011361418 0.017931637 0.0078601506 0.0044282180 0.0029370343 0.0147205276
   80    1      2      0    0      1      -1      -1   500  0.15012048 0.2209289 0.1370047 0.12759389 0.09391707 0.07618606 0.05402845 0.02688657 0.037358439 0.032598483 0.011854476 0.0078492162 0.0093386744 0.0020479147 0.0122867026
   82    1      2      0    0      1      -1      -1   500  0.12110793 0.2445620 0.1726531 0.11262232 0.09292176 0.06957327 0.06578485 0.04554008 0.023840672 0.013025041 0.007950461 0.0096715134 0.0095070347 0.0028455601 0.0083944417
   84    1      2      0    0      1      -1      -1   500  0.13676036 0.2372971 0.1902675 0.07937922 0.09797016 0.07202500 0.04114633 0.04362965 0.028596889 0.027417341 0.012862169 0.0076309586 0.0088559309 0.0022779914 0.0138833439
   86    1      2      0    0      1      -1      -1   500  0.16985628 0.2320048 0.1386786 0.13300286 0.08553832 0.05902077 0.04692088 0.03958940 0.026602034 0.018104553 0.013729366 0.0058127733 0.0095370724 0.0012247642 0.0203775647
   88    1      2      0    0      1      -1      -1   500  0.12303084 0.2319492 0.1657404 0.11183690 0.10802387 0.07932179 0.03912359 0.02760859 0.027972617 0.032599860 0.013335183 0.0079834806 0.0030994683 0.0052574530 0.0231166834
   90    1      2      0    0      1      -1      -1   500  0.14485617 0.2229681 0.1600138 0.14925381 0.07612944 0.05585062 0.05753844 0.06853631 0.013430615 0.014568298 0.013181763 0.0037479635 0.0111664467 0.0028181837 0.0059400272
   92    1      2      0    0      1      -1      -1   500  0.13794408 0.2633868 0.1728734 0.13809396 0.07427294 0.04547884 0.05569646 0.02829223 0.032348723 0.013123199 0.013313482 0.0086298859 0.0069447797 0.0026903751 0.0069108820
   94    1      2      0    0      1      -1      -1   500  0.12445640 0.2147045 0.1864766 0.13970209 0.08641253 0.05715749 0.05760706 0.03312088 0.020358982 0.028688205 0.015475412 0.0033759509 0.0063362239 0.0023330796 0.0237946712
   96    1      2      0    0      1      -1      -1   500  0.11642420 0.2619349 0.1446516 0.14776320 0.09562071 0.06504929 0.04609290 0.03783540 0.024867827 0.015863230 0.005410700 0.0106995892 0.0082920745 0.0040626514 0.0154317030
   98    1      2      0    0      1      -1      -1   500  0.16781876 0.2151260 0.1236344 0.13152632 0.09970027 0.05981659 0.06177627 0.05058268 0.022788706 0.017839703 0.019102853 0.0027271277 0.0163019553 0.0014705102 0.0097878981
  100    1      2      0    0      1      -1      -1   500  0.13452002 0.2655166 0.1373246 0.11152160 0.08565152 0.07044289 0.05755518 0.03518090 0.022834168 0.019246277 0.013602709 0.0057660473 0.0090047832 0.0093589021 0.0224737077
   60    1      1      0    0      1       4       4     2  2.00000000 0.0000000 0.0000000 0.00000000 0.00000000 0.00000000 0.00000000 0.00000000 0.000000000 0.000000000 0.000000000 0.0000000000 0.0000000000 0.0000000000 0.0000000000
   60    1      1      0    0      1       5       5     1  1.00000000 0.0000000 0.0000000 0.00000000 0.00000000 0.00000000 0.00000000 0.00000000 0.000000000 0.000000000 0.000000000 0.0000000000 0.0000000000 0.0000000000 0.0000000000
   60    1      1      0    0      1       8       8     1  1.00000000 0.0000000 0.0000000 0.00000000 0.00000000 0.00000000 0.00000000 0.00000000 0.000000000 0.000000000 0.000000000 0.0000000000 0.0000000000 0.0000000000 0.0000000000
   60    1      1      0    0      1       9       9     3  3.00000000 0.0000000 0.0000000 0.00000000 0.00000000 0.00000000 0.00000000 0.00000000 0.000000000 0.000000000 0.000000000 0.0000000000 0.0000000000 0.0000000000 0.0000000000
   60    1      1      0    0      1      10      10    11 11.00000000 0.0000000 0.0000000 0.00000000 0.00000000 0.00000000 0.00000000 0.00000000 0.000000000 0.000000000 0.000000000 0.0000000000 0.0000000000 0.0000000000 0.0000000000
   60    1      1      0    0      1      11      11     3  3.00000000 0.0000000 0.0000000 0.00000000 0.00000000 0.00000000 0.00000000 0.00000000 0.000000000 0.000000000 0.000000000 0.0000000000 0.0000000000 0.0000000000 0.0000000000
   60    1      1      0    0      1      12      12     8  8.00000000 0.0000000 0.0000000 0.00000000 0.00000000 0.00000000 0.00000000 0.00000000 0.000000000 0.000000000 0.000000000 0.0000000000 0.0000000000 0.0000000000 0.0000000000
   60    1      1      0    0      1      13      13     3  3.00000000 0.0000000 0.0000000 0.00000000 0.00000000 0.00000000 0.00000000 0.00000000 0.000000000 0.000000000 0.000000000 0.0000000000 0.0000000000 0.0000000000 0.0000000000
   60    1      1      0    0      1      14      14     2  2.00000000 0.0000000 0.0000000 0.00000000 0.00000000 0.00000000 0.00000000 0.00000000 0.000000000 0.000000000 0.000000000 0.0000000000 0.0000000000 0.0000000000 0.0000000000
   60    1      1      0    0      1      15      15     3  3.00000000 0.0000000 0.0000000 0.00000000 0.00000000 0.00000000 0.00000000 0.00000000 0.000000000 0.000000000 0.000000000 0.0000000000 0.0000000000 0.0000000000 0.0000000000
   60    1      1      0    0      1      16      16     3  3.00000000 0.0000000 0.0000000 0.00000000 0.00000000 0.00000000 0.00000000 0.00000000 0.000000000 0.000000000 0.000000000 0.0000000000 0.0000000000 0.0000000000 0.0000000000
   60    1      1      0    0      1      17      17     6  6.00000000 0.0000000 0.0000000 0.00000000 0.00000000 0.00000000 0.00000000 0.00000000 0.000000000 0.000000000 0.000000000 0.0000000000 0.0000000000 0.0000000000 0.0000000000
   60    1      1      0    0      1      18      18     2  2.00000000 0.0000000 0.0000000 0.00000000 0.00000000 0.00000000 0.00000000 0.00000000 0.000000000 0.000000000 0.000000000 0.0000000000 0.0000000000 0.0000000000 0.0000000000
   60    1      1      0    0      1      19      19     5  5.00000000 0.0000000 0.0000000 0.00000000 0.00000000 0.00000000 0.00000000 0.00000000 0.000000000 0.000000000 0.000000000 0.0000000000 0.0000000000 0.0000000000 0.0000000000
   60    1      1      0    0      1      21      21     3  3.00000000 0.0000000 0.0000000 0.00000000 0.00000000 0.00000000 0.00000000 0.00000000 0.000000000 0.000000000 0.000000000 0.0000000000 0.0000000000 0.0000000000 0.0000000000
   60    1      1      0    0      1      22      22     3  3.00000000 0.0000000 0.0000000 0.00000000 0.00000000 0.00000000 0.00000000 0.00000000 0.000000000 0.000000000 0.000000000 0.0000000000 0.0000000000 0.0000000000 0.0000000000
   60    1      1      0    0      1      23      23     2  2.00000000 0.0000000 0.0000000 0.00000000 0.00000000 0.00000000 0.00000000 0.00000000 0.000000000 0.000000000 0.000000000 0.0000000000 0.0000000000 0.0000000000 0.0000000000
   60    1      1      0    0      1      24      24     4  4.00000000 0.0000000 0.0000000 0.00000000 0.00000000 0.00000000 0.00000000 0.00000000 0.000000000 0.000000000 0.000000000 0.0000000000 0.0000000000 0.0000000000 0.0000000000
   60    1      1      0    0      1      25      25     2  2.00000000 0.0000000 0.0000000 0.00000000 0.00000000 0.00000000 0.00000000 0.00000000 0.000000000 0.000000000 0.000000000 0.0000000000 0.0000000000 0.0000000000 0.0000000000
   60    1      1      0    0      1      26      26     4  4.00000000 0.0000000 0.0000000 0.00000000 0.00000000 0.00000000 0.00000000 0.00000000 0.000000000 0.000000000 0.000000000 0.0000000000 0.0000000000 0.0000000000 0.0000000000
   60    1      1      0    0      1      27      27     9  7.00000000 2.0000000 0.0000000 0.00000000 0.00000000 0.00000000 0.00000000 0.00000000 0.000000000 0.000000000 0.000000000 0.0000000000 0.0000000000 0.0000000000 0.0000000000
   60    1      1      0    0      1      29      29     5  2.00000000 3.0000000 0.0000000 0.00000000 0.00000000 0.00000000 0.00000000 0.00000000 0.000000000 0.000000000 0.000000000 0.0000000000 0.0000000000 0.0000000000 0.0000000000
   60    1      1      0    0      1      30      30     2  0.00000000 2.0000000 0.0000000 0.00000000 0.00000000 0.00000000 0.00000000 0.00000000 0.000000000 0.000000000 0.000000000 0.0000000000 0.0000000000 0.0000000000 0.0000000000
   60    1      1      0    0      1      31      31     1  0.00000000 1.0000000 0.0000000 0.00000000 0.00000000 0.00000000 0.00000000 0.00000000 0.000000000 0.000000000 0.000000000 0.0000000000 0.0000000000 0.0000000000 0.0000000000
   60    1      1      0    0      1      32      32     5  0.00000000 5.0000000 0.0000000 0.00000000 0.00000000 0.00000000 0.00000000 0.00000000 0.000000000 0.000000000 0.000000000 0.0000000000 0.0000000000 0.0000000000 0.0000000000
   60    1      1      0    0      1      34      34     1  0.00000000 1.0000000 0.0000000 0.00000000 0.00000000 0.00000000 0.00000000 0.00000000 0.000000000 0.000000000 0.000000000 0.0000000000 0.0000000000 0.0000000000 0.0000000000
   60    1      1      0    0      1      35      35     2  0.00000000 2.0000000 0.0000000 0.00000000 0.00000000 0.00000000 0.00000000 0.00000000 0.000000000 0.000000000 0.000000000 0.0000000000 0.0000000000 0.0000000000 0.0000000000
   60    1      1      0    0      1      38      38     2  0.00000000 2.0000000 0.0000000 0.00000000 0.00000000 0.00000000 0.00000000 0.00000000 0.000000000 0.000000000 0.000000000 0.0000000000 0.0000000000 0.0000000000 0.0000000000
   60    1      1      0    0      1      39      39     1  0.00000000 1.0000000 0.0000000 0.00000000 0.00000000 0.00000000 0.00000000 0.00000000 0.000000000 0.000000000 0.000000000 0.0000000000 0.0000000000 0.0000000000 0.0000000000
   60    1      1      0    0      1      40      40     1  0.00000000 1.0000000 0.0000000 0.00000000 0.00000000 0.00000000 0.00000000 0.00000000 0.000000000 0.000000000 0.000000000 0.0000000000 0.0000000000 0.0000000000 0.0000000000
  100    1      1      0    0      1       4       4     5  5.00000000 0.0000000 0.0000000 0.00000000 0.00000000 0.00000000 0.00000000 0.00000000 0.000000000 0.000000000 0.000000000 0.0000000000 0.0000000000 0.0000000000 0.0000000000
  100    1      1      0    0      1       8       8     1  1.00000000 0.0000000 0.0000000 0.00000000 0.00000000 0.00000000 0.00000000 0.00000000 0.000000000 0.000000000 0.000000000 0.0000000000 0.0000000000 0.0000000000 0.0000000000
  100    1      1      0    0      1       9       9     3  3.00000000 0.0000000 0.0000000 0.00000000 0.00000000 0.00000000 0.00000000 0.00000000 0.000000000 0.000000000 0.000000000 0.0000000000 0.0000000000 0.0000000000 0.0000000000
  100    1      1      0    0      1      10      10    11 11.00000000 0.0000000 0.0000000 0.00000000 0.00000000 0.00000000 0.00000000 0.00000000 0.000000000 0.000000000 0.000000000 0.0000000000 0.0000000000 0.0000000000 0.0000000000
  100    1      1      0    0      1      11      11     8  8.00000000 0.0000000 0.0000000 0.00000000 0.00000000 0.00000000 0.00000000 0.00000000 0.000000000 0.000000000 0.000000000 0.0000000000 0.0000000000 0.0000000000 0.0000000000
  100    1      1      0    0      1      12      12     5  5.00000000 0.0000000 0.0000000 0.00000000 0.00000000 0.00000000 0.00000000 0.00000000 0.000000000 0.000000000 0.000000000 0.0000000000 0.0000000000 0.0000000000 0.0000000000
  100    1      1      0    0      1      14      14     1  1.00000000 0.0000000 0.0000000 0.00000000 0.00000000 0.00000000 0.00000000 0.00000000 0.000000000 0.000000000 0.000000000 0.0000000000 0.0000000000 0.0000000000 0.0000000000
  100    1      1      0    0      1      15      15     4  4.00000000 0.0000000 0.0000000 0.00000000 0.00000000 0.00000000 0.00000000 0.00000000 0.000000000 0.000000000 0.000000000 0.0000000000 0.0000000000 0.0000000000 0.0000000000
  100    1      1      0    0      1      16      16     4  4.00000000 0.0000000 0.0000000 0.00000000 0.00000000 0.00000000 0.00000000 0.00000000 0.000000000 0.000000000 0.000000000 0.0000000000 0.0000000000 0.0000000000 0.0000000000
  100    1      1      0    0      1      17      17     6  6.00000000 0.0000000 0.0000000 0.00000000 0.00000000 0.00000000 0.00000000 0.00000000 0.000000000 0.000000000 0.000000000 0.0000000000 0.0000000000 0.0000000000 0.0000000000
  100    1      1      0    0      1      18      18     4  4.00000000 0.0000000 0.0000000 0.00000000 0.00000000 0.00000000 0.00000000 0.00000000 0.000000000 0.000000000 0.000000000 0.0000000000 0.0000000000 0.0000000000 0.0000000000
  100    1      1      0    0      1      19      19     1  1.00000000 0.0000000 0.0000000 0.00000000 0.00000000 0.00000000 0.00000000 0.00000000 0.000000000 0.000000000 0.000000000 0.0000000000 0.0000000000 0.0000000000 0.0000000000
  100    1      1      0    0      1      20      20     1  1.00000000 0.0000000 0.0000000 0.00000000 0.00000000 0.00000000 0.00000000 0.00000000 0.000000000 0.000000000 0.000000000 0.0000000000 0.0000000000 0.0000000000 0.0000000000
  100    1      1      0    0      1      21      21     2  2.00000000 0.0000000 0.0000000 0.00000000 0.00000000 0.00000000 0.00000000 0.00000000 0.000000000 0.000000000 0.000000000 0.0000000000 0.0000000000 0.0000000000 0.0000000000
  100    1      1      0    0      1      22      22     5  5.00000000 0.0000000 0.0000000 0.00000000 0.00000000 0.00000000 0.00000000 0.00000000 0.000000000 0.000000000 0.000000000 0.0000000000 0.0000000000 0.0000000000 0.0000000000
  100    1      1      0    0      1      23      23     8  8.00000000 0.0000000 0.0000000 0.00000000 0.00000000 0.00000000 0.00000000 0.00000000 0.000000000 0.000000000 0.000000000 0.0000000000 0.0000000000 0.0000000000 0.0000000000
  100    1      1      0    0      1      24      24     4  4.00000000 0.0000000 0.0000000 0.00000000 0.00000000 0.00000000 0.00000000 0.00000000 0.000000000 0.000000000 0.000000000 0.0000000000 0.0000000000 0.0000000000 0.0000000000
  100    1      1      0    0      1      26      26     3  3.00000000 0.0000000 0.0000000 0.00000000 0.00000000 0.00000000 0.00000000 0.00000000 0.000000000 0.000000000 0.000000000 0.0000000000 0.0000000000 0.0000000000 0.0000000000
  100    1      1      0    0      1      27      27     2  2.00000000 0.0000000 0.0000000 0.00000000 0.00000000 0.00000000 0.00000000 0.00000000 0.000000000 0.000000000 0.000000000 0.0000000000 0.0000000000 0.0000000000 0.0000000000
  100    1      1      0    0      1      28      28     3  2.00000000 1.0000000 0.0000000 0.00000000 0.00000000 0.00000000 0.00000000 0.00000000 0.000000000 0.000000000 0.000000000 0.0000000000 0.0000000000 0.0000000000 0.0000000000
  100    1      1      0    0      1      30      30     2  0.00000000 2.0000000 0.0000000 0.00000000 0.00000000 0.00000000 0.00000000 0.00000000 0.000000000 0.000000000 0.000000000 0.0000000000 0.0000000000 0.0000000000 0.0000000000
  100    1      1      0    0      1      32      32     9  0.00000000 9.0000000 0.0000000 0.00000000 0.00000000 0.00000000 0.00000000 0.00000000 0.000000000 0.000000000 0.000000000 0.0000000000 0.0000000000 0.0000000000 0.0000000000
  100    1      1      0    0      1      33      33     2  0.00000000 2.0000000 0.0000000 0.00000000 0.00000000 0.00000000 0.00000000 0.00000000 0.000000000 0.000000000 0.000000000 0.0000000000 0.0000000000 0.0000000000 0.0000000000
  100    1      1      0    0      1      35      35     1  0.00000000 1.0000000 0.0000000 0.00000000 0.00000000 0.00000000 0.00000000 0.00000000 0.000000000 0.000000000 0.000000000 0.0000000000 0.0000000000 0.0000000000 0.0000000000
  100    1      1      0    0      1      36      36     1  0.00000000 1.0000000 0.0000000 0.00000000 0.00000000 0.00000000 0.00000000 0.00000000 0.000000000 0.000000000 0.000000000 0.0000000000 0.0000000000 0.0000000000 0.0000000000
  100    1      1      0    0      1      39      39     1  0.00000000 1.0000000 0.0000000 0.00000000 0.00000000 0.00000000 0.00000000 0.00000000 0.000000000 0.000000000 0.000000000 0.0000000000 0.0000000000 0.0000000000 0.0000000000
  100    1      1      0    0      1      41      41     3  0.00000000 3.0000000 0.0000000 0.00000000 0.00000000 0.00000000 0.00000000 0.00000000 0.000000000 0.000000000 0.000000000 0.0000000000 0.0000000000 0.0000000000 0.0000000000
0 #_N_MeanSize_at_Age_obs
0 #_N_environ_variables
0 #_N_environ_obs
0 #_N_sizefreq_methods
0 #_do_tags
0 #_morphcomp_data
#
999
