#C data file created using the SS_writedat function in the R package r4ss
#C should work with SS version: 
#C file write time: 2015-02-11 18:15:59
#
1 #_styr
100 #_endyr
1 #_nseas
12 #_months_per_seas
1 #_spawn_seas
1 #_Nfleet
2 #_Nsurveys
1 #_N_areas
Fishery%Survey%CPUE #_fleetnames
0.5 0.5 0.5 #_surveytiming_in_season
1 1 1 #_area_assignments_for_each_fishery_and_survey
1 #_units of catch:  1=bio; 2=num
0.01 #_se of log(catch) only used for init_eq_catch and for Fmethod 2 and 3
1 #_Ngenders
25 #_Nages
0 #_init_equil_catch_for_each_fishery
100 #_N_lines_of_catch_to_read
 #_Fishery year seas
         0    1    1
         0    2    1
         0    3    1
         0    4    1
         0    5    1
         0    6    1
         0    7    1
         0    8    1
         0    9    1
         0   10    1
         0   11    1
         0   12    1
         0   13    1
         0   14    1
         0   15    1
         0   16    1
         0   17    1
         0   18    1
         0   19    1
         0   20    1
         0   21    1
         0   22    1
         0   23    1
         0   24    1
         0   25    1
 444646000   26    1
 397608000   27    1
 357583000   28    1
 324161000   29    1
 296656000   30    1
 274240000   31    1
 256057000   32    1
 241314000   33    1
 229322000   34    1
 219511000   35    1
 211426000   36    1
 204710000   37    1
 199088000   38    1
 194347000   39    1
 190324000   40    1
 186891000   41    1
 183948000   42    1
 181416000   43    1
 179230000   44    1
 177337000   45    1
 175694000   46    1
 174266000   47    1
 173022000   48    1
 171937000   49    1
 170990000   50    1
 170161000   51    1
 169436000   52    1
 168801000   53    1
 168243000   54    1
 167755000   55    1
 167325000   56    1
 166948000   57    1
 166617000   58    1
 166326000   59    1
 166070000   60    1
 165844000   61    1
 165646000   62    1
 165471000   63    1
 165317000   64    1
 165182000   65    1
 165063000   66    1
 164958000   67    1
 164865000   68    1
 164784000   69    1
 164712000   70    1
 164649000   71    1
 164593000   72    1
 164544000   73    1
 164500000   74    1
 164462000   75    1
 164429000   76    1
 164399000   77    1
 164373000   78    1
 164350000   79    1
 164329000   80    1
 164311000   81    1
 164296000   82    1
 164282000   83    1
 164269000   84    1
 164258000   85    1
 164249000   86    1
 164240000   87    1
 164233000   88    1
 164227000   89    1
 164221000   90    1
 164216000   91    1
 164211000   92    1
 164207000   93    1
 164204000   94    1
 164201000   95    1
 164198000   96    1
 164195000   97    1
 164193000   98    1
 164192000   99    1
 164190000  100    1
13 #_N_cpue
 #_Fleet Units Errtype
       1     1       0
       2     1       0
       3     1       0
 #_year seas index        obs se_log
     76    1     2 1391793278    0.2
     78    1     2 1527502046    0.2
     80    1     2 1496147638    0.2
     82    1     2 1638452062    0.2
     84    1     2 1670974408    0.2
     86    1     2 1070403411    0.2
     88    1     2 1272399742    0.2
     90    1     2 1875737646    0.2
     92    1     2  985987977    0.2
     94    1     2 1394537767    0.2
     96    1     2 1535581621    0.2
     98    1     2 1959015727    0.2
    100    1     2 1578319573    0.2
0 #_N_discard_fleets
#_discard_units (1=same_as_catchunits(bio/num); 2=fraction; 3=numbers)
#_discard_errtype:  >0 for DF of T-dist(read CV below); 0 for normal with CV; -1 for normal with se; -2 for lognormal
0 #_N_discard
0 #_N_meanbodywt
1 #_DF_for_meanbodywt_T-distribution_like
2 # length bin method: 1=use databins; 2=generate from binwidth,min,max below; 3=read vector
1 # binwidth for population size comp
10 # minimum size in the population (lower edge of first bin and size at age 0.00)
200 # maximum size in the population (lower edge of last bin)
-0.001 #_comp_tail_compression
1e-05 #_add_to_comp
0 #_combine males into females at or below this bin number
45 #_N_lbins
#_lbin_vector
20 23 26 29 32 35 38 41 44 47 50 53 56 59 62 65 68 71 74 77 80 83 86 89 92 95 98 101 104 107 110 113 116 119 122 125 128 131 134 137 140 143 146 149 152
28 #_N_Length_comp_observations
 #_Yr Seas FltSvy Gender Part Nsamp           l20          l23          l26         l29         l32          l35          l38         l41        l44        l47        l50        l53         l56        l59        l62        l65         l68        l71        l74        l77        l80        l83         l86        l89        l92         l95        l98       l101        l104        l107        l110        l113        l116        l119        l122        l125        l128         l131         l134         l137         l140         l143         l146         l149         l152
   26    1      1      0    0   125 1.645382e-138 6.060499e-56 1.295661e-04 0.002559085 0.010275743 4.509271e-05 7.986748e-03 0.007867012 0.02386473 0.03266339 0.05254253 0.03836339 0.058005006 0.02234341 0.02706558 0.04854876 0.007739847 0.03409792 0.01447770 0.05118681 0.04362686 0.03832271 0.008388453 0.01866258 0.02255631 0.023224397 0.02316328 0.01417905 0.077554538 0.033550828 0.056595568 0.043300499 0.011164628 0.022505463 0.011663547 0.011579244 0.046089349 1.338687e-02 1.584684e-02 3.223336e-04 2.010393e-02 9.759514e-06 9.749995e-04 1.147909e-03 2.317722e-03
   36    1      1      0    0   125  3.004782e-40 1.266545e-09 1.373670e-04 0.002275631 0.010924518 3.699129e-03 1.839783e-03 0.027527533 0.01760205 0.08451500 0.07229864 0.02835873 0.015968323 0.01824627 0.02831010 0.02583216 0.017401457 0.06479602 0.05436135 0.08231614 0.03445390 0.03493344 0.041170876 0.02954293 0.01138561 0.020769225 0.04535176 0.04040405 0.046311134 0.035404070 0.030298976 0.004449925 0.015716955 0.011904974 0.009123298 0.002427136 0.012666845 3.370267e-03 5.882629e-04 3.319064e-04 9.210418e-03 9.605143e-06 3.028301e-05 4.812015e-06 3.729122e-03
   46    1      1      0    0   125 3.583872e-108 2.295418e-07 2.167645e-03 0.001869622 0.025581510 1.175216e-03 7.153989e-04 0.021962546 0.07170297 0.07879918 0.05771572 0.01998318 0.062995638 0.02204877 0.02566193 0.01571576 0.063259232 0.03206723 0.03187961 0.06098453 0.03369736 0.03347447 0.029567203 0.03560363 0.02912860 0.033603041 0.03426140 0.05680857 0.011328148 0.033625925 0.005039925 0.004694237 0.005301148 0.015632634 0.004476990 0.007123354 0.018126181 2.713250e-06 1.281835e-04 3.894114e-03 2.002371e-06 7.059310e-03 1.133834e-03 1.119017e-06 9.976110e-16
   56    1      1      0    0   125  8.165932e-23 8.807133e-04 6.174940e-03 0.029911853 0.016940483 2.469405e-02 1.244382e-03 0.011338837 0.03533715 0.07916331 0.04599337 0.07881080 0.045432543 0.04824320 0.03803328 0.03072645 0.051348089 0.05174629 0.02690593 0.05234713 0.03719679 0.02835747 0.011850019 0.02996523 0.01822404 0.009521030 0.02664904 0.01121280 0.029141965 0.017985537 0.014950561 0.017534814 0.023860934 0.003178478 0.026577631 0.002643473 0.005164640 1.680552e-03 8.316833e-04 4.058638e-03 3.149374e-04 3.573420e-03 2.088460e-06 2.239533e-04 2.748725e-05
   60    1      1      0    0   125 3.102367e-120 2.511990e-06 3.200757e-05 0.001782160 0.007489454 1.023491e-02 2.482270e-03 0.003370320 0.05702136 0.03331640 0.05002281 0.06431205 0.056912004 0.04873392 0.03579183 0.03198430 0.022813966 0.01397421 0.06637126 0.04074118 0.01977299 0.03166043 0.047707287 0.03413955 0.06791374 0.019370244 0.03286298 0.05149959 0.002831385 0.012343184 0.040012844 0.021682506 0.022418965 0.009740358 0.014151798 0.001832124 0.002592379 1.853789e-03 1.515620e-02 1.605625e-03 2.419627e-04 4.751465e-04 5.272978e-04 9.416218e-05 1.245086e-04
   64    1      1      0    0   125  3.855346e-21 1.915014e-18 9.726481e-03 0.008768227 0.003557507 1.850965e-03 5.045009e-04 0.014580297 0.05693540 0.05818097 0.05570937 0.05682029 0.026011417 0.06967721 0.02675185 0.04366344 0.054575374 0.03187395 0.01946771 0.01746401 0.03824886 0.03652198 0.054326777 0.02983008 0.03853205 0.022865540 0.02339999 0.04179593 0.017308035 0.022429520 0.019439197 0.035895816 0.010939951 0.003162019 0.007447844 0.001248240 0.001285485 1.425194e-03 3.219867e-02 2.472592e-03 7.749629e-12 2.102848e-03 7.380784e-09 1.000193e-03 4.222831e-06
   68    1      1      0    0   125  3.629007e-42 9.785011e-09 1.332647e-03 0.001858374 0.013076075 7.553530e-03 4.056247e-04 0.022910490 0.04294961 0.03674418 0.05271941 0.04606703 0.022048097 0.04841208 0.06109530 0.05173816 0.023259218 0.03729330 0.04409552 0.03550051 0.02597578 0.01745695 0.043643255 0.03816533 0.02466848 0.020824102 0.03526845 0.02546931 0.018367286 0.012047899 0.050523608 0.038654420 0.005933955 0.041643404 0.008427965 0.002636924 0.006413200 5.355239e-03 1.617154e-02 7.052115e-03 1.069875e-03 9.973156e-05 4.901398e-03 3.155293e-05 1.390682e-04
   72    1      1      0    0   125 2.438186e-199 9.357138e-04 1.059097e-04 0.028160075 0.002310431 7.969075e-03 9.495104e-03 0.030757363 0.01464941 0.07498886 0.02971802 0.03236129 0.030830616 0.03470553 0.05244263 0.04055024 0.061095932 0.02679654 0.04726245 0.03035876 0.02407171 0.05331958 0.033304983 0.06320189 0.02656566 0.033463991 0.02258389 0.02115758 0.015471035 0.004298027 0.007222441 0.044990468 0.019591776 0.009309080 0.014932051 0.007934252 0.008916493 2.168468e-02 3.199619e-05 1.058336e-05 6.936211e-03 1.009694e-04 5.402232e-03 3.368237e-14 4.473532e-06
   76    1      1      0    0   125  0.000000e+00 1.106925e-12 1.845365e-02 0.007884590 0.019600199 4.653586e-04 8.654203e-04 0.010973496 0.04954654 0.10066378 0.05297088 0.06091888 0.016083886 0.02481031 0.01797020 0.02932313 0.058870720 0.02258675 0.02339921 0.08338323 0.03598516 0.06480513 0.055421403 0.04394577 0.02359741 0.016564260 0.01431167 0.01266545 0.022870486 0.002990601 0.009438298 0.025119472 0.030488926 0.009019591 0.005948708 0.009276092 0.003861609 5.932296e-03 1.474529e-03 1.208460e-03 5.972691e-03 5.539645e-06 2.536017e-09 3.262173e-04 1.569524e-13
   80    1      1      0    0   125  2.588691e-08 1.420909e-05 3.732906e-03 0.009395798 0.003958210 1.301958e-03 1.534316e-02 0.005500782 0.01433907 0.07228113 0.10735385 0.07488642 0.007561316 0.03250114 0.02162738 0.03357486 0.037944308 0.05443483 0.01666724 0.03565893 0.04089350 0.01294847 0.041536837 0.06100463 0.02616582 0.029719725 0.02810779 0.01440471 0.026468611 0.010568151 0.102384856 0.006328541 0.018126885 0.001213266 0.001810328 0.007733759 0.005084905 1.919258e-03 2.381441e-04 1.284403e-03 2.799453e-05 1.385348e-02 9.819914e-05 2.104009e-07 1.592861e-10
   84    1      1      0    0   125  1.071370e-08 1.698965e-21 7.878947e-07 0.010509291 0.005220049 1.858997e-02 1.240874e-02 0.018941440 0.02892565 0.08845510 0.08118688 0.04477021 0.024013555 0.01520294 0.04906509 0.05530473 0.067240493 0.07662281 0.04674814 0.03083954 0.02953863 0.03610312 0.024746052 0.01707107 0.03729334 0.010575838 0.01464356 0.04220165 0.021029848 0.015619580 0.012561322 0.009897320 0.031871717 0.000748786 0.002418453 0.007343113 0.005288371 1.112599e-03 6.680039e-05 2.659406e-04 2.891295e-03 7.248037e-06 1.328261e-10 3.313891e-04 2.327548e-03
   88    1      1      0    0   125  7.308671e-14 5.092158e-21 2.537938e-06 0.011492164 0.021395961 2.242210e-03 2.855694e-03 0.011709565 0.01707189 0.08303406 0.05447991 0.05476879 0.034880423 0.03642620 0.05156654 0.04758900 0.024139228 0.04030442 0.03791888 0.03439053 0.09809853 0.03386349 0.016318590 0.02591110 0.02929991 0.018684585 0.02509546 0.03069378 0.007311226 0.042455129 0.008243490 0.006668354 0.026942740 0.012989246 0.010313044 0.003478684 0.010984878 3.978947e-03 5.207124e-03 1.908864e-06 4.096700e-05 3.332894e-04 1.681751e-02 1.077906e-12 1.921965e-09
   92    1      1      0    0   125 3.915579e-255 4.387813e-15 5.391773e-06 0.007561111 0.003218400 1.479866e-02 7.859472e-05 0.020776554 0.03507667 0.05923380 0.07461750 0.03587939 0.032148997 0.02375601 0.02052495 0.04525526 0.030964495 0.03541516 0.02850186 0.05044814 0.05303511 0.02332384 0.032516502 0.02233155 0.02300159 0.056814034 0.04011409 0.04622042 0.031218938 0.026964438 0.023263901 0.002819863 0.016316394 0.016528817 0.032278640 0.003155072 0.012889869 1.480411e-04 1.973288e-04 1.799203e-02 7.528967e-05 5.168570e-07 8.849243e-06 1.404113e-11 5.239428e-04
   96    1      1      0    0   125  0.000000e+00 7.580582e-05 9.925575e-03 0.011670382 0.033086493 2.639164e-03 1.211949e-02 0.006872712 0.03175949 0.04779468 0.07087504 0.05096935 0.037096532 0.03236383 0.02746331 0.04066683 0.063332343 0.02807069 0.03372691 0.02108221 0.04579865 0.06617800 0.054812729 0.02332967 0.03412798 0.009649636 0.01281584 0.01317479 0.017489538 0.023299917 0.018950003 0.011370447 0.043521031 0.005236247 0.011738985 0.008933599 0.007747579 9.581887e-04 2.805235e-02 4.721540e-04 4.337733e-05 5.384172e-04 6.518333e-05 1.048562e-04 1.065749e-10
  100    1      1      0    0   125  1.512648e-18 3.396149e-20 3.665265e-03 0.002531374 0.029356523 3.178886e-03 2.520381e-05 0.010509202 0.02945444 0.03179105 0.07818501 0.06806587 0.036998055 0.06391667 0.02593732 0.02004480 0.028648453 0.02155965 0.06382575 0.03509206 0.02398208 0.07126977 0.013993924 0.01544477 0.08805886 0.040565395 0.03699715 0.04100670 0.039791678 0.005525050 0.007423245 0.025841470 0.005272543 0.001352806 0.015994028 0.005362766 0.002362858 3.624162e-04 1.517629e-04 8.531001e-05 2.500635e-03 1.072006e-09 1.590888e-14 2.171578e-05 3.847455e-03
   76    1      2      0    0   500  3.973851e-07 8.010418e-04 1.366579e-02 0.043484603 0.052096226 1.867754e-02 8.747693e-03 0.026780641 0.03222521 0.06107765 0.07049182 0.03053209 0.043924328 0.02963546 0.03170965 0.04798422 0.032337952 0.03913961 0.04842102 0.03080256 0.02611208 0.02123725 0.032599045 0.04342411 0.01585334 0.023077095 0.02738560 0.02265341 0.019506607 0.010896158 0.015775208 0.018778210 0.014389851 0.005858567 0.002886379 0.010158632 0.019343581 1.828813e-03 6.525927e-04 7.140359e-04 2.291392e-03 3.204848e-04 3.848626e-04 2.994277e-05 1.307228e-03
   78    1      2      0    0   500  1.764159e-05 2.074627e-03 1.737812e-02 0.043838715 0.045720353 1.800432e-02 7.917549e-03 0.014637117 0.05055541 0.04730587 0.05682444 0.04735567 0.042038808 0.03253663 0.03812051 0.05840211 0.042574483 0.02207056 0.02951303 0.02068942 0.02933432 0.03005786 0.042603274 0.03159456 0.03073882 0.023448497 0.02233319 0.01565367 0.011540469 0.019338714 0.012253930 0.008865169 0.013845960 0.011723387 0.012170547 0.011318373 0.010867829 5.139364e-03 1.265218e-02 1.995413e-03 1.681234e-03 6.116241e-04 1.106775e-04 9.496546e-04 1.595896e-03
   80    1      2      0    0   500  4.036029e-12 5.467615e-03 1.516853e-02 0.041200220 0.030797984 2.254405e-02 7.924697e-03 0.021589126 0.05624889 0.05694076 0.07088577 0.04191363 0.032694412 0.04509896 0.03003404 0.04438284 0.034205729 0.03224083 0.02694919 0.02161568 0.02627720 0.03272814 0.019132181 0.03898430 0.01353106 0.032928316 0.03809142 0.01973069 0.022810002 0.021752472 0.028319201 0.016332639 0.009337828 0.012598985 0.009020368 0.004890947 0.003883492 5.100215e-03 3.781491e-05 6.248830e-04 1.714645e-04 4.989746e-03 3.716602e-04 2.253612e-04 2.266629e-04
   82    1      2      0    0   500  1.013667e-07 5.258181e-05 2.491370e-02 0.052526058 0.050914225 1.771380e-02 8.893777e-03 0.017363388 0.03087359 0.06450677 0.05926367 0.03616601 0.029964005 0.03603129 0.03162259 0.03929520 0.027956556 0.03292465 0.03543886 0.04023157 0.02681119 0.04004541 0.020700358 0.02257194 0.02878903 0.023397863 0.01791594 0.03568466 0.020789870 0.017083566 0.019197868 0.009467363 0.015835242 0.008754729 0.003717863 0.012422743 0.012998789 4.250981e-03 9.007600e-03 8.859110e-03 1.005861e-03 1.458967e-03 2.944624e-04 1.369603e-03 9.166191e-04
   84    1      2      0    0   500  8.812419e-28 3.979955e-03 1.335077e-02 0.039187429 0.038258110 1.995622e-02 7.784309e-03 0.021102144 0.04810006 0.07010468 0.05101944 0.04140318 0.037949762 0.03382434 0.03639911 0.03402507 0.041905773 0.02310616 0.03884834 0.03418918 0.04493478 0.02229460 0.024328354 0.02636304 0.02468099 0.030622840 0.03407798 0.02390163 0.016891057 0.017746065 0.011527035 0.016133126 0.012681742 0.010625830 0.007679536 0.005756855 0.014215506 9.354298e-03 1.471111e-03 2.259123e-03 2.920894e-03 5.990432e-04 2.522068e-03 8.954930e-05 1.828918e-03
   86    1      2      0    0   500  1.449311e-27 2.585268e-03 3.810694e-02 0.061369649 0.060844055 1.856732e-02 4.816532e-03 0.027900511 0.03860750 0.04049263 0.03414755 0.03669204 0.033851955 0.02922109 0.04026632 0.03976208 0.034358957 0.03896992 0.04470304 0.02121065 0.03863928 0.02838407 0.035737747 0.02381422 0.04441725 0.027400949 0.02525340 0.01559731 0.008940418 0.021939426 0.014646645 0.012138504 0.012299661 0.010479626 0.003711349 0.009313288 0.001485600 9.684960e-04 6.254858e-03 2.929831e-03 1.861471e-03 1.225478e-03 3.346944e-04 1.534336e-03 4.218094e-03
   88    1      2      0    0   500  9.309023e-09 6.161359e-04 3.679749e-02 0.065983469 0.039394842 2.106475e-02 1.242825e-02 0.034717048 0.05619675 0.06378075 0.05595507 0.02414858 0.028495798 0.03120390 0.04017634 0.05361035 0.025798361 0.02655820 0.02752080 0.03385894 0.03450573 0.02489982 0.013705832 0.01883888 0.03161114 0.025939939 0.02439683 0.02754304 0.014145305 0.013238156 0.018854869 0.013539311 0.009689455 0.012296269 0.010963681 0.004079664 0.008694038 3.864152e-03 3.777021e-03 4.026701e-04 2.864992e-04 3.189634e-03 1.326158e-03 1.182817e-03 7.232545e-04
   90    1      2      0    0   500  1.138750e-08 6.505461e-04 1.463442e-02 0.050733747 0.031201646 1.883573e-02 7.479282e-03 0.022020068 0.04233415 0.07329404 0.05593592 0.03611988 0.035426632 0.02238771 0.04967185 0.04600120 0.049642621 0.04736388 0.03842121 0.02913493 0.02700022 0.03463020 0.025597910 0.03175798 0.03024100 0.028521010 0.02135689 0.01811555 0.020922764 0.010931494 0.010230779 0.010084140 0.009503610 0.012561037 0.016266064 0.004391204 0.003008569 1.626204e-03 4.054258e-03 3.816087e-03 3.935483e-03 1.147804e-04 4.155561e-06 3.912752e-05 9.142032e-10
   92    1      2      0    0   500  2.450855e-14 4.567491e-04 8.789684e-03 0.051571304 0.069084039 1.227038e-02 5.744485e-03 0.036147822 0.04724698 0.05330717 0.05929337 0.03440343 0.025556661 0.03578282 0.03109998 0.03126687 0.046351791 0.02908062 0.01279624 0.04469003 0.02852986 0.03035260 0.041877840 0.02020301 0.03974657 0.039081159 0.01360162 0.01962989 0.015807873 0.020615110 0.020133090 0.015865021 0.013010821 0.014679499 0.013168889 0.003566108 0.002063109 2.878973e-03 1.848148e-03 3.527849e-03 2.366867e-03 6.188798e-04 8.086043e-08 1.582088e-03 3.046326e-04
   94    1      2      0    0   500  4.221322e-32 6.987560e-03 1.223289e-02 0.063273234 0.038516045 1.214140e-02 9.957994e-03 0.020331036 0.03636931 0.09650944 0.06675616 0.04376441 0.034114666 0.03110136 0.03388696 0.03222737 0.032737699 0.02490423 0.04768999 0.04204211 0.02074919 0.03714778 0.019627510 0.03207273 0.01727583 0.022863449 0.03705235 0.01745808 0.018641417 0.016312540 0.018229671 0.009767833 0.011514467 0.004823894 0.003816178 0.005397176 0.009148852 4.320068e-03 1.754835e-03 2.209418e-03 1.431194e-03 1.326383e-03 1.493461e-03 2.473284e-08 2.180565e-05
   96    1      2      0    0   500  1.520002e-06 2.025791e-03 2.642295e-02 0.060584805 0.048259913 1.406350e-02 1.176449e-02 0.015935985 0.04941061 0.06478911 0.04071447 0.04133270 0.025924636 0.03777475 0.03877090 0.04420239 0.028984000 0.03120853 0.05483276 0.02560575 0.02406413 0.02419114 0.019978910 0.04293800 0.01951572 0.030085515 0.02870878 0.02697016 0.017259718 0.015820095 0.017500145 0.008933758 0.006625785 0.009214867 0.006344835 0.010434188 0.003333811 8.695846e-03 7.070351e-03 7.223631e-03 4.560077e-05 2.363877e-04 1.067028e-03 5.921869e-04 5.398490e-04
   98    1      2      0    0   500  1.570835e-15 6.226565e-03 2.613369e-02 0.064121562 0.048376556 1.433330e-02 6.582378e-03 0.023604703 0.04370300 0.06542928 0.07973466 0.05088782 0.031820477 0.04428588 0.02581750 0.02785882 0.022596313 0.01753549 0.02541664 0.02994781 0.04098138 0.04298027 0.032863718 0.03084098 0.02951085 0.020611966 0.02123677 0.01590390 0.014623802 0.012384589 0.010192643 0.007021471 0.017891953 0.005231721 0.008320438 0.008431862 0.009744924 8.272417e-03 5.566057e-03 3.722223e-04 2.242699e-03 1.671401e-04 6.189024e-05 1.097503e-05 1.209184e-04
  100    1      2      0    0   500  5.254326e-05 3.165743e-04 1.828666e-02 0.055587774 0.048119388 1.986507e-02 5.630611e-03 0.028755831 0.04336046 0.04826460 0.06185986 0.04237077 0.036989142 0.03895797 0.04304117 0.04258530 0.027374549 0.02534000 0.01868638 0.03899099 0.02234370 0.02553177 0.032872398 0.02715805 0.03371453 0.040661284 0.02477786 0.01187024 0.026684248 0.014530165 0.018192644 0.009545431 0.014729733 0.008878169 0.005138555 0.001883206 0.012660078 6.679619e-03 5.185646e-03 8.376439e-03 6.428752e-04 4.175994e-05 3.430908e-03 3.365654e-05 1.382831e-06
15 #_N_agebins
#_agebin_vector
1 2 3 4 5 6 7 8 9 10 11 12 13 14 15
1 #_N_ageerror_definitions
 #_age0   age1   age2   age3   age4   age5   age6   age7   age8   age9  age10  age11  age12  age13  age14  age15  age16  age17  age18  age19  age20  age21  age22  age23  age24  age25
 -1.000 -1.000 -1.000 -1.000 -1.000 -1.000 -1.000 -1.000 -1.000 -1.000 -1.000 -1.000 -1.000 -1.000 -1.000 -1.000 -1.000 -1.000 -1.000 -1.000 -1.000 -1.000 -1.000 -1.000 -1.000 -1.000
  0.001  0.001  0.001  0.001  0.001  0.001  0.001  0.001  0.001  0.001  0.001  0.001  0.001  0.001  0.001  0.001  0.001  0.001  0.001  0.001  0.001  0.001  0.001  0.001  0.001  0.001
83 #_N_agecomp
1 #_Lbin_method: 1=poplenbins; 2=datalenbins; 3=lengths
-1 #_combine males into females at or below this bin number
 #_Yr Seas FltSvy Gender Part Ageerr Lbin_lo Lbin_hi Nsamp          a1        a2        a3         a4         a5         a6         a7         a8         a9         a10         a11          a12          a13          a14         a15
   26    1      1      0    0      1      -1      -1   125  0.03695092 0.1972996 0.1369030 0.10362268 0.09725579 0.11367582 0.05651306 0.05111398 0.03783570 0.007401797 0.018223922 0.0094744811 0.0139897708 0.0028770734 0.116862371
   36    1      1      0    0      1      -1      -1   125  0.03371114 0.1976649 0.1858016 0.15022032 0.12654578 0.05805800 0.07269472 0.01560406 0.06916733 0.020305906 0.010126552 0.0033305503 0.0064802594 0.0057033856 0.044585486
   46    1      1      0    0      1      -1      -1   125  0.03357876 0.2292010 0.1400946 0.13685931 0.18941312 0.07891252 0.05050637 0.02004874 0.02499373 0.009952512 0.015959404 0.0225844215 0.0181614819 0.0043721486 0.025361858
   56    1      1      0    0      1      -1      -1   125  0.02176839 0.3038037 0.1573780 0.12300981 0.07584560 0.06918324 0.06136687 0.06557474 0.04286260 0.037745866 0.017597094 0.0056745521 0.0004086272 0.0061907367 0.011590144
   60    1      1      0    0      1      -1      -1   125  0.01731017 0.2719465 0.1868196 0.18591421 0.04913269 0.10218620 0.05816046 0.03369649 0.03302580 0.009739384 0.010811520 0.0088112013 0.0113593553 0.0113623041 0.009724045
   64    1      1      0    0      1      -1      -1   125  0.01678365 0.2198913 0.1786564 0.13776709 0.11365579 0.09147882 0.03372769 0.08844002 0.05746993 0.015711112 0.023731587 0.0139436330 0.0026796738 0.0033658927 0.002697464
   68    1      1      0    0      1      -1      -1   125  0.03130491 0.1995778 0.1808738 0.21045835 0.05232838 0.12172878 0.04088084 0.04064858 0.01783999 0.032395400 0.027486677 0.0228276051 0.0013340885 0.0027126259 0.017602135
   72    1      1      0    0      1      -1      -1   125  0.01771696 0.2238416 0.1944531 0.15797519 0.10823640 0.07639668 0.05448442 0.05521619 0.02100180 0.041370475 0.010089026 0.0076211045 0.0166987199 0.0046334979 0.010264819
   76    1      1      0    0      1      -1      -1   125  0.03956732 0.2197489 0.1891089 0.14212123 0.12404341 0.07247149 0.03608366 0.06132545 0.02629398 0.022952213 0.014570086 0.0220501902 0.0005793399 0.0218118906 0.007271926
   80    1      1      0    0      1      -1      -1   125  0.05591781 0.2178057 0.2314343 0.12221424 0.06978259 0.06943959 0.09156250 0.03160868 0.05093257 0.020456648 0.001697324 0.0061036426 0.0048722770 0.0064933135 0.019678794
   84    1      1      0    0      1      -1      -1   125  0.02915284 0.2434546 0.2176396 0.14012229 0.11866862 0.03251506 0.05793535 0.04521480 0.04998070 0.024502859 0.017272986 0.0002814882 0.0072083334 0.0032672734 0.012783203
   88    1      1      0    0      1      -1      -1   125  0.02055329 0.2431238 0.1656051 0.15145346 0.07934463 0.11296683 0.04746208 0.04752415 0.03385862 0.035480810 0.013406780 0.0088996155 0.0005633388 0.0028574857 0.036900081
   92    1      1      0    0      1      -1      -1   125  0.04448493 0.2090220 0.2630576 0.13633116 0.11667706 0.09251759 0.03730170 0.02230039 0.01615877 0.021603350 0.009326228 0.0119998428 0.0092536736 0.0022354365 0.007730233
   96    1      1      0    0      1      -1      -1   125  0.04200650 0.1795641 0.2258967 0.12535349 0.10309061 0.06188490 0.10968319 0.05667374 0.03399530 0.006532869 0.021052386 0.0026655747 0.0160647664 0.0089321247 0.006603758
  100    1      1      0    0      1      -1      -1   125  0.04131236 0.2276537 0.2109746 0.18106569 0.06261939 0.07455497 0.08197367 0.05080864 0.02036367 0.023270140 0.014916806 0.0032572184 0.0015759745 0.0008969959 0.004756265
   76    1      2      0    0      1      -1      -1   500  0.17334417 0.2318836 0.1611166 0.10794200 0.09333854 0.07396264 0.03787870 0.03129540 0.01899101 0.020410445 0.023104217 0.0062934040 0.0100152331 0.0027240569 0.007700047
   78    1      2      0    0      1      -1      -1   500  0.12178696 0.2627397 0.1884313 0.10975705 0.08694695 0.07923540 0.03710578 0.02557920 0.02082815 0.019381067 0.014637771 0.0073220634 0.0060611399 0.0088809602 0.011306488
   80    1      2      0    0      1      -1      -1   500  0.10447797 0.2495032 0.1624604 0.12167901 0.13022995 0.07438941 0.03527234 0.02921855 0.02972142 0.018533605 0.013962529 0.0098100711 0.0084808224 0.0018596537 0.010401059
   82    1      2      0    0      1      -1      -1   500  0.14420001 0.2342065 0.1711511 0.13419379 0.09721705 0.06528625 0.04531571 0.02350258 0.03294663 0.006924838 0.007047795 0.0076795915 0.0053441918 0.0067756434 0.018208343
   84    1      2      0    0      1      -1      -1   500  0.14784638 0.2106289 0.1731524 0.13517988 0.10449847 0.08291902 0.04500079 0.03017875 0.01423388 0.015137630 0.012588443 0.0101108244 0.0082641344 0.0022651567 0.007995374
   86    1      2      0    0      1      -1      -1   500  0.13742959 0.2846222 0.1501838 0.11590552 0.06618833 0.06234072 0.05614968 0.03516384 0.02085443 0.009771918 0.012370059 0.0092452966 0.0106686556 0.0037467372 0.025359255
   88    1      2      0    0      1      -1      -1   500  0.13581669 0.2394139 0.1678391 0.11580923 0.08986160 0.06378669 0.05294568 0.03356278 0.03461278 0.015370966 0.015015668 0.0077845789 0.0103798532 0.0040434710 0.013757009
   90    1      2      0    0      1      -1      -1   500  0.15084362 0.2393292 0.1764396 0.13453409 0.07742058 0.05472637 0.05690862 0.02832022 0.01958730 0.016148980 0.011265419 0.0095943218 0.0027646952 0.0067990420 0.015318013
   92    1      2      0    0      1      -1      -1   500  0.16287325 0.2252478 0.1959186 0.09685635 0.08473517 0.06960994 0.05585551 0.02611839 0.02680878 0.015313404 0.014767596 0.0082909218 0.0040736860 0.0030749586 0.010455703
   94    1      2      0    0      1      -1      -1   500  0.14828423 0.2374768 0.1709184 0.14170168 0.08495630 0.05106045 0.04154219 0.03525500 0.03069683 0.020951235 0.010638203 0.0098088940 0.0033251678 0.0027965400 0.010588150
   96    1      2      0    0      1      -1      -1   500  0.13519371 0.2654459 0.1731753 0.11107324 0.08793793 0.05259422 0.04854366 0.03392924 0.02109174 0.026744409 0.007671915 0.0070723052 0.0033998637 0.0082494727 0.017877164
   98    1      2      0    0      1      -1      -1   500  0.14516345 0.2223359 0.2051908 0.11441106 0.08576149 0.07673903 0.04719048 0.01844995 0.02773151 0.016759536 0.008352348 0.0126344173 0.0015418425 0.0064084961 0.011329769
  100    1      2      0    0      1      -1      -1   500  0.14025514 0.2358685 0.1609947 0.12081036 0.09653071 0.06761053 0.05531209 0.04914825 0.01822127 0.008809439 0.014879268 0.0079558805 0.0153681487 0.0015922196 0.006643540
   60    1      1      0    0      1       5       5     1  1.00000000 0.0000000 0.0000000 0.00000000 0.00000000 0.00000000 0.00000000 0.00000000 0.00000000 0.000000000 0.000000000 0.0000000000 0.0000000000 0.0000000000 0.000000000
   60    1      1      0    0      1       9       9     5  5.00000000 0.0000000 0.0000000 0.00000000 0.00000000 0.00000000 0.00000000 0.00000000 0.00000000 0.000000000 0.000000000 0.0000000000 0.0000000000 0.0000000000 0.000000000
   60    1      1      0    0      1      10      10     8  8.00000000 0.0000000 0.0000000 0.00000000 0.00000000 0.00000000 0.00000000 0.00000000 0.00000000 0.000000000 0.000000000 0.0000000000 0.0000000000 0.0000000000 0.000000000
   60    1      1      0    0      1      11      11    10 10.00000000 0.0000000 0.0000000 0.00000000 0.00000000 0.00000000 0.00000000 0.00000000 0.00000000 0.000000000 0.000000000 0.0000000000 0.0000000000 0.0000000000 0.000000000
   60    1      1      0    0      1      12      12     5  5.00000000 0.0000000 0.0000000 0.00000000 0.00000000 0.00000000 0.00000000 0.00000000 0.00000000 0.000000000 0.000000000 0.0000000000 0.0000000000 0.0000000000 0.000000000
   60    1      1      0    0      1      13      13     5  5.00000000 0.0000000 0.0000000 0.00000000 0.00000000 0.00000000 0.00000000 0.00000000 0.00000000 0.000000000 0.000000000 0.0000000000 0.0000000000 0.0000000000 0.000000000
   60    1      1      0    0      1      14      14     5  5.00000000 0.0000000 0.0000000 0.00000000 0.00000000 0.00000000 0.00000000 0.00000000 0.00000000 0.000000000 0.000000000 0.0000000000 0.0000000000 0.0000000000 0.000000000
   60    1      1      0    0      1      15      15     3  3.00000000 0.0000000 0.0000000 0.00000000 0.00000000 0.00000000 0.00000000 0.00000000 0.00000000 0.000000000 0.000000000 0.0000000000 0.0000000000 0.0000000000 0.000000000
   60    1      1      0    0      1      16      16     1  1.00000000 0.0000000 0.0000000 0.00000000 0.00000000 0.00000000 0.00000000 0.00000000 0.00000000 0.000000000 0.000000000 0.0000000000 0.0000000000 0.0000000000 0.000000000
   60    1      1      0    0      1      17      17     2  2.00000000 0.0000000 0.0000000 0.00000000 0.00000000 0.00000000 0.00000000 0.00000000 0.00000000 0.000000000 0.000000000 0.0000000000 0.0000000000 0.0000000000 0.000000000
   60    1      1      0    0      1      18      18     1  1.00000000 0.0000000 0.0000000 0.00000000 0.00000000 0.00000000 0.00000000 0.00000000 0.00000000 0.000000000 0.000000000 0.0000000000 0.0000000000 0.0000000000 0.000000000
   60    1      1      0    0      1      19      19     9  9.00000000 0.0000000 0.0000000 0.00000000 0.00000000 0.00000000 0.00000000 0.00000000 0.00000000 0.000000000 0.000000000 0.0000000000 0.0000000000 0.0000000000 0.000000000
   60    1      1      0    0      1      20      20     5  5.00000000 0.0000000 0.0000000 0.00000000 0.00000000 0.00000000 0.00000000 0.00000000 0.00000000 0.000000000 0.000000000 0.0000000000 0.0000000000 0.0000000000 0.000000000
   60    1      1      0    0      1      21      21     2  2.00000000 0.0000000 0.0000000 0.00000000 0.00000000 0.00000000 0.00000000 0.00000000 0.00000000 0.000000000 0.000000000 0.0000000000 0.0000000000 0.0000000000 0.000000000
   60    1      1      0    0      1      22      22     4  4.00000000 0.0000000 0.0000000 0.00000000 0.00000000 0.00000000 0.00000000 0.00000000 0.00000000 0.000000000 0.000000000 0.0000000000 0.0000000000 0.0000000000 0.000000000
   60    1      1      0    0      1      23      23     5  5.00000000 0.0000000 0.0000000 0.00000000 0.00000000 0.00000000 0.00000000 0.00000000 0.00000000 0.000000000 0.000000000 0.0000000000 0.0000000000 0.0000000000 0.000000000
   60    1      1      0    0      1      24      24     1  1.00000000 0.0000000 0.0000000 0.00000000 0.00000000 0.00000000 0.00000000 0.00000000 0.00000000 0.000000000 0.000000000 0.0000000000 0.0000000000 0.0000000000 0.000000000
   60    1      1      0    0      1      25      25    10 10.00000000 0.0000000 0.0000000 0.00000000 0.00000000 0.00000000 0.00000000 0.00000000 0.00000000 0.000000000 0.000000000 0.0000000000 0.0000000000 0.0000000000 0.000000000
   60    1      1      0    0      1      26      26     1  1.00000000 0.0000000 0.0000000 0.00000000 0.00000000 0.00000000 0.00000000 0.00000000 0.00000000 0.000000000 0.000000000 0.0000000000 0.0000000000 0.0000000000 0.000000000
   60    1      1      0    0      1      27      27     3  2.00000000 1.0000000 0.0000000 0.00000000 0.00000000 0.00000000 0.00000000 0.00000000 0.00000000 0.000000000 0.000000000 0.0000000000 0.0000000000 0.0000000000 0.000000000
   60    1      1      0    0      1      28      28     1  0.00000000 1.0000000 0.0000000 0.00000000 0.00000000 0.00000000 0.00000000 0.00000000 0.00000000 0.000000000 0.000000000 0.0000000000 0.0000000000 0.0000000000 0.000000000
   60    1      1      0    0      1      31      31     5  0.00000000 5.0000000 0.0000000 0.00000000 0.00000000 0.00000000 0.00000000 0.00000000 0.00000000 0.000000000 0.000000000 0.0000000000 0.0000000000 0.0000000000 0.000000000
   60    1      1      0    0      1      32      32     3  0.00000000 3.0000000 0.0000000 0.00000000 0.00000000 0.00000000 0.00000000 0.00000000 0.00000000 0.000000000 0.000000000 0.0000000000 0.0000000000 0.0000000000 0.000000000
   60    1      1      0    0      1      33      33     3  0.00000000 3.0000000 0.0000000 0.00000000 0.00000000 0.00000000 0.00000000 0.00000000 0.00000000 0.000000000 0.000000000 0.0000000000 0.0000000000 0.0000000000 0.000000000
   60    1      1      0    0      1      35      35     1  0.00000000 1.0000000 0.0000000 0.00000000 0.00000000 0.00000000 0.00000000 0.00000000 0.00000000 0.000000000 0.000000000 0.0000000000 0.0000000000 0.0000000000 0.000000000
   60    1      1      0    0      1      39      39     1  0.00000000 1.0000000 0.0000000 0.00000000 0.00000000 0.00000000 0.00000000 0.00000000 0.00000000 0.000000000 0.000000000 0.0000000000 0.0000000000 0.0000000000 0.000000000
  100    1      1      0    0      1       3       3     1  1.00000000 0.0000000 0.0000000 0.00000000 0.00000000 0.00000000 0.00000000 0.00000000 0.00000000 0.000000000 0.000000000 0.0000000000 0.0000000000 0.0000000000 0.000000000
  100    1      1      0    0      1       5       5     3  3.00000000 0.0000000 0.0000000 0.00000000 0.00000000 0.00000000 0.00000000 0.00000000 0.00000000 0.000000000 0.000000000 0.0000000000 0.0000000000 0.0000000000 0.000000000
  100    1      1      0    0      1       6       6     1  1.00000000 0.0000000 0.0000000 0.00000000 0.00000000 0.00000000 0.00000000 0.00000000 0.00000000 0.000000000 0.000000000 0.0000000000 0.0000000000 0.0000000000 0.000000000
  100    1      1      0    0      1       9       9     3  3.00000000 0.0000000 0.0000000 0.00000000 0.00000000 0.00000000 0.00000000 0.00000000 0.00000000 0.000000000 0.000000000 0.0000000000 0.0000000000 0.0000000000 0.000000000
  100    1      1      0    0      1      10      10     6  6.00000000 0.0000000 0.0000000 0.00000000 0.00000000 0.00000000 0.00000000 0.00000000 0.00000000 0.000000000 0.000000000 0.0000000000 0.0000000000 0.0000000000 0.000000000
  100    1      1      0    0      1      11      11     4  4.00000000 0.0000000 0.0000000 0.00000000 0.00000000 0.00000000 0.00000000 0.00000000 0.00000000 0.000000000 0.000000000 0.0000000000 0.0000000000 0.0000000000 0.000000000
  100    1      1      0    0      1      12      12     9  9.00000000 0.0000000 0.0000000 0.00000000 0.00000000 0.00000000 0.00000000 0.00000000 0.00000000 0.000000000 0.000000000 0.0000000000 0.0000000000 0.0000000000 0.000000000
  100    1      1      0    0      1      13      13     3  3.00000000 0.0000000 0.0000000 0.00000000 0.00000000 0.00000000 0.00000000 0.00000000 0.00000000 0.000000000 0.000000000 0.0000000000 0.0000000000 0.0000000000 0.000000000
  100    1      1      0    0      1      14      14     6  6.00000000 0.0000000 0.0000000 0.00000000 0.00000000 0.00000000 0.00000000 0.00000000 0.00000000 0.000000000 0.000000000 0.0000000000 0.0000000000 0.0000000000 0.000000000
  100    1      1      0    0      1      15      15     3  3.00000000 0.0000000 0.0000000 0.00000000 0.00000000 0.00000000 0.00000000 0.00000000 0.00000000 0.000000000 0.000000000 0.0000000000 0.0000000000 0.0000000000 0.000000000
  100    1      1      0    0      1      16      16     3  3.00000000 0.0000000 0.0000000 0.00000000 0.00000000 0.00000000 0.00000000 0.00000000 0.00000000 0.000000000 0.000000000 0.0000000000 0.0000000000 0.0000000000 0.000000000
  100    1      1      0    0      1      17      17     1  1.00000000 0.0000000 0.0000000 0.00000000 0.00000000 0.00000000 0.00000000 0.00000000 0.00000000 0.000000000 0.000000000 0.0000000000 0.0000000000 0.0000000000 0.000000000
  100    1      1      0    0      1      18      18     2  2.00000000 0.0000000 0.0000000 0.00000000 0.00000000 0.00000000 0.00000000 0.00000000 0.00000000 0.000000000 0.000000000 0.0000000000 0.0000000000 0.0000000000 0.000000000
  100    1      1      0    0      1      19      19     7  7.00000000 0.0000000 0.0000000 0.00000000 0.00000000 0.00000000 0.00000000 0.00000000 0.00000000 0.000000000 0.000000000 0.0000000000 0.0000000000 0.0000000000 0.000000000
  100    1      1      0    0      1      20      20     6  6.00000000 0.0000000 0.0000000 0.00000000 0.00000000 0.00000000 0.00000000 0.00000000 0.00000000 0.000000000 0.000000000 0.0000000000 0.0000000000 0.0000000000 0.000000000
  100    1      1      0    0      1      21      21     3  3.00000000 0.0000000 0.0000000 0.00000000 0.00000000 0.00000000 0.00000000 0.00000000 0.00000000 0.000000000 0.000000000 0.0000000000 0.0000000000 0.0000000000 0.000000000
  100    1      1      0    0      1      22      22     6  6.00000000 0.0000000 0.0000000 0.00000000 0.00000000 0.00000000 0.00000000 0.00000000 0.00000000 0.000000000 0.000000000 0.0000000000 0.0000000000 0.0000000000 0.000000000
  100    1      1      0    0      1      23      23     2  2.00000000 0.0000000 0.0000000 0.00000000 0.00000000 0.00000000 0.00000000 0.00000000 0.00000000 0.000000000 0.000000000 0.0000000000 0.0000000000 0.0000000000 0.000000000
  100    1      1      0    0      1      24      24     2  2.00000000 0.0000000 0.0000000 0.00000000 0.00000000 0.00000000 0.00000000 0.00000000 0.00000000 0.000000000 0.000000000 0.0000000000 0.0000000000 0.0000000000 0.000000000
  100    1      1      0    0      1      25      25     7  7.00000000 0.0000000 0.0000000 0.00000000 0.00000000 0.00000000 0.00000000 0.00000000 0.00000000 0.000000000 0.000000000 0.0000000000 0.0000000000 0.0000000000 0.000000000
  100    1      1      0    0      1      26      26     4  4.00000000 0.0000000 0.0000000 0.00000000 0.00000000 0.00000000 0.00000000 0.00000000 0.00000000 0.000000000 0.000000000 0.0000000000 0.0000000000 0.0000000000 0.000000000
  100    1      1      0    0      1      27      27     5  2.00000000 3.0000000 0.0000000 0.00000000 0.00000000 0.00000000 0.00000000 0.00000000 0.00000000 0.000000000 0.000000000 0.0000000000 0.0000000000 0.0000000000 0.000000000
  100    1      1      0    0      1      28      28     3  3.00000000 0.0000000 0.0000000 0.00000000 0.00000000 0.00000000 0.00000000 0.00000000 0.00000000 0.000000000 0.000000000 0.0000000000 0.0000000000 0.0000000000 0.000000000
  100    1      1      0    0      1      29      29     3  2.00000000 1.0000000 0.0000000 0.00000000 0.00000000 0.00000000 0.00000000 0.00000000 0.00000000 0.000000000 0.000000000 0.0000000000 0.0000000000 0.0000000000 0.000000000
  100    1      1      0    0      1      31      31     1  0.00000000 1.0000000 0.0000000 0.00000000 0.00000000 0.00000000 0.00000000 0.00000000 0.00000000 0.000000000 0.000000000 0.0000000000 0.0000000000 0.0000000000 0.000000000
  100    1      1      0    0      1      32      32     2  0.00000000 2.0000000 0.0000000 0.00000000 0.00000000 0.00000000 0.00000000 0.00000000 0.00000000 0.000000000 0.000000000 0.0000000000 0.0000000000 0.0000000000 0.000000000
  100    1      1      0    0      1      35      35     2  0.00000000 2.0000000 0.0000000 0.00000000 0.00000000 0.00000000 0.00000000 0.00000000 0.00000000 0.000000000 0.000000000 0.0000000000 0.0000000000 0.0000000000 0.000000000
  100    1      1      0    0      1      36      36     1  0.00000000 1.0000000 0.0000000 0.00000000 0.00000000 0.00000000 0.00000000 0.00000000 0.00000000 0.000000000 0.000000000 0.0000000000 0.0000000000 0.0000000000 0.000000000
  100    1      1      0    0      1      45      45     1  0.00000000 0.0000000 1.0000000 0.00000000 0.00000000 0.00000000 0.00000000 0.00000000 0.00000000 0.000000000 0.000000000 0.0000000000 0.0000000000 0.0000000000 0.000000000
0 #_N_MeanSize_at_Age_obs
0 #_N_environ_variables
0 #_N_environ_obs
0 #_N_sizefreq_methods
0 #_do_tags
0 #_morphcomp_data
#
999
