#C data file created using the SS_writedat function in the R package r4ss
#C should work with SS version: 
#C file write time: 2015-02-11 18:08:44
#
1 #_styr
100 #_endyr
1 #_nseas
12 #_months_per_seas
1 #_spawn_seas
1 #_Nfleet
2 #_Nsurveys
1 #_N_areas
Fishery%Survey%CPUE #_fleetnames
0.5 0.5 0.5 #_surveytiming_in_season
1 1 1 #_area_assignments_for_each_fishery_and_survey
1 #_units of catch:  1=bio; 2=num
0.01 #_se of log(catch) only used for init_eq_catch and for Fmethod 2 and 3
1 #_Ngenders
25 #_Nages
0 #_init_equil_catch_for_each_fishery
100 #_N_lines_of_catch_to_read
 #_Fishery year seas
         0    1    1
         0    2    1
         0    3    1
         0    4    1
         0    5    1
         0    6    1
         0    7    1
         0    8    1
         0    9    1
         0   10    1
         0   11    1
         0   12    1
         0   13    1
         0   14    1
         0   15    1
         0   16    1
         0   17    1
         0   18    1
         0   19    1
         0   20    1
         0   21    1
         0   22    1
         0   23    1
         0   24    1
         0   25    1
 444646000   26    1
 397608000   27    1
 357583000   28    1
 324161000   29    1
 296656000   30    1
 274240000   31    1
 256057000   32    1
 241314000   33    1
 229322000   34    1
 219511000   35    1
 211426000   36    1
 204710000   37    1
 199088000   38    1
 194347000   39    1
 190324000   40    1
 186891000   41    1
 183948000   42    1
 181416000   43    1
 179230000   44    1
 177337000   45    1
 175694000   46    1
 174266000   47    1
 173022000   48    1
 171937000   49    1
 170990000   50    1
 170161000   51    1
 169436000   52    1
 168801000   53    1
 168243000   54    1
 167755000   55    1
 167325000   56    1
 166948000   57    1
 166617000   58    1
 166326000   59    1
 166070000   60    1
 165844000   61    1
 165646000   62    1
 165471000   63    1
 165317000   64    1
 165182000   65    1
 165063000   66    1
 164958000   67    1
 164865000   68    1
 164784000   69    1
 164712000   70    1
 164649000   71    1
 164593000   72    1
 164544000   73    1
 164500000   74    1
 164462000   75    1
 164429000   76    1
 164399000   77    1
 164373000   78    1
 164350000   79    1
 164329000   80    1
 164311000   81    1
 164296000   82    1
 164282000   83    1
 164269000   84    1
 164258000   85    1
 164249000   86    1
 164240000   87    1
 164233000   88    1
 164227000   89    1
 164221000   90    1
 164216000   91    1
 164211000   92    1
 164207000   93    1
 164204000   94    1
 164201000   95    1
 164198000   96    1
 164195000   97    1
 164193000   98    1
 164192000   99    1
 164190000  100    1
13 #_N_cpue
 #_Fleet Units Errtype
       1     1       0
       2     1       0
       3     1       0
 #_year seas index        obs se_log
     76    1     2 2812917053    0.2
     78    1     2 1783944009    0.2
     80    1     2 1577379001    0.2
     82    1     2 1410761261    0.2
     84    1     2 1121517102    0.2
     86    1     2 1540136971    0.2
     88    1     2 1086892967    0.2
     90    1     2 1530828772    0.2
     92    1     2 2051006084    0.2
     94    1     2 1108567617    0.2
     96    1     2 1674859654    0.2
     98    1     2 1357480853    0.2
    100    1     2 1424461074    0.2
0 #_N_discard_fleets
#_discard_units (1=same_as_catchunits(bio/num); 2=fraction; 3=numbers)
#_discard_errtype:  >0 for DF of T-dist(read CV below); 0 for normal with CV; -1 for normal with se; -2 for lognormal
0 #_N_discard
0 #_N_meanbodywt
1 #_DF_for_meanbodywt_T-distribution_like
2 # length bin method: 1=use databins; 2=generate from binwidth,min,max below; 3=read vector
1 # binwidth for population size comp
10 # minimum size in the population (lower edge of first bin and size at age 0.00)
200 # maximum size in the population (lower edge of last bin)
-0.001 #_comp_tail_compression
1e-05 #_add_to_comp
0 #_combine males into females at or below this bin number
45 #_N_lbins
#_lbin_vector
20 23 26 29 32 35 38 41 44 47 50 53 56 59 62 65 68 71 74 77 80 83 86 89 92 95 98 101 104 107 110 113 116 119 122 125 128 131 134 137 140 143 146 149 152
28 #_N_Length_comp_observations
 #_Yr Seas FltSvy Gender Part Nsamp           l20          l23          l26          l29         l32          l35          l38         l41        l44        l47        l50        l53        l56        l59        l62        l65        l68        l71        l74         l77        l80        l83        l86        l89        l92        l95         l98        l101        l104        l107        l110        l113         l116         l119        l122        l125         l128         l131         l134         l137         l140         l143         l146         l149         l152
   26    1      1      0    0   125  5.081343e-67 7.347480e-13 4.418065e-04 0.0003841502 0.023484756 0.0027220886 0.0012419078 0.000950084 0.02645061 0.02792704 0.03941776 0.02466919 0.03559833 0.03428855 0.02491448 0.04359313 0.03029723 0.01649581 0.02083951 0.027447987 0.01788790 0.05444800 0.02838127 0.03891984 0.04234344 0.02350012 0.012083323 0.035532443 0.060667383 0.046929329 0.082648590 0.020834884 0.0289388732 0.0450341193 0.019408466 0.006608590 0.0110655582 0.0190422206 1.054782e-02 2.221722e-04 2.908933e-03 6.216670e-03 2.566394e-03 3.694947e-05 2.062304e-03
   36    1      1      0    0   125  1.813621e-89 2.212484e-28 4.622532e-04 0.0100718232 0.014868768 0.0073441976 0.0028459293 0.018115330 0.03626122 0.03106636 0.07041364 0.09805355 0.05294204 0.02877587 0.03904181 0.02182100 0.02888994 0.04326715 0.06885471 0.005905644 0.02926315 0.01499751 0.03403482 0.01945666 0.02785043 0.04659387 0.005674384 0.015625229 0.075112462 0.022469106 0.032596558 0.009607715 0.0177938678 0.0252148786 0.004884885 0.008660083 0.0138826946 0.0013763353 6.355751e-03 8.136905e-04 4.525686e-04 7.179362e-04 3.850463e-03 2.191333e-03 1.522401e-03
   46    1      1      0    0   125  1.841757e-86 1.724028e-28 2.444733e-04 0.0061472243 0.007200534 0.0379289221 0.0017178356 0.019115706 0.06561322 0.05632762 0.09644257 0.03418096 0.03487508 0.02612147 0.03896935 0.04122770 0.04515538 0.02133364 0.02203966 0.044081058 0.05297413 0.01665343 0.01197746 0.03250026 0.04455227 0.01630686 0.035063196 0.011601327 0.052086952 0.010343013 0.008862321 0.023105543 0.0048229685 0.0119351363 0.009284716 0.007111696 0.0042067728 0.0023056368 3.260701e-02 7.997538e-06 7.360150e-03 3.177259e-03 2.374432e-03 5.684110e-05 2.413891e-07
   56    1      1      0    0   125 3.192291e-169 1.568734e-07 3.759832e-04 0.0010264373 0.021470791 0.0044095087 0.0001945455 0.042180682 0.05890406 0.04825883 0.06611387 0.03470172 0.06045813 0.01351684 0.08118618 0.03425681 0.01568592 0.05551151 0.01280552 0.021353629 0.03852559 0.03001452 0.02511744 0.02213005 0.02283425 0.03063666 0.019754095 0.026229435 0.066574302 0.008630130 0.012559697 0.006682168 0.0453225293 0.0021682552 0.007768168 0.020472472 0.0070323684 0.0147931558 3.002888e-03 5.521706e-04 1.400345e-02 7.340706e-04 2.051026e-03 1.680866e-11 1.570743e-10
   60    1      1      0    0   125  6.402586e-06 1.126461e-06 3.413471e-03 0.0232526307 0.010463356 0.0013022267 0.0025320653 0.010674086 0.03869541 0.11219484 0.06019149 0.04140398 0.03668783 0.03293492 0.06229739 0.06266026 0.04094360 0.04884550 0.05142416 0.028791932 0.03510207 0.04590682 0.04098550 0.03382227 0.01131072 0.02577631 0.016955391 0.008820397 0.006949080 0.006340130 0.014637455 0.021658147 0.0065906651 0.0225648008 0.013144716 0.006777840 0.0039414948 0.0013399239 6.382599e-03 2.541866e-05 1.976747e-03 1.824709e-05 1.233807e-08 6.106864e-12 2.565707e-04
   64    1      1      0    0   125  3.371376e-55 1.312646e-04 7.171364e-03 0.0039108202 0.020338329 0.0037330399 0.0030554457 0.022700831 0.05208237 0.06456304 0.06406654 0.03155033 0.05505390 0.04433932 0.04319429 0.01230724 0.03178725 0.01054110 0.03088059 0.058265147 0.06798077 0.04241457 0.02857036 0.02886949 0.04270747 0.03880742 0.014310053 0.033752260 0.022954467 0.045092534 0.006174317 0.019681758 0.0116029766 0.0037989246 0.009908882 0.008731490 0.0002546446 0.0082747496 1.480432e-03 4.585327e-03 4.071324e-05 3.771916e-05 4.013299e-08 2.944429e-04 1.978629e-06
   68    1      1      0    0   125  6.813882e-05 4.392048e-08 1.057140e-04 0.0088350137 0.009766479 0.0058399400 0.0004950679 0.009212278 0.03460924 0.07250964 0.04974812 0.06362920 0.03723799 0.03267148 0.10067683 0.04422699 0.02129675 0.02054708 0.05032690 0.044872868 0.05148537 0.01752159 0.04749899 0.01008401 0.03782361 0.05933891 0.016641998 0.020151007 0.015733294 0.010495487 0.027327007 0.023695178 0.0077870482 0.0041273186 0.005640651 0.002666377 0.0078576056 0.0214392043 2.096080e-03 1.810529e-03 9.161190e-05 5.991599e-07 5.716757e-06 2.004994e-03 4.619519e-08
   72    1      1      0    0   125 2.019828e-193 1.834290e-18 8.074197e-05 0.0078504564 0.026196252 0.0003144256 0.0001562610 0.019393540 0.04938393 0.02249076 0.04866022 0.03708529 0.01978259 0.02594241 0.10791948 0.06933019 0.02342519 0.03003055 0.02907781 0.070416448 0.05125487 0.02084045 0.01740617 0.01278842 0.04021957 0.01207117 0.031441420 0.021160856 0.032739189 0.018941435 0.003050005 0.024374828 0.0213972375 0.0078605882 0.019261555 0.010674375 0.0210163869 0.0004160303 4.010510e-02 2.122060e-03 1.045991e-04 1.691594e-03 1.149877e-03 3.460156e-06 3.722014e-04
   76    1      1      0    0   125  2.705556e-54 2.179358e-13 7.280659e-05 0.0223212208 0.005138766 0.0006312847 0.0063046706 0.019364240 0.04588585 0.09645900 0.10784027 0.05853873 0.01726942 0.01891779 0.03613091 0.02773731 0.03853601 0.02634232 0.05561787 0.038150028 0.03372403 0.02046991 0.02540528 0.03982442 0.03119816 0.02262888 0.030342011 0.030419018 0.031306900 0.003215135 0.035439680 0.014638647 0.0151615406 0.0099299023 0.005797771 0.019260132 0.0015968971 0.0009970826 1.042005e-04 1.187982e-03 8.927666e-06 5.910535e-03 2.036578e-25 3.785609e-05 1.366000e-04
   80    1      1      0    0   125 1.673654e-220 1.196287e-50 2.911969e-04 0.0159054081 0.017493665 0.0138611957 0.0035445451 0.013523331 0.04728004 0.04995713 0.08554585 0.06296322 0.03446832 0.00843582 0.04550939 0.02835182 0.02426464 0.03614918 0.01931616 0.034546451 0.01377282 0.02530174 0.03973279 0.02539952 0.01745787 0.04279001 0.030731887 0.064454383 0.032656763 0.010488125 0.018719132 0.013132647 0.0103606151 0.0142202458 0.040852474 0.005041092 0.0033923490 0.0189158996 1.334404e-02 2.814154e-03 1.433153e-02 2.947961e-04 1.900122e-11 1.456409e-05 3.731858e-04
   84    1      1      0    0   125  6.599327e-19 4.848607e-06 9.058012e-04 0.0075073828 0.016553014 0.0121941261 0.0151347736 0.037917785 0.09058207 0.03445548 0.03873782 0.06428625 0.02259425 0.01845897 0.04098247 0.05327530 0.07855635 0.02766095 0.03832575 0.025247764 0.04766377 0.02257262 0.03382629 0.02349155 0.02708559 0.01903921 0.029241801 0.081918724 0.014890811 0.015089541 0.007138224 0.003387415 0.0087831404 0.0222649882 0.011020372 0.002628554 0.0028322777 0.0008581796 4.392105e-04 2.010800e-03 5.288958e-07 4.349162e-04 6.901976e-13 4.023283e-09 3.338700e-07
   88    1      1      0    0   125 4.765094e-237 2.484804e-11 1.134728e-03 0.0241553254 0.008419927 0.0044217593 0.0031464713 0.034864608 0.03029787 0.05880031 0.06244307 0.04459246 0.01563157 0.07905638 0.07708983 0.05179943 0.03019101 0.01194116 0.03994399 0.017447025 0.04555089 0.03958783 0.02223014 0.01751757 0.01210731 0.01689612 0.030930202 0.014353844 0.009999177 0.035836757 0.017922413 0.013968847 0.0222217742 0.0179555711 0.034100655 0.002469517 0.0368224298 0.0006158929 2.627201e-03 3.715467e-03 6.253374e-04 3.656482e-04 4.581692e-03 1.005888e-03 6.149008e-04
   92    1      1      0    0   125 4.086124e-120 5.685786e-04 1.294241e-04 0.0239567320 0.005379768 0.0019088220 0.0026281163 0.021566377 0.06091317 0.07835671 0.04042775 0.07222494 0.04306079 0.02215621 0.03539797 0.03053865 0.03970592 0.03448219 0.01228584 0.045676886 0.03319217 0.06619331 0.04872068 0.01655002 0.02782555 0.06237155 0.006692292 0.009751451 0.010845574 0.008507074 0.048685525 0.040939388 0.0058064613 0.0204226164 0.007172408 0.004156728 0.0070437351 0.0001166412 4.072068e-06 2.419978e-03 9.335546e-04 1.006919e-09 2.684607e-04 1.019803e-10 1.592875e-05
   96    1      1      0    0   125  2.146778e-99 1.324333e-07 5.860184e-03 0.0010246875 0.018627424 0.0021049655 0.0043274677 0.008442556 0.03672027 0.09251780 0.05509782 0.03976931 0.09022340 0.06138684 0.03890310 0.01969753 0.03590514 0.05922111 0.05130090 0.022230683 0.01459553 0.02933522 0.04645125 0.03479384 0.04502610 0.02971873 0.010241068 0.030125990 0.036558321 0.025045274 0.014455554 0.010605725 0.0005110037 0.0005097637 0.006804998 0.001952438 0.0050343401 0.0111839280 7.795891e-04 2.726616e-03 9.027235e-05 8.761458e-05 4.949404e-06 8.759056e-14 5.492010e-07
  100    1      1      0    0   125  4.534193e-86 2.687397e-05 1.804501e-05 0.0132956968 0.011777420 0.0047232636 0.0117069593 0.014525491 0.02485539 0.13759579 0.04288198 0.05571608 0.02882076 0.04937917 0.03673075 0.05409845 0.05358386 0.02556651 0.01607275 0.032368765 0.02109828 0.00501602 0.03877124 0.02212463 0.04112879 0.04443894 0.018490019 0.009299441 0.044489618 0.015008109 0.009063263 0.038337671 0.0108271260 0.0323106141 0.010190361 0.002723309 0.0008882990 0.0101497029 7.039968e-06 3.185698e-10 9.550316e-03 1.468287e-03 6.141933e-04 2.607030e-04 2.997075e-08
   76    1      2      0    0   500  7.125763e-09 1.663013e-03 1.176283e-02 0.0608669030 0.059578003 0.0144584217 0.0074407436 0.029763996 0.04692429 0.05937550 0.07764232 0.03563386 0.03216467 0.03575987 0.04138647 0.02884938 0.01679774 0.03359553 0.03474310 0.027086538 0.02594889 0.02528545 0.04250218 0.03376162 0.02958197 0.02612382 0.013280302 0.024661654 0.013596718 0.011233641 0.011515046 0.014329279 0.0163606678 0.0170008328 0.009269933 0.007483851 0.0044482930 0.0049141474 2.022796e-03 6.179694e-03 3.511007e-04 1.897653e-03 4.226491e-05 2.154162e-03 5.608579e-04
   78    1      2      0    0   500  4.966555e-10 6.915613e-04 1.957336e-02 0.0400950502 0.064766480 0.0202912236 0.0043681329 0.026494250 0.05605367 0.05609795 0.04402373 0.03446704 0.04354705 0.03896389 0.04158532 0.06447414 0.02562041 0.01829962 0.02285954 0.034270767 0.02945623 0.03606228 0.02492870 0.01927794 0.02208190 0.02246399 0.031425342 0.022666096 0.027106276 0.019627102 0.011780707 0.009777283 0.0175233166 0.0058044441 0.010292255 0.011134212 0.0049259726 0.0043513512 1.013590e-03 3.610343e-03 1.219437e-03 2.869103e-04 6.475081e-05 5.640319e-03 9.360571e-04
   80    1      2      0    0   500  9.755960e-27 6.970672e-03 2.371235e-02 0.0489626140 0.065943898 0.0135965388 0.0095743503 0.014080529 0.05470211 0.04065809 0.05821678 0.04098510 0.03318427 0.03377161 0.03995123 0.04265085 0.04890591 0.02486383 0.02864603 0.025516877 0.03686045 0.02790646 0.01302765 0.02271324 0.01859582 0.03366026 0.029493679 0.020573972 0.028459248 0.022949859 0.013467823 0.009816236 0.0124009527 0.0096542227 0.016725932 0.011209845 0.0025416420 0.0039634280 7.462794e-03 2.405514e-03 2.778541e-04 7.290916e-04 3.102363e-05 7.536785e-05 1.039982e-04
   82    1      2      0    0   500  8.291400e-04 5.306296e-04 1.872528e-02 0.0585944665 0.054893224 0.0213428747 0.0138983122 0.019939081 0.02819275 0.06356076 0.06473748 0.04194485 0.03242165 0.02687817 0.03902383 0.03095596 0.03104884 0.03417653 0.03064099 0.029684335 0.02586344 0.02440302 0.03234844 0.01758402 0.02995778 0.03137305 0.016399014 0.035526885 0.030529567 0.018152148 0.011218865 0.011151302 0.0171355347 0.0167590246 0.007883562 0.012244476 0.0021974433 0.0029894791 3.081001e-03 2.057481e-03 4.673696e-03 1.475740e-04 4.214753e-03 3.317356e-05 5.612204e-05
   84    1      2      0    0   500  1.186299e-11 4.056079e-03 1.988568e-02 0.0654794626 0.054631481 0.0259258615 0.0032690425 0.036436189 0.04538575 0.05239370 0.05227354 0.02453696 0.02932940 0.03802136 0.02629466 0.03358220 0.02782638 0.03563135 0.03310288 0.025251128 0.02656113 0.02668646 0.04014798 0.02905360 0.02845658 0.02917179 0.027806275 0.023143703 0.029720971 0.016162680 0.013682490 0.018441378 0.0043323056 0.0091173075 0.004067536 0.008374399 0.0072845952 0.0088918400 6.872803e-04 3.057575e-03 1.009601e-02 2.409547e-05 1.663500e-03 5.118843e-06 5.033823e-05
   86    1      2      0    0   500  1.189560e-05 1.943870e-03 2.565409e-02 0.0433632909 0.054033009 0.0214830502 0.0085356973 0.026621587 0.03778788 0.05510062 0.04956946 0.05349085 0.01798417 0.03390667 0.02065060 0.04518271 0.02757841 0.03832410 0.02825981 0.038589266 0.02628097 0.03258217 0.03031902 0.01905816 0.04075769 0.02810584 0.040092852 0.009408742 0.027426867 0.015510216 0.018473557 0.007141252 0.0190409359 0.0131316849 0.003679066 0.007850539 0.0139863174 0.0128218523 1.138712e-03 1.887233e-03 1.913652e-03 8.738295e-05 4.188718e-04 1.196144e-04 6.957678e-04
   88    1      2      0    0   500  7.578419e-15 1.635717e-03 1.609692e-02 0.0584803310 0.042341127 0.0110468123 0.0170427233 0.031401213 0.03546314 0.05738148 0.06347910 0.04311853 0.02490444 0.03393451 0.03767106 0.03149551 0.03087118 0.04164381 0.01836965 0.039061056 0.02770661 0.03911823 0.02368008 0.02426443 0.04017005 0.02674350 0.014544891 0.020271644 0.034062224 0.022762038 0.021275887 0.017497116 0.0199257990 0.0069685028 0.004198673 0.008100934 0.0017400304 0.0046958285 2.259436e-03 1.043949e-03 1.170783e-03 4.493931e-04 1.900403e-03 5.863148e-06 5.403559e-06
   90    1      2      0    0   500  3.184921e-27 7.646656e-04 2.701897e-02 0.0568104888 0.042414669 0.0138875772 0.0062347190 0.028556571 0.05209376 0.03734806 0.05886148 0.04719247 0.03757877 0.02498775 0.03947397 0.04020186 0.03293635 0.03891576 0.03203946 0.027535850 0.02916909 0.02598325 0.03874286 0.03256594 0.01911124 0.03398448 0.035551458 0.016884808 0.017346277 0.016929833 0.014010035 0.027555738 0.0070893401 0.0070600431 0.010325641 0.002926664 0.0044910180 0.0043433236 8.532381e-04 5.247752e-03 9.011746e-04 1.214904e-06 2.740976e-05 9.800980e-05 3.946966e-03
   92    1      2      0    0   500  5.433858e-16 2.389428e-04 1.861633e-02 0.0541222904 0.061014718 0.0262386822 0.0137211569 0.037452350 0.04334263 0.05354223 0.07017580 0.04704576 0.02158606 0.05622986 0.04199248 0.02690253 0.02505364 0.03173907 0.03457018 0.027144191 0.03503995 0.01882759 0.02499806 0.03227547 0.02631097 0.02011364 0.022877031 0.024797581 0.022988794 0.010590634 0.009998645 0.019357918 0.0059426457 0.0126371962 0.005593535 0.010802863 0.0026236888 0.0016175684 6.028029e-04 1.783068e-04 8.276669e-04 9.940468e-05 7.499113e-06 1.586845e-04 2.970180e-06
   94    1      2      0    0   500  7.619169e-05 2.365147e-03 3.315263e-02 0.0512516114 0.043420103 0.0243912122 0.0076212642 0.014929488 0.03555114 0.05720348 0.04175595 0.04091065 0.02092469 0.01520812 0.04870533 0.04847423 0.04710216 0.03658724 0.03641583 0.027968999 0.02167481 0.02326446 0.02451403 0.03837178 0.02811487 0.02705696 0.015336709 0.019016162 0.019650338 0.035815528 0.034488966 0.015215845 0.0086694541 0.0174206475 0.004071351 0.004070628 0.0049367403 0.0082576058 2.866315e-03 2.025662e-05 6.088310e-03 6.047741e-03 8.585741e-06 9.272233e-04 7.921396e-05
   96    1      2      0    0   500  3.408233e-09 2.146288e-04 1.815352e-02 0.0532677309 0.056947768 0.0195914741 0.0097201748 0.029583315 0.02425074 0.07763273 0.05251146 0.05141844 0.03754775 0.03811436 0.03670911 0.03982502 0.03317938 0.02195219 0.03402265 0.018595195 0.03170021 0.02367585 0.03757741 0.02806073 0.02845222 0.03063966 0.016786983 0.026329932 0.022008562 0.024689865 0.004640727 0.009432610 0.0160664208 0.0087016031 0.008019275 0.012143589 0.0034395027 0.0061026440 3.713595e-03 1.565067e-03 2.649730e-04 7.583539e-04 5.648688e-04 4.679967e-06 1.423037e-03
   98    1      2      0    0   500  1.536104e-13 1.896903e-03 1.617562e-02 0.0489371847 0.043889872 0.0133492395 0.0145890878 0.027179300 0.03556089 0.05542928 0.06227051 0.03170843 0.02413413 0.03766472 0.04379675 0.03724554 0.02072089 0.03224790 0.03747177 0.037273063 0.04145696 0.02820521 0.03576666 0.02730749 0.01789316 0.02856269 0.017833417 0.016773816 0.032850585 0.030947423 0.014169806 0.016426804 0.0137710188 0.0128694104 0.016610126 0.008328675 0.0064083411 0.0036587050 1.829637e-03 1.487445e-03 2.595438e-03 5.310970e-05 1.609707e-03 6.326862e-04 4.105910e-04
  100    1      2      0    0   500  3.255594e-19 2.363289e-03 2.024076e-02 0.0548870821 0.040597543 0.0112742868 0.0088086284 0.026350116 0.04295332 0.05205137 0.05342393 0.03389758 0.03743066 0.02741995 0.03695572 0.02977636 0.04606960 0.02529912 0.04082239 0.052404619 0.02262281 0.02084180 0.03100974 0.03047823 0.02841602 0.02844666 0.024470794 0.022876333 0.020527132 0.033199190 0.022946557 0.006473333 0.0088218574 0.0150337459 0.014371025 0.004510830 0.0035707138 0.0031518397 3.940107e-03 1.528874e-03 3.122542e-03 4.409703e-04 2.417293e-06 4.426961e-04 5.727468e-03
15 #_N_agebins
#_agebin_vector
1 2 3 4 5 6 7 8 9 10 11 12 13 14 15
1 #_N_ageerror_definitions
 #_age0   age1   age2   age3   age4   age5   age6   age7   age8   age9  age10  age11  age12  age13  age14  age15  age16  age17  age18  age19  age20  age21  age22  age23  age24  age25
 -1.000 -1.000 -1.000 -1.000 -1.000 -1.000 -1.000 -1.000 -1.000 -1.000 -1.000 -1.000 -1.000 -1.000 -1.000 -1.000 -1.000 -1.000 -1.000 -1.000 -1.000 -1.000 -1.000 -1.000 -1.000 -1.000
  0.001  0.001  0.001  0.001  0.001  0.001  0.001  0.001  0.001  0.001  0.001  0.001  0.001  0.001  0.001  0.001  0.001  0.001  0.001  0.001  0.001  0.001  0.001  0.001  0.001  0.001
81 #_N_agecomp
1 #_Lbin_method: 1=poplenbins; 2=datalenbins; 3=lengths
-1 #_combine males into females at or below this bin number
 #_Yr Seas FltSvy Gender Part Ageerr Lbin_lo Lbin_hi Nsamp          a1        a2        a3        a4         a5         a6         a7         a8          a9         a10         a11         a12          a13          a14         a15
   26    1      1      0    0      1      -1      -1   125  0.03949333 0.2254240 0.1817124 0.1142966 0.10054232 0.04250829 0.05160367 0.04569816 0.049408047 0.042839272 0.028513434 0.011456026 0.0090899083 0.0186597300 0.038754701
   36    1      1      0    0      1      -1      -1   125  0.03496574 0.2547231 0.1953854 0.1775652 0.10442484 0.08210079 0.02953672 0.04185214 0.024974599 0.018506453 0.003771196 0.011718572 0.0048296006 0.0029246347 0.012721009
   46    1      1      0    0      1      -1      -1   125  0.02616677 0.2047331 0.2085565 0.1109092 0.11096647 0.05407821 0.06089907 0.04280864 0.056048023 0.045740775 0.011757202 0.014729224 0.0084493866 0.0069633493 0.037194162
   56    1      1      0    0      1      -1      -1   125  0.04129852 0.2780153 0.1232309 0.1293046 0.10551044 0.05009426 0.07266034 0.06821208 0.014137122 0.061793199 0.002991985 0.009666193 0.0136765222 0.0182575921 0.011150947
   60    1      1      0    0      1      -1      -1   125  0.01782433 0.2418316 0.2283401 0.1291588 0.09445875 0.09176413 0.03389378 0.02560388 0.034918534 0.040496710 0.030190343 0.013876222 0.0073768131 0.0005459874 0.009720041
   64    1      1      0    0      1      -1      -1   125  0.03581073 0.2789216 0.2257557 0.1326257 0.09937202 0.08120233 0.03560868 0.01351405 0.023985573 0.008359693 0.015242826 0.005286150 0.0098482134 0.0111336589 0.023332986
   68    1      1      0    0      1      -1      -1   125  0.01655895 0.1884194 0.2458291 0.1458587 0.11467698 0.04454719 0.06373283 0.03915874 0.054804462 0.029354089 0.028488884 0.009762348 0.0114781416 0.0012632058 0.006066962
   72    1      1      0    0      1      -1      -1   125  0.02891397 0.2119544 0.2397600 0.1253396 0.08563712 0.09303922 0.07190404 0.06550318 0.027823385 0.008465243 0.014377269 0.007812416 0.0056509378 0.0020321672 0.011787080
   76    1      1      0    0      1      -1      -1   125  0.02566178 0.2418278 0.2103220 0.1903487 0.11369852 0.06650252 0.05068728 0.03161545 0.009246909 0.015848898 0.017979045 0.002874529 0.0001547062 0.0022234818 0.021008390
   80    1      1      0    0      1      -1      -1   125  0.04626712 0.2361276 0.2094994 0.1361429 0.08291005 0.05369340 0.03656077 0.04963122 0.021384968 0.022719175 0.015380271 0.031738425 0.0094788969 0.0278397128 0.020626040
   84    1      1      0    0      1      -1      -1   125  0.07401663 0.2164131 0.1340530 0.1166604 0.12523638 0.04953360 0.06261426 0.06466530 0.029044915 0.037122903 0.008784280 0.010179781 0.0039115581 0.0061546311 0.061609252
   88    1      1      0    0      1      -1      -1   125  0.06752302 0.2474775 0.1878029 0.1163852 0.12559183 0.07247822 0.05169477 0.02012533 0.014630917 0.024245159 0.022775786 0.015869502 0.0162049119 0.0042122778 0.012982607
   92    1      1      0    0      1      -1      -1   125  0.06184795 0.2404659 0.2368741 0.1519355 0.09152054 0.07453551 0.03543138 0.05198474 0.007247431 0.008116260 0.020872506 0.008425796 0.0040002555 0.0014922467 0.005249918
   96    1      1      0    0      1      -1      -1   125  0.03520063 0.2287031 0.1827672 0.1980454 0.08501616 0.09379533 0.04266882 0.06981147 0.014864821 0.004432201 0.013881981 0.003716621 0.0165964225 0.0007652236 0.009734553
  100    1      1      0    0      1      -1      -1   125  0.06229305 0.1570183 0.1859258 0.2058737 0.10831660 0.09518766 0.05330524 0.04267098 0.010681903 0.014238493 0.015215481 0.030032150 0.0040089670 0.0073783742 0.007853255
   76    1      2      0    0      1      -1      -1   500  0.16262643 0.2253808 0.1399466 0.1356140 0.10637183 0.06655702 0.04800947 0.02633718 0.032114523 0.012467289 0.011850179 0.009781209 0.0108669091 0.0011070330 0.010969495
   78    1      2      0    0      1      -1      -1   500  0.11526796 0.2174565 0.1726727 0.1488193 0.07649074 0.07410118 0.04960463 0.04465018 0.033497434 0.017051649 0.011657691 0.007041254 0.0129942564 0.0078679972 0.010826483
   80    1      2      0    0      1      -1      -1   500  0.13042371 0.2351221 0.1416369 0.1369923 0.08474655 0.06106117 0.05512066 0.04548226 0.038916025 0.019741737 0.010149036 0.012745343 0.0029226611 0.0084559670 0.016483581
   82    1      2      0    0      1      -1      -1   500  0.13946669 0.2113336 0.1689979 0.1403248 0.10878180 0.05768799 0.04948884 0.02916388 0.033173759 0.017822579 0.013322645 0.008907163 0.0045118851 0.0047307244 0.012285728
   84    1      2      0    0      1      -1      -1   500  0.14542156 0.2289188 0.1451713 0.1337226 0.08894424 0.07582957 0.03435156 0.02807692 0.039420929 0.018173332 0.025478166 0.011515460 0.0042623662 0.0021408027 0.018572424
   86    1      2      0    0      1      -1      -1   500  0.13075418 0.2342407 0.1802601 0.1289901 0.08491777 0.06358419 0.04711822 0.02779008 0.025611026 0.009146897 0.021037268 0.008981171 0.0137365445 0.0129265198 0.010905211
   88    1      2      0    0      1      -1      -1   500  0.13896529 0.2151209 0.1801692 0.1230883 0.08037127 0.09410145 0.03867892 0.03190892 0.019269435 0.020175296 0.014505380 0.015266656 0.0124038948 0.0093095554 0.006665531
   90    1      2      0    0      1      -1      -1   500  0.13482382 0.2235369 0.1611356 0.1467130 0.09036880 0.04747752 0.05053829 0.03309384 0.032210283 0.016997489 0.019207087 0.014589829 0.0095483790 0.0034335694 0.016325528
   92    1      2      0    0      1      -1      -1   500  0.13353129 0.2627478 0.1563720 0.1283770 0.08966697 0.06346274 0.04703015 0.04079129 0.014360772 0.021963697 0.004729603 0.009443182 0.0076621529 0.0036112391 0.016250090
   94    1      2      0    0      1      -1      -1   500  0.15729834 0.2409269 0.1685517 0.1143221 0.08695832 0.05572837 0.03451228 0.02831292 0.034398822 0.027364819 0.010981134 0.009989066 0.0129319511 0.0021396579 0.015583621
   96    1      2      0    0      1      -1      -1   500  0.11861437 0.2475972 0.1461664 0.1489863 0.09131988 0.10379890 0.04791605 0.02612171 0.022197920 0.014483123 0.012264284 0.004728449 0.0036602880 0.0010816947 0.011063358
   98    1      2      0    0      1      -1      -1   500  0.14639332 0.2254862 0.1583304 0.1314048 0.10897696 0.08365835 0.04298263 0.02616526 0.024308532 0.013306184 0.009994773 0.007142588 0.0099624702 0.0039574901 0.007929990
  100    1      2      0    0      1      -1      -1   500  0.14026786 0.2562615 0.1728863 0.1092170 0.08467700 0.06804591 0.05178108 0.02401027 0.030914214 0.019063992 0.004759430 0.014364619 0.0068913021 0.0022965050 0.014563002
   60    1      1      0    0      1       4       4     3  3.00000000 0.0000000 0.0000000 0.0000000 0.00000000 0.00000000 0.00000000 0.00000000 0.000000000 0.000000000 0.000000000 0.000000000 0.0000000000 0.0000000000 0.000000000
   60    1      1      0    0      1       8       8     1  1.00000000 0.0000000 0.0000000 0.0000000 0.00000000 0.00000000 0.00000000 0.00000000 0.000000000 0.000000000 0.000000000 0.000000000 0.0000000000 0.0000000000 0.000000000
   60    1      1      0    0      1       9       9     3  3.00000000 0.0000000 0.0000000 0.0000000 0.00000000 0.00000000 0.00000000 0.00000000 0.000000000 0.000000000 0.000000000 0.000000000 0.0000000000 0.0000000000 0.000000000
   60    1      1      0    0      1      10      10    10 10.00000000 0.0000000 0.0000000 0.0000000 0.00000000 0.00000000 0.00000000 0.00000000 0.000000000 0.000000000 0.000000000 0.000000000 0.0000000000 0.0000000000 0.000000000
   60    1      1      0    0      1      11      11     9  9.00000000 0.0000000 0.0000000 0.0000000 0.00000000 0.00000000 0.00000000 0.00000000 0.000000000 0.000000000 0.000000000 0.000000000 0.0000000000 0.0000000000 0.000000000
   60    1      1      0    0      1      12      12     2  2.00000000 0.0000000 0.0000000 0.0000000 0.00000000 0.00000000 0.00000000 0.00000000 0.000000000 0.000000000 0.000000000 0.000000000 0.0000000000 0.0000000000 0.000000000
   60    1      1      0    0      1      13      13     3  3.00000000 0.0000000 0.0000000 0.0000000 0.00000000 0.00000000 0.00000000 0.00000000 0.000000000 0.000000000 0.000000000 0.000000000 0.0000000000 0.0000000000 0.000000000
   60    1      1      0    0      1      14      14     1  1.00000000 0.0000000 0.0000000 0.0000000 0.00000000 0.00000000 0.00000000 0.00000000 0.000000000 0.000000000 0.000000000 0.000000000 0.0000000000 0.0000000000 0.000000000
   60    1      1      0    0      1      15      15     8  8.00000000 0.0000000 0.0000000 0.0000000 0.00000000 0.00000000 0.00000000 0.00000000 0.000000000 0.000000000 0.000000000 0.000000000 0.0000000000 0.0000000000 0.000000000
   60    1      1      0    0      1      16      16     6  6.00000000 0.0000000 0.0000000 0.0000000 0.00000000 0.00000000 0.00000000 0.00000000 0.000000000 0.000000000 0.000000000 0.000000000 0.0000000000 0.0000000000 0.000000000
   60    1      1      0    0      1      17      17    10 10.00000000 0.0000000 0.0000000 0.0000000 0.00000000 0.00000000 0.00000000 0.00000000 0.000000000 0.000000000 0.000000000 0.000000000 0.0000000000 0.0000000000 0.000000000
   60    1      1      0    0      1      18      18     3  3.00000000 0.0000000 0.0000000 0.0000000 0.00000000 0.00000000 0.00000000 0.00000000 0.000000000 0.000000000 0.000000000 0.000000000 0.0000000000 0.0000000000 0.000000000
   60    1      1      0    0      1      19      19     4  4.00000000 0.0000000 0.0000000 0.0000000 0.00000000 0.00000000 0.00000000 0.00000000 0.000000000 0.000000000 0.000000000 0.000000000 0.0000000000 0.0000000000 0.000000000
   60    1      1      0    0      1      20      20     5  5.00000000 0.0000000 0.0000000 0.0000000 0.00000000 0.00000000 0.00000000 0.00000000 0.000000000 0.000000000 0.000000000 0.000000000 0.0000000000 0.0000000000 0.000000000
   60    1      1      0    0      1      21      21     4  4.00000000 0.0000000 0.0000000 0.0000000 0.00000000 0.00000000 0.00000000 0.00000000 0.000000000 0.000000000 0.000000000 0.000000000 0.0000000000 0.0000000000 0.000000000
   60    1      1      0    0      1      22      22     5  5.00000000 0.0000000 0.0000000 0.0000000 0.00000000 0.00000000 0.00000000 0.00000000 0.000000000 0.000000000 0.000000000 0.000000000 0.0000000000 0.0000000000 0.000000000
   60    1      1      0    0      1      23      23     5  5.00000000 0.0000000 0.0000000 0.0000000 0.00000000 0.00000000 0.00000000 0.00000000 0.000000000 0.000000000 0.000000000 0.000000000 0.0000000000 0.0000000000 0.000000000
   60    1      1      0    0      1      24      24     3  3.00000000 0.0000000 0.0000000 0.0000000 0.00000000 0.00000000 0.00000000 0.00000000 0.000000000 0.000000000 0.000000000 0.000000000 0.0000000000 0.0000000000 0.000000000
   60    1      1      0    0      1      25      25     1  1.00000000 0.0000000 0.0000000 0.0000000 0.00000000 0.00000000 0.00000000 0.00000000 0.000000000 0.000000000 0.000000000 0.000000000 0.0000000000 0.0000000000 0.000000000
   60    1      1      0    0      1      26      26     2  2.00000000 0.0000000 0.0000000 0.0000000 0.00000000 0.00000000 0.00000000 0.00000000 0.000000000 0.000000000 0.000000000 0.000000000 0.0000000000 0.0000000000 0.000000000
   60    1      1      0    0      1      27      27     5  4.00000000 1.0000000 0.0000000 0.0000000 0.00000000 0.00000000 0.00000000 0.00000000 0.000000000 0.000000000 0.000000000 0.000000000 0.0000000000 0.0000000000 0.000000000
   60    1      1      0    0      1      28      28     1  1.00000000 0.0000000 0.0000000 0.0000000 0.00000000 0.00000000 0.00000000 0.00000000 0.000000000 0.000000000 0.000000000 0.000000000 0.0000000000 0.0000000000 0.000000000
   60    1      1      0    0      1      31      31     2  1.00000000 1.0000000 0.0000000 0.0000000 0.00000000 0.00000000 0.00000000 0.00000000 0.000000000 0.000000000 0.000000000 0.000000000 0.0000000000 0.0000000000 0.000000000
   60    1      1      0    0      1      32      32     1  0.00000000 1.0000000 0.0000000 0.0000000 0.00000000 0.00000000 0.00000000 0.00000000 0.000000000 0.000000000 0.000000000 0.000000000 0.0000000000 0.0000000000 0.000000000
   60    1      1      0    0      1      35      35     1  0.00000000 1.0000000 0.0000000 0.0000000 0.00000000 0.00000000 0.00000000 0.00000000 0.000000000 0.000000000 0.000000000 0.000000000 0.0000000000 0.0000000000 0.000000000
   60    1      1      0    0      1      36      36     1  0.00000000 1.0000000 0.0000000 0.0000000 0.00000000 0.00000000 0.00000000 0.00000000 0.000000000 0.000000000 0.000000000 0.000000000 0.0000000000 0.0000000000 0.000000000
   60    1      1      0    0      1      41      41     1  0.00000000 1.0000000 0.0000000 0.0000000 0.00000000 0.00000000 0.00000000 0.00000000 0.000000000 0.000000000 0.000000000 0.000000000 0.0000000000 0.0000000000 0.000000000
  100    1      1      0    0      1       4       4     2  2.00000000 0.0000000 0.0000000 0.0000000 0.00000000 0.00000000 0.00000000 0.00000000 0.000000000 0.000000000 0.000000000 0.000000000 0.0000000000 0.0000000000 0.000000000
  100    1      1      0    0      1       5       5     1  1.00000000 0.0000000 0.0000000 0.0000000 0.00000000 0.00000000 0.00000000 0.00000000 0.000000000 0.000000000 0.000000000 0.000000000 0.0000000000 0.0000000000 0.000000000
  100    1      1      0    0      1       6       6     1  1.00000000 0.0000000 0.0000000 0.0000000 0.00000000 0.00000000 0.00000000 0.00000000 0.000000000 0.000000000 0.000000000 0.000000000 0.0000000000 0.0000000000 0.000000000
  100    1      1      0    0      1       9       9     5  5.00000000 0.0000000 0.0000000 0.0000000 0.00000000 0.00000000 0.00000000 0.00000000 0.000000000 0.000000000 0.000000000 0.000000000 0.0000000000 0.0000000000 0.000000000
  100    1      1      0    0      1      10      10    12 12.00000000 0.0000000 0.0000000 0.0000000 0.00000000 0.00000000 0.00000000 0.00000000 0.000000000 0.000000000 0.000000000 0.000000000 0.0000000000 0.0000000000 0.000000000
  100    1      1      0    0      1      11      11     7  7.00000000 0.0000000 0.0000000 0.0000000 0.00000000 0.00000000 0.00000000 0.00000000 0.000000000 0.000000000 0.000000000 0.000000000 0.0000000000 0.0000000000 0.000000000
  100    1      1      0    0      1      12      12     8  8.00000000 0.0000000 0.0000000 0.0000000 0.00000000 0.00000000 0.00000000 0.00000000 0.000000000 0.000000000 0.000000000 0.000000000 0.0000000000 0.0000000000 0.000000000
  100    1      1      0    0      1      13      13     5  5.00000000 0.0000000 0.0000000 0.0000000 0.00000000 0.00000000 0.00000000 0.00000000 0.000000000 0.000000000 0.000000000 0.000000000 0.0000000000 0.0000000000 0.000000000
  100    1      1      0    0      1      14      14     5  5.00000000 0.0000000 0.0000000 0.0000000 0.00000000 0.00000000 0.00000000 0.00000000 0.000000000 0.000000000 0.000000000 0.000000000 0.0000000000 0.0000000000 0.000000000
  100    1      1      0    0      1      15      15     6  6.00000000 0.0000000 0.0000000 0.0000000 0.00000000 0.00000000 0.00000000 0.00000000 0.000000000 0.000000000 0.000000000 0.000000000 0.0000000000 0.0000000000 0.000000000
  100    1      1      0    0      1      16      16     6  6.00000000 0.0000000 0.0000000 0.0000000 0.00000000 0.00000000 0.00000000 0.00000000 0.000000000 0.000000000 0.000000000 0.000000000 0.0000000000 0.0000000000 0.000000000
  100    1      1      0    0      1      17      17     4  4.00000000 0.0000000 0.0000000 0.0000000 0.00000000 0.00000000 0.00000000 0.00000000 0.000000000 0.000000000 0.000000000 0.000000000 0.0000000000 0.0000000000 0.000000000
  100    1      1      0    0      1      18      18     2  2.00000000 0.0000000 0.0000000 0.0000000 0.00000000 0.00000000 0.00000000 0.00000000 0.000000000 0.000000000 0.000000000 0.000000000 0.0000000000 0.0000000000 0.000000000
  100    1      1      0    0      1      20      20     3  3.00000000 0.0000000 0.0000000 0.0000000 0.00000000 0.00000000 0.00000000 0.00000000 0.000000000 0.000000000 0.000000000 0.000000000 0.0000000000 0.0000000000 0.000000000
  100    1      1      0    0      1      21      21     1  1.00000000 0.0000000 0.0000000 0.0000000 0.00000000 0.00000000 0.00000000 0.00000000 0.000000000 0.000000000 0.000000000 0.000000000 0.0000000000 0.0000000000 0.000000000
  100    1      1      0    0      1      23      23     3  3.00000000 0.0000000 0.0000000 0.0000000 0.00000000 0.00000000 0.00000000 0.00000000 0.000000000 0.000000000 0.000000000 0.000000000 0.0000000000 0.0000000000 0.000000000
  100    1      1      0    0      1      24      24     2  2.00000000 0.0000000 0.0000000 0.0000000 0.00000000 0.00000000 0.00000000 0.00000000 0.000000000 0.000000000 0.000000000 0.000000000 0.0000000000 0.0000000000 0.000000000
  100    1      1      0    0      1      25      25     2  2.00000000 0.0000000 0.0000000 0.0000000 0.00000000 0.00000000 0.00000000 0.00000000 0.000000000 0.000000000 0.000000000 0.000000000 0.0000000000 0.0000000000 0.000000000
  100    1      1      0    0      1      26      26     4  4.00000000 0.0000000 0.0000000 0.0000000 0.00000000 0.00000000 0.00000000 0.00000000 0.000000000 0.000000000 0.000000000 0.000000000 0.0000000000 0.0000000000 0.000000000
  100    1      1      0    0      1      27      27     3  3.00000000 0.0000000 0.0000000 0.0000000 0.00000000 0.00000000 0.00000000 0.00000000 0.000000000 0.000000000 0.000000000 0.000000000 0.0000000000 0.0000000000 0.000000000
  100    1      1      0    0      1      28      28     1  1.00000000 0.0000000 0.0000000 0.0000000 0.00000000 0.00000000 0.00000000 0.00000000 0.000000000 0.000000000 0.000000000 0.000000000 0.0000000000 0.0000000000 0.000000000
  100    1      1      0    0      1      29      29     6  4.00000000 2.0000000 0.0000000 0.0000000 0.00000000 0.00000000 0.00000000 0.00000000 0.000000000 0.000000000 0.000000000 0.000000000 0.0000000000 0.0000000000 0.000000000
  100    1      1      0    0      1      32      32     1  0.00000000 1.0000000 0.0000000 0.0000000 0.00000000 0.00000000 0.00000000 0.00000000 0.000000000 0.000000000 0.000000000 0.000000000 0.0000000000 0.0000000000 0.000000000
  100    1      1      0    0      1      34      34     6  0.00000000 6.0000000 0.0000000 0.0000000 0.00000000 0.00000000 0.00000000 0.00000000 0.000000000 0.000000000 0.000000000 0.000000000 0.0000000000 0.0000000000 0.000000000
  100    1      1      0    0      1      38      38     2  0.00000000 2.0000000 0.0000000 0.0000000 0.00000000 0.00000000 0.00000000 0.00000000 0.000000000 0.000000000 0.000000000 0.000000000 0.0000000000 0.0000000000 0.000000000
  100    1      1      0    0      1      41      41     2  0.00000000 2.0000000 0.0000000 0.0000000 0.00000000 0.00000000 0.00000000 0.00000000 0.000000000 0.000000000 0.000000000 0.000000000 0.0000000000 0.0000000000 0.000000000
0 #_N_MeanSize_at_Age_obs
0 #_N_environ_variables
0 #_N_environ_obs
0 #_N_sizefreq_methods
0 #_do_tags
0 #_morphcomp_data
#
999
