#C data file created using the SS_writedat function in the R package r4ss
#C should work with SS version: 
#C file write time: 2015-02-11 18:08:16
#
1 #_styr
100 #_endyr
1 #_nseas
12 #_months_per_seas
1 #_spawn_seas
1 #_Nfleet
2 #_Nsurveys
1 #_N_areas
Fishery%Survey%CPUE #_fleetnames
0.5 0.5 0.5 #_surveytiming_in_season
1 1 1 #_area_assignments_for_each_fishery_and_survey
1 #_units of catch:  1=bio; 2=num
0.01 #_se of log(catch) only used for init_eq_catch and for Fmethod 2 and 3
1 #_Ngenders
25 #_Nages
0 #_init_equil_catch_for_each_fishery
100 #_N_lines_of_catch_to_read
 #_Fishery year seas
         0    1    1
         0    2    1
         0    3    1
         0    4    1
         0    5    1
         0    6    1
         0    7    1
         0    8    1
         0    9    1
         0   10    1
         0   11    1
         0   12    1
         0   13    1
         0   14    1
         0   15    1
         0   16    1
         0   17    1
         0   18    1
         0   19    1
         0   20    1
         0   21    1
         0   22    1
         0   23    1
         0   24    1
         0   25    1
 444646000   26    1
 397608000   27    1
 357583000   28    1
 324161000   29    1
 296656000   30    1
 274240000   31    1
 256057000   32    1
 241314000   33    1
 229322000   34    1
 219511000   35    1
 211426000   36    1
 204710000   37    1
 199088000   38    1
 194347000   39    1
 190324000   40    1
 186891000   41    1
 183948000   42    1
 181416000   43    1
 179230000   44    1
 177337000   45    1
 175694000   46    1
 174266000   47    1
 173022000   48    1
 171937000   49    1
 170990000   50    1
 170161000   51    1
 169436000   52    1
 168801000   53    1
 168243000   54    1
 167755000   55    1
 167325000   56    1
 166948000   57    1
 166617000   58    1
 166326000   59    1
 166070000   60    1
 165844000   61    1
 165646000   62    1
 165471000   63    1
 165317000   64    1
 165182000   65    1
 165063000   66    1
 164958000   67    1
 164865000   68    1
 164784000   69    1
 164712000   70    1
 164649000   71    1
 164593000   72    1
 164544000   73    1
 164500000   74    1
 164462000   75    1
 164429000   76    1
 164399000   77    1
 164373000   78    1
 164350000   79    1
 164329000   80    1
 164311000   81    1
 164296000   82    1
 164282000   83    1
 164269000   84    1
 164258000   85    1
 164249000   86    1
 164240000   87    1
 164233000   88    1
 164227000   89    1
 164221000   90    1
 164216000   91    1
 164211000   92    1
 164207000   93    1
 164204000   94    1
 164201000   95    1
 164198000   96    1
 164195000   97    1
 164193000   98    1
 164192000   99    1
 164190000  100    1
13 #_N_cpue
 #_Fleet Units Errtype
       1     1       0
       2     1       0
       3     1       0
 #_year seas index        obs se_log
     76    1     2 1322814568    0.2
     78    1     2 1649124960    0.2
     80    1     2 1946235882    0.2
     82    1     2 1360896866    0.2
     84    1     2 1886471957    0.2
     86    1     2 1408527655    0.2
     88    1     2 1077700958    0.2
     90    1     2 1614611747    0.2
     92    1     2 1099110885    0.2
     94    1     2 1465755707    0.2
     96    1     2 1363032850    0.2
     98    1     2  957782649    0.2
    100    1     2 1196956586    0.2
0 #_N_discard_fleets
#_discard_units (1=same_as_catchunits(bio/num); 2=fraction; 3=numbers)
#_discard_errtype:  >0 for DF of T-dist(read CV below); 0 for normal with CV; -1 for normal with se; -2 for lognormal
0 #_N_discard
0 #_N_meanbodywt
1 #_DF_for_meanbodywt_T-distribution_like
2 # length bin method: 1=use databins; 2=generate from binwidth,min,max below; 3=read vector
1 # binwidth for population size comp
10 # minimum size in the population (lower edge of first bin and size at age 0.00)
200 # maximum size in the population (lower edge of last bin)
-0.001 #_comp_tail_compression
1e-05 #_add_to_comp
0 #_combine males into females at or below this bin number
45 #_N_lbins
#_lbin_vector
20 23 26 29 32 35 38 41 44 47 50 53 56 59 62 65 68 71 74 77 80 83 86 89 92 95 98 101 104 107 110 113 116 119 122 125 128 131 134 137 140 143 146 149 152
28 #_N_Length_comp_observations
 #_Yr Seas FltSvy Gender Part Nsamp           l20          l23          l26         l29         l32          l35          l38         l41        l44        l47        l50        l53         l56        l59        l62        l65        l68        l71        l74        l77        l80        l83         l86        l89        l92         l95        l98       l101       l104        l107        l110        l113        l116        l119        l122         l125         l128         l131         l134         l137         l140         l143         l146         l149         l152
   26    1      1      0    0   125 3.465804e-198 6.579197e-16 7.699001e-03 0.001500595 0.003629011 0.0014426044 1.231351e-03 0.005960639 0.01818417 0.01288035 0.02508408 0.02740723 0.033906492 0.01629567 0.03056598 0.03021969 0.05267812 0.04768552 0.02936310 0.02477866 0.09817845 0.05087789 0.026782373 0.04137866 0.04024814 0.030201442 0.04760235 0.01522690 0.04045499 0.051502063 0.013963987 0.016458972 0.005336448 0.054342045 0.015953208 0.0089126522 8.796248e-03 1.602431e-02 3.331719e-02 8.306944e-04 3.369497e-04 2.776465e-03 1.800631e-04 9.047002e-03 7.582450e-04
   36    1      1      0    0   125  4.021114e-13 3.652129e-11 3.892231e-04 0.009531872 0.015409632 0.0012269839 2.982742e-05 0.014832758 0.02312372 0.10815212 0.07869891 0.02601457 0.037435330 0.03083875 0.03058120 0.04598575 0.05577002 0.02333371 0.04888295 0.03810117 0.02946816 0.03227103 0.019587476 0.04365660 0.01561660 0.038727382 0.02062975 0.01204195 0.02861163 0.050771065 0.041801812 0.010862061 0.005196656 0.006124352 0.002476529 0.0206763882 2.238491e-03 1.114642e-03 1.316632e-02 6.275251e-03 5.955101e-06 5.813039e-04 2.738870e-04 6.827143e-03 2.659081e-03
   46    1      1      0    0   125  1.645709e-82 1.646900e-15 3.405600e-03 0.018845317 0.001385109 0.0075609217 3.516232e-03 0.029694691 0.01102700 0.07009493 0.08407206 0.02495130 0.049044066 0.04581044 0.04370836 0.04595706 0.04173507 0.04575603 0.02248342 0.05867501 0.04631098 0.02708583 0.028954544 0.05000040 0.03406257 0.031844235 0.01180284 0.02611272 0.02033052 0.023358731 0.006423842 0.010982718 0.017649010 0.017583007 0.012460459 0.0138555504 5.879078e-05 7.141440e-04 1.132325e-03 7.313006e-04 2.682718e-03 7.456981e-05 7.687503e-03 1.975122e-04 1.805787e-04
   56    1      1      0    0   125 2.173739e-219 5.896129e-12 1.446813e-03 0.020345437 0.020076105 0.0012470837 2.641626e-03 0.008393119 0.06906415 0.06243073 0.08739639 0.02098519 0.095668417 0.03118391 0.04518214 0.08008213 0.04739463 0.01684494 0.04151861 0.02229355 0.02343902 0.02521716 0.009450515 0.01103750 0.05042641 0.015584914 0.02256162 0.01422700 0.02304596 0.020375875 0.020177562 0.012081859 0.001355816 0.004951185 0.012194065 0.0085334486 1.154609e-02 1.719547e-02 6.079069e-03 3.456320e-04 1.047416e-03 4.952812e-04 1.129858e-03 6.899948e-03 6.406362e-03
   60    1      1      0    0   125  1.697362e-97 1.669341e-11 4.744028e-04 0.002452307 0.027771082 0.0017488785 1.557579e-02 0.005305966 0.05062733 0.02525899 0.05338518 0.06821197 0.008248177 0.08056585 0.05853428 0.03202203 0.06101733 0.01489802 0.01677826 0.02609877 0.03515865 0.03999501 0.024256994 0.01860173 0.04712598 0.038810236 0.03113459 0.02885548 0.03757524 0.060453079 0.022105647 0.017001436 0.009410239 0.001570913 0.004099314 0.0023078270 5.050270e-03 6.200117e-03 2.551335e-03 1.610203e-02 2.193349e-04 1.579165e-05 2.470286e-05 4.069279e-18 2.399443e-03
   64    1      1      0    0   125  0.000000e+00 6.250388e-12 3.780020e-03 0.003090461 0.003968100 0.0054474286 7.577317e-04 0.017578147 0.03422627 0.04340701 0.05744025 0.04843185 0.026649159 0.07595308 0.07737796 0.03336684 0.07718325 0.03982294 0.01196138 0.04709529 0.01812569 0.04963491 0.016501060 0.04648486 0.01559220 0.016802517 0.04028991 0.01599551 0.06416478 0.017310947 0.009636444 0.033880367 0.005620851 0.016037591 0.015614934 0.0008766324 2.435637e-03 1.050554e-03 5.218863e-05 1.160546e-03 3.859557e-04 1.616187e-05 5.282135e-07 4.683183e-03 1.088559e-04
   68    1      1      0    0   125  1.492186e-51 3.808796e-23 5.650286e-03 0.028024140 0.009583982 0.0017333523 1.340062e-03 0.004181454 0.06866069 0.07897700 0.05556569 0.02289468 0.026893866 0.06451642 0.02489181 0.04569234 0.03250575 0.04803694 0.01928515 0.02354263 0.04395422 0.01604727 0.035486669 0.03333036 0.02171004 0.039254872 0.02439449 0.02441451 0.07419140 0.006025551 0.006427147 0.044508430 0.024523108 0.002713552 0.006336228 0.0078865672 1.194429e-03 5.583200e-04 1.221113e-04 3.988495e-04 1.733001e-02 7.065459e-04 6.658038e-05 6.441970e-03 5.249511e-07
   72    1      1      0    0   125 7.971119e-138 7.725854e-04 2.310648e-03 0.013408102 0.004704179 0.0035400265 3.852119e-02 0.020539752 0.07007687 0.05086775 0.08679984 0.03682951 0.039556594 0.03445303 0.05302794 0.02084041 0.02980201 0.04672468 0.03108555 0.02225101 0.03783313 0.04515452 0.050326599 0.04081614 0.04053785 0.017880138 0.01301581 0.02015304 0.02129386 0.014371520 0.012546749 0.015707024 0.012343211 0.015520009 0.009705979 0.0142390090 2.039369e-03 5.113846e-05 7.984695e-03 1.018222e-06 2.355856e-03 2.175960e-06 9.482683e-06 1.406085e-14 3.241148e-11
   76    1      1      0    0   125  1.794945e-36 2.314636e-37 1.593514e-02 0.020201005 0.003359532 0.0040113394 1.319526e-02 0.012507457 0.02707077 0.10210827 0.09985936 0.06380152 0.029673665 0.03051356 0.02914950 0.05266904 0.07044352 0.03223908 0.05859812 0.02533192 0.03157753 0.04048347 0.032623612 0.02525370 0.02476325 0.014309075 0.02681292 0.01744201 0.02166689 0.012614436 0.010178048 0.012488345 0.001292021 0.020941641 0.001694158 0.0012490443 3.104484e-03 1.679330e-03 4.392626e-04 2.454920e-03 6.246483e-03 3.854392e-06 6.152972e-06 7.313282e-06 6.036433e-10
   80    1      1      0    0   125 1.887679e-135 4.309778e-04 2.932023e-05 0.003427518 0.020873649 0.0005457813 5.743617e-03 0.006875753 0.03599946 0.05479914 0.06319781 0.02367647 0.036182993 0.04826668 0.03587082 0.02709083 0.06903384 0.04388472 0.03434226 0.04233929 0.05137461 0.04297069 0.047667653 0.02621553 0.01705410 0.017989376 0.01516870 0.03374836 0.03096016 0.014566832 0.020354299 0.034251305 0.011946565 0.015115636 0.004303922 0.0039528079 2.946680e-03 6.608020e-04 2.511546e-04 2.970344e-02 2.447466e-04 2.252799e-03 4.533942e-06 3.516920e-07 2.368404e-02
   84    1      1      0    0   125  4.720321e-48 3.663763e-06 4.179927e-04 0.014886516 0.012106228 0.0099642074 5.342695e-03 0.039138717 0.05100760 0.04879256 0.05434210 0.05265174 0.017722289 0.02119343 0.06712189 0.06750615 0.03158003 0.02266859 0.05968364 0.01757167 0.03281660 0.02650910 0.013011255 0.02288665 0.04533472 0.033573953 0.02405716 0.02730973 0.02932160 0.038273782 0.028904540 0.011560600 0.002505023 0.030647038 0.013078380 0.0008454129 5.283080e-03 2.535150e-03 1.422830e-03 1.334444e-02 9.629775e-04 5.047272e-04 1.402993e-06 1.264391e-03 3.437444e-04
   88    1      1      0    0   125  7.068812e-46 7.681364e-09 1.315575e-04 0.003946302 0.008830298 0.0025862944 1.928753e-03 0.010786533 0.05509256 0.09092974 0.03808320 0.09908573 0.023708097 0.06137516 0.01998641 0.03057730 0.07443162 0.06110629 0.05173765 0.02956046 0.02392118 0.02012090 0.063830350 0.01281989 0.02856615 0.026838315 0.01640931 0.01102328 0.06133952 0.010035029 0.015208443 0.011044733 0.002831507 0.006539117 0.008937618 0.0025616644 3.039417e-04 8.853162e-03 2.737081e-04 2.457256e-04 1.763015e-06 4.410735e-03 2.479338e-11 1.838222e-09 4.570667e-16
   92    1      1      0    0   125  2.504774e-91 2.775898e-05 7.735529e-07 0.005985328 0.001718372 0.0102886424 4.417259e-04 0.008901622 0.06292644 0.04383702 0.05076262 0.03716698 0.052641164 0.01601875 0.06173204 0.06430769 0.04243231 0.04961654 0.05449325 0.03390611 0.01527261 0.04009010 0.032077975 0.02648987 0.03385935 0.005921536 0.02791253 0.03552105 0.01628227 0.039644653 0.004474693 0.029200422 0.016997227 0.030386235 0.005185609 0.0268975706 9.748467e-03 7.296467e-04 2.299145e-03 8.932412e-04 2.096950e-03 4.116446e-09 6.976275e-04 1.160935e-04 1.833001e-11
   96    1      1      0    0   125  0.000000e+00 1.950653e-18 1.370379e-03 0.005175821 0.012929599 0.0089410095 6.863679e-03 0.004132232 0.05664218 0.11792819 0.06352355 0.06360320 0.050829825 0.03335354 0.01749748 0.02906741 0.04801134 0.02483439 0.05148648 0.01998895 0.02806565 0.03286437 0.039102811 0.01261854 0.03329052 0.008153589 0.04505059 0.01353103 0.01454303 0.035619166 0.047230647 0.009196046 0.004576544 0.009102822 0.009671014 0.0189199091 6.016793e-03 1.170692e-02 3.920031e-03 5.142216e-05 6.499895e-05 3.595990e-04 1.617504e-04 2.943990e-06 3.172876e-09
  100    1      1      0    0   125 7.637150e-139 8.950961e-03 3.448493e-03 0.004025318 0.017486241 0.0035544289 2.172226e-02 0.031250793 0.03745335 0.03762199 0.06903389 0.04161774 0.058087126 0.03165156 0.02787386 0.04991628 0.08936984 0.02765924 0.02070847 0.04044171 0.02782592 0.02907992 0.060328869 0.01779905 0.02468732 0.018523195 0.02858805 0.03816901 0.03064435 0.016192381 0.030505219 0.011127577 0.007524908 0.010114413 0.001584189 0.0071973837 3.382835e-03 1.051673e-02 3.837067e-03 3.864210e-04 8.699937e-07 9.866358e-06 7.206791e-05 3.974102e-11 2.881152e-05
   76    1      2      0    0   500  4.323975e-18 9.661138e-04 1.923973e-02 0.038790527 0.049988401 0.0251233245 1.170636e-02 0.033236490 0.06068719 0.05564317 0.06006755 0.03811393 0.028733783 0.03151196 0.04426839 0.04706278 0.02343875 0.03267519 0.03247015 0.04624771 0.03806999 0.02427593 0.031975117 0.01819967 0.01905789 0.022248632 0.02189610 0.02007940 0.02850961 0.020134304 0.014627213 0.012711994 0.012574010 0.007464425 0.005347937 0.0056057923 2.808449e-03 4.672046e-03 3.546265e-03 2.771707e-03 1.804793e-03 2.392987e-04 7.950422e-04 3.684653e-05 5.760273e-04
   78    1      2      0    0   500  2.129003e-05 1.466246e-03 1.764091e-02 0.070347303 0.050208558 0.0242392653 8.700940e-03 0.022043595 0.05402819 0.04061457 0.05508045 0.03043327 0.026522504 0.03877213 0.02794312 0.03050158 0.03201369 0.04383048 0.02521579 0.03541210 0.04306946 0.02682175 0.026299425 0.02507047 0.03315927 0.030090444 0.01541652 0.01500950 0.01848910 0.022283501 0.020150746 0.016461394 0.012095547 0.009409460 0.006311905 0.0093330208 4.876506e-03 9.256041e-03 9.150455e-03 7.940265e-03 1.294721e-03 1.761465e-03 1.141358e-03 4.924366e-05 2.243740e-05
   80    1      2      0    0   500  5.468061e-06 1.569930e-03 1.553974e-02 0.049848488 0.055011484 0.0120865094 5.934352e-03 0.013522918 0.04168660 0.07964685 0.05474982 0.04388572 0.030903413 0.02913859 0.03713916 0.03315978 0.04227935 0.03719523 0.02749599 0.03709061 0.02589636 0.02432677 0.028701342 0.02052814 0.02590027 0.029959774 0.03245005 0.02119909 0.03951735 0.015338755 0.021919464 0.015676542 0.007832977 0.015463141 0.003432552 0.0023251691 1.058107e-02 6.431534e-03 2.928451e-03 4.071776e-04 2.997368e-04 1.041509e-04 1.653529e-07 2.551690e-04 6.348092e-04
   82    1      2      0    0   500  5.433366e-27 4.218382e-04 1.427887e-02 0.046943843 0.048929116 0.0248931571 7.455943e-03 0.044277378 0.03834932 0.04511510 0.06111902 0.02900222 0.054068837 0.03387109 0.03532955 0.02621972 0.03809740 0.02858803 0.02272711 0.03236793 0.03379379 0.03421633 0.024189119 0.02580520 0.01936177 0.028749192 0.02402135 0.01478410 0.03083848 0.018631751 0.018679177 0.015912052 0.007378048 0.025568227 0.012844763 0.0099446661 6.609616e-03 2.944070e-03 2.951209e-03 6.050182e-03 4.926511e-04 6.208838e-06 2.368907e-03 2.913537e-07 1.803377e-03
   84    1      2      0    0   500  2.252828e-21 5.158055e-03 1.461469e-02 0.037970454 0.045906256 0.0129795959 1.360021e-02 0.051630967 0.04215233 0.05663658 0.05923630 0.05247983 0.036324182 0.02888213 0.03616795 0.04679362 0.03818038 0.03076657 0.03964004 0.02696129 0.01595006 0.04256310 0.029495279 0.02783550 0.02048123 0.012919193 0.01844280 0.02053411 0.02183753 0.012380832 0.006950963 0.028957577 0.014758494 0.006537223 0.006217204 0.0088611022 8.731633e-03 6.455046e-03 2.778917e-03 4.911623e-03 4.379066e-05 5.524566e-03 7.504056e-04 3.741524e-07 7.653310e-10
   86    1      2      0    0   500  1.333166e-28 4.489489e-03 1.795755e-02 0.038001064 0.051074270 0.0179069724 7.261810e-03 0.030133232 0.02906676 0.06221527 0.06368378 0.02971609 0.042129439 0.03798278 0.03183528 0.04085320 0.03535560 0.02810509 0.03078630 0.03309632 0.04531280 0.02798880 0.040083169 0.02445611 0.03774564 0.019294589 0.01831170 0.02295941 0.01999990 0.029158812 0.015951685 0.009824754 0.016892605 0.009241368 0.003155207 0.0044814881 2.497480e-03 4.232156e-03 6.590600e-03 2.534619e-03 4.422391e-04 8.405612e-06 7.834125e-04 5.454483e-03 9.482785e-04
   88    1      2      0    0   500  4.025227e-07 5.916112e-03 1.628446e-02 0.059384813 0.056209655 0.0131127750 8.021364e-03 0.024408255 0.04131320 0.06676413 0.04906254 0.05432095 0.040517510 0.02547435 0.05677462 0.03607276 0.04588942 0.03139956 0.03039604 0.02241241 0.02280252 0.03924990 0.017337338 0.01811993 0.02377391 0.017967802 0.02289975 0.02710078 0.01631480 0.019414634 0.012958725 0.015117800 0.012114293 0.007741421 0.008611535 0.0089945933 8.261694e-03 5.970546e-03 2.560646e-03 1.899102e-03 1.300344e-03 1.747021e-03 6.762992e-04 3.140251e-03 1.890607e-04
   90    1      2      0    0   500  5.045820e-18 7.832102e-04 1.525127e-02 0.052587126 0.049111686 0.0097545221 9.120590e-03 0.017135306 0.04727464 0.06631966 0.04134708 0.04543039 0.034659125 0.04005974 0.02618138 0.04514892 0.03317510 0.02716459 0.03607264 0.02454915 0.03068281 0.02896640 0.029055520 0.03098828 0.02970816 0.030332368 0.02456477 0.02135919 0.01945687 0.020088912 0.023477768 0.018201157 0.026915653 0.007482330 0.011179625 0.0071752243 9.393815e-03 3.182954e-03 3.425689e-03 7.671107e-04 7.311696e-04 5.459457e-04 9.977215e-05 7.588751e-04 3.335124e-04
   92    1      2      0    0   500  5.172651e-04 2.810870e-03 1.890707e-02 0.047959536 0.033605504 0.0207260300 2.084096e-02 0.029550790 0.06503509 0.05491872 0.05494232 0.04456473 0.032753001 0.04098083 0.03615625 0.04953973 0.03608891 0.02172176 0.02497320 0.01646905 0.03284486 0.02873690 0.032140101 0.02668894 0.02970093 0.015881678 0.01812106 0.01417818 0.01720882 0.036621750 0.016233456 0.021108091 0.019425974 0.005734802 0.006308699 0.0115425026 8.153865e-04 3.168492e-03 3.600641e-03 1.042043e-03 5.476476e-03 1.799002e-04 1.076530e-05 6.650725e-05 1.014648e-04
   94    1      2      0    0   500  3.405317e-09 4.222596e-03 1.319619e-02 0.064375134 0.042358999 0.0173457609 1.462878e-02 0.023945689 0.03213716 0.06528107 0.04753050 0.03309528 0.041823736 0.02475063 0.04635596 0.05110892 0.03241658 0.03687366 0.03361481 0.01324562 0.04478098 0.03433312 0.036580105 0.01510465 0.02561749 0.034889257 0.02430823 0.01963695 0.01875599 0.018898821 0.016427758 0.019503130 0.011756604 0.011118801 0.004944587 0.0044600737 2.329070e-03 3.628604e-03 1.587882e-03 1.037899e-02 6.526473e-04 1.270719e-04 6.951107e-04 4.444399e-04 7.325637e-04
   96    1      2      0    0   500  4.343728e-06 7.722319e-04 1.849528e-02 0.048946839 0.050382545 0.0155320343 6.034356e-03 0.024704309 0.05255249 0.05275125 0.04330293 0.03483832 0.025551604 0.03740579 0.03681138 0.05335607 0.04699627 0.02721705 0.03337748 0.02314972 0.03792099 0.03146500 0.030256164 0.04805981 0.01388442 0.024254977 0.03034894 0.03811574 0.01633957 0.017988925 0.023575646 0.009025739 0.015750186 0.007067715 0.006265262 0.0026467776 9.512263e-04 6.375210e-03 3.381028e-03 3.188476e-04 1.317060e-03 1.500472e-03 9.818062e-05 8.884605e-04 2.134236e-05
   98    1      2      0    0   500  2.503535e-28 6.344659e-03 6.861362e-03 0.045303286 0.031336377 0.0204738947 6.000488e-03 0.045488439 0.04726530 0.05286955 0.03643292 0.03829228 0.035572869 0.03086409 0.02837388 0.02826253 0.04983010 0.04052942 0.02936513 0.04133515 0.04060200 0.04481184 0.034341608 0.02387637 0.02931731 0.032093587 0.02384908 0.02314393 0.01508568 0.020325293 0.011446157 0.014548946 0.010611283 0.012004541 0.012898152 0.0065587863 9.223718e-03 4.585029e-03 2.311335e-03 2.141676e-03 5.996888e-04 9.873939e-06 4.646896e-03 4.470663e-05 1.207862e-04
  100    1      2      0    0   500  1.002562e-19 4.273056e-04 2.717239e-02 0.045511511 0.047096276 0.0205643617 1.097400e-02 0.025042846 0.02866467 0.04918630 0.05695195 0.05421870 0.034397410 0.03311414 0.03537459 0.04157610 0.05298038 0.03456008 0.02746786 0.02931054 0.03669068 0.03087797 0.019083476 0.03420846 0.02792515 0.024616442 0.02063158 0.01920658 0.01440545 0.015539794 0.024589654 0.010664491 0.025592769 0.011722643 0.008197329 0.0051390131 3.976839e-03 3.992369e-03 2.678690e-03 2.727007e-04 2.397349e-03 1.109676e-03 7.050635e-06 1.452461e-04 1.737219e-03
15 #_N_agebins
#_agebin_vector
1 2 3 4 5 6 7 8 9 10 11 12 13 14 15
1 #_N_ageerror_definitions
 #_age0   age1   age2   age3   age4   age5   age6   age7   age8   age9  age10  age11  age12  age13  age14  age15  age16  age17  age18  age19  age20  age21  age22  age23  age24  age25
 -1.000 -1.000 -1.000 -1.000 -1.000 -1.000 -1.000 -1.000 -1.000 -1.000 -1.000 -1.000 -1.000 -1.000 -1.000 -1.000 -1.000 -1.000 -1.000 -1.000 -1.000 -1.000 -1.000 -1.000 -1.000 -1.000
  0.001  0.001  0.001  0.001  0.001  0.001  0.001  0.001  0.001  0.001  0.001  0.001  0.001  0.001  0.001  0.001  0.001  0.001  0.001  0.001  0.001  0.001  0.001  0.001  0.001  0.001
87 #_N_agecomp
1 #_Lbin_method: 1=poplenbins; 2=datalenbins; 3=lengths
-1 #_combine males into females at or below this bin number
 #_Yr Seas FltSvy Gender Part Ageerr Lbin_lo Lbin_hi Nsamp          a1        a2        a3        a4         a5         a6         a7         a8         a9         a10          a11         a12         a13          a14          a15
   26    1      1      0    0      1      -1      -1   125 0.037712757 0.1480208 0.1694016 0.1295125 0.10328090 0.05293780 0.04497879 0.05531235 0.04059782 0.050397142 0.0552913810 0.006588600 0.027362807 0.0096047184 0.0689999870
   36    1      1      0    0      1      -1      -1   125 0.022931824 0.1864294 0.2558017 0.1466717 0.09485494 0.08150865 0.05411063 0.03911485 0.03348641 0.016388442 0.0185975679 0.004932448 0.010426366 0.0001723747 0.0345727063
   46    1      1      0    0      1      -1      -1   125 0.016419896 0.2779673 0.1599119 0.1810909 0.11937525 0.05865131 0.06201911 0.03236096 0.01689726 0.020041972 0.0303072639 0.010998529 0.005559740 0.0027402283 0.0056583225
   56    1      1      0    0      1      -1      -1   125 0.054067493 0.2568478 0.1761034 0.1107351 0.13670853 0.04882170 0.06229500 0.03678189 0.04088367 0.017861646 0.0079701164 0.020292522 0.019766110 0.0075861221 0.0032788247
   60    1      1      0    0      1      -1      -1   125 0.026377628 0.2340430 0.2003350 0.1409982 0.08260440 0.10255134 0.06810581 0.02948408 0.04147529 0.039252563 0.0061447161 0.024005443 0.002722266 0.0016859190 0.0002143515
   64    1      1      0    0      1      -1      -1   125 0.041693012 0.2795969 0.2071001 0.1661933 0.07370453 0.05626779 0.05140483 0.04523407 0.02673504 0.014597608 0.0097420786 0.002892664 0.002309287 0.0072478812 0.0152809443
   68    1      1      0    0      1      -1      -1   125 0.008533703 0.2125537 0.2140450 0.1045949 0.15561635 0.10676758 0.08024730 0.01493977 0.03028108 0.004608077 0.0282575597 0.009024225 0.014063011 0.0059918000 0.0104759189
   72    1      1      0    0      1      -1      -1   125 0.011970255 0.2714792 0.1879916 0.1283582 0.07185254 0.09175559 0.04052505 0.05029914 0.03750368 0.029701478 0.0175744201 0.029461963 0.002244796 0.0028203074 0.0264618467
   76    1      1      0    0      1      -1      -1   125 0.039375621 0.2254921 0.2624148 0.1663955 0.10255682 0.04119374 0.05260175 0.05291053 0.01575976 0.006183093 0.0041778199 0.013291048 0.001904922 0.0010079415 0.0147346289
   80    1      1      0    0      1      -1      -1   125 0.041155356 0.1997746 0.2043377 0.1658891 0.13841792 0.06189130 0.03614291 0.03507096 0.01935852 0.011840048 0.0126794199 0.002416052 0.023405519 0.0090938625 0.0385266157
   84    1      1      0    0      1      -1      -1   125 0.019735248 0.2228635 0.1676103 0.1572535 0.13233887 0.10608215 0.04327888 0.04796080 0.04105387 0.006928449 0.0174061224 0.005848792 0.008817113 0.0011374869 0.0216849601
   88    1      1      0    0      1      -1      -1   125 0.014226347 0.2265894 0.2353122 0.1391705 0.10644957 0.08940989 0.02789925 0.04197397 0.01593544 0.028483960 0.0126912654 0.019950270 0.010420822 0.0164528590 0.0150342321
   92    1      1      0    0      1      -1      -1   125 0.028489660 0.3295550 0.2108918 0.1123057 0.11804139 0.06293483 0.02981717 0.04955492 0.01702532 0.006359232 0.0008925415 0.003601539 0.014098423 0.0055452711 0.0108871871
   96    1      1      0    0      1      -1      -1   125 0.033584505 0.3032342 0.2148628 0.1061310 0.08685364 0.08601170 0.05485853 0.02119996 0.02551030 0.019300700 0.0267971454 0.006130184 0.003904968 0.0022667378 0.0093536065
  100    1      1      0    0      1      -1      -1   125 0.005630076 0.2875878 0.1888029 0.1520847 0.08161189 0.11919014 0.03505891 0.02558349 0.04495198 0.013898935 0.0033418698 0.022173446 0.005306398 0.0002667410 0.0145107277
   76    1      2      0    0      1      -1      -1   500 0.133660730 0.2501190 0.1449760 0.1325756 0.07788543 0.05594063 0.05882552 0.03640930 0.04429539 0.016083784 0.0117896972 0.014578110 0.002870446 0.0036243149 0.0163660893
   78    1      2      0    0      1      -1      -1   500 0.178461410 0.2101843 0.1545493 0.1274240 0.10377690 0.05199924 0.05385430 0.02672611 0.03076778 0.023709912 0.0077567406 0.005322464 0.011715111 0.0017996290 0.0119527882
   80    1      2      0    0      1      -1      -1   500 0.131392109 0.2309344 0.1683096 0.1310967 0.08718710 0.06814296 0.05492895 0.02395225 0.02463512 0.013273014 0.0191273729 0.027470563 0.002894461 0.0076305933 0.0090247942
   82    1      2      0    0      1      -1      -1   500 0.131018987 0.2209932 0.1746481 0.1012791 0.09500420 0.07834252 0.03965766 0.04209847 0.02956145 0.026282804 0.0143462903 0.017363371 0.009630835 0.0046344563 0.0151385205
   84    1      2      0    0      1      -1      -1   500 0.123133039 0.2481596 0.1656302 0.1182920 0.09349026 0.08317027 0.03293927 0.02805519 0.01957889 0.037493758 0.0110890374 0.005747680 0.014505025 0.0060517407 0.0126640752
   86    1      2      0    0      1      -1      -1   500 0.153864830 0.2382418 0.1576567 0.1200352 0.09412418 0.05778409 0.05791202 0.02808749 0.01341554 0.014417733 0.0113822355 0.013592492 0.008060437 0.0175979617 0.0138273187
   88    1      2      0    0      1      -1      -1   500 0.139556922 0.2270368 0.1725383 0.1161209 0.10368678 0.06593096 0.03947085 0.04148754 0.01571850 0.023184522 0.0209392274 0.012561629 0.006150257 0.0029054053 0.0127114383
   90    1      2      0    0      1      -1      -1   500 0.128012748 0.2169916 0.1719125 0.1401368 0.09363662 0.06941083 0.04024759 0.03816851 0.02512964 0.018679448 0.0074025705 0.023933854 0.005461422 0.0114707961 0.0094050814
   92    1      2      0    0      1      -1      -1   500 0.122358321 0.2380456 0.1664736 0.1518202 0.06721270 0.05298882 0.05597401 0.03940269 0.03229634 0.020845862 0.0063423330 0.019620193 0.003679540 0.0037851148 0.0191546362
   94    1      2      0    0      1      -1      -1   500 0.124325161 0.2357994 0.1775195 0.1069650 0.09622281 0.07987416 0.04608642 0.04340728 0.02325473 0.026519124 0.0120501809 0.007840014 0.004529735 0.0035396117 0.0120669352
   96    1      2      0    0      1      -1      -1   500 0.119078443 0.2366502 0.1705326 0.1296483 0.08921847 0.06536145 0.04646984 0.02575472 0.04622009 0.019747279 0.0131670242 0.009991431 0.013106102 0.0039019768 0.0111520499
   98    1      2      0    0      1      -1      -1   500 0.131728914 0.2090793 0.1360112 0.1297880 0.12887669 0.06628774 0.07214053 0.02830950 0.02746438 0.011294454 0.0131272354 0.009332686 0.016393604 0.0061872905 0.0139784597
  100    1      2      0    0      1      -1      -1   500 0.152532572 0.2104712 0.1792302 0.1215031 0.08838632 0.07467806 0.05057253 0.02725164 0.02034240 0.011597894 0.0178588570 0.008026879 0.004193341 0.0086697836 0.0246851546
   60    1      1      0    0      1       3       3     1 1.000000000 0.0000000 0.0000000 0.0000000 0.00000000 0.00000000 0.00000000 0.00000000 0.00000000 0.000000000 0.0000000000 0.000000000 0.000000000 0.0000000000 0.0000000000
   60    1      1      0    0      1       4       4     1 1.000000000 0.0000000 0.0000000 0.0000000 0.00000000 0.00000000 0.00000000 0.00000000 0.00000000 0.000000000 0.0000000000 0.000000000 0.000000000 0.0000000000 0.0000000000
   60    1      1      0    0      1       5       5     5 5.000000000 0.0000000 0.0000000 0.0000000 0.00000000 0.00000000 0.00000000 0.00000000 0.00000000 0.000000000 0.0000000000 0.000000000 0.000000000 0.0000000000 0.0000000000
   60    1      1      0    0      1       6       6     1 1.000000000 0.0000000 0.0000000 0.0000000 0.00000000 0.00000000 0.00000000 0.00000000 0.00000000 0.000000000 0.0000000000 0.000000000 0.000000000 0.0000000000 0.0000000000
   60    1      1      0    0      1       7       7     2 2.000000000 0.0000000 0.0000000 0.0000000 0.00000000 0.00000000 0.00000000 0.00000000 0.00000000 0.000000000 0.0000000000 0.000000000 0.000000000 0.0000000000 0.0000000000
   60    1      1      0    0      1       9       9     1 1.000000000 0.0000000 0.0000000 0.0000000 0.00000000 0.00000000 0.00000000 0.00000000 0.00000000 0.000000000 0.0000000000 0.000000000 0.000000000 0.0000000000 0.0000000000
   60    1      1      0    0      1      10      10     2 2.000000000 0.0000000 0.0000000 0.0000000 0.00000000 0.00000000 0.00000000 0.00000000 0.00000000 0.000000000 0.0000000000 0.000000000 0.000000000 0.0000000000 0.0000000000
   60    1      1      0    0      1      11      11     3 3.000000000 0.0000000 0.0000000 0.0000000 0.00000000 0.00000000 0.00000000 0.00000000 0.00000000 0.000000000 0.0000000000 0.000000000 0.000000000 0.0000000000 0.0000000000
   60    1      1      0    0      1      12      12     7 7.000000000 0.0000000 0.0000000 0.0000000 0.00000000 0.00000000 0.00000000 0.00000000 0.00000000 0.000000000 0.0000000000 0.000000000 0.000000000 0.0000000000 0.0000000000
   60    1      1      0    0      1      13      13     3 3.000000000 0.0000000 0.0000000 0.0000000 0.00000000 0.00000000 0.00000000 0.00000000 0.00000000 0.000000000 0.0000000000 0.000000000 0.000000000 0.0000000000 0.0000000000
   60    1      1      0    0      1      14      14     3 3.000000000 0.0000000 0.0000000 0.0000000 0.00000000 0.00000000 0.00000000 0.00000000 0.00000000 0.000000000 0.0000000000 0.000000000 0.000000000 0.0000000000 0.0000000000
   60    1      1      0    0      1      15      15     7 7.000000000 0.0000000 0.0000000 0.0000000 0.00000000 0.00000000 0.00000000 0.00000000 0.00000000 0.000000000 0.0000000000 0.000000000 0.000000000 0.0000000000 0.0000000000
   60    1      1      0    0      1      16      16     6 6.000000000 0.0000000 0.0000000 0.0000000 0.00000000 0.00000000 0.00000000 0.00000000 0.00000000 0.000000000 0.0000000000 0.000000000 0.000000000 0.0000000000 0.0000000000
   60    1      1      0    0      1      17      17     5 5.000000000 0.0000000 0.0000000 0.0000000 0.00000000 0.00000000 0.00000000 0.00000000 0.00000000 0.000000000 0.0000000000 0.000000000 0.000000000 0.0000000000 0.0000000000
   60    1      1      0    0      1      19      19     2 2.000000000 0.0000000 0.0000000 0.0000000 0.00000000 0.00000000 0.00000000 0.00000000 0.00000000 0.000000000 0.0000000000 0.000000000 0.000000000 0.0000000000 0.0000000000
   60    1      1      0    0      1      20      20     4 4.000000000 0.0000000 0.0000000 0.0000000 0.00000000 0.00000000 0.00000000 0.00000000 0.00000000 0.000000000 0.0000000000 0.000000000 0.000000000 0.0000000000 0.0000000000
   60    1      1      0    0      1      21      21     3 3.000000000 0.0000000 0.0000000 0.0000000 0.00000000 0.00000000 0.00000000 0.00000000 0.00000000 0.000000000 0.0000000000 0.000000000 0.000000000 0.0000000000 0.0000000000
   60    1      1      0    0      1      22      22     6 6.000000000 0.0000000 0.0000000 0.0000000 0.00000000 0.00000000 0.00000000 0.00000000 0.00000000 0.000000000 0.0000000000 0.000000000 0.000000000 0.0000000000 0.0000000000
   60    1      1      0    0      1      23      23     3 3.000000000 0.0000000 0.0000000 0.0000000 0.00000000 0.00000000 0.00000000 0.00000000 0.00000000 0.000000000 0.0000000000 0.000000000 0.000000000 0.0000000000 0.0000000000
   60    1      1      0    0      1      24      24     3 3.000000000 0.0000000 0.0000000 0.0000000 0.00000000 0.00000000 0.00000000 0.00000000 0.00000000 0.000000000 0.0000000000 0.000000000 0.000000000 0.0000000000 0.0000000000
   60    1      1      0    0      1      25      25     8 8.000000000 0.0000000 0.0000000 0.0000000 0.00000000 0.00000000 0.00000000 0.00000000 0.00000000 0.000000000 0.0000000000 0.000000000 0.000000000 0.0000000000 0.0000000000
   60    1      1      0    0      1      26      26     6 6.000000000 0.0000000 0.0000000 0.0000000 0.00000000 0.00000000 0.00000000 0.00000000 0.00000000 0.000000000 0.0000000000 0.000000000 0.000000000 0.0000000000 0.0000000000
   60    1      1      0    0      1      27      27     2 2.000000000 0.0000000 0.0000000 0.0000000 0.00000000 0.00000000 0.00000000 0.00000000 0.00000000 0.000000000 0.0000000000 0.000000000 0.000000000 0.0000000000 0.0000000000
   60    1      1      0    0      1      28      28     2 2.000000000 0.0000000 0.0000000 0.0000000 0.00000000 0.00000000 0.00000000 0.00000000 0.00000000 0.000000000 0.0000000000 0.000000000 0.000000000 0.0000000000 0.0000000000
   60    1      1      0    0      1      29      29     8 4.000000000 4.0000000 0.0000000 0.0000000 0.00000000 0.00000000 0.00000000 0.00000000 0.00000000 0.000000000 0.0000000000 0.000000000 0.000000000 0.0000000000 0.0000000000
   60    1      1      0    0      1      30      30     3 0.000000000 3.0000000 0.0000000 0.0000000 0.00000000 0.00000000 0.00000000 0.00000000 0.00000000 0.000000000 0.0000000000 0.000000000 0.000000000 0.0000000000 0.0000000000
   60    1      1      0    0      1      31      31     1 0.000000000 1.0000000 0.0000000 0.0000000 0.00000000 0.00000000 0.00000000 0.00000000 0.00000000 0.000000000 0.0000000000 0.000000000 0.000000000 0.0000000000 0.0000000000
   60    1      1      0    0      1      32      32     1 0.000000000 1.0000000 0.0000000 0.0000000 0.00000000 0.00000000 0.00000000 0.00000000 0.00000000 0.000000000 0.0000000000 0.000000000 0.000000000 0.0000000000 0.0000000000
   60    1      1      0    0      1      33      33     1 0.000000000 1.0000000 0.0000000 0.0000000 0.00000000 0.00000000 0.00000000 0.00000000 0.00000000 0.000000000 0.0000000000 0.000000000 0.000000000 0.0000000000 0.0000000000
  100    1      1      0    0      1       2       2     1 1.000000000 0.0000000 0.0000000 0.0000000 0.00000000 0.00000000 0.00000000 0.00000000 0.00000000 0.000000000 0.0000000000 0.000000000 0.000000000 0.0000000000 0.0000000000
  100    1      1      0    0      1       4       4     1 1.000000000 0.0000000 0.0000000 0.0000000 0.00000000 0.00000000 0.00000000 0.00000000 0.00000000 0.000000000 0.0000000000 0.000000000 0.000000000 0.0000000000 0.0000000000
  100    1      1      0    0      1       5       5     1 1.000000000 0.0000000 0.0000000 0.0000000 0.00000000 0.00000000 0.00000000 0.00000000 0.00000000 0.000000000 0.0000000000 0.000000000 0.000000000 0.0000000000 0.0000000000
  100    1      1      0    0      1       7       7     3 3.000000000 0.0000000 0.0000000 0.0000000 0.00000000 0.00000000 0.00000000 0.00000000 0.00000000 0.000000000 0.0000000000 0.000000000 0.000000000 0.0000000000 0.0000000000
  100    1      1      0    0      1       8       8     4 4.000000000 0.0000000 0.0000000 0.0000000 0.00000000 0.00000000 0.00000000 0.00000000 0.00000000 0.000000000 0.0000000000 0.000000000 0.000000000 0.0000000000 0.0000000000
  100    1      1      0    0      1       9       9     5 5.000000000 0.0000000 0.0000000 0.0000000 0.00000000 0.00000000 0.00000000 0.00000000 0.00000000 0.000000000 0.0000000000 0.000000000 0.000000000 0.0000000000 0.0000000000
  100    1      1      0    0      1      10      10     6 6.000000000 0.0000000 0.0000000 0.0000000 0.00000000 0.00000000 0.00000000 0.00000000 0.00000000 0.000000000 0.0000000000 0.000000000 0.000000000 0.0000000000 0.0000000000
  100    1      1      0    0      1      11      11     6 6.000000000 0.0000000 0.0000000 0.0000000 0.00000000 0.00000000 0.00000000 0.00000000 0.00000000 0.000000000 0.0000000000 0.000000000 0.000000000 0.0000000000 0.0000000000
  100    1      1      0    0      1      12      12     4 4.000000000 0.0000000 0.0000000 0.0000000 0.00000000 0.00000000 0.00000000 0.00000000 0.00000000 0.000000000 0.0000000000 0.000000000 0.000000000 0.0000000000 0.0000000000
  100    1      1      0    0      1      13      13     6 6.000000000 0.0000000 0.0000000 0.0000000 0.00000000 0.00000000 0.00000000 0.00000000 0.00000000 0.000000000 0.0000000000 0.000000000 0.000000000 0.0000000000 0.0000000000
  100    1      1      0    0      1      14      14     5 5.000000000 0.0000000 0.0000000 0.0000000 0.00000000 0.00000000 0.00000000 0.00000000 0.00000000 0.000000000 0.0000000000 0.000000000 0.000000000 0.0000000000 0.0000000000
  100    1      1      0    0      1      15      15     2 2.000000000 0.0000000 0.0000000 0.0000000 0.00000000 0.00000000 0.00000000 0.00000000 0.00000000 0.000000000 0.0000000000 0.000000000 0.000000000 0.0000000000 0.0000000000
  100    1      1      0    0      1      16      16     4 4.000000000 0.0000000 0.0000000 0.0000000 0.00000000 0.00000000 0.00000000 0.00000000 0.00000000 0.000000000 0.0000000000 0.000000000 0.000000000 0.0000000000 0.0000000000
  100    1      1      0    0      1      17      17     9 9.000000000 0.0000000 0.0000000 0.0000000 0.00000000 0.00000000 0.00000000 0.00000000 0.00000000 0.000000000 0.0000000000 0.000000000 0.000000000 0.0000000000 0.0000000000
  100    1      1      0    0      1      18      18     2 2.000000000 0.0000000 0.0000000 0.0000000 0.00000000 0.00000000 0.00000000 0.00000000 0.00000000 0.000000000 0.0000000000 0.000000000 0.000000000 0.0000000000 0.0000000000
  100    1      1      0    0      1      19      19     3 3.000000000 0.0000000 0.0000000 0.0000000 0.00000000 0.00000000 0.00000000 0.00000000 0.00000000 0.000000000 0.0000000000 0.000000000 0.000000000 0.0000000000 0.0000000000
  100    1      1      0    0      1      20      20     6 6.000000000 0.0000000 0.0000000 0.0000000 0.00000000 0.00000000 0.00000000 0.00000000 0.00000000 0.000000000 0.0000000000 0.000000000 0.000000000 0.0000000000 0.0000000000
  100    1      1      0    0      1      21      21     6 6.000000000 0.0000000 0.0000000 0.0000000 0.00000000 0.00000000 0.00000000 0.00000000 0.00000000 0.000000000 0.0000000000 0.000000000 0.000000000 0.0000000000 0.0000000000
  100    1      1      0    0      1      22      22     3 3.000000000 0.0000000 0.0000000 0.0000000 0.00000000 0.00000000 0.00000000 0.00000000 0.00000000 0.000000000 0.0000000000 0.000000000 0.000000000 0.0000000000 0.0000000000
  100    1      1      0    0      1      23      23     3 3.000000000 0.0000000 0.0000000 0.0000000 0.00000000 0.00000000 0.00000000 0.00000000 0.00000000 0.000000000 0.0000000000 0.000000000 0.000000000 0.0000000000 0.0000000000
  100    1      1      0    0      1      24      24     1 1.000000000 0.0000000 0.0000000 0.0000000 0.00000000 0.00000000 0.00000000 0.00000000 0.00000000 0.000000000 0.0000000000 0.000000000 0.000000000 0.0000000000 0.0000000000
  100    1      1      0    0      1      25      25     5 5.000000000 0.0000000 0.0000000 0.0000000 0.00000000 0.00000000 0.00000000 0.00000000 0.00000000 0.000000000 0.0000000000 0.000000000 0.000000000 0.0000000000 0.0000000000
  100    1      1      0    0      1      26      26     1 1.000000000 0.0000000 0.0000000 0.0000000 0.00000000 0.00000000 0.00000000 0.00000000 0.00000000 0.000000000 0.0000000000 0.000000000 0.000000000 0.0000000000 0.0000000000
  100    1      1      0    0      1      27      27     3 3.000000000 0.0000000 0.0000000 0.0000000 0.00000000 0.00000000 0.00000000 0.00000000 0.00000000 0.000000000 0.0000000000 0.000000000 0.000000000 0.0000000000 0.0000000000
  100    1      1      0    0      1      28      28     4 3.000000000 1.0000000 0.0000000 0.0000000 0.00000000 0.00000000 0.00000000 0.00000000 0.00000000 0.000000000 0.0000000000 0.000000000 0.000000000 0.0000000000 0.0000000000
  100    1      1      0    0      1      29      29     2 1.000000000 1.0000000 0.0000000 0.0000000 0.00000000 0.00000000 0.00000000 0.00000000 0.00000000 0.000000000 0.0000000000 0.000000000 0.000000000 0.0000000000 0.0000000000
  100    1      1      0    0      1      30      30     1 0.000000000 1.0000000 0.0000000 0.0000000 0.00000000 0.00000000 0.00000000 0.00000000 0.00000000 0.000000000 0.0000000000 0.000000000 0.000000000 0.0000000000 0.0000000000
  100    1      1      0    0      1      31      31     1 0.000000000 1.0000000 0.0000000 0.0000000 0.00000000 0.00000000 0.00000000 0.00000000 0.00000000 0.000000000 0.0000000000 0.000000000 0.000000000 0.0000000000 0.0000000000
  100    1      1      0    0      1      32      32     1 0.000000000 1.0000000 0.0000000 0.0000000 0.00000000 0.00000000 0.00000000 0.00000000 0.00000000 0.000000000 0.0000000000 0.000000000 0.000000000 0.0000000000 0.0000000000
  100    1      1      0    0      1      38      38     1 0.000000000 1.0000000 0.0000000 0.0000000 0.00000000 0.00000000 0.00000000 0.00000000 0.00000000 0.000000000 0.0000000000 0.000000000 0.000000000 0.0000000000 0.0000000000
0 #_N_MeanSize_at_Age_obs
0 #_N_environ_variables
0 #_N_environ_obs
0 #_N_sizefreq_methods
0 #_do_tags
0 #_morphcomp_data
#
999
