#C data file created using the SS_writedat function in the R package r4ss
#C should work with SS version: 
#C file write time: 2015-02-11 18:40:01
#
1 #_styr
100 #_endyr
1 #_nseas
12 #_months_per_seas
1 #_spawn_seas
1 #_Nfleet
2 #_Nsurveys
1 #_N_areas
Fishery%Survey%CPUE #_fleetnames
0.5 0.5 0.5 #_surveytiming_in_season
1 1 1 #_area_assignments_for_each_fishery_and_survey
1 #_units of catch:  1=bio; 2=num
0.01 #_se of log(catch) only used for init_eq_catch and for Fmethod 2 and 3
1 #_Ngenders
25 #_Nages
0 #_init_equil_catch_for_each_fishery
100 #_N_lines_of_catch_to_read
 #_Fishery year seas
         0    1    1
         0    2    1
         0    3    1
         0    4    1
         0    5    1
         0    6    1
         0    7    1
         0    8    1
         0    9    1
         0   10    1
         0   11    1
         0   12    1
         0   13    1
         0   14    1
         0   15    1
         0   16    1
         0   17    1
         0   18    1
         0   19    1
         0   20    1
         0   21    1
         0   22    1
         0   23    1
         0   24    1
         0   25    1
 444646000   26    1
 397608000   27    1
 357583000   28    1
 324161000   29    1
 296656000   30    1
 274240000   31    1
 256057000   32    1
 241314000   33    1
 229322000   34    1
 219511000   35    1
 211426000   36    1
 204710000   37    1
 199088000   38    1
 194347000   39    1
 190324000   40    1
 186891000   41    1
 183948000   42    1
 181416000   43    1
 179230000   44    1
 177337000   45    1
 175694000   46    1
 174266000   47    1
 173022000   48    1
 171937000   49    1
 170990000   50    1
 170161000   51    1
 169436000   52    1
 168801000   53    1
 168243000   54    1
 167755000   55    1
 167325000   56    1
 166948000   57    1
 166617000   58    1
 166326000   59    1
 166070000   60    1
 165844000   61    1
 165646000   62    1
 165471000   63    1
 165317000   64    1
 165182000   65    1
 165063000   66    1
 164958000   67    1
 164865000   68    1
 164784000   69    1
 164712000   70    1
 164649000   71    1
 164593000   72    1
 164544000   73    1
 164500000   74    1
 164462000   75    1
 164429000   76    1
 164399000   77    1
 164373000   78    1
 164350000   79    1
 164329000   80    1
 164311000   81    1
 164296000   82    1
 164282000   83    1
 164269000   84    1
 164258000   85    1
 164249000   86    1
 164240000   87    1
 164233000   88    1
 164227000   89    1
 164221000   90    1
 164216000   91    1
 164211000   92    1
 164207000   93    1
 164204000   94    1
 164201000   95    1
 164198000   96    1
 164195000   97    1
 164193000   98    1
 164192000   99    1
 164190000  100    1
13 #_N_cpue
 #_Fleet Units Errtype
       1     1       0
       2     1       0
       3     1       0
 #_year seas index        obs se_log
     76    1     2 1198704375    0.2
     78    1     2 1719287092    0.2
     80    1     2 1451673563    0.2
     82    1     2 1374243668    0.2
     84    1     2 1950746826    0.2
     86    1     2 1635366976    0.2
     88    1     2 1961970916    0.2
     90    1     2 1116201375    0.2
     92    1     2 1124243353    0.2
     94    1     2 1309627501    0.2
     96    1     2 1373210300    0.2
     98    1     2 1734500029    0.2
    100    1     2 1470721854    0.2
0 #_N_discard_fleets
#_discard_units (1=same_as_catchunits(bio/num); 2=fraction; 3=numbers)
#_discard_errtype:  >0 for DF of T-dist(read CV below); 0 for normal with CV; -1 for normal with se; -2 for lognormal
0 #_N_discard
0 #_N_meanbodywt
1 #_DF_for_meanbodywt_T-distribution_like
2 # length bin method: 1=use databins; 2=generate from binwidth,min,max below; 3=read vector
1 # binwidth for population size comp
10 # minimum size in the population (lower edge of first bin and size at age 0.00)
200 # maximum size in the population (lower edge of last bin)
-0.001 #_comp_tail_compression
1e-05 #_add_to_comp
0 #_combine males into females at or below this bin number
45 #_N_lbins
#_lbin_vector
20 23 26 29 32 35 38 41 44 47 50 53 56 59 62 65 68 71 74 77 80 83 86 89 92 95 98 101 104 107 110 113 116 119 122 125 128 131 134 137 140 143 146 149 152
28 #_N_Length_comp_observations
 #_Yr Seas FltSvy Gender Part Nsamp           l20          l23          l26          l29          l32          l35          l38         l41        l44        l47        l50        l53        l56        l59        l62        l65        l68        l71        l74        l77        l80        l83        l86         l89         l92         l95         l98        l101        l104        l107        l110        l113         l116        l119        l122         l125         l128         l131         l134         l137         l140         l143         l146         l149         l152
   26    1      1      0    0   125  0.000000e+00 5.874961e-17 1.832689e-06 0.0022946529 0.0010122402 0.0091963324 8.608258e-07 0.018913717 0.02519939 0.02995612 0.03726885 0.01927823 0.02322200 0.02888635 0.04940852 0.02000319 0.07601202 0.01158446 0.04490329 0.01161741 0.03121353 0.04733911 0.01581637 0.033678699 0.030072710 0.031504136 0.040598463 0.040158386 0.031561346 0.038013543 0.007701863 0.058264177 0.0247353174 0.057901658 0.019069592 0.0093322558 0.0158033292 0.0091039239 0.0112045253 2.184472e-02 3.758343e-03 8.679783e-03 3.604817e-03 1.746202e-04 1.053068e-04
   36    1      1      0    0   125  6.462890e-34 2.540367e-23 6.823238e-04 0.0070868177 0.0399448674 0.0059180314 1.146153e-02 0.030666790 0.05705072 0.02735028 0.04678414 0.05449143 0.02310364 0.03351498 0.02885434 0.04135685 0.05918403 0.04692849 0.04015316 0.02047084 0.05068398 0.02472431 0.01666682 0.045519721 0.048158076 0.027869310 0.026426049 0.036723648 0.010579389 0.032225082 0.015517866 0.010369067 0.0046747051 0.005968992 0.011298067 0.0039666039 0.0103055765 0.0042688494 0.0077171134 1.422764e-02 1.255831e-02 2.859763e-06 8.978038e-04 6.668388e-06 3.640244e-03
   46    1      1      0    0   125  8.927009e-19 3.683221e-06 2.112950e-03 0.0157801485 0.0174733408 0.0001357178 2.621495e-03 0.027808456 0.03289400 0.05557332 0.08841363 0.05536538 0.04049584 0.04079868 0.02097082 0.02752739 0.06777116 0.06954986 0.04031858 0.03890355 0.03557217 0.01216740 0.01198660 0.023072371 0.051322705 0.024630934 0.035110176 0.020066648 0.008004663 0.027828651 0.018013896 0.017610605 0.0249349170 0.007952422 0.006988709 0.0071829218 0.0083886803 0.0021472748 0.0040548415 7.784853e-05 1.729903e-04 6.683664e-03 1.505339e-03 4.816674e-07 5.096852e-06
   56    1      1      0    0   125  9.068652e-19 5.528050e-10 1.056308e-02 0.0183369257 0.0054528208 0.0082097547 5.316698e-03 0.028377654 0.07259443 0.04336915 0.03517914 0.04127040 0.02670454 0.02243064 0.03046088 0.04860637 0.04101859 0.02115503 0.05712397 0.02478596 0.05998211 0.01740562 0.07335443 0.018055291 0.023185311 0.015022885 0.016444826 0.060695432 0.015690598 0.027834933 0.018161063 0.010746564 0.0008677949 0.036611068 0.003158982 0.0145655085 0.0082634417 0.0005097618 0.0059858890 2.583535e-02 5.030563e-07 4.191075e-03 2.462513e-03 1.304304e-05 1.198323e-13
   60    1      1      0    0   125  9.077159e-91 6.809481e-06 1.135086e-03 0.0110176548 0.0299081456 0.0065775497 2.296459e-03 0.004677964 0.03500010 0.05122313 0.07810619 0.07189637 0.02917528 0.05276164 0.04176368 0.06009123 0.04306455 0.05136884 0.04202727 0.02838305 0.01829791 0.03458559 0.03538638 0.021051087 0.058743308 0.009774136 0.028109580 0.007986312 0.026572112 0.031787273 0.002370507 0.006738302 0.0048165708 0.015970499 0.005755696 0.0158422899 0.0070201044 0.0144647772 0.0056811516 6.905375e-04 5.321330e-03 7.414253e-06 1.443356e-06 1.374592e-08 2.544687e-03
   64    1      1      0    0   125  4.839856e-18 1.373595e-03 8.597434e-04 0.0046281835 0.0039119301 0.0088193303 1.106658e-03 0.015201955 0.04484940 0.06669742 0.06904079 0.05405302 0.02338699 0.03393724 0.03097320 0.03355807 0.06098157 0.06375801 0.01633354 0.03152504 0.03769533 0.04020699 0.03485556 0.010850215 0.023706149 0.039230584 0.030950697 0.022564975 0.036971305 0.052348227 0.023687457 0.006358907 0.0099067993 0.009692275 0.034661782 0.0091987509 0.0001095984 0.0018240904 0.0017892229 2.565955e-04 5.565211e-03 2.387848e-03 1.857353e-04 4.788447e-14 6.873327e-12
   68    1      1      0    0   125  1.063200e-33 3.680358e-10 1.327927e-03 0.0074048457 0.0004645663 0.0021718321 7.578182e-03 0.015680434 0.03063138 0.05301504 0.05012161 0.03700868 0.04114500 0.01402356 0.02131026 0.04363713 0.05916528 0.02650177 0.08498786 0.06112932 0.05299839 0.04110555 0.06388072 0.009275761 0.037646463 0.008087283 0.020414929 0.028931839 0.034157948 0.042968363 0.005257058 0.022236444 0.0437887913 0.011707590 0.010655831 0.0009493879 0.0002614535 0.0037838753 0.0006547279 2.488762e-03 1.281526e-03 3.376885e-08 9.153991e-05 3.109445e-09 7.103879e-05
   72    1      1      0    0   125  2.183062e-87 1.293520e-17 3.020925e-04 0.0136155156 0.0016325007 0.0043490346 5.258680e-03 0.009386913 0.05203681 0.08128015 0.08397650 0.02427286 0.05227696 0.02464898 0.04667430 0.02367431 0.03927467 0.02735118 0.02750802 0.03384862 0.03354650 0.02437281 0.03277102 0.115350398 0.006092636 0.034436597 0.022292942 0.036461672 0.002857495 0.016208065 0.015775230 0.013049948 0.0248417371 0.011496504 0.012015945 0.0387174908 0.0002781271 0.0058071290 0.0009270163 7.648582e-04 3.828628e-05 2.761680e-04 2.123425e-04 1.858939e-08 4.097168e-05
   76    1      1      0    0   125 5.987499e-224 9.494313e-12 2.268709e-02 0.0155890288 0.0058496242 0.0020509772 1.437311e-02 0.008013343 0.02224897 0.03600999 0.03717319 0.03915278 0.02816195 0.02841745 0.10357463 0.04910059 0.03785349 0.03705839 0.02518006 0.04416125 0.07240292 0.06339191 0.04549191 0.021678456 0.048205935 0.017312548 0.025428464 0.028654353 0.015853587 0.006059525 0.006035029 0.007783169 0.0084954963 0.020274686 0.021337297 0.0121012757 0.0074078802 0.0043421625 0.0055972769 3.347987e-05 3.486719e-03 1.881863e-06 1.371471e-04 2.704736e-11 1.831008e-03
   80    1      1      0    0   125 6.330230e-180 6.858482e-15 2.127631e-02 0.0042933929 0.0121075582 0.0040673181 8.490389e-03 0.014636934 0.06229404 0.07079000 0.05678400 0.05551841 0.02658427 0.02798410 0.01779227 0.03774268 0.04982783 0.02956019 0.02463934 0.04818222 0.05638877 0.04624306 0.01938047 0.026188627 0.017999371 0.037984725 0.028401852 0.050386547 0.023989091 0.013207860 0.033518257 0.002901957 0.0111518076 0.015861426 0.002106708 0.0010342102 0.0017976949 0.0262382118 0.0003888339 8.101907e-03 9.529536e-06 1.343654e-06 2.423755e-05 2.813448e-04 3.840898e-03
   84    1      1      0    0   125 1.541838e-143 1.300609e-21 8.557475e-04 0.0225958441 0.0048240915 0.0152739420 1.054836e-02 0.029052201 0.06009310 0.09955031 0.05057321 0.02687015 0.01416121 0.03859530 0.08545352 0.05416788 0.01954323 0.02793578 0.05347166 0.02447309 0.03093901 0.02395526 0.04931940 0.036978514 0.021080570 0.029938720 0.015171124 0.030142172 0.018732799 0.007804981 0.025551923 0.024177256 0.0220779623 0.010756746 0.011310359 0.0003130289 0.0004616404 0.0002569342 0.0004981417 9.135844e-04 4.927061e-06 6.945742e-09 1.568600e-03 3.457364e-07 7.357329e-06
   88    1      1      0    0   125  5.321365e-98 2.342304e-11 1.190040e-03 0.0046649717 0.0017052928 0.0007296006 1.326513e-02 0.047066088 0.03541536 0.08435390 0.04317026 0.06711161 0.03879792 0.07788520 0.04851457 0.02146201 0.04572096 0.03300695 0.04029983 0.04847809 0.03741896 0.04291162 0.04494226 0.016069153 0.029806247 0.025828644 0.006523424 0.025920035 0.019525474 0.024808702 0.008548912 0.009870285 0.0173795165 0.001777664 0.010252138 0.0011517193 0.0082160659 0.0047613393 0.0111125119 3.557428e-05 1.461064e-04 4.027549e-05 2.923972e-17 5.350719e-08 1.155353e-04
   92    1      1      0    0   125  2.816300e-03 1.762826e-16 7.846153e-04 0.0039202405 0.0169874599 0.0032264420 1.278869e-02 0.012851441 0.05232774 0.09272289 0.03044510 0.04920769 0.04271464 0.01940879 0.03860347 0.03709340 0.03071908 0.06452179 0.02524347 0.07798334 0.02705437 0.04640212 0.02048685 0.050449244 0.021462637 0.023875027 0.031508103 0.019277306 0.019820731 0.040357551 0.018562775 0.014787792 0.0222398440 0.001076526 0.005372064 0.0065289550 0.0143875905 0.0001465536 0.0016787700 1.470302e-05 3.831690e-10 1.106009e-04 5.907757e-14 4.464747e-18 3.329976e-05
   96    1      1      0    0   125  2.417694e-77 2.967240e-03 4.541989e-05 0.0031620929 0.0076732119 0.0094302741 2.330789e-03 0.010911809 0.06317476 0.04969480 0.07047651 0.05717831 0.01933318 0.04542002 0.02986372 0.02510943 0.03330181 0.05163404 0.03947957 0.04422453 0.05033507 0.03401280 0.02520877 0.037805969 0.023670047 0.022444088 0.011396108 0.021109175 0.020939919 0.025227770 0.017345777 0.052343893 0.0091938376 0.014565593 0.002004211 0.0075820858 0.0280329863 0.0025199118 0.0222888899 1.278611e-08 2.108240e-03 3.580979e-11 7.122912e-10 2.647772e-09 4.453323e-03
  100    1      1      0    0   125  2.859941e-30 3.450344e-29 6.528887e-06 0.0005823862 0.0105047701 0.0106538457 7.476410e-03 0.022247413 0.06262755 0.07211761 0.06093811 0.06064287 0.02691739 0.02361671 0.03236976 0.04094355 0.04023787 0.00617529 0.07457748 0.03267167 0.03890324 0.04242091 0.02143146 0.030443737 0.040011926 0.023133345 0.020256918 0.061527790 0.018973175 0.021910458 0.009684157 0.008119640 0.0084241769 0.007051811 0.004291082 0.0075227826 0.0307697505 0.0071359360 0.0035505250 1.570777e-03 8.667523e-06 3.883189e-08 7.544186e-03 3.867976e-12 6.296994e-06
   76    1      2      0    0   500  9.650054e-05 5.232739e-03 1.495714e-02 0.0613729634 0.0433461630 0.0195983936 1.682448e-02 0.019089142 0.03188005 0.05268280 0.05444432 0.03387723 0.03270794 0.03105622 0.04988789 0.05251480 0.04995505 0.02519596 0.02265931 0.03725614 0.03430329 0.01860936 0.04151261 0.034131270 0.025673887 0.015578165 0.027144783 0.029611826 0.011644038 0.017769608 0.015989970 0.011818681 0.0176272875 0.008460564 0.005249312 0.0063335666 0.0032049441 0.0079669539 0.0055029584 1.645823e-04 1.711353e-03 2.332882e-03 2.690662e-05 2.474349e-03 5.216191e-04
   78    1      2      0    0   500  2.328184e-04 1.744253e-03 2.208576e-02 0.0561297730 0.0335054159 0.0241204017 9.644793e-03 0.036529409 0.04324821 0.06334676 0.04090568 0.04802609 0.02764614 0.04058683 0.04074737 0.03437290 0.03850436 0.03481670 0.03724631 0.02392570 0.02990864 0.02725653 0.02163470 0.032069548 0.028664194 0.020054227 0.017340620 0.018126632 0.016959308 0.009005593 0.028756772 0.029886922 0.0102858179 0.013052169 0.010533657 0.0095370459 0.0084793833 0.0034548718 0.0013173153 1.810578e-03 1.218185e-03 7.378706e-04 4.346225e-04 4.796514e-05 2.061156e-03
   80    1      2      0    0   500  2.146547e-07 2.871027e-03 1.837816e-02 0.0590051011 0.0649878608 0.0139157213 1.337463e-02 0.009283806 0.04448108 0.06467342 0.04921541 0.05055085 0.02690602 0.04258051 0.03569934 0.03128402 0.03390732 0.04529724 0.03593444 0.02410212 0.04340241 0.02346829 0.02296493 0.026795542 0.014745900 0.022268884 0.026557288 0.022194236 0.021344896 0.010440708 0.013096003 0.009114978 0.0131198220 0.028927364 0.006460945 0.0086606005 0.0050355054 0.0008870775 0.0050738518 7.664565e-03 8.373759e-04 4.680406e-04 1.262996e-06 1.809304e-05 3.156626e-06
   82    1      2      0    0   500  3.099771e-06 8.334439e-03 1.806558e-02 0.0370491581 0.0568299521 0.0253953090 5.107793e-03 0.026612615 0.03852027 0.07646543 0.05210616 0.05496452 0.03445897 0.04809319 0.03959116 0.03761062 0.03236239 0.01993754 0.03127211 0.02705743 0.03442945 0.03363864 0.03219903 0.026494847 0.028371672 0.021907655 0.017322653 0.031468876 0.026529651 0.012202748 0.015906594 0.012563950 0.0034051151 0.012816821 0.003177580 0.0067164352 0.0052921719 0.0014107190 0.0012255278 1.425624e-03 1.686388e-04 6.219948e-04 4.634468e-04 3.222997e-04 8.012131e-05
   84    1      2      0    0   500  1.210193e-24 1.325861e-03 1.344505e-02 0.0620354117 0.0377392294 0.0195771701 8.591045e-03 0.021876039 0.04296250 0.05184809 0.04926060 0.04789450 0.02559098 0.02957551 0.04179452 0.04666240 0.05011633 0.04125543 0.02650664 0.05321223 0.02043927 0.03897860 0.02268084 0.019028402 0.022953208 0.025398680 0.033558027 0.027477555 0.012709571 0.013581388 0.015357435 0.013496122 0.0143136813 0.012464087 0.010469386 0.0096478454 0.0010200897 0.0031706670 0.0022631021 7.068206e-04 5.991274e-03 1.486507e-03 7.514735e-05 1.462736e-03 1.301646e-08
   86    1      2      0    0   500  4.216294e-05 9.900757e-06 2.648078e-02 0.0390605115 0.0484006412 0.0105349874 1.258540e-02 0.025005754 0.04790815 0.07306812 0.05898702 0.03647384 0.01974724 0.05102554 0.04872540 0.02825607 0.03411934 0.03510166 0.03429173 0.03000612 0.02772623 0.03235783 0.03832539 0.019735014 0.020602451 0.016954985 0.032225221 0.018626026 0.016607149 0.019574992 0.023023989 0.010206965 0.0158889010 0.005048770 0.009123783 0.0106635469 0.0061385669 0.0041316089 0.0051875634 8.704922e-04 3.214400e-03 1.511962e-03 1.924040e-03 4.183787e-04 8.136537e-05
   88    1      2      0    0   500  2.809272e-05 6.863527e-03 1.111059e-02 0.0576926996 0.0418001290 0.0151755456 1.511920e-02 0.019560233 0.03560288 0.05098045 0.05247508 0.06577488 0.03227360 0.03003798 0.04520313 0.02096912 0.04141965 0.04246583 0.03452853 0.04271239 0.02782196 0.02702522 0.03800018 0.034512603 0.018318914 0.026778554 0.013237165 0.022749218 0.011801570 0.011729456 0.025217882 0.016687244 0.0139493508 0.009709424 0.013108742 0.0116459462 0.0026351556 0.0034751461 0.0014373366 5.705783e-04 5.891854e-03 8.028878e-04 1.033803e-03 3.230710e-06 6.304499e-05
   90    1      2      0    0   500  5.374774e-06 4.706854e-04 2.177365e-02 0.0531225275 0.0482280854 0.0132057402 2.096222e-02 0.011693647 0.03386082 0.05842242 0.05199067 0.04848692 0.04198314 0.02899668 0.04343458 0.02932496 0.03058984 0.03539615 0.03581621 0.03325953 0.03333697 0.01884614 0.03215660 0.019516186 0.022115571 0.037350901 0.027044673 0.025692888 0.016825585 0.017542927 0.019221906 0.017711652 0.0129938463 0.013998371 0.011798759 0.0081066677 0.0083423011 0.0061798817 0.0076886547 7.514739e-04 8.869741e-04 4.511249e-06 3.619268e-05 4.682718e-04 3.582588e-04
   92    1      2      0    0   500  1.010986e-04 5.600770e-03 2.014532e-02 0.0395324414 0.0446285856 0.0283131297 5.537612e-03 0.034796999 0.03577227 0.04573294 0.04301624 0.03946165 0.03747103 0.02686880 0.04531901 0.06692149 0.03742888 0.03860427 0.02918275 0.02450638 0.02406014 0.04230444 0.02362705 0.028804031 0.030758296 0.017401998 0.032361362 0.026783508 0.027274071 0.019033215 0.016357049 0.021353263 0.0078187433 0.003492550 0.009497978 0.0018955553 0.0018182716 0.0031399445 0.0039958552 5.719658e-03 3.143289e-03 2.574554e-04 6.963140e-05 1.823027e-08 9.096064e-05
   94    1      2      0    0   500  6.770864e-08 5.568258e-03 1.843370e-02 0.0484907381 0.0323237488 0.0158637422 3.400602e-03 0.022324472 0.05480888 0.05887717 0.05277771 0.05226141 0.03338537 0.02451266 0.03503059 0.04236486 0.03323030 0.01506298 0.04845996 0.02792976 0.03704307 0.02559370 0.03902948 0.041374054 0.037627887 0.018160382 0.033642729 0.020128320 0.021880213 0.016226129 0.015605880 0.009366662 0.0085956013 0.011596410 0.017637455 0.0027774054 0.0035622206 0.0061792262 0.0027345615 3.043665e-03 2.224394e-03 7.168764e-04 9.788109e-05 3.427833e-05 1.456859e-05
   96    1      2      0    0   500  5.616921e-14 3.598146e-03 1.523720e-02 0.0429578781 0.0508535130 0.0181612423 1.282323e-02 0.029983023 0.03783648 0.05968090 0.05670501 0.03196876 0.03079064 0.03900096 0.02818753 0.03242529 0.02875736 0.04893740 0.03448024 0.03953170 0.02370408 0.02648725 0.01827263 0.037886566 0.031198318 0.020673419 0.030629565 0.030225006 0.023718536 0.030999529 0.018417789 0.019510173 0.0123444163 0.006155698 0.005783166 0.0046633631 0.0031696842 0.0015140419 0.0060346617 4.388841e-03 1.169929e-03 3.313937e-04 5.793785e-06 2.168625e-07 7.994212e-04
   98    1      2      0    0   500  1.517887e-22 3.693265e-04 1.407200e-02 0.0624562533 0.0522877045 0.0161203961 1.146672e-02 0.019695153 0.06948256 0.05703126 0.04148622 0.03947519 0.03564775 0.04441002 0.03048051 0.03437519 0.03417497 0.03033974 0.04325213 0.03661933 0.03317314 0.02000870 0.02626174 0.017681615 0.020873638 0.015130452 0.023113096 0.032904418 0.015928530 0.017254100 0.016185657 0.014591369 0.0128662774 0.017269284 0.004028161 0.0114898622 0.0056461445 0.0092251338 0.0015166171 4.006505e-03 6.548417e-03 9.698098e-04 8.396515e-05 5.755038e-07 3.663759e-07
  100    1      2      0    0   500  3.296501e-17 3.601084e-04 9.918833e-03 0.0628221574 0.0516374619 0.0235209381 1.384901e-02 0.031704164 0.06240343 0.04841183 0.06399964 0.02979487 0.02875128 0.03219720 0.03049075 0.03159151 0.03828773 0.03296528 0.03219322 0.03683372 0.02384385 0.02728016 0.01900402 0.018212650 0.026110814 0.019955393 0.028517837 0.028936398 0.026695439 0.015382432 0.015394317 0.022787688 0.0233463590 0.006346245 0.004714232 0.0072383124 0.0118737433 0.0012301611 0.0077786565 1.189167e-03 5.361297e-04 1.035044e-03 2.385682e-04 5.934773e-04 2.577617e-05
15 #_N_agebins
#_agebin_vector
1 2 3 4 5 6 7 8 9 10 11 12 13 14 15
1 #_N_ageerror_definitions
 #_age0   age1   age2   age3   age4   age5   age6   age7   age8   age9  age10  age11  age12  age13  age14  age15  age16  age17  age18  age19  age20  age21  age22  age23  age24  age25
 -1.000 -1.000 -1.000 -1.000 -1.000 -1.000 -1.000 -1.000 -1.000 -1.000 -1.000 -1.000 -1.000 -1.000 -1.000 -1.000 -1.000 -1.000 -1.000 -1.000 -1.000 -1.000 -1.000 -1.000 -1.000 -1.000
  0.001  0.001  0.001  0.001  0.001  0.001  0.001  0.001  0.001  0.001  0.001  0.001  0.001  0.001  0.001  0.001  0.001  0.001  0.001  0.001  0.001  0.001  0.001  0.001  0.001  0.001
86 #_N_agecomp
1 #_Lbin_method: 1=poplenbins; 2=datalenbins; 3=lengths
-1 #_combine males into females at or below this bin number
 #_Yr Seas FltSvy Gender Part Ageerr Lbin_lo Lbin_hi Nsamp          a1        a2        a3         a4         a5         a6         a7         a8         a9         a10         a11          a12          a13          a14         a15
   26    1      1      0    0      1      -1      -1   125 0.008543114 0.1877941 0.1630480 0.08733255 0.11422078 0.07525468 0.07346356 0.09285128 0.03041615 0.009495133 0.011532879 0.0339565991 0.0144543331 0.0156905656 0.081946320
   36    1      1      0    0      1      -1      -1   125 0.017906476 0.2540591 0.2144135 0.14033594 0.09368566 0.05839078 0.04119081 0.04870062 0.04163985 0.036518745 0.009573907 0.0112584755 0.0045452072 0.0035367612 0.024244124
   46    1      1      0    0      1      -1      -1   125 0.026930629 0.2215450 0.2369032 0.18652562 0.06044848 0.05047300 0.05002675 0.06104003 0.01478885 0.014064583 0.015061052 0.0065441315 0.0114718677 0.0042528757 0.039923901
   56    1      1      0    0      1      -1      -1   125 0.032686576 0.2265857 0.1943782 0.19597396 0.13171803 0.04707484 0.04203123 0.02927867 0.01404970 0.030677244 0.006214327 0.0222296032 0.0061762395 0.0039671997 0.016958571
   60    1      1      0    0      1      -1      -1   125 0.046371246 0.2208852 0.2312872 0.10448834 0.09154707 0.09740003 0.03972965 0.05691721 0.03899126 0.012446737 0.017978419 0.0237820009 0.0012669485 0.0038507744 0.013057943
   64    1      1      0    0      1      -1      -1   125 0.052279367 0.2811777 0.1269662 0.15641415 0.14376473 0.05035063 0.05092300 0.02290945 0.07843382 0.012497552 0.002728112 0.0008996119 0.0053316671 0.0032817255 0.012042284
   68    1      1      0    0      1      -1      -1   125 0.021236272 0.1843612 0.2054772 0.13534850 0.09860303 0.08902681 0.05611790 0.06869812 0.04921534 0.041320097 0.010485516 0.0049982405 0.0075623445 0.0221169286 0.005432497
   72    1      1      0    0      1      -1      -1   125 0.045182926 0.2003871 0.1938612 0.13475377 0.12390462 0.10183826 0.05850513 0.03378301 0.01511478 0.024120428 0.034842968 0.0068999572 0.0001724375 0.0002580341 0.026375460
   76    1      1      0    0      1      -1      -1   125 0.005650444 0.2432095 0.2308433 0.11368473 0.14489224 0.08310854 0.04428115 0.02665899 0.01615656 0.018453213 0.019203382 0.0051303446 0.0176205223 0.0028796741 0.028227383
   80    1      1      0    0      1      -1      -1   125 0.036975775 0.2437770 0.2571627 0.11760516 0.12186414 0.06603480 0.03612201 0.02948921 0.01269297 0.027425010 0.006189532 0.0013523973 0.0262291103 0.0053393510 0.011740776
   84    1      1      0    0      1      -1      -1   125 0.051944628 0.2995602 0.1547539 0.19361458 0.12457414 0.05502482 0.02872963 0.02114660 0.02499560 0.006230474 0.008462099 0.0175727029 0.0020588585 0.0039027731 0.007429023
   88    1      1      0    0      1      -1      -1   125 0.039021649 0.2122303 0.2223170 0.12747093 0.15667840 0.06385354 0.06445753 0.03329819 0.03049300 0.020458543 0.004167190 0.0015767024 0.0035159041 0.0028267160 0.017634419
   92    1      1      0    0      1      -1      -1   125 0.030107717 0.2516362 0.1727987 0.15375876 0.10673637 0.08376554 0.02329456 0.05161197 0.01644917 0.022686077 0.054682695 0.0035618208 0.0014498361 0.0082757393 0.019184881
   96    1      1      0    0      1      -1      -1   125 0.037680760 0.2653791 0.1868368 0.14340364 0.08908896 0.08142440 0.06787107 0.02050527 0.02937731 0.007977103 0.014614441 0.0190628863 0.0121292056 0.0086851010 0.015963921
  100    1      1      0    0      1      -1      -1   125 0.040432172 0.2323360 0.2104134 0.16638115 0.10159061 0.08123873 0.03765598 0.03394763 0.03624112 0.015091239 0.009063569 0.0041629741 0.0155002056 0.0004965566 0.015448664
   76    1      2      0    0      1      -1      -1   500 0.154227003 0.2494335 0.1675785 0.14139157 0.06439337 0.08542212 0.03931294 0.02301183 0.01623135 0.016792910 0.009616703 0.0135260769 0.0010257226 0.0049091697 0.013127193
   78    1      2      0    0      1      -1      -1   500 0.144825960 0.2326920 0.1556718 0.11727892 0.12663951 0.05303652 0.04911791 0.02486335 0.02473445 0.013887866 0.016418743 0.0041659705 0.0158974054 0.0079245926 0.012844908
   80    1      2      0    0      1      -1      -1   500 0.142434067 0.2262357 0.1768492 0.12612435 0.08681665 0.05889645 0.04748118 0.03700863 0.02995557 0.016348617 0.010597460 0.0152099130 0.0015656827 0.0165228492 0.007953659
   82    1      2      0    0      1      -1      -1   500 0.149763721 0.2307984 0.1387646 0.13518422 0.12713885 0.05221990 0.04384551 0.04995701 0.02735670 0.006629617 0.016243676 0.0018260075 0.0092256560 0.0038556914 0.007190449
   84    1      2      0    0      1      -1      -1   500 0.138821928 0.2312545 0.1778500 0.10649527 0.09813198 0.07321658 0.05492400 0.03068904 0.02489569 0.020804737 0.019726571 0.0046879010 0.0047337731 0.0020732390 0.011694752
   86    1      2      0    0      1      -1      -1   500 0.153361647 0.2137338 0.1564896 0.14738268 0.08565242 0.06529402 0.06355288 0.03842675 0.01995559 0.019482498 0.013691777 0.0037194866 0.0082166958 0.0018726099 0.009167518
   88    1      2      0    0      1      -1      -1   500 0.150897021 0.2051109 0.1623965 0.12471260 0.09595503 0.06052978 0.05042092 0.04779304 0.03029650 0.013695946 0.021397921 0.0109414553 0.0098949913 0.0061185757 0.009838822
   90    1      2      0    0      1      -1      -1   500 0.171411686 0.2130190 0.1612476 0.12645676 0.09252457 0.07887125 0.04066236 0.02940237 0.01452564 0.029152945 0.010215050 0.0078744360 0.0072577505 0.0022119163 0.015166682
   92    1      2      0    0      1      -1      -1   500 0.132818864 0.2627251 0.1644388 0.11391647 0.11331911 0.06799981 0.04574596 0.02421843 0.02007463 0.011541326 0.004316940 0.0049368885 0.0085725902 0.0029300811 0.022444997
   94    1      2      0    0      1      -1      -1   500 0.098135885 0.2642105 0.1757380 0.12916947 0.08580044 0.06773936 0.04823876 0.03416747 0.02465705 0.022562541 0.009412439 0.0138174989 0.0056940339 0.0060845088 0.014571951
   96    1      2      0    0      1      -1      -1   500 0.157992824 0.2211132 0.1773070 0.11468702 0.09563066 0.07034037 0.04429325 0.03379524 0.02416588 0.022407562 0.010683658 0.0106550707 0.0099088025 0.0006657057 0.006353740
   98    1      2      0    0      1      -1      -1   500 0.152239893 0.2553766 0.1617019 0.11153876 0.06972427 0.06090837 0.04759530 0.03645428 0.03401210 0.021000532 0.008299193 0.0081907503 0.0123146836 0.0022905034 0.018352871
  100    1      2      0    0      1      -1      -1   500 0.134484676 0.2141261 0.1729857 0.14483839 0.08870627 0.07584268 0.03742450 0.02802362 0.02292712 0.020163394 0.007201094 0.0119977701 0.0166473435 0.0076279522 0.017003346
   60    1      1      0    0      1       4       4     1 1.000000000 0.0000000 0.0000000 0.00000000 0.00000000 0.00000000 0.00000000 0.00000000 0.00000000 0.000000000 0.000000000 0.0000000000 0.0000000000 0.0000000000 0.000000000
   60    1      1      0    0      1       5       5     2 2.000000000 0.0000000 0.0000000 0.00000000 0.00000000 0.00000000 0.00000000 0.00000000 0.00000000 0.000000000 0.000000000 0.0000000000 0.0000000000 0.0000000000 0.000000000
   60    1      1      0    0      1       9       9     4 4.000000000 0.0000000 0.0000000 0.00000000 0.00000000 0.00000000 0.00000000 0.00000000 0.00000000 0.000000000 0.000000000 0.0000000000 0.0000000000 0.0000000000 0.000000000
   60    1      1      0    0      1      10      10     3 3.000000000 0.0000000 0.0000000 0.00000000 0.00000000 0.00000000 0.00000000 0.00000000 0.00000000 0.000000000 0.000000000 0.0000000000 0.0000000000 0.0000000000 0.000000000
   60    1      1      0    0      1      11      11     6 6.000000000 0.0000000 0.0000000 0.00000000 0.00000000 0.00000000 0.00000000 0.00000000 0.00000000 0.000000000 0.000000000 0.0000000000 0.0000000000 0.0000000000 0.000000000
   60    1      1      0    0      1      12      12     8 8.000000000 0.0000000 0.0000000 0.00000000 0.00000000 0.00000000 0.00000000 0.00000000 0.00000000 0.000000000 0.000000000 0.0000000000 0.0000000000 0.0000000000 0.000000000
   60    1      1      0    0      1      13      13     3 3.000000000 0.0000000 0.0000000 0.00000000 0.00000000 0.00000000 0.00000000 0.00000000 0.00000000 0.000000000 0.000000000 0.0000000000 0.0000000000 0.0000000000 0.000000000
   60    1      1      0    0      1      14      14     7 7.000000000 0.0000000 0.0000000 0.00000000 0.00000000 0.00000000 0.00000000 0.00000000 0.00000000 0.000000000 0.000000000 0.0000000000 0.0000000000 0.0000000000 0.000000000
   60    1      1      0    0      1      15      15     5 5.000000000 0.0000000 0.0000000 0.00000000 0.00000000 0.00000000 0.00000000 0.00000000 0.00000000 0.000000000 0.000000000 0.0000000000 0.0000000000 0.0000000000 0.000000000
   60    1      1      0    0      1      16      16     5 5.000000000 0.0000000 0.0000000 0.00000000 0.00000000 0.00000000 0.00000000 0.00000000 0.00000000 0.000000000 0.000000000 0.0000000000 0.0000000000 0.0000000000 0.000000000
   60    1      1      0    0      1      17      17     5 5.000000000 0.0000000 0.0000000 0.00000000 0.00000000 0.00000000 0.00000000 0.00000000 0.00000000 0.000000000 0.000000000 0.0000000000 0.0000000000 0.0000000000 0.000000000
   60    1      1      0    0      1      18      18     3 3.000000000 0.0000000 0.0000000 0.00000000 0.00000000 0.00000000 0.00000000 0.00000000 0.00000000 0.000000000 0.000000000 0.0000000000 0.0000000000 0.0000000000 0.000000000
   60    1      1      0    0      1      19      19     4 4.000000000 0.0000000 0.0000000 0.00000000 0.00000000 0.00000000 0.00000000 0.00000000 0.00000000 0.000000000 0.000000000 0.0000000000 0.0000000000 0.0000000000 0.000000000
   60    1      1      0    0      1      20      20     7 7.000000000 0.0000000 0.0000000 0.00000000 0.00000000 0.00000000 0.00000000 0.00000000 0.00000000 0.000000000 0.000000000 0.0000000000 0.0000000000 0.0000000000 0.000000000
   60    1      1      0    0      1      21      21     3 3.000000000 0.0000000 0.0000000 0.00000000 0.00000000 0.00000000 0.00000000 0.00000000 0.00000000 0.000000000 0.000000000 0.0000000000 0.0000000000 0.0000000000 0.000000000
   60    1      1      0    0      1      22      22     3 3.000000000 0.0000000 0.0000000 0.00000000 0.00000000 0.00000000 0.00000000 0.00000000 0.00000000 0.000000000 0.000000000 0.0000000000 0.0000000000 0.0000000000 0.000000000
   60    1      1      0    0      1      23      23     2 2.000000000 0.0000000 0.0000000 0.00000000 0.00000000 0.00000000 0.00000000 0.00000000 0.00000000 0.000000000 0.000000000 0.0000000000 0.0000000000 0.0000000000 0.000000000
   60    1      1      0    0      1      24      24     3 3.000000000 0.0000000 0.0000000 0.00000000 0.00000000 0.00000000 0.00000000 0.00000000 0.00000000 0.000000000 0.000000000 0.0000000000 0.0000000000 0.0000000000 0.000000000
   60    1      1      0    0      1      25      25     7 7.000000000 0.0000000 0.0000000 0.00000000 0.00000000 0.00000000 0.00000000 0.00000000 0.00000000 0.000000000 0.000000000 0.0000000000 0.0000000000 0.0000000000 0.000000000
   60    1      1      0    0      1      26      26     2 1.000000000 1.0000000 0.0000000 0.00000000 0.00000000 0.00000000 0.00000000 0.00000000 0.00000000 0.000000000 0.000000000 0.0000000000 0.0000000000 0.0000000000 0.000000000
   60    1      1      0    0      1      28      28     1 0.000000000 1.0000000 0.0000000 0.00000000 0.00000000 0.00000000 0.00000000 0.00000000 0.00000000 0.000000000 0.000000000 0.0000000000 0.0000000000 0.0000000000 0.000000000
   60    1      1      0    0      1      29      29     3 2.000000000 1.0000000 0.0000000 0.00000000 0.00000000 0.00000000 0.00000000 0.00000000 0.00000000 0.000000000 0.000000000 0.0000000000 0.0000000000 0.0000000000 0.000000000
   60    1      1      0    0      1      30      30     3 0.000000000 3.0000000 0.0000000 0.00000000 0.00000000 0.00000000 0.00000000 0.00000000 0.00000000 0.000000000 0.000000000 0.0000000000 0.0000000000 0.0000000000 0.000000000
   60    1      1      0    0      1      33      33     1 0.000000000 1.0000000 0.0000000 0.00000000 0.00000000 0.00000000 0.00000000 0.00000000 0.00000000 0.000000000 0.000000000 0.0000000000 0.0000000000 0.0000000000 0.000000000
   60    1      1      0    0      1      34      34     1 0.000000000 1.0000000 0.0000000 0.00000000 0.00000000 0.00000000 0.00000000 0.00000000 0.00000000 0.000000000 0.000000000 0.0000000000 0.0000000000 0.0000000000 0.000000000
   60    1      1      0    0      1      35      35     1 0.000000000 1.0000000 0.0000000 0.00000000 0.00000000 0.00000000 0.00000000 0.00000000 0.00000000 0.000000000 0.000000000 0.0000000000 0.0000000000 0.0000000000 0.000000000
   60    1      1      0    0      1      36      36     2 0.000000000 2.0000000 0.0000000 0.00000000 0.00000000 0.00000000 0.00000000 0.00000000 0.00000000 0.000000000 0.000000000 0.0000000000 0.0000000000 0.0000000000 0.000000000
   60    1      1      0    0      1      37      37     4 0.000000000 4.0000000 0.0000000 0.00000000 0.00000000 0.00000000 0.00000000 0.00000000 0.00000000 0.000000000 0.000000000 0.0000000000 0.0000000000 0.0000000000 0.000000000
   60    1      1      0    0      1      45      45     1 0.000000000 0.0000000 1.0000000 0.00000000 0.00000000 0.00000000 0.00000000 0.00000000 0.00000000 0.000000000 0.000000000 0.0000000000 0.0000000000 0.0000000000 0.000000000
  100    1      1      0    0      1       6       6     2 2.000000000 0.0000000 0.0000000 0.00000000 0.00000000 0.00000000 0.00000000 0.00000000 0.00000000 0.000000000 0.000000000 0.0000000000 0.0000000000 0.0000000000 0.000000000
  100    1      1      0    0      1       8       8     1 1.000000000 0.0000000 0.0000000 0.00000000 0.00000000 0.00000000 0.00000000 0.00000000 0.00000000 0.000000000 0.000000000 0.0000000000 0.0000000000 0.0000000000 0.000000000
  100    1      1      0    0      1       9       9     7 7.000000000 0.0000000 0.0000000 0.00000000 0.00000000 0.00000000 0.00000000 0.00000000 0.00000000 0.000000000 0.000000000 0.0000000000 0.0000000000 0.0000000000 0.000000000
  100    1      1      0    0      1      10      10     9 9.000000000 0.0000000 0.0000000 0.00000000 0.00000000 0.00000000 0.00000000 0.00000000 0.00000000 0.000000000 0.000000000 0.0000000000 0.0000000000 0.0000000000 0.000000000
  100    1      1      0    0      1      11      11     6 6.000000000 0.0000000 0.0000000 0.00000000 0.00000000 0.00000000 0.00000000 0.00000000 0.00000000 0.000000000 0.000000000 0.0000000000 0.0000000000 0.0000000000 0.000000000
  100    1      1      0    0      1      12      12     6 6.000000000 0.0000000 0.0000000 0.00000000 0.00000000 0.00000000 0.00000000 0.00000000 0.00000000 0.000000000 0.000000000 0.0000000000 0.0000000000 0.0000000000 0.000000000
  100    1      1      0    0      1      14      14     3 3.000000000 0.0000000 0.0000000 0.00000000 0.00000000 0.00000000 0.00000000 0.00000000 0.00000000 0.000000000 0.000000000 0.0000000000 0.0000000000 0.0000000000 0.000000000
  100    1      1      0    0      1      15      15     3 3.000000000 0.0000000 0.0000000 0.00000000 0.00000000 0.00000000 0.00000000 0.00000000 0.00000000 0.000000000 0.000000000 0.0000000000 0.0000000000 0.0000000000 0.000000000
  100    1      1      0    0      1      16      16     3 3.000000000 0.0000000 0.0000000 0.00000000 0.00000000 0.00000000 0.00000000 0.00000000 0.00000000 0.000000000 0.000000000 0.0000000000 0.0000000000 0.0000000000 0.000000000
  100    1      1      0    0      1      17      17     3 3.000000000 0.0000000 0.0000000 0.00000000 0.00000000 0.00000000 0.00000000 0.00000000 0.00000000 0.000000000 0.000000000 0.0000000000 0.0000000000 0.0000000000 0.000000000
  100    1      1      0    0      1      19      19     9 9.000000000 0.0000000 0.0000000 0.00000000 0.00000000 0.00000000 0.00000000 0.00000000 0.00000000 0.000000000 0.000000000 0.0000000000 0.0000000000 0.0000000000 0.000000000
  100    1      1      0    0      1      20      20     3 3.000000000 0.0000000 0.0000000 0.00000000 0.00000000 0.00000000 0.00000000 0.00000000 0.00000000 0.000000000 0.000000000 0.0000000000 0.0000000000 0.0000000000 0.000000000
  100    1      1      0    0      1      21      21     3 3.000000000 0.0000000 0.0000000 0.00000000 0.00000000 0.00000000 0.00000000 0.00000000 0.00000000 0.000000000 0.000000000 0.0000000000 0.0000000000 0.0000000000 0.000000000
  100    1      1      0    0      1      22      22     2 2.000000000 0.0000000 0.0000000 0.00000000 0.00000000 0.00000000 0.00000000 0.00000000 0.00000000 0.000000000 0.000000000 0.0000000000 0.0000000000 0.0000000000 0.000000000
  100    1      1      0    0      1      23      23     1 1.000000000 0.0000000 0.0000000 0.00000000 0.00000000 0.00000000 0.00000000 0.00000000 0.00000000 0.000000000 0.000000000 0.0000000000 0.0000000000 0.0000000000 0.000000000
  100    1      1      0    0      1      24      24     4 4.000000000 0.0000000 0.0000000 0.00000000 0.00000000 0.00000000 0.00000000 0.00000000 0.00000000 0.000000000 0.000000000 0.0000000000 0.0000000000 0.0000000000 0.000000000
  100    1      1      0    0      1      25      25     8 8.000000000 0.0000000 0.0000000 0.00000000 0.00000000 0.00000000 0.00000000 0.00000000 0.00000000 0.000000000 0.000000000 0.0000000000 0.0000000000 0.0000000000 0.000000000
  100    1      1      0    0      1      26      26     2 1.000000000 1.0000000 0.0000000 0.00000000 0.00000000 0.00000000 0.00000000 0.00000000 0.00000000 0.000000000 0.000000000 0.0000000000 0.0000000000 0.0000000000 0.000000000
  100    1      1      0    0      1      27      27     2 2.000000000 0.0000000 0.0000000 0.00000000 0.00000000 0.00000000 0.00000000 0.00000000 0.00000000 0.000000000 0.000000000 0.0000000000 0.0000000000 0.0000000000 0.000000000
  100    1      1      0    0      1      28      28     7 5.000000000 2.0000000 0.0000000 0.00000000 0.00000000 0.00000000 0.00000000 0.00000000 0.00000000 0.000000000 0.000000000 0.0000000000 0.0000000000 0.0000000000 0.000000000
  100    1      1      0    0      1      29      29     3 0.000000000 3.0000000 0.0000000 0.00000000 0.00000000 0.00000000 0.00000000 0.00000000 0.00000000 0.000000000 0.000000000 0.0000000000 0.0000000000 0.0000000000 0.000000000
  100    1      1      0    0      1      30      30     2 0.000000000 2.0000000 0.0000000 0.00000000 0.00000000 0.00000000 0.00000000 0.00000000 0.00000000 0.000000000 0.000000000 0.0000000000 0.0000000000 0.0000000000 0.000000000
  100    1      1      0    0      1      31      31     2 0.000000000 2.0000000 0.0000000 0.00000000 0.00000000 0.00000000 0.00000000 0.00000000 0.00000000 0.000000000 0.000000000 0.0000000000 0.0000000000 0.0000000000 0.000000000
  100    1      1      0    0      1      32      32     1 0.000000000 1.0000000 0.0000000 0.00000000 0.00000000 0.00000000 0.00000000 0.00000000 0.00000000 0.000000000 0.000000000 0.0000000000 0.0000000000 0.0000000000 0.000000000
  100    1      1      0    0      1      33      33     1 0.000000000 1.0000000 0.0000000 0.00000000 0.00000000 0.00000000 0.00000000 0.00000000 0.00000000 0.000000000 0.000000000 0.0000000000 0.0000000000 0.0000000000 0.000000000
  100    1      1      0    0      1      35      35     1 0.000000000 1.0000000 0.0000000 0.00000000 0.00000000 0.00000000 0.00000000 0.00000000 0.00000000 0.000000000 0.000000000 0.0000000000 0.0000000000 0.0000000000 0.000000000
  100    1      1      0    0      1      36      36     2 0.000000000 2.0000000 0.0000000 0.00000000 0.00000000 0.00000000 0.00000000 0.00000000 0.00000000 0.000000000 0.000000000 0.0000000000 0.0000000000 0.0000000000 0.000000000
  100    1      1      0    0      1      37      37     3 0.000000000 3.0000000 0.0000000 0.00000000 0.00000000 0.00000000 0.00000000 0.00000000 0.00000000 0.000000000 0.000000000 0.0000000000 0.0000000000 0.0000000000 0.000000000
  100    1      1      0    0      1      38      38     1 0.000000000 1.0000000 0.0000000 0.00000000 0.00000000 0.00000000 0.00000000 0.00000000 0.00000000 0.000000000 0.000000000 0.0000000000 0.0000000000 0.0000000000 0.000000000
0 #_N_MeanSize_at_Age_obs
0 #_N_environ_variables
0 #_N_environ_obs
0 #_N_sizefreq_methods
0 #_do_tags
0 #_morphcomp_data
#
999
