#C data file created using the SS_writedat function in the R package r4ss
#C should work with SS version: 
#C file write time: 2015-02-11 18:09:38
#
1 #_styr
100 #_endyr
1 #_nseas
12 #_months_per_seas
1 #_spawn_seas
1 #_Nfleet
2 #_Nsurveys
1 #_N_areas
Fishery%Survey%CPUE #_fleetnames
0.5 0.5 0.5 #_surveytiming_in_season
1 1 1 #_area_assignments_for_each_fishery_and_survey
1 #_units of catch:  1=bio; 2=num
0.01 #_se of log(catch) only used for init_eq_catch and for Fmethod 2 and 3
1 #_Ngenders
25 #_Nages
0 #_init_equil_catch_for_each_fishery
100 #_N_lines_of_catch_to_read
 #_Fishery year seas
         0    1    1
         0    2    1
         0    3    1
         0    4    1
         0    5    1
         0    6    1
         0    7    1
         0    8    1
         0    9    1
         0   10    1
         0   11    1
         0   12    1
         0   13    1
         0   14    1
         0   15    1
         0   16    1
         0   17    1
         0   18    1
         0   19    1
         0   20    1
         0   21    1
         0   22    1
         0   23    1
         0   24    1
         0   25    1
 444646000   26    1
 397608000   27    1
 357583000   28    1
 324161000   29    1
 296656000   30    1
 274240000   31    1
 256057000   32    1
 241314000   33    1
 229322000   34    1
 219511000   35    1
 211426000   36    1
 204710000   37    1
 199088000   38    1
 194347000   39    1
 190324000   40    1
 186891000   41    1
 183948000   42    1
 181416000   43    1
 179230000   44    1
 177337000   45    1
 175694000   46    1
 174266000   47    1
 173022000   48    1
 171937000   49    1
 170990000   50    1
 170161000   51    1
 169436000   52    1
 168801000   53    1
 168243000   54    1
 167755000   55    1
 167325000   56    1
 166948000   57    1
 166617000   58    1
 166326000   59    1
 166070000   60    1
 165844000   61    1
 165646000   62    1
 165471000   63    1
 165317000   64    1
 165182000   65    1
 165063000   66    1
 164958000   67    1
 164865000   68    1
 164784000   69    1
 164712000   70    1
 164649000   71    1
 164593000   72    1
 164544000   73    1
 164500000   74    1
 164462000   75    1
 164429000   76    1
 164399000   77    1
 164373000   78    1
 164350000   79    1
 164329000   80    1
 164311000   81    1
 164296000   82    1
 164282000   83    1
 164269000   84    1
 164258000   85    1
 164249000   86    1
 164240000   87    1
 164233000   88    1
 164227000   89    1
 164221000   90    1
 164216000   91    1
 164211000   92    1
 164207000   93    1
 164204000   94    1
 164201000   95    1
 164198000   96    1
 164195000   97    1
 164193000   98    1
 164192000   99    1
 164190000  100    1
13 #_N_cpue
 #_Fleet Units Errtype
       1     1       0
       2     1       0
       3     1       0
 #_year seas index        obs se_log
     76    1     2 1086022856    0.2
     78    1     2 2005326330    0.2
     80    1     2 1178149281    0.2
     82    1     2 1838781282    0.2
     84    1     2 1643812085    0.2
     86    1     2 1137543749    0.2
     88    1     2 1140180625    0.2
     90    1     2 1536578667    0.2
     92    1     2  955951267    0.2
     94    1     2 1092202386    0.2
     96    1     2 1171749750    0.2
     98    1     2 2172702835    0.2
    100    1     2 2158452168    0.2
0 #_N_discard_fleets
#_discard_units (1=same_as_catchunits(bio/num); 2=fraction; 3=numbers)
#_discard_errtype:  >0 for DF of T-dist(read CV below); 0 for normal with CV; -1 for normal with se; -2 for lognormal
0 #_N_discard
0 #_N_meanbodywt
1 #_DF_for_meanbodywt_T-distribution_like
2 # length bin method: 1=use databins; 2=generate from binwidth,min,max below; 3=read vector
1 # binwidth for population size comp
10 # minimum size in the population (lower edge of first bin and size at age 0.00)
200 # maximum size in the population (lower edge of last bin)
-0.001 #_comp_tail_compression
1e-05 #_add_to_comp
0 #_combine males into females at or below this bin number
45 #_N_lbins
#_lbin_vector
20 23 26 29 32 35 38 41 44 47 50 53 56 59 62 65 68 71 74 77 80 83 86 89 92 95 98 101 104 107 110 113 116 119 122 125 128 131 134 137 140 143 146 149 152
28 #_N_Length_comp_observations
 #_Yr Seas FltSvy Gender Part Nsamp           l20          l23          l26         l29          l32          l35         l38         l41        l44        l47        l50        l53        l56        l59        l62        l65         l68         l71         l74        l77         l80        l83         l86        l89        l92        l95        l98        l101        l104        l107        l110        l113        l116        l119         l122         l125         l128         l131         l134         l137         l140         l143         l146         l149         l152
   26    1      1      0    0   125  3.050883e-29 9.818820e-08 2.311032e-05 0.002082830 0.0005418032 0.0065660713 0.005858427 0.005891329 0.01151786 0.07438591 0.03789008 0.01783672 0.01236969 0.01985353 0.04019430 0.01121795 0.009515063 0.014145726 0.042478737 0.01158860 0.037459182 0.05490030 0.062091396 0.03027643 0.03506671 0.03596977 0.02913063 0.070181735 0.015707588 0.053683507 0.045041768 0.018719207 0.051078171 0.039785434 0.0333179995 0.0080515663 0.0211123454 0.0089502582 0.0052626124 1.286122e-02 8.432432e-04 3.563742e-03 1.458802e-03 6.216348e-06 1.522329e-03
   36    1      1      0    0   125  1.227446e-78 4.650149e-05 8.959689e-05 0.002407500 0.0078246834 0.0167668384 0.018300263 0.006661869 0.02357520 0.07521906 0.05870095 0.03511654 0.02142984 0.09705741 0.03789493 0.04415671 0.041310946 0.024648019 0.030759296 0.06473634 0.024048496 0.03186198 0.008982544 0.02441795 0.03052048 0.02674872 0.01059480 0.016258431 0.014393518 0.032623184 0.006740278 0.024038285 0.012720040 0.007261691 0.0347183812 0.0284500601 0.0165790877 0.0031553312 0.0069832011 2.277026e-02 2.490664e-03 5.441733e-03 2.182647e-04 4.915883e-04 7.885437e-04
   46    1      1      0    0   125  5.058058e-35 5.632170e-04 8.279436e-03 0.002771219 0.0086046858 0.0058029511 0.004406016 0.031622472 0.03300711 0.06155364 0.08872526 0.03339799 0.01047434 0.05541261 0.03879034 0.04312435 0.025516959 0.073277769 0.034983445 0.03779090 0.020380549 0.04356083 0.039472971 0.01424342 0.01082462 0.03084153 0.01920474 0.020752938 0.034301863 0.031554267 0.019118130 0.024997161 0.011661286 0.013971569 0.0108338115 0.0110539296 0.0166433698 0.0060301076 0.0001279740 2.103240e-06 1.885732e-03 5.695728e-07 1.682855e-02 3.428792e-03 1.744977e-04
   56    1      1      0    0   125  2.624903e-79 1.039100e-07 1.734911e-02 0.006296302 0.0113991595 0.0051182969 0.017632925 0.052504384 0.01848927 0.04648757 0.06578805 0.09157761 0.05830909 0.03510863 0.03237687 0.02245960 0.025948222 0.029591604 0.055818234 0.04380268 0.004868437 0.05065082 0.035633817 0.03238554 0.02313505 0.03272113 0.01088969 0.035235325 0.021146683 0.012263425 0.044035512 0.009351227 0.011479457 0.001936503 0.0111473247 0.0122217280 0.0064755081 0.0032663142 0.0029380842 1.396777e-03 7.586947e-04 3.472252e-06 2.965316e-15 8.529426e-07 9.185156e-07
   60    1      1      0    0   125 4.796690e-190 1.058219e-03 5.611564e-06 0.004996334 0.0021236417 0.0177927442 0.000676997 0.017394014 0.07593553 0.03057459 0.08261167 0.06312964 0.03296480 0.06404910 0.05287246 0.04497626 0.047061564 0.065009230 0.038053607 0.04671297 0.015874398 0.04961904 0.039025068 0.01179221 0.02406940 0.01571650 0.02117614 0.040416247 0.019914691 0.007829556 0.006928213 0.025621820 0.005720170 0.005735411 0.0036471618 0.0093851795 0.0044626131 0.0002216994 0.0013845709 2.339322e-03 6.575896e-04 4.014679e-05 1.280761e-07 4.237264e-04 2.175104e-20
   64    1      1      0    0   125 1.043587e-274 4.123895e-10 9.838192e-03 0.005560874 0.0033240647 0.0086574564 0.005724543 0.012297947 0.04728115 0.05584202 0.05466400 0.03831133 0.04173758 0.03449007 0.03913498 0.03603152 0.036267832 0.014015360 0.052054015 0.05122644 0.022796554 0.03827653 0.031509299 0.02935278 0.01372479 0.01966886 0.09049649 0.039902866 0.025662841 0.028622334 0.011187852 0.011234532 0.033435518 0.017495000 0.0053419978 0.0077107955 0.0082024293 0.0107852526 0.0052087068 1.408054e-05 7.852154e-07 2.845768e-14 1.636621e-03 1.273719e-03 6.039924e-13
   68    1      1      0    0   125  1.764976e-65 1.096308e-05 4.689670e-03 0.013348206 0.0116519427 0.0050867096 0.005047378 0.007153227 0.02545101 0.08846765 0.08707015 0.07795786 0.05096533 0.02351599 0.04699422 0.03664383 0.063041448 0.033493344 0.029012000 0.02562682 0.021905094 0.01869180 0.024306988 0.01312226 0.03520207 0.02501136 0.01491559 0.006823185 0.040467819 0.012706704 0.059415085 0.024815239 0.012772331 0.015128398 0.0079912138 0.0071597286 0.0076339250 0.0031459988 0.0028573267 9.745509e-03 3.734929e-04 2.776196e-04 2.177266e-04 8.299459e-05 2.786455e-06
   72    1      1      0    0   125 5.393620e-145 5.875816e-12 1.435323e-04 0.011209347 0.0036890457 0.0182707380 0.006161016 0.013104591 0.05101954 0.05941849 0.15036727 0.04854973 0.01760041 0.04846872 0.02339749 0.02597098 0.041915967 0.013336176 0.046349952 0.03229972 0.049675785 0.01837100 0.069884738 0.01796422 0.05246914 0.02864906 0.01786211 0.015638229 0.027366393 0.019001170 0.014244991 0.015329284 0.017146376 0.012707383 0.0015087581 0.0068139644 0.0004470256 0.0028030198 0.0006363553 1.632615e-06 1.529648e-04 8.080627e-14 5.358348e-05 4.066365e-14 8.631457e-08
   76    1      1      0    0   125  0.000000e+00 9.425626e-07 7.296941e-03 0.009487386 0.0019362021 0.0094458910 0.001540894 0.011571832 0.06754335 0.05019304 0.07182783 0.07856900 0.02180491 0.02745221 0.07997092 0.01049096 0.039446367 0.070311630 0.054795385 0.03380595 0.043317271 0.02737610 0.028873682 0.03655245 0.03505216 0.01572595 0.02651593 0.015366329 0.009446869 0.010678158 0.010316048 0.001526391 0.015506211 0.021275805 0.0234809229 0.0081261226 0.0001034359 0.0042914315 0.0001000602 1.443076e-04 1.780739e-02 8.991333e-04 4.818778e-07 3.006345e-21 2.568095e-05
   80    1      1      0    0   125  0.000000e+00 7.729206e-14 6.034569e-03 0.024469942 0.0452007718 0.0046223689 0.010355791 0.019145825 0.01262515 0.06263573 0.05295197 0.02668952 0.06186091 0.02227730 0.01509793 0.05292203 0.050929145 0.071777530 0.042439283 0.03161480 0.046837197 0.03013066 0.027634833 0.03960926 0.02272937 0.01233141 0.02428586 0.040283980 0.020164782 0.011754168 0.036539701 0.026792271 0.010890447 0.005657973 0.0007240758 0.0072281769 0.0150659507 0.0030864965 0.0004980418 1.726079e-03 2.341669e-03 9.670868e-06 2.825427e-07 2.707042e-05 5.432524e-09
   84    1      1      0    0   125  3.669526e-84 2.172763e-18 1.515684e-05 0.011968072 0.0241665559 0.0004220464 0.011533089 0.002562443 0.01304962 0.08992701 0.06370684 0.04099301 0.01374170 0.03476692 0.01151788 0.04244065 0.073118201 0.048461294 0.035594376 0.02887935 0.010670821 0.01092034 0.027228682 0.06553164 0.05676573 0.06183735 0.02804687 0.022911004 0.022170775 0.024950777 0.032568457 0.023774853 0.004277848 0.008684875 0.0264011464 0.0151582262 0.0011681936 0.0020839355 0.0001011536 6.388912e-03 7.429906e-04 2.551979e-08 7.511422e-04 4.154216e-24 2.425427e-08
   88    1      1      0    0   125 1.788349e-137 2.047531e-10 4.963519e-03 0.011130199 0.0022001214 0.0141857137 0.004948210 0.023748831 0.03118676 0.08454247 0.12629174 0.03301264 0.03335810 0.04909013 0.01615167 0.02043917 0.020904972 0.038400254 0.033620995 0.03610907 0.024694218 0.01266805 0.061764528 0.04199686 0.02688850 0.03991486 0.06155205 0.017315344 0.019145167 0.034903673 0.023275734 0.012278902 0.007637202 0.009918867 0.0015294941 0.0095657216 0.0022849247 0.0028786194 0.0039539725 1.298311e-06 1.807697e-05 1.526459e-03 1.243914e-07 2.619436e-06 1.751417e-07
   92    1      1      0    0   125  3.715831e-19 6.615404e-17 1.401996e-04 0.010640321 0.0179496289 0.0040793150 0.009858872 0.047842121 0.04632756 0.05248845 0.06667799 0.07238148 0.03469109 0.04004775 0.03521080 0.03360844 0.032431919 0.032764679 0.008659301 0.05154340 0.048362872 0.07958301 0.020461654 0.03470382 0.02050609 0.04169142 0.01450211 0.040728237 0.006286748 0.030982822 0.010616936 0.023340413 0.004711176 0.009140602 0.0019192347 0.0004991524 0.0026971590 0.0090893258 0.0000106377 2.010219e-03 7.188434e-04 9.407683e-05 5.593139e-09 5.956793e-20 1.152371e-07
   96    1      1      0    0   125  0.000000e+00 1.883834e-09 4.012157e-04 0.014543938 0.0138982566 0.0008404960 0.002138616 0.017365556 0.05824311 0.06687771 0.07681147 0.04737411 0.02325955 0.04329036 0.03543597 0.06053595 0.030174723 0.045130178 0.021459865 0.03127363 0.064740270 0.01708081 0.040817230 0.04645843 0.02483832 0.01211960 0.04412065 0.023990354 0.033120724 0.018635742 0.017390036 0.008662457 0.015689883 0.017876841 0.0030035030 0.0005821408 0.0083585220 0.0024420256 0.0003902282 4.915949e-03 2.395031e-05 1.267408e-04 2.615213e-06 5.558279e-03 5.383579e-12
  100    1      1      0    0   125  2.389852e-03 3.504148e-44 9.805495e-03 0.004942801 0.0083146528 0.0033460751 0.000488932 0.019549336 0.05839823 0.08620257 0.09012223 0.06164307 0.04523127 0.03733154 0.05355930 0.02161639 0.062343243 0.008191715 0.027861850 0.03219228 0.068554217 0.01745686 0.023703784 0.01410916 0.01960029 0.02162605 0.02584998 0.015552708 0.052637798 0.016482299 0.015050928 0.012449047 0.004652748 0.014914980 0.0050505912 0.0049776043 0.0050343655 0.0116410438 0.0077500225 1.098164e-04 9.220400e-03 1.787079e-09 1.403905e-08 1.863460e-07 4.427501e-05
   76    1      2      0    0   500  4.187937e-17 7.069391e-04 2.433220e-02 0.042117462 0.0386377683 0.0302831854 0.008896537 0.018696653 0.04334063 0.07491809 0.04585363 0.03275645 0.03535160 0.04239757 0.04614531 0.03117163 0.043692983 0.042821278 0.033163701 0.03094709 0.034925974 0.02995326 0.024367726 0.01145111 0.02003400 0.03283990 0.02320031 0.022682305 0.018910963 0.023353340 0.011559453 0.014138683 0.011532187 0.015547645 0.0064094361 0.0118482942 0.0030562562 0.0092428816 0.0029348687 2.511443e-03 7.567529e-04 1.907213e-03 1.493043e-06 6.038047e-04 4.713721e-10
   78    1      2      0    0   500  5.065520e-04 3.319361e-03 1.476799e-02 0.072357328 0.0364232910 0.0273477954 0.013518025 0.033757285 0.04083077 0.05863998 0.05360334 0.04730774 0.02665943 0.04981072 0.03715426 0.03142464 0.037610503 0.026572948 0.021333789 0.02288653 0.021278011 0.03395902 0.025899284 0.02185722 0.03097067 0.03405240 0.01313572 0.021635595 0.021920148 0.012626100 0.016772393 0.022957459 0.013576752 0.011353980 0.0169957137 0.0033161408 0.0015571269 0.0087119899 0.0025062819 8.915716e-04 4.478684e-03 8.184778e-05 5.448784e-04 1.875795e-06 3.086860e-03
   80    1      2      0    0   500  2.285402e-10 5.104168e-03 2.269431e-02 0.055191104 0.0460159463 0.0225870756 0.013829032 0.025391650 0.06064154 0.04951119 0.06633626 0.02894856 0.03951922 0.02568924 0.04542780 0.02248756 0.034932764 0.026546925 0.030236737 0.03094619 0.020960537 0.02478132 0.022407507 0.02749035 0.03620623 0.02340125 0.02705301 0.022383774 0.020067945 0.024998822 0.019011794 0.014050607 0.017039022 0.022400183 0.0083394508 0.0022689875 0.0061709608 0.0026927786 0.0016531583 5.050426e-04 9.515043e-05 1.526108e-03 6.516788e-05 2.338116e-03 5.543168e-05
   82    1      2      0    0   500  5.834515e-11 1.582661e-03 1.185551e-02 0.041289023 0.0472614144 0.0182806087 0.004389779 0.033634571 0.05011852 0.05727555 0.05237475 0.04108161 0.04145552 0.05145262 0.04013479 0.04060563 0.045010778 0.035301026 0.027766833 0.03048770 0.024916290 0.01350839 0.039241758 0.03194904 0.02504617 0.01693491 0.02076148 0.015078847 0.023574658 0.011083183 0.015595665 0.021605107 0.015554890 0.018051301 0.0051912418 0.0052623044 0.0068915026 0.0082804314 0.0031431997 4.508084e-03 1.490370e-03 6.532306e-04 1.865519e-04 1.157033e-04 1.680884e-05
   84    1      2      0    0   500  4.236170e-16 9.348162e-03 2.668171e-02 0.058818458 0.0464144923 0.0228081766 0.008121131 0.016035559 0.04459510 0.04703123 0.05627254 0.04308979 0.03390385 0.02603432 0.03995965 0.04014280 0.036533553 0.038794542 0.030859155 0.03533186 0.019376304 0.02883888 0.022729622 0.02287371 0.03226849 0.03804994 0.02594557 0.032819248 0.020900065 0.016417252 0.004191298 0.015139729 0.011559532 0.010377648 0.0080028280 0.0078200650 0.0084572845 0.0017473833 0.0038996302 4.302573e-03 1.779554e-03 1.661196e-03 2.469415e-05 2.839181e-05 1.303541e-05
   86    1      2      0    0   500  8.561870e-04 2.945663e-04 1.190513e-02 0.037687395 0.0445667289 0.0247779179 0.005003265 0.032899643 0.05760533 0.04909059 0.04578945 0.03480798 0.03918781 0.04775300 0.03488914 0.03630750 0.027830410 0.032985678 0.032790912 0.03023094 0.029878171 0.03288325 0.025443940 0.03358906 0.02298121 0.03420193 0.03223544 0.021777033 0.021234637 0.021286897 0.008240482 0.019503044 0.013823692 0.008430863 0.0050385108 0.0166900421 0.0065620858 0.0069911700 0.0037560815 2.074168e-04 1.904457e-04 8.499971e-04 5.368254e-03 2.554408e-05 1.551207e-03
   88    1      2      0    0   500  2.248709e-36 1.616901e-03 2.044064e-02 0.054517270 0.0411158637 0.0137733640 0.009124611 0.030450236 0.03554698 0.05468570 0.05531009 0.03025369 0.04286819 0.03265073 0.03528238 0.04511721 0.030899685 0.029061961 0.033693238 0.03639637 0.036445831 0.02983791 0.025000612 0.03060792 0.02938659 0.03748750 0.03315746 0.027880741 0.014924938 0.021527406 0.006408564 0.018182473 0.010638785 0.010099105 0.0051159075 0.0051286888 0.0050704930 0.0080180277 0.0019899977 4.182760e-03 7.978440e-04 6.691639e-04 1.547406e-05 1.700737e-09 4.620700e-03
   90    1      2      0    0   500  3.370905e-10 2.014450e-04 1.219591e-02 0.045372310 0.0334883810 0.0089432977 0.017287985 0.015508958 0.04331065 0.05102577 0.06216535 0.05099347 0.02573937 0.03008346 0.03961468 0.03857947 0.038382336 0.036048113 0.055499728 0.02897850 0.026366298 0.04712088 0.028326003 0.02004607 0.03979694 0.02177930 0.01434257 0.024294768 0.023280791 0.022407424 0.016946225 0.017552426 0.013233581 0.009028882 0.0060797299 0.0111425526 0.0075510711 0.0034481850 0.0034449071 6.455408e-04 7.223419e-03 4.896988e-04 4.915747e-04 1.366792e-03 1.751784e-04
   92    1      2      0    0   500  2.084106e-11 1.150277e-03 1.951683e-02 0.042106597 0.0612474948 0.0219580529 0.007524978 0.034521473 0.03750319 0.06385554 0.04171481 0.03834476 0.03231863 0.02621342 0.04313147 0.03938492 0.042955162 0.031319067 0.029825502 0.03139853 0.030342573 0.03467846 0.026835306 0.02284237 0.01856478 0.01675204 0.03383559 0.016694457 0.023967659 0.022628765 0.012643868 0.017596146 0.012883396 0.014163948 0.0122786357 0.0169799762 0.0063129806 0.0057238221 0.0046113928 7.277194e-04 2.209056e-03 5.268292e-04 7.042773e-06 1.069284e-06 2.014132e-04
   94    1      2      0    0   500  3.129567e-23 1.061135e-04 1.960468e-02 0.051646251 0.0663469126 0.0166182479 0.019285758 0.028898434 0.04831576 0.04773039 0.06556885 0.04466402 0.03402296 0.04623067 0.03651252 0.02362089 0.030444878 0.044916564 0.026815729 0.01678459 0.054524583 0.02829124 0.022792483 0.02167020 0.01891647 0.01746688 0.02136495 0.028629636 0.040413613 0.010279270 0.010556179 0.011849363 0.006436714 0.017882965 0.0060155139 0.0011272319 0.0025981443 0.0015592190 0.0034879417 1.562252e-03 2.029503e-03 7.194823e-04 9.890685e-07 1.371928e-03 3.190416e-04
   96    1      2      0    0   500  9.198011e-17 1.837011e-04 1.975612e-02 0.065592689 0.0415624536 0.0123524579 0.013787336 0.008334898 0.03046138 0.04606877 0.04613756 0.04380277 0.03306930 0.02753945 0.03544234 0.05435216 0.035792322 0.031339390 0.045799550 0.02262175 0.025140767 0.03027448 0.039245432 0.04007797 0.02287488 0.03654818 0.02566265 0.016179050 0.027831504 0.019190003 0.015165750 0.012551773 0.014564934 0.018578086 0.0121994143 0.0030473495 0.0028387430 0.0127862760 0.0012061747 3.713183e-03 1.626851e-03 1.336557e-04 1.388453e-03 3.142654e-10 3.178044e-03
   98    1      2      0    0   500  4.240810e-11 8.855437e-04 4.019224e-02 0.076126651 0.0609321978 0.0121931068 0.007564667 0.014193574 0.03662086 0.05163689 0.03890852 0.04282096 0.03093332 0.03577273 0.03921895 0.03056314 0.034662101 0.032613986 0.044257109 0.02629896 0.022806572 0.03067041 0.041662292 0.03763939 0.03112770 0.03444442 0.02469126 0.023175918 0.009850447 0.014990717 0.009887085 0.011020473 0.010398893 0.003805772 0.0071445445 0.0061735783 0.0065661319 0.0094581276 0.0049269567 1.622467e-03 8.721741e-04 2.440836e-04 3.005330e-05 1.613212e-04 2.337019e-04
  100    1      2      0    0   500  8.020975e-15 5.571889e-05 1.513730e-02 0.058356708 0.0376898172 0.0228522140 0.007276343 0.015660348 0.03500929 0.07248310 0.06093001 0.03942222 0.02234919 0.04185533 0.03774780 0.04720250 0.022578520 0.034079533 0.037636485 0.03187605 0.029747398 0.02977851 0.018535769 0.01872034 0.02145962 0.03365052 0.02028368 0.036392727 0.028287064 0.030549214 0.010098105 0.017416482 0.019140814 0.008627638 0.0041062660 0.0025777405 0.0067760327 0.0059039430 0.0027104864 4.503149e-03 2.375729e-03 3.181340e-03 4.974110e-03 6.254439e-09 4.827532e-06
15 #_N_agebins
#_agebin_vector
1 2 3 4 5 6 7 8 9 10 11 12 13 14 15
1 #_N_ageerror_definitions
 #_age0   age1   age2   age3   age4   age5   age6   age7   age8   age9  age10  age11  age12  age13  age14  age15  age16  age17  age18  age19  age20  age21  age22  age23  age24  age25
 -1.000 -1.000 -1.000 -1.000 -1.000 -1.000 -1.000 -1.000 -1.000 -1.000 -1.000 -1.000 -1.000 -1.000 -1.000 -1.000 -1.000 -1.000 -1.000 -1.000 -1.000 -1.000 -1.000 -1.000 -1.000 -1.000
  0.001  0.001  0.001  0.001  0.001  0.001  0.001  0.001  0.001  0.001  0.001  0.001  0.001  0.001  0.001  0.001  0.001  0.001  0.001  0.001  0.001  0.001  0.001  0.001  0.001  0.001
87 #_N_agecomp
1 #_Lbin_method: 1=poplenbins; 2=datalenbins; 3=lengths
-1 #_combine males into females at or below this bin number
 #_Yr Seas FltSvy Gender Part Ageerr Lbin_lo Lbin_hi Nsamp          a1        a2        a3        a4         a5         a6         a7         a8          a9         a10         a11          a12          a13          a14         a15
   26    1      1      0    0      1      -1      -1   125  0.03340373 0.1369160 0.1233829 0.1545784 0.08823833 0.08663723 0.08698142 0.02996228 0.024469364 0.034598069 0.020446870 0.0271032938 0.0119463734 0.0099741776 0.131361486
   36    1      1      0    0      1      -1      -1   125  0.03074277 0.2736382 0.1764899 0.1022551 0.09959353 0.06507022 0.05399787 0.07350941 0.014572154 0.012204622 0.016227692 0.0156477530 0.0089134576 0.0170159143 0.040121375
   46    1      1      0    0      1      -1      -1   125  0.01105723 0.2514634 0.1437221 0.1448264 0.15014563 0.06137353 0.05978952 0.06975671 0.056805599 0.012028873 0.011919565 0.0077572339 0.0116072856 0.0009708178 0.006776092
   56    1      1      0    0      1      -1      -1   125  0.03976092 0.1915711 0.2252346 0.1036012 0.18927585 0.05862865 0.03279209 0.02521478 0.082485728 0.016017755 0.012823334 0.0025720402 0.0034855348 0.0020429268 0.014493550
   60    1      1      0    0      1      -1      -1   125  0.03533010 0.2496420 0.1340475 0.2197964 0.05824512 0.04783702 0.06987973 0.04506203 0.016168545 0.034077363 0.024097335 0.0343838643 0.0189375541 0.0023883133 0.010107037
   64    1      1      0    0      1      -1      -1   125  0.03859554 0.2112928 0.2126544 0.1190616 0.14086842 0.05887820 0.03587235 0.05194975 0.048079514 0.015611033 0.017995260 0.0198207928 0.0043843051 0.0041624569 0.020773557
   68    1      1      0    0      1      -1      -1   125  0.02679421 0.1921142 0.2020391 0.1816117 0.10391329 0.07400330 0.03772067 0.04958086 0.008464235 0.041087739 0.011801508 0.0105427974 0.0144756106 0.0064410840 0.039409784
   72    1      1      0    0      1      -1      -1   125  0.03668284 0.2276166 0.2294002 0.1090657 0.13283694 0.07090407 0.05496172 0.06352842 0.023432471 0.029003988 0.010498319 0.0004686539 0.0061914198 0.0004604944 0.004948153
   76    1      1      0    0      1      -1      -1   125  0.02165303 0.3321601 0.1958469 0.1506206 0.08013277 0.03698480 0.02424733 0.04111792 0.017589543 0.028305401 0.033110290 0.0016253350 0.0241272149 0.0020111631 0.010467580
   80    1      1      0    0      1      -1      -1   125  0.04922847 0.2557596 0.2100454 0.1493939 0.08559773 0.09183165 0.03522224 0.02271429 0.036543678 0.021981828 0.013804617 0.0065706019 0.0052775239 0.0059459487 0.010082512
   84    1      1      0    0      1      -1      -1   125  0.02058058 0.2800655 0.1309076 0.1505951 0.11773828 0.07181067 0.06292443 0.04035652 0.013560352 0.019793894 0.019174054 0.0073715818 0.0005614792 0.0517457523 0.012814214
   88    1      1      0    0      1      -1      -1   125  0.04311443 0.2384830 0.1698806 0.2036654 0.11142625 0.04567850 0.07568225 0.02969657 0.014747892 0.014679455 0.012833596 0.0053764763 0.0155793955 0.0016483383 0.017507840
   92    1      1      0    0      1      -1      -1   125  0.03231692 0.2724007 0.1464089 0.1613820 0.11833659 0.05842681 0.08437646 0.03753285 0.038935796 0.016648210 0.016730780 0.0005926038 0.0054121608 0.0000467343 0.010452547
   96    1      1      0    0      1      -1      -1   125  0.04168642 0.2532687 0.1850742 0.1296972 0.08699426 0.07340263 0.11583969 0.03521207 0.010063449 0.022444423 0.006763920 0.0095422817 0.0077107225 0.0065805061 0.015719430
  100    1      1      0    0      1      -1      -1   125  0.04963312 0.2896467 0.1978374 0.1396745 0.05611583 0.13515033 0.02627786 0.02832354 0.025362785 0.009683333 0.006900125 0.0036124765 0.0077831991 0.0141592775 0.009839583
   76    1      2      0    0      1      -1      -1   500  0.14051655 0.2398154 0.1679893 0.1258872 0.09583725 0.07637275 0.03523752 0.01986369 0.020006306 0.019983284 0.008326688 0.0154419522 0.0109429259 0.0033934251 0.020385715
   78    1      2      0    0      1      -1      -1   500  0.16032797 0.1918517 0.1973551 0.1177951 0.09643455 0.06511192 0.06033744 0.02230788 0.032501831 0.011814332 0.008987213 0.0065942101 0.0125275247 0.0013118464 0.014741282
   80    1      2      0    0      1      -1      -1   500  0.12913018 0.2412059 0.2068686 0.1348224 0.08300436 0.06695637 0.03566786 0.01969179 0.028223003 0.016404467 0.014803743 0.0019488675 0.0055558271 0.0015107797 0.014205879
   82    1      2      0    0      1      -1      -1   500  0.15782892 0.2386218 0.1862249 0.1240306 0.07547232 0.04975991 0.02974975 0.03006688 0.026847610 0.014362891 0.022185607 0.0085579971 0.0100746205 0.0042654592 0.021950771
   84    1      2      0    0      1      -1      -1   500  0.13182115 0.2611621 0.1663773 0.1353086 0.08973970 0.04514121 0.04250120 0.04460708 0.015976101 0.015216587 0.021707613 0.0061544207 0.0070788218 0.0070156418 0.010192482
   86    1      2      0    0      1      -1      -1   500  0.15817076 0.2465065 0.1475907 0.1398752 0.07547024 0.05608907 0.03991732 0.05438350 0.013679625 0.024261576 0.018798416 0.0078854669 0.0060382442 0.0063116241 0.005021793
   88    1      2      0    0      1      -1      -1   500  0.14582331 0.2005159 0.1739430 0.1170804 0.10630709 0.07094646 0.04876186 0.02857925 0.029871855 0.008523957 0.031820192 0.0105033106 0.0047751724 0.0040865530 0.018461683
   90    1      2      0    0      1      -1      -1   500  0.12719763 0.2302998 0.1835301 0.1002951 0.10620924 0.05404017 0.05529801 0.03248329 0.027244342 0.023484974 0.016424879 0.0082447103 0.0079517037 0.0053236312 0.021972382
   92    1      2      0    0      1      -1      -1   500  0.15305850 0.2311923 0.1664838 0.1353731 0.08724832 0.06179974 0.04059693 0.03880714 0.022031651 0.021417314 0.008973063 0.0056381680 0.0108978646 0.0041180154 0.012364004
   94    1      2      0    0      1      -1      -1   500  0.15245668 0.2083586 0.1529001 0.1375942 0.08479343 0.07013099 0.06158342 0.04610185 0.016527465 0.017412895 0.011660607 0.0139227620 0.0140430845 0.0050609513 0.007452954
   96    1      2      0    0      1      -1      -1   500  0.13452312 0.2133648 0.1644598 0.1345307 0.07770162 0.08775236 0.04376738 0.02898993 0.035809524 0.030271866 0.013397813 0.0071836703 0.0078608931 0.0067001223 0.013686377
   98    1      2      0    0      1      -1      -1   500  0.13424766 0.2221297 0.1761584 0.1497906 0.08578026 0.05007305 0.05121291 0.03318669 0.042510992 0.021260927 0.008600223 0.0103360247 0.0029827953 0.0057241146 0.006005611
  100    1      2      0    0      1      -1      -1   500  0.12897885 0.1943995 0.1609386 0.1485946 0.08759323 0.08297829 0.05244365 0.05250675 0.026839154 0.008440478 0.030991178 0.0121280626 0.0024747113 0.0008786441 0.009814244
   60    1      1      0    0      1       5       5     1  1.00000000 0.0000000 0.0000000 0.0000000 0.00000000 0.00000000 0.00000000 0.00000000 0.000000000 0.000000000 0.000000000 0.0000000000 0.0000000000 0.0000000000 0.000000000
   60    1      1      0    0      1       6       6     1  1.00000000 0.0000000 0.0000000 0.0000000 0.00000000 0.00000000 0.00000000 0.00000000 0.000000000 0.000000000 0.000000000 0.0000000000 0.0000000000 0.0000000000 0.000000000
   60    1      1      0    0      1       8       8     2  2.00000000 0.0000000 0.0000000 0.0000000 0.00000000 0.00000000 0.00000000 0.00000000 0.000000000 0.000000000 0.000000000 0.0000000000 0.0000000000 0.0000000000 0.000000000
   60    1      1      0    0      1       9       9     6  6.00000000 0.0000000 0.0000000 0.0000000 0.00000000 0.00000000 0.00000000 0.00000000 0.000000000 0.000000000 0.000000000 0.0000000000 0.0000000000 0.0000000000 0.000000000
   60    1      1      0    0      1      10      10     5  5.00000000 0.0000000 0.0000000 0.0000000 0.00000000 0.00000000 0.00000000 0.00000000 0.000000000 0.000000000 0.000000000 0.0000000000 0.0000000000 0.0000000000 0.000000000
   60    1      1      0    0      1      11      11     7  7.00000000 0.0000000 0.0000000 0.0000000 0.00000000 0.00000000 0.00000000 0.00000000 0.000000000 0.000000000 0.000000000 0.0000000000 0.0000000000 0.0000000000 0.000000000
   60    1      1      0    0      1      12      12     7  7.00000000 0.0000000 0.0000000 0.0000000 0.00000000 0.00000000 0.00000000 0.00000000 0.000000000 0.000000000 0.000000000 0.0000000000 0.0000000000 0.0000000000 0.000000000
   60    1      1      0    0      1      13      13     1  1.00000000 0.0000000 0.0000000 0.0000000 0.00000000 0.00000000 0.00000000 0.00000000 0.000000000 0.000000000 0.000000000 0.0000000000 0.0000000000 0.0000000000 0.000000000
   60    1      1      0    0      1      14      14     8  8.00000000 0.0000000 0.0000000 0.0000000 0.00000000 0.00000000 0.00000000 0.00000000 0.000000000 0.000000000 0.000000000 0.0000000000 0.0000000000 0.0000000000 0.000000000
   60    1      1      0    0      1      15      15    10 10.00000000 0.0000000 0.0000000 0.0000000 0.00000000 0.00000000 0.00000000 0.00000000 0.000000000 0.000000000 0.000000000 0.0000000000 0.0000000000 0.0000000000 0.000000000
   60    1      1      0    0      1      16      16     9  9.00000000 0.0000000 0.0000000 0.0000000 0.00000000 0.00000000 0.00000000 0.00000000 0.000000000 0.000000000 0.000000000 0.0000000000 0.0000000000 0.0000000000 0.000000000
   60    1      1      0    0      1      17      17     2  2.00000000 0.0000000 0.0000000 0.0000000 0.00000000 0.00000000 0.00000000 0.00000000 0.000000000 0.000000000 0.000000000 0.0000000000 0.0000000000 0.0000000000 0.000000000
   60    1      1      0    0      1      18      18     2  2.00000000 0.0000000 0.0000000 0.0000000 0.00000000 0.00000000 0.00000000 0.00000000 0.000000000 0.000000000 0.000000000 0.0000000000 0.0000000000 0.0000000000 0.000000000
   60    1      1      0    0      1      19      19     6  6.00000000 0.0000000 0.0000000 0.0000000 0.00000000 0.00000000 0.00000000 0.00000000 0.000000000 0.000000000 0.000000000 0.0000000000 0.0000000000 0.0000000000 0.000000000
   60    1      1      0    0      1      20      20     2  2.00000000 0.0000000 0.0000000 0.0000000 0.00000000 0.00000000 0.00000000 0.00000000 0.000000000 0.000000000 0.000000000 0.0000000000 0.0000000000 0.0000000000 0.000000000
   60    1      1      0    0      1      21      21     3  3.00000000 0.0000000 0.0000000 0.0000000 0.00000000 0.00000000 0.00000000 0.00000000 0.000000000 0.000000000 0.000000000 0.0000000000 0.0000000000 0.0000000000 0.000000000
   60    1      1      0    0      1      22      22     5  5.00000000 0.0000000 0.0000000 0.0000000 0.00000000 0.00000000 0.00000000 0.00000000 0.000000000 0.000000000 0.000000000 0.0000000000 0.0000000000 0.0000000000 0.000000000
   60    1      1      0    0      1      23      23     3  3.00000000 0.0000000 0.0000000 0.0000000 0.00000000 0.00000000 0.00000000 0.00000000 0.000000000 0.000000000 0.000000000 0.0000000000 0.0000000000 0.0000000000 0.000000000
   60    1      1      0    0      1      25      25     3  2.00000000 1.0000000 0.0000000 0.0000000 0.00000000 0.00000000 0.00000000 0.00000000 0.000000000 0.000000000 0.000000000 0.0000000000 0.0000000000 0.0000000000 0.000000000
   60    1      1      0    0      1      26      26     2  2.00000000 0.0000000 0.0000000 0.0000000 0.00000000 0.00000000 0.00000000 0.00000000 0.000000000 0.000000000 0.000000000 0.0000000000 0.0000000000 0.0000000000 0.000000000
   60    1      1      0    0      1      27      27     1  0.00000000 1.0000000 0.0000000 0.0000000 0.00000000 0.00000000 0.00000000 0.00000000 0.000000000 0.000000000 0.000000000 0.0000000000 0.0000000000 0.0000000000 0.000000000
   60    1      1      0    0      1      28      28     4  4.00000000 0.0000000 0.0000000 0.0000000 0.00000000 0.00000000 0.00000000 0.00000000 0.000000000 0.000000000 0.000000000 0.0000000000 0.0000000000 0.0000000000 0.000000000
   60    1      1      0    0      1      29      29     2  0.00000000 2.0000000 0.0000000 0.0000000 0.00000000 0.00000000 0.00000000 0.00000000 0.000000000 0.000000000 0.000000000 0.0000000000 0.0000000000 0.0000000000 0.000000000
   60    1      1      0    0      1      30      30     2  0.00000000 2.0000000 0.0000000 0.0000000 0.00000000 0.00000000 0.00000000 0.00000000 0.000000000 0.000000000 0.000000000 0.0000000000 0.0000000000 0.0000000000 0.000000000
   60    1      1      0    0      1      31      31     1  0.00000000 1.0000000 0.0000000 0.0000000 0.00000000 0.00000000 0.00000000 0.00000000 0.000000000 0.000000000 0.000000000 0.0000000000 0.0000000000 0.0000000000 0.000000000
   60    1      1      0    0      1      32      32     4  0.00000000 4.0000000 0.0000000 0.0000000 0.00000000 0.00000000 0.00000000 0.00000000 0.000000000 0.000000000 0.000000000 0.0000000000 0.0000000000 0.0000000000 0.000000000
   60    1      1      0    0      1      36      36     1  0.00000000 1.0000000 0.0000000 0.0000000 0.00000000 0.00000000 0.00000000 0.00000000 0.000000000 0.000000000 0.000000000 0.0000000000 0.0000000000 0.0000000000 0.000000000
  100    1      1      0    0      1       3       3     2  2.00000000 0.0000000 0.0000000 0.0000000 0.00000000 0.00000000 0.00000000 0.00000000 0.000000000 0.000000000 0.000000000 0.0000000000 0.0000000000 0.0000000000 0.000000000
  100    1      1      0    0      1       4       4     1  1.00000000 0.0000000 0.0000000 0.0000000 0.00000000 0.00000000 0.00000000 0.00000000 0.000000000 0.000000000 0.000000000 0.0000000000 0.0000000000 0.0000000000 0.000000000
  100    1      1      0    0      1       5       5     1  1.00000000 0.0000000 0.0000000 0.0000000 0.00000000 0.00000000 0.00000000 0.00000000 0.000000000 0.000000000 0.000000000 0.0000000000 0.0000000000 0.0000000000 0.000000000
  100    1      1      0    0      1       8       8     1  1.00000000 0.0000000 0.0000000 0.0000000 0.00000000 0.00000000 0.00000000 0.00000000 0.000000000 0.000000000 0.000000000 0.0000000000 0.0000000000 0.0000000000 0.000000000
  100    1      1      0    0      1       9       9     6  6.00000000 0.0000000 0.0000000 0.0000000 0.00000000 0.00000000 0.00000000 0.00000000 0.000000000 0.000000000 0.000000000 0.0000000000 0.0000000000 0.0000000000 0.000000000
  100    1      1      0    0      1      10      10     1  1.00000000 0.0000000 0.0000000 0.0000000 0.00000000 0.00000000 0.00000000 0.00000000 0.000000000 0.000000000 0.000000000 0.0000000000 0.0000000000 0.0000000000 0.000000000
  100    1      1      0    0      1      11      11     4  4.00000000 0.0000000 0.0000000 0.0000000 0.00000000 0.00000000 0.00000000 0.00000000 0.000000000 0.000000000 0.000000000 0.0000000000 0.0000000000 0.0000000000 0.000000000
  100    1      1      0    0      1      12      12     8  8.00000000 0.0000000 0.0000000 0.0000000 0.00000000 0.00000000 0.00000000 0.00000000 0.000000000 0.000000000 0.000000000 0.0000000000 0.0000000000 0.0000000000 0.000000000
  100    1      1      0    0      1      13      13     1  1.00000000 0.0000000 0.0000000 0.0000000 0.00000000 0.00000000 0.00000000 0.00000000 0.000000000 0.000000000 0.000000000 0.0000000000 0.0000000000 0.0000000000 0.000000000
  100    1      1      0    0      1      14      14     5  5.00000000 0.0000000 0.0000000 0.0000000 0.00000000 0.00000000 0.00000000 0.00000000 0.000000000 0.000000000 0.000000000 0.0000000000 0.0000000000 0.0000000000 0.000000000
  100    1      1      0    0      1      15      15     5  5.00000000 0.0000000 0.0000000 0.0000000 0.00000000 0.00000000 0.00000000 0.00000000 0.000000000 0.000000000 0.000000000 0.0000000000 0.0000000000 0.0000000000 0.000000000
  100    1      1      0    0      1      16      16     3  3.00000000 0.0000000 0.0000000 0.0000000 0.00000000 0.00000000 0.00000000 0.00000000 0.000000000 0.000000000 0.000000000 0.0000000000 0.0000000000 0.0000000000 0.000000000
  100    1      1      0    0      1      17      17     8  8.00000000 0.0000000 0.0000000 0.0000000 0.00000000 0.00000000 0.00000000 0.00000000 0.000000000 0.000000000 0.000000000 0.0000000000 0.0000000000 0.0000000000 0.000000000
  100    1      1      0    0      1      19      19     3  3.00000000 0.0000000 0.0000000 0.0000000 0.00000000 0.00000000 0.00000000 0.00000000 0.000000000 0.000000000 0.000000000 0.0000000000 0.0000000000 0.0000000000 0.000000000
  100    1      1      0    0      1      20      20     4  4.00000000 0.0000000 0.0000000 0.0000000 0.00000000 0.00000000 0.00000000 0.00000000 0.000000000 0.000000000 0.000000000 0.0000000000 0.0000000000 0.0000000000 0.000000000
  100    1      1      0    0      1      21      21     5  5.00000000 0.0000000 0.0000000 0.0000000 0.00000000 0.00000000 0.00000000 0.00000000 0.000000000 0.000000000 0.000000000 0.0000000000 0.0000000000 0.0000000000 0.000000000
  100    1      1      0    0      1      22      22     4  4.00000000 0.0000000 0.0000000 0.0000000 0.00000000 0.00000000 0.00000000 0.00000000 0.000000000 0.000000000 0.000000000 0.0000000000 0.0000000000 0.0000000000 0.000000000
  100    1      1      0    0      1      23      23     3  3.00000000 0.0000000 0.0000000 0.0000000 0.00000000 0.00000000 0.00000000 0.00000000 0.000000000 0.000000000 0.000000000 0.0000000000 0.0000000000 0.0000000000 0.000000000
  100    1      1      0    0      1      24      24     2  1.00000000 1.0000000 0.0000000 0.0000000 0.00000000 0.00000000 0.00000000 0.00000000 0.000000000 0.000000000 0.000000000 0.0000000000 0.0000000000 0.0000000000 0.000000000
  100    1      1      0    0      1      25      25     3  3.00000000 0.0000000 0.0000000 0.0000000 0.00000000 0.00000000 0.00000000 0.00000000 0.000000000 0.000000000 0.000000000 0.0000000000 0.0000000000 0.0000000000 0.000000000
  100    1      1      0    0      1      26      26     4  3.00000000 1.0000000 0.0000000 0.0000000 0.00000000 0.00000000 0.00000000 0.00000000 0.000000000 0.000000000 0.000000000 0.0000000000 0.0000000000 0.0000000000 0.000000000
  100    1      1      0    0      1      27      27     3  3.00000000 0.0000000 0.0000000 0.0000000 0.00000000 0.00000000 0.00000000 0.00000000 0.000000000 0.000000000 0.000000000 0.0000000000 0.0000000000 0.0000000000 0.000000000
  100    1      1      0    0      1      28      28     1  1.00000000 0.0000000 0.0000000 0.0000000 0.00000000 0.00000000 0.00000000 0.00000000 0.000000000 0.000000000 0.000000000 0.0000000000 0.0000000000 0.0000000000 0.000000000
  100    1      1      0    0      1      29      29     9  2.00000000 7.0000000 0.0000000 0.0000000 0.00000000 0.00000000 0.00000000 0.00000000 0.000000000 0.000000000 0.000000000 0.0000000000 0.0000000000 0.0000000000 0.000000000
  100    1      1      0    0      1      30      30     3  0.00000000 3.0000000 0.0000000 0.0000000 0.00000000 0.00000000 0.00000000 0.00000000 0.000000000 0.000000000 0.000000000 0.0000000000 0.0000000000 0.0000000000 0.000000000
  100    1      1      0    0      1      31      31     2  0.00000000 2.0000000 0.0000000 0.0000000 0.00000000 0.00000000 0.00000000 0.00000000 0.000000000 0.000000000 0.000000000 0.0000000000 0.0000000000 0.0000000000 0.000000000
  100    1      1      0    0      1      32      32     1  0.00000000 1.0000000 0.0000000 0.0000000 0.00000000 0.00000000 0.00000000 0.00000000 0.000000000 0.000000000 0.000000000 0.0000000000 0.0000000000 0.0000000000 0.000000000
  100    1      1      0    0      1      34      34     3  0.00000000 3.0000000 0.0000000 0.0000000 0.00000000 0.00000000 0.00000000 0.00000000 0.000000000 0.000000000 0.000000000 0.0000000000 0.0000000000 0.0000000000 0.000000000
  100    1      1      0    0      1      35      35     1  0.00000000 1.0000000 0.0000000 0.0000000 0.00000000 0.00000000 0.00000000 0.00000000 0.000000000 0.000000000 0.000000000 0.0000000000 0.0000000000 0.0000000000 0.000000000
  100    1      1      0    0      1      37      37     1  0.00000000 1.0000000 0.0000000 0.0000000 0.00000000 0.00000000 0.00000000 0.00000000 0.000000000 0.000000000 0.000000000 0.0000000000 0.0000000000 0.0000000000 0.000000000
  100    1      1      0    0      1      38      38     1  0.00000000 1.0000000 0.0000000 0.0000000 0.00000000 0.00000000 0.00000000 0.00000000 0.000000000 0.000000000 0.000000000 0.0000000000 0.0000000000 0.0000000000 0.000000000
  100    1      1      0    0      1      39      39     1  0.00000000 1.0000000 0.0000000 0.0000000 0.00000000 0.00000000 0.00000000 0.00000000 0.000000000 0.000000000 0.000000000 0.0000000000 0.0000000000 0.0000000000 0.000000000
0 #_N_MeanSize_at_Age_obs
0 #_N_environ_variables
0 #_N_environ_obs
0 #_N_sizefreq_methods
0 #_do_tags
0 #_morphcomp_data
#
999
