#C data file created using the SS_writedat function in the R package r4ss
#C should work with SS version: 
#C file write time: 2015-02-11 09:21:52
#
1 #_styr
100 #_endyr
1 #_nseas
12 #_months_per_seas
1 #_spawn_seas
1 #_Nfleet
2 #_Nsurveys
1 #_N_areas
Fishery%Survey%CPUE #_fleetnames
0.5 0.5 0.5 #_surveytiming_in_season
1 1 1 #_area_assignments_for_each_fishery_and_survey
1 #_units of catch:  1=bio; 2=num
0.01 #_se of log(catch) only used for init_eq_catch and for Fmethod 2 and 3
1 #_Ngenders
25 #_Nages
0 #_init_equil_catch_for_each_fishery
100 #_N_lines_of_catch_to_read
 #_Fishery year seas
         0    1    1
         0    2    1
         0    3    1
         0    4    1
         0    5    1
         0    6    1
         0    7    1
         0    8    1
         0    9    1
         0   10    1
         0   11    1
         0   12    1
         0   13    1
         0   14    1
         0   15    1
         0   16    1
         0   17    1
         0   18    1
         0   19    1
         0   20    1
         0   21    1
         0   22    1
         0   23    1
         0   24    1
         0   25    1
 444646000   26    1
 397608000   27    1
 357583000   28    1
 324161000   29    1
 296656000   30    1
 274240000   31    1
 256057000   32    1
 241314000   33    1
 229322000   34    1
 219511000   35    1
 211426000   36    1
 204710000   37    1
 199088000   38    1
 194347000   39    1
 190324000   40    1
 186891000   41    1
 183948000   42    1
 181416000   43    1
 179230000   44    1
 177337000   45    1
 175694000   46    1
 174266000   47    1
 173022000   48    1
 171937000   49    1
 170990000   50    1
 170161000   51    1
 169436000   52    1
 168801000   53    1
 168243000   54    1
 167755000   55    1
 167325000   56    1
 166948000   57    1
 166617000   58    1
 166326000   59    1
 166070000   60    1
 165844000   61    1
 165646000   62    1
 165471000   63    1
 165317000   64    1
 165182000   65    1
 165063000   66    1
 164958000   67    1
 164865000   68    1
 164784000   69    1
 164712000   70    1
 164649000   71    1
 164593000   72    1
 164544000   73    1
 164500000   74    1
 164462000   75    1
 164429000   76    1
 164399000   77    1
 164373000   78    1
 164350000   79    1
 164329000   80    1
 164311000   81    1
 164296000   82    1
 164282000   83    1
 164269000   84    1
 164258000   85    1
 164249000   86    1
 164240000   87    1
 164233000   88    1
 164227000   89    1
 164221000   90    1
 164216000   91    1
 164211000   92    1
 164207000   93    1
 164204000   94    1
 164201000   95    1
 164198000   96    1
 164195000   97    1
 164193000   98    1
 164192000   99    1
 164190000  100    1
13 #_N_cpue
 #_Fleet Units Errtype
       1     1       0
       2     1       0
       3     1       0
 #_year seas index        obs se_log
     76    1     2 1593045480    0.2
     78    1     2 1334393912    0.2
     80    1     2 1469601974    0.2
     82    1     2  944302026    0.2
     84    1     2 1709055000    0.2
     86    1     2 1423072876    0.2
     88    1     2 1371096095    0.2
     90    1     2 1131410401    0.2
     92    1     2 1608982295    0.2
     94    1     2 1261176003    0.2
     96    1     2 1680063779    0.2
     98    1     2 1172185503    0.2
    100    1     2 1225121578    0.2
0 #_N_discard_fleets
#_discard_units (1=same_as_catchunits(bio/num); 2=fraction; 3=numbers)
#_discard_errtype:  >0 for DF of T-dist(read CV below); 0 for normal with CV; -1 for normal with se; -2 for lognormal
0 #_N_discard
0 #_N_meanbodywt
1 #_DF_for_meanbodywt_T-distribution_like
2 # length bin method: 1=use databins; 2=generate from binwidth,min,max below; 3=read vector
1 # binwidth for population size comp
10 # minimum size in the population (lower edge of first bin and size at age 0.00)
200 # maximum size in the population (lower edge of last bin)
-0.001 #_comp_tail_compression
1e-05 #_add_to_comp
0 #_combine males into females at or below this bin number
45 #_N_lbins
#_lbin_vector
20 23 26 29 32 35 38 41 44 47 50 53 56 59 62 65 68 71 74 77 80 83 86 89 92 95 98 101 104 107 110 113 116 119 122 125 128 131 134 137 140 143 146 149 152
28 #_N_Length_comp_observations
 #_Yr Seas FltSvy Gender Part Nsamp           l20          l23          l26          l29         l32          l35          l38         l41        l44        l47        l50        l53        l56        l59        l62        l65        l68        l71        l74        l77        l80         l83        l86        l89         l92         l95         l98        l101        l104        l107        l110        l113        l116        l119        l122         l125         l128         l131         l134         l137         l140         l143         l146         l149         l152
   26    1      1      0    0   125 1.863799e-252 2.281932e-42 1.183702e-06 0.0037580325 0.003614600 5.999885e-04 7.344692e-04 0.010346061 0.04606012 0.04179416 0.03701183 0.03756098 0.04892577 0.03183665 0.01112862 0.05476546 0.02873936 0.07255503 0.07403382 0.01455318 0.04104686 0.019043595 0.02085709 0.01812270 0.009616445 0.031058977 0.010135753 0.007227687 0.023684026 0.037402442 0.058908170 0.019607695 0.048871577 0.016267209 0.043697301 0.0074572744 1.578566e-02 1.987375e-02 0.0104105415 6.373640e-03 1.272271e-02 3.114333e-03 9.358693e-05 1.726907e-06 5.999522e-04
   36    1      1      0    0   125 6.466702e-154 2.654095e-16 6.471105e-03 0.0027260690 0.029059764 2.687927e-02 1.134464e-04 0.021600592 0.05545275 0.05521529 0.06741841 0.08656866 0.05212996 0.04146902 0.03090253 0.02093158 0.02268268 0.02330629 0.01924558 0.01388051 0.04677921 0.054095024 0.02412968 0.01589952 0.013827947 0.016502717 0.024866182 0.031751551 0.045210113 0.022713868 0.017736912 0.007999553 0.004146748 0.007833599 0.015094313 0.0269122709 1.273982e-02 2.776331e-03 0.0031935536 7.164036e-04 1.311145e-03 2.369169e-02 1.295076e-03 1.632140e-03 1.091115e-03
   46    1      1      0    0   125  4.658069e-38 3.916800e-24 2.148683e-04 0.0050716328 0.008226982 1.712514e-03 2.209357e-03 0.022886615 0.04265059 0.07024670 0.05774950 0.03255634 0.03077377 0.04528760 0.06098360 0.03384049 0.02469887 0.03982140 0.04132819 0.03505964 0.01958640 0.054496605 0.05790164 0.03073037 0.032412160 0.015374587 0.023724610 0.054205478 0.011629752 0.020840050 0.021782608 0.011917596 0.043329584 0.009161189 0.004992321 0.0070139832 5.942768e-03 2.648743e-03 0.0099429306 1.177577e-03 9.234936e-04 2.186201e-05 4.617259e-03 5.846725e-09 3.077812e-04
   56    1      1      0    0   125 7.784138e-102 5.451899e-07 2.455603e-03 0.0063789074 0.036423557 2.580426e-03 7.955009e-03 0.025137765 0.06330538 0.05725633 0.08526652 0.03621089 0.03409243 0.03761107 0.05524652 0.02593738 0.04011497 0.06670075 0.02832024 0.03315704 0.05657807 0.030690482 0.01842092 0.05446688 0.020402852 0.012467399 0.010775632 0.026964170 0.011197978 0.041626608 0.012121403 0.025824999 0.012252405 0.005318720 0.002419605 0.0016625258 2.830615e-03 2.503258e-05 0.0047660814 2.776181e-03 7.769896e-05 2.196346e-04 1.921268e-03 3.035939e-09 4.151526e-05
   60    1      1      0    0   125  3.781540e-28 1.072760e-13 3.301852e-03 0.0127848982 0.009511042 2.010456e-03 5.116253e-03 0.007288858 0.03446171 0.04094195 0.02686707 0.05825699 0.09543311 0.05191371 0.02431361 0.05275166 0.05500904 0.03141359 0.02369906 0.04144718 0.03082981 0.029697950 0.05221090 0.03654518 0.028322546 0.029826814 0.029260243 0.004297446 0.026801533 0.032015700 0.024540948 0.012026009 0.015578248 0.009868448 0.001218209 0.0199895762 6.316592e-03 2.239728e-02 0.0007817621 5.875153e-04 9.521561e-03 2.313536e-04 1.363291e-07 1.450885e-06 6.107666e-04
   64    1      1      0    0   125  5.274742e-98 9.358417e-12 4.676169e-04 0.0284580600 0.012133527 6.723657e-04 6.677742e-06 0.019826085 0.05776053 0.10479835 0.01445146 0.06893554 0.02578596 0.08159928 0.02708910 0.07804115 0.05330187 0.05325585 0.03525858 0.02871801 0.02502822 0.023890033 0.01678619 0.03668595 0.014482748 0.017503929 0.029609855 0.029491303 0.012311821 0.009841914 0.007329791 0.012981956 0.010005149 0.002477461 0.013049955 0.0014576040 5.545561e-03 2.010526e-02 0.0105719943 3.356498e-03 5.123453e-03 1.795386e-03 5.228451e-06 2.727856e-06 3.364846e-12
   68    1      1      0    0   125  9.291860e-25 9.624063e-06 1.017703e-02 0.0006261151 0.020651560 3.198868e-03 3.532122e-06 0.020118691 0.03352386 0.10307213 0.02617268 0.07731544 0.04625651 0.04936268 0.06231583 0.10452379 0.05562984 0.02884329 0.02319047 0.01861760 0.02001651 0.018063826 0.01775052 0.01595754 0.025823195 0.039677773 0.006462868 0.040180737 0.032483184 0.012293266 0.020550064 0.032673594 0.003025680 0.002405796 0.011985527 0.0062407149 1.230975e-03 4.021372e-03 0.0007392213 2.506938e-03 2.293948e-03 7.203187e-06 1.079471e-10 1.682708e-21 2.184795e-09
   72    1      1      0    0   125 6.309799e-259 1.277624e-06 1.306387e-03 0.0155775904 0.007845998 3.646393e-03 2.824264e-03 0.010292117 0.03763127 0.10121962 0.04794907 0.06442216 0.02944358 0.04156138 0.05735059 0.04993349 0.05309327 0.06843576 0.04031541 0.04274249 0.01167448 0.025912748 0.04695693 0.01744427 0.043901655 0.011354748 0.011572370 0.012666842 0.042432634 0.020307104 0.010250143 0.005793451 0.013453208 0.013420401 0.015482488 0.0092150553 7.205217e-04 3.794047e-03 0.0027276618 2.022462e-03 9.398772e-04 1.570167e-03 5.744678e-04 8.496558e-18 2.201606e-04
   76    1      1      0    0   125  7.291571e-24 3.882006e-18 1.045045e-03 0.0011944718 0.005659565 7.937192e-04 4.381980e-05 0.005024673 0.06710132 0.03705459 0.12234015 0.05759752 0.05358365 0.02426304 0.02640349 0.04999185 0.03400707 0.05541387 0.04048801 0.03587819 0.02331608 0.018834475 0.01543932 0.03133686 0.066641926 0.033504541 0.008242995 0.008794594 0.030510331 0.029398025 0.036614288 0.013158069 0.006209372 0.010661750 0.019372416 0.0020019520 1.875448e-03 9.137883e-05 0.0221578433 2.852047e-03 6.324361e-07 4.864156e-07 2.111547e-04 8.899744e-04 1.052690e-12
   80    1      1      0    0   125 5.857140e-196 1.689528e-11 2.068966e-03 0.0069444449 0.019392571 2.051220e-03 1.279782e-02 0.007923577 0.05959712 0.03802740 0.06393837 0.04495072 0.03457017 0.02685697 0.05810446 0.02687047 0.05917294 0.03466570 0.05572301 0.01847680 0.03833223 0.024860099 0.06305053 0.02279020 0.020976915 0.026619603 0.031609824 0.044499424 0.019687096 0.021344389 0.004386684 0.011674625 0.002057274 0.027364432 0.019563738 0.0195559360 7.704780e-03 6.617167e-03 0.0108370284 4.165642e-03 1.690170e-04 6.203276e-07 1.489248e-10 2.902759e-11 6.571378e-10
   84    1      1      0    0   125  7.917749e-15 4.877484e-30 2.155280e-04 0.0070800108 0.046378392 1.477705e-02 3.759621e-03 0.017894865 0.05714424 0.07689128 0.05737526 0.03184207 0.02141701 0.02086451 0.02883017 0.05992338 0.02165792 0.04590111 0.08804942 0.05410831 0.02726713 0.021383895 0.01662533 0.04317516 0.021036730 0.043531100 0.029276698 0.010221243 0.024149923 0.010591185 0.012678583 0.015066617 0.025887034 0.008614490 0.017200059 0.0057102959 1.029928e-05 4.844015e-03 0.0060367258 5.551668e-04 1.096475e-03 8.022297e-04 4.105758e-07 3.869687e-07 1.286736e-04
   88    1      1      0    0   125 1.616888e-296 2.413513e-31 6.712524e-03 0.0221298217 0.023487236 4.311091e-05 3.141108e-03 0.012259059 0.05082790 0.07033856 0.05800304 0.03074669 0.03901400 0.05442362 0.03583997 0.04905016 0.03059433 0.04607364 0.02360644 0.03440044 0.02528319 0.024887433 0.02768655 0.02639075 0.016018675 0.064140269 0.029003442 0.027928514 0.015053516 0.046148081 0.014458180 0.018468784 0.008008888 0.030312140 0.016510487 0.0101987371 2.746983e-04 3.676735e-03 0.0030896206 2.819934e-04 2.043030e-06 2.334414e-06 1.465164e-03 1.546190e-05 2.674774e-06
   92    1      1      0    0   125 5.509820e-126 1.066350e-15 1.199636e-04 0.0004125141 0.009592377 9.342358e-03 9.678120e-03 0.026657400 0.04483149 0.07148240 0.04557741 0.05567001 0.06969333 0.01536313 0.02577653 0.04868320 0.04293850 0.03176167 0.04296564 0.04138681 0.06275620 0.064796599 0.01623323 0.02551626 0.018442181 0.049861482 0.018147777 0.034498228 0.008034983 0.008966426 0.011963212 0.021608929 0.021328581 0.002190024 0.026222733 0.0003128922 7.122085e-04 6.804309e-03 0.0045568532 9.168503e-05 5.821026e-04 2.337711e-03 2.094457e-03 1.517217e-09 8.089083e-06
   96    1      1      0    0   125  1.999871e-45 6.188972e-05 7.024143e-03 0.0331631256 0.007419315 3.290739e-03 1.371024e-03 0.018898775 0.02797654 0.03758734 0.03001046 0.07505651 0.04637216 0.04697881 0.06271672 0.03119703 0.07320390 0.04591435 0.04441219 0.02551916 0.03589190 0.049417290 0.02445806 0.02768906 0.023824227 0.029829987 0.029860836 0.026225008 0.021152761 0.013751699 0.011202049 0.004152788 0.003103399 0.023819549 0.006759194 0.0093260302 7.268556e-03 1.085546e-02 0.0206513716 1.192102e-04 2.523836e-05 1.933430e-05 4.573441e-04 1.965457e-03 1.351534e-08
  100    1      1      0    0   125 3.165565e-101 5.288547e-18 1.999991e-03 0.0069521160 0.006672959 3.201814e-03 8.157647e-04 0.034889734 0.02038775 0.03463367 0.04355173 0.02831837 0.04560996 0.04789210 0.03022945 0.03001685 0.04213466 0.03659823 0.06078433 0.04530844 0.04255936 0.009675604 0.01767897 0.03505020 0.026140900 0.056742513 0.048986376 0.035053116 0.091804464 0.048918140 0.003782725 0.012583386 0.006868837 0.017272236 0.004722623 0.0184522800 1.121547e-04 3.306883e-05 0.0026873298 6.081442e-04 2.685914e-04 5.970230e-07 1.052331e-08 1.483951e-07 3.132110e-07
   76    1      2      0    0   500  8.210380e-18 3.506148e-03 2.657692e-02 0.0605352937 0.052539278 1.604624e-02 8.128498e-03 0.022734063 0.02998110 0.04240636 0.06500227 0.03374841 0.02956985 0.03898391 0.02528611 0.03852568 0.03233468 0.05172277 0.03353396 0.02501412 0.02798299 0.032855668 0.02571235 0.02169280 0.046776075 0.035832767 0.029565476 0.034565296 0.007311896 0.022332884 0.018673382 0.018401001 0.009325064 0.006094339 0.009750212 0.0048396423 2.096463e-03 4.679742e-03 0.0007920745 3.216061e-03 4.368667e-04 8.458539e-04 2.544372e-07 3.704478e-05 8.117161e-06
   78    1      2      0    0   500  2.757088e-05 2.493917e-03 1.886191e-02 0.0500939951 0.041835789 2.129979e-02 7.381996e-03 0.016989079 0.05329536 0.04527349 0.05265796 0.02792019 0.02001835 0.04088888 0.03999354 0.03679926 0.03034520 0.03552707 0.03114346 0.02780974 0.04573908 0.051225297 0.03251646 0.03108318 0.024823389 0.027798766 0.029833179 0.022594050 0.012767429 0.032721724 0.016809942 0.008342308 0.014524580 0.019906480 0.012429700 0.0017672949 2.512436e-03 4.585090e-03 0.0007176918 2.926950e-03 2.649728e-03 1.346157e-04 7.381716e-06 6.861248e-04 2.405664e-04
   80    1      2      0    0   500  1.426035e-19 2.558021e-03 1.616694e-02 0.0481003951 0.038333401 2.128259e-02 8.388389e-03 0.027385356 0.04259574 0.03767657 0.05220635 0.02731269 0.03151053 0.03873426 0.04790894 0.02877183 0.04929848 0.02833348 0.02822092 0.03423312 0.04158128 0.038171838 0.02494647 0.03965770 0.020169117 0.024742594 0.035020442 0.037286477 0.019352069 0.024183198 0.015590464 0.023396214 0.007315396 0.005583088 0.015832748 0.0035812598 5.786305e-03 8.956994e-04 0.0012586829 2.814113e-03 7.266376e-04 1.835202e-03 5.846938e-04 1.817889e-05 6.521234e-04
   82    1      2      0    0   500  1.286311e-05 3.700618e-03 4.038777e-02 0.0560827725 0.046749083 2.383814e-02 9.934199e-03 0.031902112 0.04605560 0.05424232 0.05935983 0.02990420 0.02294403 0.03268106 0.02977752 0.04206609 0.03458880 0.02908588 0.02946355 0.04380487 0.01859141 0.035212494 0.02901721 0.03530960 0.029584255 0.016160595 0.027756754 0.019592860 0.019442005 0.006333082 0.009952747 0.008378232 0.017492747 0.019674566 0.009209330 0.0065319409 1.015556e-02 8.733483e-03 0.0018306618 1.406821e-03 5.729303e-04 6.152136e-04 1.309071e-03 6.653740e-10 5.550895e-04
   84    1      2      0    0   500  2.170429e-40 9.070610e-04 1.787654e-02 0.0651718003 0.054886062 1.588785e-02 4.853391e-03 0.023564165 0.05574898 0.06799196 0.05882824 0.04449896 0.02461464 0.03082395 0.02829562 0.02513080 0.02292601 0.02812495 0.03515114 0.03855282 0.04535166 0.029659438 0.04607506 0.02803245 0.020807305 0.009744015 0.031336213 0.021685511 0.012735530 0.017194712 0.012160052 0.014537483 0.016884094 0.012205002 0.004735429 0.0081379979 4.372075e-03 1.002666e-02 0.0046925690 3.084615e-03 2.117439e-03 2.840393e-04 1.804961e-05 2.428284e-04 4.482299e-05
   86    1      2      0    0   500  1.277756e-11 6.044257e-04 1.092842e-02 0.0354729036 0.052945953 1.535133e-02 2.410335e-02 0.027339446 0.04025504 0.07727935 0.06577122 0.03760817 0.04153011 0.05197481 0.03669213 0.03173787 0.03215540 0.02602534 0.02894037 0.03300041 0.02874826 0.039833734 0.01936941 0.01809866 0.022154654 0.024282562 0.021157873 0.020373270 0.013995778 0.027961269 0.015656191 0.015312960 0.009453151 0.007900843 0.006546282 0.0094050405 7.650068e-03 1.215356e-02 0.0030858860 1.963158e-03 1.442583e-04 4.752486e-03 1.872983e-04 2.690418e-05 7.037298e-05
   88    1      2      0    0   500  8.250618e-17 1.257121e-03 1.315674e-02 0.0500071620 0.035641024 2.263485e-02 1.318054e-02 0.036714629 0.04919685 0.05682138 0.04328344 0.03480975 0.04408882 0.02587302 0.04358001 0.04515232 0.02359291 0.03615499 0.04188206 0.03514512 0.04733098 0.036564968 0.03643426 0.02491772 0.021155184 0.028640739 0.021237730 0.025799855 0.016749138 0.018812073 0.009667957 0.015037868 0.009690389 0.008343203 0.016515682 0.0030061941 2.180804e-03 3.297935e-03 0.0001592485 2.399157e-04 1.797598e-03 1.251386e-04 2.286419e-08 1.046732e-04 1.798045e-05
   90    1      2      0    0   500  5.416818e-08 2.333969e-03 1.112268e-02 0.0664944755 0.054482095 2.111761e-02 1.028400e-02 0.019164603 0.04701906 0.04911841 0.05305496 0.04628610 0.05281329 0.02759417 0.03335341 0.03438531 0.01876726 0.02772496 0.03891104 0.03186042 0.02723493 0.020928409 0.02928405 0.02883321 0.027035328 0.018866082 0.023901462 0.027540572 0.023383839 0.023646362 0.019584063 0.020891004 0.014795840 0.015812627 0.007315823 0.0048139953 5.206567e-03 4.169662e-03 0.0046458001 2.253981e-03 3.304569e-06 3.388919e-04 1.608648e-03 1.000337e-03 1.017344e-03
   92    1      2      0    0   500  2.086557e-24 6.627904e-03 1.773162e-02 0.0491940607 0.035412163 2.270202e-02 9.867222e-03 0.024111008 0.05065748 0.05817851 0.04740435 0.05994393 0.03986592 0.02339762 0.02558705 0.03797090 0.03234345 0.03309379 0.03434098 0.03614850 0.03523436 0.029774246 0.03221337 0.02119612 0.022310993 0.029888008 0.024731242 0.024086813 0.025983846 0.010148086 0.019557513 0.014318683 0.015297226 0.013024417 0.006970307 0.0013498931 6.882782e-03 4.887004e-03 0.0035462248 6.311100e-03 1.744929e-03 3.150217e-03 6.701747e-04 7.017708e-05 2.073790e-03
   94    1      2      0    0   500  8.290419e-19 7.965815e-04 1.294979e-02 0.0791530753 0.053046364 1.386310e-02 9.299787e-03 0.021357512 0.05296785 0.05896118 0.05326280 0.03745885 0.02470451 0.02434620 0.03447803 0.03395582 0.03240538 0.04799811 0.02488755 0.03552148 0.02797377 0.018519091 0.02817997 0.02773632 0.032144754 0.026145620 0.027697517 0.022848616 0.030507364 0.010959495 0.013474071 0.025403182 0.010657436 0.012529314 0.009463330 0.0070139083 4.648900e-03 3.824092e-03 0.0012130603 8.910091e-04 3.217779e-03 2.403074e-05 1.512964e-03 1.210936e-03 7.895254e-04
   96    1      2      0    0   500  7.868907e-09 1.384871e-04 1.281497e-02 0.0706054204 0.060099322 1.665998e-02 8.513451e-03 0.021257551 0.04013005 0.06373064 0.05804789 0.03427135 0.02037920 0.02062415 0.02527795 0.04501932 0.04357019 0.02651446 0.03878230 0.03012258 0.04101249 0.028957955 0.01710077 0.02685121 0.023225584 0.029697061 0.014884113 0.016595502 0.020553695 0.026432943 0.015919174 0.014237310 0.009496838 0.012649955 0.005487538 0.0117512352 2.287718e-02 5.980081e-03 0.0077312994 1.441760e-03 4.651854e-03 6.713729e-04 7.233788e-04 2.430677e-03 2.079752e-03
   98    1      2      0    0   500  1.361229e-50 2.634056e-03 1.257952e-02 0.0416016846 0.036470427 1.354892e-02 1.630070e-02 0.015558139 0.05721040 0.06232830 0.05531607 0.03855093 0.03310409 0.04003279 0.04156361 0.08662191 0.03304420 0.04452626 0.02458142 0.02566989 0.02857621 0.025225814 0.02210223 0.02511584 0.030178866 0.016344426 0.012334513 0.025502902 0.024277048 0.011993991 0.016805292 0.013693451 0.005500548 0.012163825 0.014946075 0.0080230965 1.261090e-02 5.817575e-03 0.0012244637 5.243915e-03 8.669181e-05 8.861071e-04 3.011621e-09 7.686802e-07 1.021291e-04
  100    1      2      0    0   500  2.606686e-80 1.958728e-03 1.392971e-02 0.0478102982 0.056143974 1.440279e-02 1.399834e-02 0.023139203 0.03746763 0.04520170 0.07187679 0.03858456 0.03289038 0.03154926 0.03093534 0.04101326 0.04450938 0.02880518 0.03175880 0.02831614 0.03539020 0.027462936 0.02303786 0.01759209 0.040618233 0.027620671 0.043710010 0.012712117 0.018793674 0.019950183 0.029465690 0.017109243 0.006717550 0.008043235 0.011157048 0.0089747054 5.680682e-03 3.136197e-03 0.0007153768 3.116160e-03 2.434151e-03 1.029514e-03 1.203008e-03 9.179491e-06 2.880273e-05
15 #_N_agebins
#_agebin_vector
1 2 3 4 5 6 7 8 9 10 11 12 13 14 15
1 #_N_ageerror_definitions
 #_age0   age1   age2   age3   age4   age5   age6   age7   age8   age9  age10  age11  age12  age13  age14  age15  age16  age17  age18  age19  age20  age21  age22  age23  age24  age25
 -1.000 -1.000 -1.000 -1.000 -1.000 -1.000 -1.000 -1.000 -1.000 -1.000 -1.000 -1.000 -1.000 -1.000 -1.000 -1.000 -1.000 -1.000 -1.000 -1.000 -1.000 -1.000 -1.000 -1.000 -1.000 -1.000
  0.001  0.001  0.001  0.001  0.001  0.001  0.001  0.001  0.001  0.001  0.001  0.001  0.001  0.001  0.001  0.001  0.001  0.001  0.001  0.001  0.001  0.001  0.001  0.001  0.001  0.001
84 #_N_agecomp
1 #_Lbin_method: 1=poplenbins; 2=datalenbins; 3=lengths
-1 #_combine males into females at or below this bin number
 #_Yr Seas FltSvy Gender Part Ageerr Lbin_lo Lbin_hi Nsamp           a1        a2        a3         a4         a5         a6         a7         a8         a9         a10         a11          a12          a13          a14         a15
   26    1      1      0    0      1      -1      -1   125  0.040427742 0.1186445 0.1298266 0.10617794 0.10298026 0.08202496 0.08497011 0.06776476 0.02106593 0.052723423 0.031672665 0.0214528888 0.0195920502 2.454522e-02 0.096130885
   36    1      1      0    0      1      -1      -1   125  0.052135438 0.1282374 0.1653517 0.16928294 0.11539210 0.10845681 0.07157582 0.07320313 0.02329548 0.006861148 0.024655914 0.0002542759 0.0001437172 2.377720e-02 0.037376893
   46    1      1      0    0      1      -1      -1   125  0.027741868 0.2128167 0.2243092 0.10540136 0.11496939 0.08994276 0.09663808 0.02053778 0.04300160 0.008724252 0.019274147 0.0008496538 0.0132461685 1.756607e-02 0.004980917
   56    1      1      0    0      1      -1      -1   125  0.016463568 0.3275488 0.1811081 0.12514099 0.08091153 0.05279471 0.05579810 0.03329295 0.03952966 0.011781776 0.016160871 0.0248371131 0.0006268388 1.555547e-02 0.018449451
   60    1      1      0    0      1      -1      -1   125  0.036159325 0.2015102 0.2302385 0.12666681 0.10016409 0.06711686 0.06940693 0.07432135 0.01583368 0.029973011 0.007574060 0.0019784891 0.0111013302 5.931048e-03 0.022024246
   64    1      1      0    0      1      -1      -1   125  0.008845943 0.2563188 0.2361947 0.17153471 0.05385788 0.05963518 0.08062239 0.04274229 0.02251322 0.030107284 0.001905440 0.0042473657 0.0111649259 6.129814e-03 0.014180036
   68    1      1      0    0      1      -1      -1   125  0.029413491 0.2590155 0.1132592 0.17328755 0.09943968 0.13220832 0.05050402 0.05610356 0.03305622 0.014644424 0.007585316 0.0142027287 0.0022708896 6.781953e-04 0.014330951
   72    1      1      0    0      1      -1      -1   125  0.015036876 0.2851502 0.1172678 0.14944179 0.15755629 0.08872365 0.04141242 0.02862196 0.01140563 0.032412597 0.027658779 0.0152820562 0.0140926027 9.488512e-04 0.014988475
   76    1      1      0    0      1      -1      -1   125  0.037718592 0.2435264 0.2065903 0.09866736 0.11251028 0.07042836 0.06922383 0.06593486 0.01807158 0.032178290 0.007694835 0.0036743505 0.0301862450 6.000139e-05 0.003534687
   80    1      1      0    0      1      -1      -1   125  0.033292976 0.2281275 0.2377699 0.15790295 0.09280560 0.07041641 0.06272104 0.03084949 0.02630224 0.011383536 0.014095752 0.0253125578 0.0018532160 1.333021e-03 0.005833806
   84    1      1      0    0      1      -1      -1   125  0.035275729 0.2616200 0.2469355 0.12443757 0.06957272 0.07726973 0.02548909 0.01643709 0.03788874 0.015667719 0.002640688 0.0138329455 0.0053835603 8.434509e-03 0.059114345
   88    1      1      0    0      1      -1      -1   125  0.019230951 0.3645845 0.1593719 0.14935280 0.10869017 0.07549622 0.02792626 0.03744582 0.02933369 0.004032328 0.010279396 0.0058944695 0.0007293127 4.699707e-03 0.002932478
   92    1      1      0    0      1      -1      -1   125  0.027341069 0.2226630 0.2904292 0.09420999 0.09251883 0.05212996 0.02466471 0.04400571 0.04464236 0.011121080 0.023188999 0.0506317096 0.0018703407 1.356016e-02 0.007022965
   96    1      1      0    0      1      -1      -1   125  0.024273350 0.2184217 0.1879198 0.18182732 0.16081919 0.06047010 0.05899303 0.02970083 0.02495709 0.016267503 0.003621874 0.0059923795 0.0096956999 4.972765e-04 0.016542868
  100    1      1      0    0      1      -1      -1   125  0.040648556 0.2956074 0.1211405 0.12643960 0.13307690 0.05619686 0.08414145 0.06350910 0.02694951 0.014547239 0.014799427 0.0010111502 0.0037286081 3.444888e-04 0.017859124
   76    1      2      0    0      1      -1      -1   500  0.161849806 0.2339173 0.1404642 0.12992168 0.10622824 0.08257972 0.03714663 0.02298068 0.01640529 0.022348316 0.013967391 0.0072379045 0.0039983546 2.685623e-03 0.018268866
   78    1      2      0    0      1      -1      -1   500  0.128166802 0.2227813 0.1824463 0.11671551 0.09016127 0.05667648 0.05310330 0.05106489 0.02630709 0.022580690 0.005910710 0.0134587657 0.0077371100 3.858871e-03 0.019030840
   80    1      2      0    0      1      -1      -1   500  0.128315197 0.2153568 0.1850157 0.11895657 0.09377577 0.05020334 0.05543443 0.03931394 0.01938203 0.036224811 0.008926655 0.0122424600 0.0114051480 4.716915e-03 0.020730173
   82    1      2      0    0      1      -1      -1   500  0.158085119 0.2184458 0.1710276 0.12029511 0.08332740 0.06283185 0.03800845 0.03955687 0.04258945 0.018697780 0.016018367 0.0041791393 0.0059521046 3.593612e-03 0.017391312
   84    1      2      0    0      1      -1      -1   500  0.140845935 0.2483986 0.1560586 0.09923026 0.08890092 0.06399959 0.05535636 0.05608001 0.02404032 0.017714686 0.011616074 0.0081010684 0.0061136111 9.646447e-03 0.013897484
   86    1      2      0    0      1      -1      -1   500  0.145683426 0.2382499 0.1562285 0.12486574 0.08891354 0.04965319 0.03742031 0.05674994 0.03079135 0.020576906 0.008665140 0.0145596821 0.0030599095 7.002867e-03 0.017579630
   88    1      2      0    0      1      -1      -1   500  0.147857475 0.2224969 0.1598096 0.12592065 0.10662827 0.05312252 0.05296689 0.01668863 0.02663760 0.029850631 0.008254416 0.0058427817 0.0090263078 3.834929e-03 0.031062437
   90    1      2      0    0      1      -1      -1   500  0.118711519 0.2522973 0.1855470 0.11278339 0.07827333 0.07826461 0.03673189 0.02698673 0.03788906 0.021910318 0.010706534 0.0128720788 0.0129177280 3.797275e-03 0.010311231
   92    1      2      0    0      1      -1      -1   500  0.147745816 0.1978304 0.1696436 0.14383346 0.10494441 0.07991802 0.02572454 0.02641903 0.02273655 0.019052413 0.015408795 0.0074482321 0.0106272703 2.463535e-03 0.026203885
   94    1      2      0    0      1      -1      -1   500  0.109707167 0.2253663 0.1966640 0.15416563 0.07262623 0.07261127 0.05140690 0.03007045 0.03208609 0.022955958 0.012135030 0.0045090575 0.0028360057 8.910426e-03 0.003949520
   96    1      2      0    0      1      -1      -1   500  0.137426379 0.2235328 0.1612211 0.11543478 0.09745080 0.04965738 0.05717796 0.03832842 0.01643843 0.026373534 0.036080221 0.0032736155 0.0152901127 3.398799e-03 0.018915652
   98    1      2      0    0      1      -1      -1   500  0.157088438 0.2447464 0.1682535 0.11935680 0.07675049 0.05982787 0.04665189 0.03543467 0.02086473 0.014287486 0.019713544 0.0069982833 0.0096473882 4.567693e-03 0.015810887
  100    1      2      0    0      1      -1      -1   500  0.171188917 0.2302974 0.1638687 0.11837091 0.07870413 0.05796356 0.04444702 0.03571502 0.03788066 0.016653725 0.009485733 0.0156328868 0.0063179336 5.259764e-03 0.008213632
   26    1      1      0    0      1       9       9     5  5.000000000 0.0000000 0.0000000 0.00000000 0.00000000 0.00000000 0.00000000 0.00000000 0.00000000 0.000000000 0.000000000 0.0000000000 0.0000000000 0.000000e+00 0.000000000
   26    1      1      0    0      1      10      10     3  3.000000000 0.0000000 0.0000000 0.00000000 0.00000000 0.00000000 0.00000000 0.00000000 0.00000000 0.000000000 0.000000000 0.0000000000 0.0000000000 0.000000e+00 0.000000000
   26    1      1      0    0      1      11      11     3  3.000000000 0.0000000 0.0000000 0.00000000 0.00000000 0.00000000 0.00000000 0.00000000 0.00000000 0.000000000 0.000000000 0.0000000000 0.0000000000 0.000000e+00 0.000000000
   26    1      1      0    0      1      12      12     3  3.000000000 0.0000000 0.0000000 0.00000000 0.00000000 0.00000000 0.00000000 0.00000000 0.00000000 0.000000000 0.000000000 0.0000000000 0.0000000000 0.000000e+00 0.000000000
   26    1      1      0    0      1      13      13     4  4.000000000 0.0000000 0.0000000 0.00000000 0.00000000 0.00000000 0.00000000 0.00000000 0.00000000 0.000000000 0.000000000 0.0000000000 0.0000000000 0.000000e+00 0.000000000
   26    1      1      0    0      1      14      14     4  4.000000000 0.0000000 0.0000000 0.00000000 0.00000000 0.00000000 0.00000000 0.00000000 0.00000000 0.000000000 0.000000000 0.0000000000 0.0000000000 0.000000e+00 0.000000000
   26    1      1      0    0      1      15      15     1  1.000000000 0.0000000 0.0000000 0.00000000 0.00000000 0.00000000 0.00000000 0.00000000 0.00000000 0.000000000 0.000000000 0.0000000000 0.0000000000 0.000000e+00 0.000000000
   26    1      1      0    0      1      16      16     8  8.000000000 0.0000000 0.0000000 0.00000000 0.00000000 0.00000000 0.00000000 0.00000000 0.00000000 0.000000000 0.000000000 0.0000000000 0.0000000000 0.000000e+00 0.000000000
   26    1      1      0    0      1      17      17     5  5.000000000 0.0000000 0.0000000 0.00000000 0.00000000 0.00000000 0.00000000 0.00000000 0.00000000 0.000000000 0.000000000 0.0000000000 0.0000000000 0.000000e+00 0.000000000
   26    1      1      0    0      1      18      18     9  9.000000000 0.0000000 0.0000000 0.00000000 0.00000000 0.00000000 0.00000000 0.00000000 0.00000000 0.000000000 0.000000000 0.0000000000 0.0000000000 0.000000e+00 0.000000000
   26    1      1      0    0      1      19      19     9  9.000000000 0.0000000 0.0000000 0.00000000 0.00000000 0.00000000 0.00000000 0.00000000 0.00000000 0.000000000 0.000000000 0.0000000000 0.0000000000 0.000000e+00 0.000000000
   26    1      1      0    0      1      20      20     1  1.000000000 0.0000000 0.0000000 0.00000000 0.00000000 0.00000000 0.00000000 0.00000000 0.00000000 0.000000000 0.000000000 0.0000000000 0.0000000000 0.000000e+00 0.000000000
   26    1      1      0    0      1      21      21     3  3.000000000 0.0000000 0.0000000 0.00000000 0.00000000 0.00000000 0.00000000 0.00000000 0.00000000 0.000000000 0.000000000 0.0000000000 0.0000000000 0.000000e+00 0.000000000
   26    1      1      0    0      1      22      22     2  2.000000000 0.0000000 0.0000000 0.00000000 0.00000000 0.00000000 0.00000000 0.00000000 0.00000000 0.000000000 0.000000000 0.0000000000 0.0000000000 0.000000e+00 0.000000000
   26    1      1      0    0      1      23      23     4  4.000000000 0.0000000 0.0000000 0.00000000 0.00000000 0.00000000 0.00000000 0.00000000 0.00000000 0.000000000 0.000000000 0.0000000000 0.0000000000 0.000000e+00 0.000000000
   26    1      1      0    0      1      25      25     1  1.000000000 0.0000000 0.0000000 0.00000000 0.00000000 0.00000000 0.00000000 0.00000000 0.00000000 0.000000000 0.000000000 0.0000000000 0.0000000000 0.000000e+00 0.000000000
   26    1      1      0    0      1      26      26     5  5.000000000 0.0000000 0.0000000 0.00000000 0.00000000 0.00000000 0.00000000 0.00000000 0.00000000 0.000000000 0.000000000 0.0000000000 0.0000000000 0.000000e+00 0.000000000
   26    1      1      0    0      1      29      29     1  1.000000000 0.0000000 0.0000000 0.00000000 0.00000000 0.00000000 0.00000000 0.00000000 0.00000000 0.000000000 0.000000000 0.0000000000 0.0000000000 0.000000e+00 0.000000000
   26    1      1      0    0      1      30      30     4  1.000000000 3.0000000 0.0000000 0.00000000 0.00000000 0.00000000 0.00000000 0.00000000 0.00000000 0.000000000 0.000000000 0.0000000000 0.0000000000 0.000000e+00 0.000000000
   26    1      1      0    0      1      31      31     7  0.000000000 7.0000000 0.0000000 0.00000000 0.00000000 0.00000000 0.00000000 0.00000000 0.00000000 0.000000000 0.000000000 0.0000000000 0.0000000000 0.000000e+00 0.000000000
   26    1      1      0    0      1      32      32     3  0.000000000 3.0000000 0.0000000 0.00000000 0.00000000 0.00000000 0.00000000 0.00000000 0.00000000 0.000000000 0.000000000 0.0000000000 0.0000000000 0.000000e+00 0.000000000
   26    1      1      0    0      1      33      33     4  0.000000000 4.0000000 0.0000000 0.00000000 0.00000000 0.00000000 0.00000000 0.00000000 0.00000000 0.000000000 0.000000000 0.0000000000 0.0000000000 0.000000e+00 0.000000000
   26    1      1      0    0      1      34      34     1  0.000000000 1.0000000 0.0000000 0.00000000 0.00000000 0.00000000 0.00000000 0.00000000 0.00000000 0.000000000 0.000000000 0.0000000000 0.0000000000 0.000000e+00 0.000000000
   26    1      1      0    0      1      35      35     4  0.000000000 4.0000000 0.0000000 0.00000000 0.00000000 0.00000000 0.00000000 0.00000000 0.00000000 0.000000000 0.000000000 0.0000000000 0.0000000000 0.000000e+00 0.000000000
   26    1      1      0    0      1      37      37     2  0.000000000 2.0000000 0.0000000 0.00000000 0.00000000 0.00000000 0.00000000 0.00000000 0.00000000 0.000000000 0.000000000 0.0000000000 0.0000000000 0.000000e+00 0.000000000
   26    1      1      0    0      1      39      39     1  0.000000000 1.0000000 0.0000000 0.00000000 0.00000000 0.00000000 0.00000000 0.00000000 0.00000000 0.000000000 0.000000000 0.0000000000 0.0000000000 0.000000e+00 0.000000000
   26    1      1      0    0      1      41      41     2  0.000000000 2.0000000 0.0000000 0.00000000 0.00000000 0.00000000 0.00000000 0.00000000 0.00000000 0.000000000 0.000000000 0.0000000000 0.0000000000 0.000000e+00 0.000000000
   26    1      1      0    0      1      42      42     1  0.000000000 1.0000000 0.0000000 0.00000000 0.00000000 0.00000000 0.00000000 0.00000000 0.00000000 0.000000000 0.000000000 0.0000000000 0.0000000000 0.000000e+00 0.000000000
   92    1      1      0    0      1       5       5     3  3.000000000 0.0000000 0.0000000 0.00000000 0.00000000 0.00000000 0.00000000 0.00000000 0.00000000 0.000000000 0.000000000 0.0000000000 0.0000000000 0.000000e+00 0.000000000
   92    1      1      0    0      1       7       7     1  1.000000000 0.0000000 0.0000000 0.00000000 0.00000000 0.00000000 0.00000000 0.00000000 0.00000000 0.000000000 0.000000000 0.0000000000 0.0000000000 0.000000e+00 0.000000000
   92    1      1      0    0      1       8       8     1  1.000000000 0.0000000 0.0000000 0.00000000 0.00000000 0.00000000 0.00000000 0.00000000 0.00000000 0.000000000 0.000000000 0.0000000000 0.0000000000 0.000000e+00 0.000000000
   92    1      1      0    0      1       9       9     7  7.000000000 0.0000000 0.0000000 0.00000000 0.00000000 0.00000000 0.00000000 0.00000000 0.00000000 0.000000000 0.000000000 0.0000000000 0.0000000000 0.000000e+00 0.000000000
   92    1      1      0    0      1      10      10     6  6.000000000 0.0000000 0.0000000 0.00000000 0.00000000 0.00000000 0.00000000 0.00000000 0.00000000 0.000000000 0.000000000 0.0000000000 0.0000000000 0.000000e+00 0.000000000
   92    1      1      0    0      1      11      11     3  3.000000000 0.0000000 0.0000000 0.00000000 0.00000000 0.00000000 0.00000000 0.00000000 0.00000000 0.000000000 0.000000000 0.0000000000 0.0000000000 0.000000e+00 0.000000000
   92    1      1      0    0      1      12      12    14 14.000000000 0.0000000 0.0000000 0.00000000 0.00000000 0.00000000 0.00000000 0.00000000 0.00000000 0.000000000 0.000000000 0.0000000000 0.0000000000 0.000000e+00 0.000000000
   92    1      1      0    0      1      13      13     5  5.000000000 0.0000000 0.0000000 0.00000000 0.00000000 0.00000000 0.00000000 0.00000000 0.00000000 0.000000000 0.000000000 0.0000000000 0.0000000000 0.000000e+00 0.000000000
   92    1      1      0    0      1      14      14     3  3.000000000 0.0000000 0.0000000 0.00000000 0.00000000 0.00000000 0.00000000 0.00000000 0.00000000 0.000000000 0.000000000 0.0000000000 0.0000000000 0.000000e+00 0.000000000
   92    1      1      0    0      1      15      15     1  1.000000000 0.0000000 0.0000000 0.00000000 0.00000000 0.00000000 0.00000000 0.00000000 0.00000000 0.000000000 0.000000000 0.0000000000 0.0000000000 0.000000e+00 0.000000000
   92    1      1      0    0      1      16      16     5  5.000000000 0.0000000 0.0000000 0.00000000 0.00000000 0.00000000 0.00000000 0.00000000 0.00000000 0.000000000 0.000000000 0.0000000000 0.0000000000 0.000000e+00 0.000000000
   92    1      1      0    0      1      17      17     1  1.000000000 0.0000000 0.0000000 0.00000000 0.00000000 0.00000000 0.00000000 0.00000000 0.00000000 0.000000000 0.000000000 0.0000000000 0.0000000000 0.000000e+00 0.000000000
   92    1      1      0    0      1      18      18     4  4.000000000 0.0000000 0.0000000 0.00000000 0.00000000 0.00000000 0.00000000 0.00000000 0.00000000 0.000000000 0.000000000 0.0000000000 0.0000000000 0.000000e+00 0.000000000
   92    1      1      0    0      1      19      19     3  3.000000000 0.0000000 0.0000000 0.00000000 0.00000000 0.00000000 0.00000000 0.00000000 0.00000000 0.000000000 0.000000000 0.0000000000 0.0000000000 0.000000e+00 0.000000000
   92    1      1      0    0      1      20      20     5  5.000000000 0.0000000 0.0000000 0.00000000 0.00000000 0.00000000 0.00000000 0.00000000 0.00000000 0.000000000 0.000000000 0.0000000000 0.0000000000 0.000000e+00 0.000000000
   92    1      1      0    0      1      21      21     7  7.000000000 0.0000000 0.0000000 0.00000000 0.00000000 0.00000000 0.00000000 0.00000000 0.00000000 0.000000000 0.000000000 0.0000000000 0.0000000000 0.000000e+00 0.000000000
   92    1      1      0    0      1      22      22     6  6.000000000 0.0000000 0.0000000 0.00000000 0.00000000 0.00000000 0.00000000 0.00000000 0.00000000 0.000000000 0.000000000 0.0000000000 0.0000000000 0.000000e+00 0.000000000
   92    1      1      0    0      1      23      23     1  1.000000000 0.0000000 0.0000000 0.00000000 0.00000000 0.00000000 0.00000000 0.00000000 0.00000000 0.000000000 0.000000000 0.0000000000 0.0000000000 0.000000e+00 0.000000000
   92    1      1      0    0      1      24      24     1  1.000000000 0.0000000 0.0000000 0.00000000 0.00000000 0.00000000 0.00000000 0.00000000 0.00000000 0.000000000 0.000000000 0.0000000000 0.0000000000 0.000000e+00 0.000000000
   92    1      1      0    0      1      25      25     3  3.000000000 0.0000000 0.0000000 0.00000000 0.00000000 0.00000000 0.00000000 0.00000000 0.00000000 0.000000000 0.000000000 0.0000000000 0.0000000000 0.000000e+00 0.000000000
   92    1      1      0    0      1      26      26     2  2.000000000 0.0000000 0.0000000 0.00000000 0.00000000 0.00000000 0.00000000 0.00000000 0.00000000 0.000000000 0.000000000 0.0000000000 0.0000000000 0.000000e+00 0.000000000
   92    1      1      0    0      1      27      27     1  1.000000000 0.0000000 0.0000000 0.00000000 0.00000000 0.00000000 0.00000000 0.00000000 0.00000000 0.000000000 0.000000000 0.0000000000 0.0000000000 0.000000e+00 0.000000000
   92    1      1      0    0      1      28      28     4  3.000000000 1.0000000 0.0000000 0.00000000 0.00000000 0.00000000 0.00000000 0.00000000 0.00000000 0.000000000 0.000000000 0.0000000000 0.0000000000 0.000000e+00 0.000000000
   92    1      1      0    0      1      30      30     2  0.000000000 2.0000000 0.0000000 0.00000000 0.00000000 0.00000000 0.00000000 0.00000000 0.00000000 0.000000000 0.000000000 0.0000000000 0.0000000000 0.000000e+00 0.000000000
   92    1      1      0    0      1      31      31     1  0.000000000 1.0000000 0.0000000 0.00000000 0.00000000 0.00000000 0.00000000 0.00000000 0.00000000 0.000000000 0.000000000 0.0000000000 0.0000000000 0.000000e+00 0.000000000
   92    1      1      0    0      1      32      32     4  0.000000000 4.0000000 0.0000000 0.00000000 0.00000000 0.00000000 0.00000000 0.00000000 0.00000000 0.000000000 0.000000000 0.0000000000 0.0000000000 0.000000e+00 0.000000000
   92    1      1      0    0      1      33      33     3  0.000000000 3.0000000 0.0000000 0.00000000 0.00000000 0.00000000 0.00000000 0.00000000 0.00000000 0.000000000 0.000000000 0.0000000000 0.0000000000 0.000000e+00 0.000000000
   92    1      1      0    0      1      35      35     3  0.000000000 3.0000000 0.0000000 0.00000000 0.00000000 0.00000000 0.00000000 0.00000000 0.00000000 0.000000000 0.000000000 0.0000000000 0.0000000000 0.000000e+00 0.000000000
0 #_N_MeanSize_at_Age_obs
0 #_N_environ_variables
0 #_N_environ_obs
0 #_N_sizefreq_methods
0 #_do_tags
0 #_morphcomp_data
#
999
