#C data file created using the SS_writedat function in the R package r4ss
#C should work with SS version: 
#C file write time: 2015-02-11 18:32:17
#
1 #_styr
100 #_endyr
1 #_nseas
12 #_months_per_seas
1 #_spawn_seas
1 #_Nfleet
2 #_Nsurveys
1 #_N_areas
Fishery%Survey%CPUE #_fleetnames
0.5 0.5 0.5 #_surveytiming_in_season
1 1 1 #_area_assignments_for_each_fishery_and_survey
1 #_units of catch:  1=bio; 2=num
0.01 #_se of log(catch) only used for init_eq_catch and for Fmethod 2 and 3
1 #_Ngenders
25 #_Nages
0 #_init_equil_catch_for_each_fishery
100 #_N_lines_of_catch_to_read
 #_Fishery year seas
         0    1    1
         0    2    1
         0    3    1
         0    4    1
         0    5    1
         0    6    1
         0    7    1
         0    8    1
         0    9    1
         0   10    1
         0   11    1
         0   12    1
         0   13    1
         0   14    1
         0   15    1
         0   16    1
         0   17    1
         0   18    1
         0   19    1
         0   20    1
         0   21    1
         0   22    1
         0   23    1
         0   24    1
         0   25    1
 444646000   26    1
 397608000   27    1
 357583000   28    1
 324161000   29    1
 296656000   30    1
 274240000   31    1
 256057000   32    1
 241314000   33    1
 229322000   34    1
 219511000   35    1
 211426000   36    1
 204710000   37    1
 199088000   38    1
 194347000   39    1
 190324000   40    1
 186891000   41    1
 183948000   42    1
 181416000   43    1
 179230000   44    1
 177337000   45    1
 175694000   46    1
 174266000   47    1
 173022000   48    1
 171937000   49    1
 170990000   50    1
 170161000   51    1
 169436000   52    1
 168801000   53    1
 168243000   54    1
 167755000   55    1
 167325000   56    1
 166948000   57    1
 166617000   58    1
 166326000   59    1
 166070000   60    1
 165844000   61    1
 165646000   62    1
 165471000   63    1
 165317000   64    1
 165182000   65    1
 165063000   66    1
 164958000   67    1
 164865000   68    1
 164784000   69    1
 164712000   70    1
 164649000   71    1
 164593000   72    1
 164544000   73    1
 164500000   74    1
 164462000   75    1
 164429000   76    1
 164399000   77    1
 164373000   78    1
 164350000   79    1
 164329000   80    1
 164311000   81    1
 164296000   82    1
 164282000   83    1
 164269000   84    1
 164258000   85    1
 164249000   86    1
 164240000   87    1
 164233000   88    1
 164227000   89    1
 164221000   90    1
 164216000   91    1
 164211000   92    1
 164207000   93    1
 164204000   94    1
 164201000   95    1
 164198000   96    1
 164195000   97    1
 164193000   98    1
 164192000   99    1
 164190000  100    1
13 #_N_cpue
 #_Fleet Units Errtype
       1     1       0
       2     1       0
       3     1       0
 #_year seas index        obs se_log
     76    1     2 1480070003    0.2
     78    1     2 1719132751    0.2
     80    1     2 1766487212    0.2
     82    1     2 1119519923    0.2
     84    1     2 1183210128    0.2
     86    1     2 1131764042    0.2
     88    1     2 1021711056    0.2
     90    1     2 1243074153    0.2
     92    1     2 1635258343    0.2
     94    1     2  827372667    0.2
     96    1     2 1142495515    0.2
     98    1     2 1213287261    0.2
    100    1     2 1930413301    0.2
0 #_N_discard_fleets
#_discard_units (1=same_as_catchunits(bio/num); 2=fraction; 3=numbers)
#_discard_errtype:  >0 for DF of T-dist(read CV below); 0 for normal with CV; -1 for normal with se; -2 for lognormal
0 #_N_discard
0 #_N_meanbodywt
1 #_DF_for_meanbodywt_T-distribution_like
2 # length bin method: 1=use databins; 2=generate from binwidth,min,max below; 3=read vector
1 # binwidth for population size comp
10 # minimum size in the population (lower edge of first bin and size at age 0.00)
200 # maximum size in the population (lower edge of last bin)
-0.001 #_comp_tail_compression
1e-05 #_add_to_comp
0 #_combine males into females at or below this bin number
45 #_N_lbins
#_lbin_vector
20 23 26 29 32 35 38 41 44 47 50 53 56 59 62 65 68 71 74 77 80 83 86 89 92 95 98 101 104 107 110 113 116 119 122 125 128 131 134 137 140 143 146 149 152
28 #_N_Length_comp_observations
 #_Yr Seas FltSvy Gender Part Nsamp           l20          l23          l26          l29         l32          l35          l38         l41         l44        l47        l50        l53         l56        l59        l62        l65        l68        l71         l74         l77        l80         l83         l86         l89        l92        l95        l98        l101        l104        l107        l110        l113         l116        l119        l122         l125         l128         l131         l134         l137         l140         l143         l146         l149         l152
   26    1      1      0    0   125  0.000000e+00 2.777543e-11 6.203323e-05 0.0021050450 0.002008248 0.0083947893 0.0001564617 0.006664437 0.051597899 0.03200537 0.02184101 0.03743326 0.047629709 0.01677103 0.01528029 0.03266160 0.02192804 0.04201327 0.041946344 0.031141888 0.07294812 0.009741949 0.033042882 0.023714901 0.03679109 0.03590096 0.02439371 0.040626024 0.014337468 0.028548506 0.043456086 0.047273397 0.0274000733 0.020742584 0.028876583 0.0241975032 1.891177e-02 0.0244204532 1.662435e-02 6.748664e-03 4.556690e-03 1.788976e-03 2.261788e-03 2.252402e-04 8.295049e-04
   36    1      1      0    0   125  2.433033e-74 1.558196e-06 3.881631e-03 0.0064250122 0.019158920 0.0101541395 0.0123789919 0.011708283 0.008504196 0.03375169 0.06060959 0.02257288 0.031044931 0.05000853 0.03840843 0.02183267 0.08029721 0.02556244 0.026684247 0.035612846 0.05311675 0.013873176 0.067373755 0.051314031 0.03442424 0.03137740 0.02482553 0.021281688 0.009596371 0.020041629 0.052938873 0.011395954 0.0399139790 0.011111804 0.038289744 0.0015962349 8.604604e-03 0.0001217107 4.043270e-03 4.771749e-04 2.228554e-04 3.418354e-03 3.516217e-04 4.868286e-14 1.691078e-03
   46    1      1      0    0   125  0.000000e+00 1.095331e-05 1.904323e-03 0.0007544345 0.004061424 0.0009291138 0.0008499772 0.014187951 0.059025612 0.07120963 0.05635039 0.06009677 0.092313130 0.01898766 0.02841447 0.03150849 0.03560884 0.03147199 0.034612117 0.043807480 0.04390478 0.057436515 0.039904762 0.012221135 0.02598611 0.03482657 0.03198258 0.041080039 0.025068668 0.005610752 0.011859522 0.027529627 0.0127786393 0.008050521 0.017190247 0.0046052980 5.392616e-03 0.0005751547 2.580116e-03 3.239773e-03 1.894440e-03 7.954932e-06 9.255387e-05 4.770861e-05 2.913990e-05
   56    1      1      0    0   125 1.593948e-293 5.159900e-14 9.727403e-04 0.0134170636 0.011216447 0.0131867573 0.0033136715 0.047481066 0.098916686 0.09844612 0.05448003 0.02439265 0.055272944 0.06430757 0.03602670 0.01686542 0.05292695 0.05383069 0.032256961 0.027049162 0.04654848 0.009112045 0.005969460 0.033059425 0.02734661 0.04988859 0.03040481 0.005617225 0.022670872 0.010166680 0.007246563 0.003735881 0.0084919892 0.001686677 0.023619423 0.0028607960 1.113538e-04 0.0019316571 4.156531e-06 1.584854e-03 3.331285e-04 3.248845e-03 1.462017e-10 4.386968e-09 8.346362e-07
   60    1      1      0    0   125  2.272074e-02 1.617830e-06 1.371226e-03 0.0158242337 0.016859601 0.0005866260 0.0060909959 0.034535167 0.100686495 0.09336153 0.03234214 0.02562806 0.037024067 0.04710863 0.03132949 0.04715944 0.03128945 0.06745414 0.004906007 0.036819239 0.02898508 0.018514400 0.044849609 0.027968738 0.03262111 0.03967649 0.02150033 0.014164809 0.010676414 0.014170255 0.026310015 0.016568675 0.0052812407 0.005744004 0.016998989 0.0035558615 3.381282e-04 0.0047640362 9.747621e-04 4.767883e-03 1.694274e-03 2.699880e-05 7.651679e-11 2.251143e-06 6.746748e-03
   64    1      1      0    0   125 5.726497e-107 6.661367e-15 1.378503e-04 0.0030413009 0.010435047 0.0015533270 0.0052476882 0.003534557 0.051781387 0.05455358 0.07180348 0.03035820 0.050117386 0.02889074 0.08076132 0.04855569 0.06418913 0.02409761 0.052443321 0.033950610 0.03500665 0.007799244 0.042258863 0.042123735 0.02768479 0.01937493 0.03471856 0.005733168 0.006282822 0.008996168 0.013861846 0.022596651 0.0355194042 0.022452884 0.016825399 0.0003728058 1.021112e-02 0.0061919230 9.383114e-03 1.735660e-04 1.696357e-02 1.654663e-05 3.401829e-16 2.578175e-14 8.607199e-10
   68    1      1      0    0   125 3.192031e-166 1.909435e-07 1.340145e-02 0.0190147707 0.003302826 0.0202421460 0.0052945199 0.010548565 0.025679567 0.03630203 0.04448145 0.03546709 0.026948060 0.06193790 0.06902560 0.04973959 0.01525399 0.05109758 0.029357107 0.036888688 0.03040964 0.028939904 0.024181459 0.046397662 0.05014267 0.05042093 0.01151595 0.014292676 0.011729069 0.008452196 0.024552623 0.022318160 0.0386818356 0.017698235 0.020579799 0.0067397223 1.317728e-02 0.0112556815 1.402711e-04 1.009997e-02 7.370898e-06 1.438574e-04 7.502189e-07 3.998264e-19 4.139165e-03
   72    1      1      0    0   125 7.404221e-117 1.741041e-07 1.201967e-03 0.0344693407 0.009046575 0.0088536085 0.0033526381 0.040816597 0.048995748 0.09499134 0.07513965 0.04538224 0.046949159 0.02510566 0.03880624 0.03922111 0.03054680 0.04164693 0.036725434 0.008123234 0.03136768 0.040661770 0.033761309 0.015852916 0.01086694 0.09585431 0.02734990 0.035972917 0.016658502 0.010264710 0.019120355 0.010010446 0.0002062296 0.004785938 0.010170753 0.0035042164 6.926362e-05 0.0003105324 2.134111e-03 8.879508e-04 7.798778e-04 4.741170e-11 6.705253e-08 6.786583e-10 3.485893e-05
   76    1      1      0    0   125 6.151821e-295 2.021685e-36 1.826426e-03 0.0038968558 0.020247044 0.0022021234 0.0094146290 0.007215599 0.042519786 0.05832967 0.10788688 0.02466237 0.021615830 0.01632148 0.03414841 0.07479389 0.04349939 0.06759366 0.013549341 0.018856202 0.05436380 0.036869689 0.026662274 0.046248598 0.04615979 0.04413197 0.01200706 0.040432194 0.011411426 0.035693161 0.003455640 0.005471233 0.0050845805 0.023879806 0.015413289 0.0048391003 5.385648e-03 0.0056366600 6.688602e-04 1.528444e-03 1.751414e-04 1.531998e-04 5.748844e-03 7.316906e-19 4.540361e-09
   80    1      1      0    0   125 3.519545e-111 2.663841e-03 4.507835e-03 0.0019551322 0.013604194 0.0002464203 0.0012928248 0.022099973 0.037254257 0.07861486 0.07287760 0.08071877 0.055508977 0.05299534 0.01568955 0.03261554 0.03620600 0.02646829 0.031837643 0.034781846 0.08345418 0.026851306 0.006489977 0.033968070 0.03586228 0.04162450 0.04741657 0.022154637 0.015195086 0.003486145 0.023979732 0.006509882 0.0058511619 0.005645852 0.005407818 0.0141560514 1.326542e-03 0.0005166359 5.198178e-03 4.652029e-03 2.001899e-04 2.226926e-03 5.807528e-03 3.124306e-18 7.982075e-05
   84    1      1      0    0   125  1.224035e-31 1.489917e-04 3.603672e-05 0.0151707783 0.016163739 0.0071121202 0.0135955593 0.007586971 0.099885899 0.09627540 0.06628943 0.06480468 0.006874929 0.01636668 0.04780014 0.03660950 0.03233037 0.04700533 0.019489375 0.031258909 0.01782704 0.031488249 0.024810836 0.013295337 0.05346844 0.03763821 0.03782659 0.009706286 0.005061052 0.010957952 0.035546830 0.029809320 0.0080357098 0.015306079 0.014425332 0.0050503906 1.538602e-02 0.0029932820 1.369417e-03 2.274596e-05 1.047034e-04 3.300505e-03 8.271477e-07 1.763999e-03 1.148986e-09
   88    1      1      0    0   125  1.729677e-03 2.431307e-17 1.696486e-04 0.0134497415 0.008160932 0.0031342007 0.0002804066 0.007139075 0.054469719 0.03875418 0.04634441 0.08321065 0.074111448 0.01545133 0.04523711 0.07850190 0.03662101 0.02677125 0.039463195 0.026411469 0.04006792 0.052531670 0.075808629 0.031983137 0.02700114 0.01965106 0.02819553 0.013661742 0.026646875 0.010917118 0.004029992 0.001371574 0.0309918145 0.006953568 0.008739156 0.0080027647 4.421535e-03 0.0045457188 9.880177e-05 1.307546e-04 1.885514e-05 2.927130e-03 1.552263e-04 1.736952e-03 5.131593e-15
   92    1      1      0    0   125  7.721327e-46 2.102715e-03 8.165333e-04 0.0037386149 0.002063075 0.0036835814 0.0114377094 0.040625386 0.070676287 0.08968130 0.07268397 0.04127923 0.031382378 0.05622944 0.01910811 0.02482526 0.03945040 0.05543781 0.007675286 0.023107749 0.02304230 0.043812821 0.025859360 0.008908545 0.04663066 0.04413436 0.02971209 0.026027842 0.018095640 0.007859867 0.024326568 0.024237546 0.0047719020 0.001915996 0.013151213 0.0345932069 9.603214e-03 0.0116047789 3.707561e-03 1.857088e-04 7.311548e-04 8.902566e-06 1.553546e-04 8.851883e-20 9.185778e-04
   96    1      1      0    0   125 8.359416e-209 3.744563e-08 5.550411e-04 0.0308263231 0.047229494 0.0074952531 0.0144287833 0.018721708 0.021662907 0.09257429 0.06457417 0.01157315 0.019386683 0.05962289 0.02280125 0.06516891 0.04393813 0.02791964 0.020964828 0.046872713 0.02483407 0.020049419 0.026241204 0.051197751 0.02475897 0.05263139 0.01544218 0.033017144 0.004655237 0.021708020 0.016319142 0.014581718 0.0106525131 0.026935978 0.009846595 0.0016500324 1.175588e-02 0.0112959479 1.758229e-04 5.402598e-03 7.330854e-05 4.004238e-07 9.123961e-06 1.271434e-34 4.493637e-04
  100    1      1      0    0   125 4.248094e-106 7.796578e-11 2.775608e-03 0.0151238560 0.008019427 0.0123019678 0.0076103539 0.007974961 0.034873237 0.07584808 0.05126213 0.01909910 0.048830326 0.03821564 0.01986553 0.03380132 0.03680795 0.10570261 0.078772684 0.028650725 0.01881626 0.011771730 0.066317804 0.026682382 0.05071173 0.02051623 0.01525152 0.018910349 0.021290071 0.027527115 0.006498504 0.015561629 0.0029404107 0.017912670 0.015149606 0.0048963934 7.197099e-03 0.0198934757 3.989576e-03 2.953730e-04 1.889305e-05 2.217943e-14 2.605439e-05 2.273510e-03 1.610423e-05
   76    1      2      0    0   500  8.473686e-13 4.536188e-03 2.736365e-02 0.0545165208 0.036930523 0.0207134931 0.0121955147 0.017256868 0.046895978 0.05062466 0.04365033 0.04754082 0.050098592 0.04788696 0.03622127 0.03640297 0.04184943 0.03041827 0.038792539 0.014976131 0.04157179 0.036475778 0.035174860 0.024113719 0.01999860 0.02643094 0.02596140 0.025108433 0.008007011 0.023384795 0.017198265 0.010425481 0.0104046694 0.006850370 0.007592634 0.0040629525 1.771822e-03 0.0079960649 6.338891e-03 5.582485e-04 1.585473e-03 3.966578e-05 3.662455e-05 4.068804e-05 1.155347e-07
   78    1      2      0    0   500  1.987141e-05 9.513609e-04 3.443200e-02 0.0317018090 0.046826738 0.0123769783 0.0075697895 0.021472644 0.043180750 0.06463563 0.06427209 0.05973744 0.020915441 0.02277852 0.04705184 0.04769917 0.02423309 0.04908242 0.036564744 0.033760211 0.05043161 0.030375264 0.022459868 0.014502209 0.01874316 0.03355367 0.01858014 0.016395343 0.025333697 0.011350133 0.015090027 0.008402435 0.0090830008 0.013110186 0.008285707 0.0090278868 5.255617e-03 0.0132186790 2.044456e-03 1.361628e-03 3.673664e-03 2.970271e-05 2.441478e-04 1.852358e-04 5.248491e-10
   80    1      2      0    0   500  5.227877e-14 3.501994e-03 2.457912e-02 0.0412897800 0.048463163 0.0322587956 0.0221435923 0.025662885 0.050425765 0.05117972 0.06369103 0.04874771 0.028139721 0.02092333 0.03387903 0.03103350 0.03454728 0.04004691 0.039621198 0.025916447 0.02491692 0.037391501 0.025797129 0.024038700 0.01929281 0.01481820 0.02119073 0.020849250 0.041164659 0.009252302 0.030683516 0.012886999 0.0090756702 0.010329757 0.005562460 0.0084026530 2.475891e-03 0.0035632480 6.091769e-03 3.689863e-03 5.861005e-04 9.531267e-05 1.048273e-03 7.443979e-04 9.051216e-07
   82    1      2      0    0   500  1.263465e-15 3.164612e-04 1.526397e-02 0.0547930512 0.042704588 0.0205170332 0.0122406534 0.027931575 0.044624829 0.06488277 0.05757977 0.05785134 0.039417498 0.02371091 0.04210514 0.04294220 0.03976837 0.04777674 0.026574781 0.025935957 0.01701393 0.026243546 0.027810392 0.024890038 0.02701833 0.01972087 0.02533284 0.021123016 0.023183094 0.017816174 0.013406779 0.009898169 0.0140578907 0.012177798 0.006746330 0.0094238766 2.449297e-03 0.0054602744 5.345424e-03 2.129592e-03 2.328126e-04 2.564345e-04 2.537464e-06 1.485947e-04 1.174328e-03
   84    1      2      0    0   500  1.542487e-12 1.654773e-03 1.475402e-02 0.0390924021 0.035636818 0.0172728358 0.0112442353 0.029258804 0.045520669 0.05006747 0.04993014 0.03869239 0.050498236 0.03179279 0.04494903 0.04585861 0.03501171 0.04064856 0.031575631 0.028253047 0.02599697 0.034382318 0.026733954 0.026159554 0.03137359 0.03316342 0.01869393 0.021396931 0.018039111 0.022045089 0.020514893 0.011303348 0.0139542628 0.011024991 0.008364513 0.0085782977 1.761002e-02 0.0021908900 2.090422e-03 2.917702e-03 6.795468e-05 1.547322e-03 1.250448e-05 3.678724e-06 1.221596e-04
   86    1      2      0    0   500  6.063380e-10 5.142925e-04 2.313370e-02 0.0509298393 0.048461964 0.0117543470 0.0077637937 0.026794007 0.023121172 0.06650791 0.04639835 0.03466737 0.038606097 0.04564919 0.02687303 0.03613010 0.03086113 0.05270129 0.031435084 0.028972774 0.03175919 0.032287304 0.022990936 0.028560081 0.03709562 0.02156723 0.03540026 0.024332597 0.021566888 0.015529091 0.024645974 0.017118665 0.0223749826 0.008197658 0.004341811 0.0041703335 4.891478e-03 0.0040161399 1.061733e-03 1.073362e-04 3.183779e-03 2.001543e-03 2.383650e-04 2.720278e-04 1.013547e-03
   88    1      2      0    0   500  2.373365e-12 1.514793e-04 9.486050e-03 0.0536819858 0.050874265 0.0192789891 0.0132367352 0.026674755 0.036193593 0.06573976 0.03998320 0.04264595 0.035897955 0.03381093 0.03264184 0.04200229 0.02730418 0.02350276 0.033891182 0.035175365 0.03257808 0.026668937 0.037844265 0.029193608 0.02067472 0.01927819 0.03165319 0.017136465 0.023743797 0.017806315 0.024713788 0.026827201 0.0108732764 0.014268918 0.012088480 0.0093670798 2.316569e-03 0.0056704676 2.471640e-03 1.723231e-03 4.126840e-03 9.829800e-06 6.351210e-04 4.006316e-08 6.156714e-03
   90    1      2      0    0   500  5.136046e-14 6.464914e-03 2.235555e-02 0.0669304674 0.055387316 0.0172293361 0.0133637602 0.010669769 0.035323429 0.05953331 0.04537458 0.02744808 0.036607615 0.03456766 0.03452852 0.02768512 0.04004491 0.04580563 0.045043904 0.029243993 0.03537790 0.023416521 0.025673000 0.027778511 0.03615534 0.02656197 0.02088148 0.012899329 0.014049758 0.022558979 0.022323767 0.011423861 0.0059184725 0.006720802 0.008062903 0.0082929582 1.427964e-02 0.0080918606 2.887355e-03 1.365515e-05 5.835989e-03 2.952032e-03 3.107452e-03 1.436183e-08 1.128566e-03
   92    1      2      0    0   500  1.178183e-08 4.476360e-05 1.343772e-02 0.0474050546 0.041839075 0.0197489744 0.0133380317 0.024691433 0.051310504 0.05997186 0.05981738 0.04544649 0.035763130 0.04676494 0.03924450 0.02527813 0.02791857 0.03686009 0.012934616 0.026315714 0.03471323 0.031486670 0.037183856 0.025502833 0.02640549 0.01749178 0.02714813 0.028277618 0.015669633 0.013048567 0.027977630 0.020970829 0.0127910026 0.016563506 0.005161242 0.0061162738 6.288629e-03 0.0065540329 1.154909e-03 1.512964e-03 5.203095e-03 5.791649e-05 3.203519e-03 9.326631e-04 4.530137e-04
   94    1      2      0    0   500  4.605308e-31 4.740334e-03 2.271175e-02 0.0477410334 0.048654421 0.0175442954 0.0111333943 0.015831173 0.046093250 0.07425047 0.04270187 0.03039575 0.036840333 0.03526475 0.04209741 0.03768679 0.02831862 0.03985019 0.038085240 0.025413165 0.03880086 0.024895410 0.022132812 0.034483553 0.02377261 0.02695755 0.02155775 0.018875167 0.025027004 0.020316920 0.020145234 0.020393232 0.0098332664 0.010306606 0.009141466 0.0033091684 7.644946e-03 0.0040418013 5.575329e-03 3.713504e-03 2.617847e-03 1.052774e-04 9.870293e-04 9.191013e-06 2.228488e-06
   96    1      2      0    0   500  9.984494e-08 1.569965e-03 1.038326e-02 0.0406981798 0.057840575 0.0137496027 0.0140854112 0.030975778 0.043811873 0.04782248 0.04236742 0.04657973 0.041121696 0.02994744 0.03761567 0.04165032 0.04086501 0.03090903 0.036353569 0.017703687 0.03777890 0.029800702 0.055282976 0.021737585 0.03420497 0.01718470 0.01791999 0.014904727 0.027700354 0.015185747 0.017218906 0.032177658 0.0095056400 0.011152631 0.003340959 0.0029569243 1.380961e-02 0.0065436970 2.287242e-03 1.643712e-03 5.896463e-04 1.982412e-05 7.766340e-04 1.161459e-04 1.093270e-04
   98    1      2      0    0   500  8.391396e-06 1.638595e-03 1.611440e-02 0.0569888711 0.032050300 0.0191328415 0.0085823829 0.026712357 0.032575157 0.05983025 0.05339557 0.03964603 0.036092289 0.04084700 0.03106021 0.05744470 0.05035532 0.03074659 0.038641770 0.021453590 0.02688450 0.038248484 0.034225306 0.027606806 0.03000314 0.02494279 0.02719788 0.015672905 0.021346056 0.021116307 0.016859580 0.007321670 0.0086256216 0.007610360 0.006786735 0.0060509584 1.294804e-02 0.0012035579 1.155030e-03 3.123969e-03 2.854714e-03 2.191234e-03 3.042280e-04 9.773358e-04 1.426164e-03
  100    1      2      0    0   500  8.681426e-17 6.791579e-04 1.027355e-02 0.0924324658 0.037497071 0.0198848554 0.0235014828 0.023827828 0.043608635 0.05764596 0.05621923 0.03402822 0.032398363 0.01748705 0.03203497 0.04814553 0.03712052 0.02746485 0.048452777 0.022530602 0.03082500 0.025308071 0.026384115 0.014851866 0.03534110 0.02997959 0.02511464 0.009111535 0.027085036 0.025146248 0.012556120 0.019080177 0.0122936331 0.014585343 0.004375909 0.0037196866 4.629874e-03 0.0035818000 2.482710e-03 4.834794e-03 2.561638e-03 4.472572e-04 1.624467e-04 8.661395e-05 2.216807e-04
15 #_N_agebins
#_agebin_vector
1 2 3 4 5 6 7 8 9 10 11 12 13 14 15
1 #_N_ageerror_definitions
 #_age0   age1   age2   age3   age4   age5   age6   age7   age8   age9  age10  age11  age12  age13  age14  age15  age16  age17  age18  age19  age20  age21  age22  age23  age24  age25
 -1.000 -1.000 -1.000 -1.000 -1.000 -1.000 -1.000 -1.000 -1.000 -1.000 -1.000 -1.000 -1.000 -1.000 -1.000 -1.000 -1.000 -1.000 -1.000 -1.000 -1.000 -1.000 -1.000 -1.000 -1.000 -1.000
  0.001  0.001  0.001  0.001  0.001  0.001  0.001  0.001  0.001  0.001  0.001  0.001  0.001  0.001  0.001  0.001  0.001  0.001  0.001  0.001  0.001  0.001  0.001  0.001  0.001  0.001
86 #_N_agecomp
1 #_Lbin_method: 1=poplenbins; 2=datalenbins; 3=lengths
-1 #_combine males into females at or below this bin number
 #_Yr Seas FltSvy Gender Part Ageerr Lbin_lo Lbin_hi Nsamp           a1        a2        a3         a4         a5         a6         a7         a8          a9         a10         a11         a12          a13          a14         a15
   26    1      1      0    0      1      -1      -1   125  0.010428693 0.1741844 0.1367467 0.06034187 0.08865720 0.09248411 0.04852687 0.05605109 0.081047894 0.041394259 0.022089636 0.017874458 0.0154344219 2.783982e-02 0.126898577
   36    1      1      0    0      1      -1      -1   125  0.008161209 0.2900484 0.2105051 0.16268098 0.07098821 0.05937308 0.01834806 0.07472540 0.026870523 0.005638612 0.020113544 0.003732748 0.0040509788 2.787487e-03 0.041975627
   46    1      1      0    0      1      -1      -1   125  0.051745823 0.1950385 0.1496714 0.13805625 0.09211339 0.06008451 0.07783224 0.10364772 0.036263948 0.054075196 0.016688937 0.010289905 0.0015808610 1.083718e-04 0.012802892
   56    1      1      0    0      1      -1      -1   125  0.028838884 0.2471729 0.2137282 0.16124501 0.08708095 0.04992719 0.07205664 0.02483919 0.016792969 0.023576787 0.003622176 0.017424763 0.0270930526 3.764035e-03 0.022837281
   60    1      1      0    0      1      -1      -1   125  0.047887468 0.1631694 0.2284020 0.13993003 0.08851099 0.08828381 0.06890600 0.03004322 0.033999539 0.027715741 0.019271971 0.021478876 0.0082890350 1.329522e-03 0.032782370
   64    1      1      0    0      1      -1      -1   125  0.025858717 0.2731869 0.2053862 0.12376634 0.09396669 0.06188820 0.07071330 0.02147180 0.011465115 0.047386685 0.023591486 0.011175631 0.0005401413 2.969612e-03 0.026633203
   68    1      1      0    0      1      -1      -1   125  0.021903520 0.2544613 0.1763811 0.16630714 0.14846221 0.05301503 0.06845576 0.03391479 0.022903472 0.009110179 0.025850797 0.006449337 0.0095401645 1.258167e-03 0.001987111
   72    1      1      0    0      1      -1      -1   125  0.019481984 0.2770606 0.2098618 0.12428257 0.11743152 0.06252754 0.05974102 0.05451502 0.009835743 0.012939609 0.006890687 0.005448315 0.0079512601 1.736110e-02 0.014671153
   76    1      1      0    0      1      -1      -1   125  0.044952096 0.2007068 0.1827828 0.15463156 0.12736300 0.08940286 0.04338590 0.03141177 0.022854176 0.022578874 0.012225695 0.022387458 0.0254488390 3.705532e-03 0.016162689
   80    1      1      0    0      1      -1      -1   125  0.030706181 0.2327376 0.1661165 0.17633321 0.11371372 0.11460844 0.04898736 0.03880949 0.042320269 0.007404982 0.009937399 0.003241107 0.0052586565 3.821076e-03 0.006004005
   84    1      1      0    0      1      -1      -1   125  0.024136236 0.1953051 0.2205738 0.15583199 0.09365336 0.06818931 0.05452865 0.03132848 0.038945724 0.066006498 0.007109271 0.012640353 0.0019105757 3.546657e-05 0.029805231
   88    1      1      0    0      1      -1      -1   125  0.036744404 0.3032373 0.1411011 0.14094379 0.11997989 0.08287027 0.03134113 0.01802742 0.026256914 0.014338482 0.026925882 0.019735447 0.0138215350 8.524599e-03 0.016151846
   92    1      1      0    0      1      -1      -1   125  0.044386049 0.2433243 0.1681591 0.10034258 0.08089703 0.07049943 0.04962240 0.08120464 0.076726739 0.014293518 0.028193397 0.009818576 0.0058538102 1.700785e-02 0.009670501
   96    1      1      0    0      1      -1      -1   125  0.026180359 0.2384680 0.2259387 0.12442344 0.09978881 0.05184692 0.08419894 0.08355342 0.009444727 0.021258749 0.004174557 0.015688971 0.0082914516 2.079926e-04 0.006534907
  100    1      1      0    0      1      -1      -1   125  0.051206487 0.2705531 0.1952189 0.12662912 0.09356935 0.08379919 0.03352061 0.02720203 0.034176941 0.017147439 0.029550073 0.012814356 0.0058491328 4.267215e-03 0.014496056
   76    1      2      0    0      1      -1      -1   500  0.143040487 0.2327684 0.1551754 0.12751595 0.10512739 0.06217751 0.04401146 0.02807552 0.022683797 0.021950128 0.015397063 0.015981634 0.0114381244 1.127756e-03 0.013529394
   78    1      2      0    0      1      -1      -1   500  0.137698693 0.2571666 0.1509825 0.14009206 0.09542875 0.05863688 0.05544718 0.02420744 0.016083441 0.020296469 0.017751347 0.007211524 0.0011813939 8.724038e-03 0.009091632
   80    1      2      0    0      1      -1      -1   500  0.152267814 0.2437611 0.1711432 0.12366337 0.08387545 0.05135990 0.04552015 0.03155062 0.028328703 0.013620236 0.006678987 0.007505625 0.0076005858 8.414977e-03 0.024709349
   82    1      2      0    0      1      -1      -1   500  0.138157187 0.2231521 0.1596199 0.11339534 0.11132256 0.06741270 0.04443296 0.03777751 0.021150349 0.017949897 0.018644921 0.014347700 0.0126383741 4.032541e-03 0.015965994
   84    1      2      0    0      1      -1      -1   500  0.138506027 0.2295350 0.1814858 0.13734254 0.09966059 0.05478233 0.04882533 0.02721396 0.026544356 0.017059869 0.015213386 0.004586024 0.0032682343 5.456580e-03 0.010520047
   86    1      2      0    0      1      -1      -1   500  0.136897756 0.2300950 0.1864904 0.12080513 0.09329075 0.07140021 0.04099462 0.03885188 0.020234087 0.018481912 0.017502053 0.002928012 0.0067175761 4.853496e-03 0.010457106
   88    1      2      0    0      1      -1      -1   500  0.160441472 0.2275776 0.1885559 0.10112002 0.08944365 0.06610988 0.03610850 0.02255322 0.031486101 0.017345007 0.030691910 0.006505590 0.0043751145 3.488775e-03 0.014197276
   90    1      2      0    0      1      -1      -1   500  0.135350544 0.2247708 0.1789156 0.15713286 0.07545018 0.05801687 0.04732368 0.03358187 0.027243383 0.011946514 0.017166191 0.008937168 0.0044390654 1.388509e-03 0.018336803
   92    1      2      0    0      1      -1      -1   500  0.116280233 0.2234572 0.1607998 0.15507473 0.08214812 0.08063946 0.03594501 0.03786110 0.018026700 0.031829792 0.019269826 0.010079238 0.0099418723 8.080936e-03 0.010566044
   94    1      2      0    0      1      -1      -1   500  0.150012145 0.2123037 0.1565406 0.13644296 0.08890936 0.04270114 0.07805452 0.03855296 0.026840904 0.016457883 0.021821202 0.006233190 0.0085359059 2.365530e-03 0.014227980
   96    1      2      0    0      1      -1      -1   500  0.132476980 0.2236723 0.1400461 0.14532213 0.09294704 0.05198169 0.05575663 0.05457335 0.031530431 0.031971204 0.007576811 0.012815649 0.0033552268 7.626828e-03 0.008347582
   98    1      2      0    0      1      -1      -1   500  0.149326063 0.2233559 0.1504614 0.12197590 0.09251547 0.08242490 0.04195305 0.03286344 0.029880088 0.014052949 0.016184047 0.015743204 0.0076578213 5.579631e-03 0.016026096
  100    1      2      0    0      1      -1      -1   500  0.124516116 0.2096805 0.1568207 0.13193713 0.08785624 0.07809770 0.06729153 0.03017723 0.027714920 0.026266435 0.016724920 0.008112373 0.0078390484 2.235138e-02 0.004613816
   60    1      1      0    0      1       1       1     5  5.000000000 0.0000000 0.0000000 0.00000000 0.00000000 0.00000000 0.00000000 0.00000000 0.000000000 0.000000000 0.000000000 0.000000000 0.0000000000 0.000000e+00 0.000000000
   60    1      1      0    0      1       5       5     1  1.000000000 0.0000000 0.0000000 0.00000000 0.00000000 0.00000000 0.00000000 0.00000000 0.000000000 0.000000000 0.000000000 0.000000000 0.0000000000 0.000000e+00 0.000000000
   60    1      1      0    0      1       8       8     4  4.000000000 0.0000000 0.0000000 0.00000000 0.00000000 0.00000000 0.00000000 0.00000000 0.000000000 0.000000000 0.000000000 0.000000000 0.0000000000 0.000000e+00 0.000000000
   60    1      1      0    0      1       9       9    12 12.000000000 0.0000000 0.0000000 0.00000000 0.00000000 0.00000000 0.00000000 0.00000000 0.000000000 0.000000000 0.000000000 0.000000000 0.0000000000 0.000000e+00 0.000000000
   60    1      1      0    0      1      10      10    13 13.000000000 0.0000000 0.0000000 0.00000000 0.00000000 0.00000000 0.00000000 0.00000000 0.000000000 0.000000000 0.000000000 0.000000000 0.0000000000 0.000000e+00 0.000000000
   60    1      1      0    0      1      11      11     2  2.000000000 0.0000000 0.0000000 0.00000000 0.00000000 0.00000000 0.00000000 0.00000000 0.000000000 0.000000000 0.000000000 0.000000000 0.0000000000 0.000000e+00 0.000000000
   60    1      1      0    0      1      12      12     2  2.000000000 0.0000000 0.0000000 0.00000000 0.00000000 0.00000000 0.00000000 0.00000000 0.000000000 0.000000000 0.000000000 0.000000000 0.0000000000 0.000000e+00 0.000000000
   60    1      1      0    0      1      13      13     6  6.000000000 0.0000000 0.0000000 0.00000000 0.00000000 0.00000000 0.00000000 0.00000000 0.000000000 0.000000000 0.000000000 0.000000000 0.0000000000 0.000000e+00 0.000000000
   60    1      1      0    0      1      14      14     2  2.000000000 0.0000000 0.0000000 0.00000000 0.00000000 0.00000000 0.00000000 0.00000000 0.000000000 0.000000000 0.000000000 0.000000000 0.0000000000 0.000000e+00 0.000000000
   60    1      1      0    0      1      15      15     2  2.000000000 0.0000000 0.0000000 0.00000000 0.00000000 0.00000000 0.00000000 0.00000000 0.000000000 0.000000000 0.000000000 0.000000000 0.0000000000 0.000000e+00 0.000000000
   60    1      1      0    0      1      16      16     6  6.000000000 0.0000000 0.0000000 0.00000000 0.00000000 0.00000000 0.00000000 0.00000000 0.000000000 0.000000000 0.000000000 0.000000000 0.0000000000 0.000000e+00 0.000000000
   60    1      1      0    0      1      17      17     4  4.000000000 0.0000000 0.0000000 0.00000000 0.00000000 0.00000000 0.00000000 0.00000000 0.000000000 0.000000000 0.000000000 0.000000000 0.0000000000 0.000000e+00 0.000000000
   60    1      1      0    0      1      18      18     8  8.000000000 0.0000000 0.0000000 0.00000000 0.00000000 0.00000000 0.00000000 0.00000000 0.000000000 0.000000000 0.000000000 0.000000000 0.0000000000 0.000000e+00 0.000000000
   60    1      1      0    0      1      20      20     3  3.000000000 0.0000000 0.0000000 0.00000000 0.00000000 0.00000000 0.00000000 0.00000000 0.000000000 0.000000000 0.000000000 0.000000000 0.0000000000 0.000000e+00 0.000000000
   60    1      1      0    0      1      21      21     2  2.000000000 0.0000000 0.0000000 0.00000000 0.00000000 0.00000000 0.00000000 0.00000000 0.000000000 0.000000000 0.000000000 0.000000000 0.0000000000 0.000000e+00 0.000000000
   60    1      1      0    0      1      22      22     2  2.000000000 0.0000000 0.0000000 0.00000000 0.00000000 0.00000000 0.00000000 0.00000000 0.000000000 0.000000000 0.000000000 0.000000000 0.0000000000 0.000000e+00 0.000000000
   60    1      1      0    0      1      23      23     5  5.000000000 0.0000000 0.0000000 0.00000000 0.00000000 0.00000000 0.00000000 0.00000000 0.000000000 0.000000000 0.000000000 0.000000000 0.0000000000 0.000000e+00 0.000000000
   60    1      1      0    0      1      24      24     1  1.000000000 0.0000000 0.0000000 0.00000000 0.00000000 0.00000000 0.00000000 0.00000000 0.000000000 0.000000000 0.000000000 0.000000000 0.0000000000 0.000000e+00 0.000000000
   60    1      1      0    0      1      25      25     5  5.000000000 0.0000000 0.0000000 0.00000000 0.00000000 0.00000000 0.00000000 0.00000000 0.000000000 0.000000000 0.000000000 0.000000000 0.0000000000 0.000000e+00 0.000000000
   60    1      1      0    0      1      26      26     2  2.000000000 0.0000000 0.0000000 0.00000000 0.00000000 0.00000000 0.00000000 0.00000000 0.000000000 0.000000000 0.000000000 0.000000000 0.0000000000 0.000000e+00 0.000000000
   60    1      1      0    0      1      27      27     1  1.000000000 0.0000000 0.0000000 0.00000000 0.00000000 0.00000000 0.00000000 0.00000000 0.000000000 0.000000000 0.000000000 0.000000000 0.0000000000 0.000000e+00 0.000000000
   60    1      1      0    0      1      28      28     1  1.000000000 0.0000000 0.0000000 0.00000000 0.00000000 0.00000000 0.00000000 0.00000000 0.000000000 0.000000000 0.000000000 0.000000000 0.0000000000 0.000000e+00 0.000000000
   60    1      1      0    0      1      30      30     1  0.000000000 1.0000000 0.0000000 0.00000000 0.00000000 0.00000000 0.00000000 0.00000000 0.000000000 0.000000000 0.000000000 0.000000000 0.0000000000 0.000000e+00 0.000000000
   60    1      1      0    0      1      31      31     3  0.000000000 3.0000000 0.0000000 0.00000000 0.00000000 0.00000000 0.00000000 0.00000000 0.000000000 0.000000000 0.000000000 0.000000000 0.0000000000 0.000000e+00 0.000000000
   60    1      1      0    0      1      32      32     1  0.000000000 1.0000000 0.0000000 0.00000000 0.00000000 0.00000000 0.00000000 0.00000000 0.000000000 0.000000000 0.000000000 0.000000000 0.0000000000 0.000000e+00 0.000000000
   60    1      1      0    0      1      34      34     3  0.000000000 3.0000000 0.0000000 0.00000000 0.00000000 0.00000000 0.00000000 0.00000000 0.000000000 0.000000000 0.000000000 0.000000000 0.0000000000 0.000000e+00 0.000000000
   60    1      1      0    0      1      36      36     1  0.000000000 1.0000000 0.0000000 0.00000000 0.00000000 0.00000000 0.00000000 0.00000000 0.000000000 0.000000000 0.000000000 0.000000000 0.0000000000 0.000000e+00 0.000000000
   60    1      1      0    0      1      45      45     2  0.000000000 1.0000000 1.0000000 0.00000000 0.00000000 0.00000000 0.00000000 0.00000000 0.000000000 0.000000000 0.000000000 0.000000000 0.0000000000 0.000000e+00 0.000000000
  100    1      1      0    0      1       3       3     1  1.000000000 0.0000000 0.0000000 0.00000000 0.00000000 0.00000000 0.00000000 0.00000000 0.000000000 0.000000000 0.000000000 0.000000000 0.0000000000 0.000000e+00 0.000000000
  100    1      1      0    0      1       4       4     3  3.000000000 0.0000000 0.0000000 0.00000000 0.00000000 0.00000000 0.00000000 0.00000000 0.000000000 0.000000000 0.000000000 0.000000000 0.0000000000 0.000000e+00 0.000000000
  100    1      1      0    0      1       5       5     1  1.000000000 0.0000000 0.0000000 0.00000000 0.00000000 0.00000000 0.00000000 0.00000000 0.000000000 0.000000000 0.000000000 0.000000000 0.0000000000 0.000000e+00 0.000000000
  100    1      1      0    0      1       8       8     1  1.000000000 0.0000000 0.0000000 0.00000000 0.00000000 0.00000000 0.00000000 0.00000000 0.000000000 0.000000000 0.000000000 0.000000000 0.0000000000 0.000000e+00 0.000000000
  100    1      1      0    0      1       9       9     1  1.000000000 0.0000000 0.0000000 0.00000000 0.00000000 0.00000000 0.00000000 0.00000000 0.000000000 0.000000000 0.000000000 0.000000000 0.0000000000 0.000000e+00 0.000000000
  100    1      1      0    0      1      10      10    11 11.000000000 0.0000000 0.0000000 0.00000000 0.00000000 0.00000000 0.00000000 0.00000000 0.000000000 0.000000000 0.000000000 0.000000000 0.0000000000 0.000000e+00 0.000000000
  100    1      1      0    0      1      11      11     4  4.000000000 0.0000000 0.0000000 0.00000000 0.00000000 0.00000000 0.00000000 0.00000000 0.000000000 0.000000000 0.000000000 0.000000000 0.0000000000 0.000000e+00 0.000000000
  100    1      1      0    0      1      12      12     2  2.000000000 0.0000000 0.0000000 0.00000000 0.00000000 0.00000000 0.00000000 0.00000000 0.000000000 0.000000000 0.000000000 0.000000000 0.0000000000 0.000000e+00 0.000000000
  100    1      1      0    0      1      13      13     3  3.000000000 0.0000000 0.0000000 0.00000000 0.00000000 0.00000000 0.00000000 0.00000000 0.000000000 0.000000000 0.000000000 0.000000000 0.0000000000 0.000000e+00 0.000000000
  100    1      1      0    0      1      14      14     5  5.000000000 0.0000000 0.0000000 0.00000000 0.00000000 0.00000000 0.00000000 0.00000000 0.000000000 0.000000000 0.000000000 0.000000000 0.0000000000 0.000000e+00 0.000000000
  100    1      1      0    0      1      15      15     1  1.000000000 0.0000000 0.0000000 0.00000000 0.00000000 0.00000000 0.00000000 0.00000000 0.000000000 0.000000000 0.000000000 0.000000000 0.0000000000 0.000000e+00 0.000000000
  100    1      1      0    0      1      16      16     4  4.000000000 0.0000000 0.0000000 0.00000000 0.00000000 0.00000000 0.00000000 0.00000000 0.000000000 0.000000000 0.000000000 0.000000000 0.0000000000 0.000000e+00 0.000000000
  100    1      1      0    0      1      17      17     4  4.000000000 0.0000000 0.0000000 0.00000000 0.00000000 0.00000000 0.00000000 0.00000000 0.000000000 0.000000000 0.000000000 0.000000000 0.0000000000 0.000000e+00 0.000000000
  100    1      1      0    0      1      18      18     8  8.000000000 0.0000000 0.0000000 0.00000000 0.00000000 0.00000000 0.00000000 0.00000000 0.000000000 0.000000000 0.000000000 0.000000000 0.0000000000 0.000000e+00 0.000000000
  100    1      1      0    0      1      19      19     8  8.000000000 0.0000000 0.0000000 0.00000000 0.00000000 0.00000000 0.00000000 0.00000000 0.000000000 0.000000000 0.000000000 0.000000000 0.0000000000 0.000000e+00 0.000000000
  100    1      1      0    0      1      20      20     1  1.000000000 0.0000000 0.0000000 0.00000000 0.00000000 0.00000000 0.00000000 0.00000000 0.000000000 0.000000000 0.000000000 0.000000000 0.0000000000 0.000000e+00 0.000000000
  100    1      1      0    0      1      21      21     3  3.000000000 0.0000000 0.0000000 0.00000000 0.00000000 0.00000000 0.00000000 0.00000000 0.000000000 0.000000000 0.000000000 0.000000000 0.0000000000 0.000000e+00 0.000000000
  100    1      1      0    0      1      22      22     3  3.000000000 0.0000000 0.0000000 0.00000000 0.00000000 0.00000000 0.00000000 0.00000000 0.000000000 0.000000000 0.000000000 0.000000000 0.0000000000 0.000000e+00 0.000000000
  100    1      1      0    0      1      23      23     9  9.000000000 0.0000000 0.0000000 0.00000000 0.00000000 0.00000000 0.00000000 0.00000000 0.000000000 0.000000000 0.000000000 0.000000000 0.0000000000 0.000000e+00 0.000000000
  100    1      1      0    0      1      24      24     4  4.000000000 0.0000000 0.0000000 0.00000000 0.00000000 0.00000000 0.00000000 0.00000000 0.000000000 0.000000000 0.000000000 0.000000000 0.0000000000 0.000000e+00 0.000000000
  100    1      1      0    0      1      25      25     4  4.000000000 0.0000000 0.0000000 0.00000000 0.00000000 0.00000000 0.00000000 0.00000000 0.000000000 0.000000000 0.000000000 0.000000000 0.0000000000 0.000000e+00 0.000000000
  100    1      1      0    0      1      26      26     2  2.000000000 0.0000000 0.0000000 0.00000000 0.00000000 0.00000000 0.00000000 0.00000000 0.000000000 0.000000000 0.000000000 0.000000000 0.0000000000 0.000000e+00 0.000000000
  100    1      1      0    0      1      27      27     1  0.000000000 1.0000000 0.0000000 0.00000000 0.00000000 0.00000000 0.00000000 0.00000000 0.000000000 0.000000000 0.000000000 0.000000000 0.0000000000 0.000000e+00 0.000000000
  100    1      1      0    0      1      29      29     2  1.000000000 1.0000000 0.0000000 0.00000000 0.00000000 0.00000000 0.00000000 0.00000000 0.000000000 0.000000000 0.000000000 0.000000000 0.0000000000 0.000000e+00 0.000000000
  100    1      1      0    0      1      30      30     6  2.000000000 4.0000000 0.0000000 0.00000000 0.00000000 0.00000000 0.00000000 0.00000000 0.000000000 0.000000000 0.000000000 0.000000000 0.0000000000 0.000000e+00 0.000000000
  100    1      1      0    0      1      32      32     1  0.000000000 1.0000000 0.0000000 0.00000000 0.00000000 0.00000000 0.00000000 0.00000000 0.000000000 0.000000000 0.000000000 0.000000000 0.0000000000 0.000000e+00 0.000000000
  100    1      1      0    0      1      34      34     2  0.000000000 2.0000000 0.0000000 0.00000000 0.00000000 0.00000000 0.00000000 0.00000000 0.000000000 0.000000000 0.000000000 0.000000000 0.0000000000 0.000000e+00 0.000000000
  100    1      1      0    0      1      35      35     2  0.000000000 2.0000000 0.0000000 0.00000000 0.00000000 0.00000000 0.00000000 0.00000000 0.000000000 0.000000000 0.000000000 0.000000000 0.0000000000 0.000000e+00 0.000000000
  100    1      1      0    0      1      39      39     1  0.000000000 1.0000000 0.0000000 0.00000000 0.00000000 0.00000000 0.00000000 0.00000000 0.000000000 0.000000000 0.000000000 0.000000000 0.0000000000 0.000000e+00 0.000000000
  100    1      1      0    0      1      44      44     2  0.000000000 2.0000000 0.0000000 0.00000000 0.00000000 0.00000000 0.00000000 0.00000000 0.000000000 0.000000000 0.000000000 0.000000000 0.0000000000 0.000000e+00 0.000000000
0 #_N_MeanSize_at_Age_obs
0 #_N_environ_variables
0 #_N_environ_obs
0 #_N_sizefreq_methods
0 #_do_tags
0 #_morphcomp_data
#
999
