#C data file created using the SS_writedat function in the R package r4ss
#C should work with SS version: 
#C file write time: 2015-02-11 09:18:26
#
1 #_styr
100 #_endyr
1 #_nseas
12 #_months_per_seas
1 #_spawn_seas
1 #_Nfleet
2 #_Nsurveys
1 #_N_areas
Fishery%Survey%CPUE #_fleetnames
0.5 0.5 0.5 #_surveytiming_in_season
1 1 1 #_area_assignments_for_each_fishery_and_survey
1 #_units of catch:  1=bio; 2=num
0.01 #_se of log(catch) only used for init_eq_catch and for Fmethod 2 and 3
1 #_Ngenders
25 #_Nages
0 #_init_equil_catch_for_each_fishery
100 #_N_lines_of_catch_to_read
 #_Fishery year seas
         0    1    1
         0    2    1
         0    3    1
         0    4    1
         0    5    1
         0    6    1
         0    7    1
         0    8    1
         0    9    1
         0   10    1
         0   11    1
         0   12    1
         0   13    1
         0   14    1
         0   15    1
         0   16    1
         0   17    1
         0   18    1
         0   19    1
         0   20    1
         0   21    1
         0   22    1
         0   23    1
         0   24    1
         0   25    1
 444646000   26    1
 397608000   27    1
 357583000   28    1
 324161000   29    1
 296656000   30    1
 274240000   31    1
 256057000   32    1
 241314000   33    1
 229322000   34    1
 219511000   35    1
 211426000   36    1
 204710000   37    1
 199088000   38    1
 194347000   39    1
 190324000   40    1
 186891000   41    1
 183948000   42    1
 181416000   43    1
 179230000   44    1
 177337000   45    1
 175694000   46    1
 174266000   47    1
 173022000   48    1
 171937000   49    1
 170990000   50    1
 170161000   51    1
 169436000   52    1
 168801000   53    1
 168243000   54    1
 167755000   55    1
 167325000   56    1
 166948000   57    1
 166617000   58    1
 166326000   59    1
 166070000   60    1
 165844000   61    1
 165646000   62    1
 165471000   63    1
 165317000   64    1
 165182000   65    1
 165063000   66    1
 164958000   67    1
 164865000   68    1
 164784000   69    1
 164712000   70    1
 164649000   71    1
 164593000   72    1
 164544000   73    1
 164500000   74    1
 164462000   75    1
 164429000   76    1
 164399000   77    1
 164373000   78    1
 164350000   79    1
 164329000   80    1
 164311000   81    1
 164296000   82    1
 164282000   83    1
 164269000   84    1
 164258000   85    1
 164249000   86    1
 164240000   87    1
 164233000   88    1
 164227000   89    1
 164221000   90    1
 164216000   91    1
 164211000   92    1
 164207000   93    1
 164204000   94    1
 164201000   95    1
 164198000   96    1
 164195000   97    1
 164193000   98    1
 164192000   99    1
 164190000  100    1
13 #_N_cpue
 #_Fleet Units Errtype
       1     1       0
       2     1       0
       3     1       0
 #_year seas index        obs se_log
     76    1     2 1436359086    0.2
     78    1     2 1007146230    0.2
     80    1     2 1324088855    0.2
     82    1     2 1294450595    0.2
     84    1     2  950229998    0.2
     86    1     2 1563814506    0.2
     88    1     2 2029057352    0.2
     90    1     2 1417052199    0.2
     92    1     2 1409537265    0.2
     94    1     2 1877238809    0.2
     96    1     2 1691431581    0.2
     98    1     2 1905581018    0.2
    100    1     2 1381128937    0.2
0 #_N_discard_fleets
#_discard_units (1=same_as_catchunits(bio/num); 2=fraction; 3=numbers)
#_discard_errtype:  >0 for DF of T-dist(read CV below); 0 for normal with CV; -1 for normal with se; -2 for lognormal
0 #_N_discard
0 #_N_meanbodywt
1 #_DF_for_meanbodywt_T-distribution_like
2 # length bin method: 1=use databins; 2=generate from binwidth,min,max below; 3=read vector
1 # binwidth for population size comp
10 # minimum size in the population (lower edge of first bin and size at age 0.00)
200 # maximum size in the population (lower edge of last bin)
-0.001 #_comp_tail_compression
1e-05 #_add_to_comp
0 #_combine males into females at or below this bin number
45 #_N_lbins
#_lbin_vector
20 23 26 29 32 35 38 41 44 47 50 53 56 59 62 65 68 71 74 77 80 83 86 89 92 95 98 101 104 107 110 113 116 119 122 125 128 131 134 137 140 143 146 149 152
28 #_N_Length_comp_observations
 #_Yr Seas FltSvy Gender Part Nsamp           l20          l23          l26          l29         l32         l35          l38         l41        l44        l47        l50        l53        l56        l59        l62        l65        l68        l71        l74        l77         l80        l83        l86        l89        l92         l95         l98        l101       l104        l107        l110         l113         l116        l119         l122         l125         l128         l131         l134         l137         l140         l143         l146         l149         l152
   26    1      1      0    0   125 1.243888e-125 8.620733e-22 9.878028e-04 0.0396129985 0.006305357 0.008812283 5.770501e-03 0.002408088 0.01771471 0.06522519 0.03636022 0.03544841 0.01438456 0.01611273 0.05593976 0.02129379 0.03322597 0.03563416 0.02578324 0.02757703 0.037643951 0.04318010 0.03837123 0.01786617 0.03239962 0.029969348 0.013320410 0.017020526 0.05037125 0.034253806 0.055232765 0.0069528635 0.0090205678 0.022305405 0.0290677403 0.0150050640 0.0383326680 1.989309e-02 4.018014e-03 1.634096e-02 1.397347e-02 2.787434e-03 2.220155e-04 7.503539e-08 3.854674e-03
   36    1      1      0    0   125 9.416193e-311 2.141997e-08 3.868117e-04 0.0029716316 0.010125974 0.026214144 5.937176e-03 0.004808757 0.02653399 0.10082899 0.05416649 0.03892113 0.02914970 0.07555675 0.05709155 0.03523539 0.05196371 0.03859632 0.08004717 0.03692717 0.023474110 0.01874560 0.01133472 0.02822164 0.02016269 0.020506888 0.034952219 0.012391976 0.02233686 0.014904518 0.036208361 0.0119415065 0.0146780112 0.010484966 0.0021608033 0.0156745681 0.0142727589 3.624750e-03 1.923914e-04 3.247315e-04 1.736998e-04 7.936481e-05 1.416851e-03 6.273085e-03 4.993340e-08
   46    1      1      0    0   125 1.766897e-108 4.773251e-11 5.309320e-04 0.0081470735 0.008495892 0.025079414 1.984048e-04 0.016054201 0.03228543 0.05294749 0.02558224 0.05719034 0.03162261 0.01743938 0.02456044 0.04699440 0.07968567 0.01885466 0.05026317 0.02156730 0.045862956 0.02327841 0.05834727 0.02148081 0.03527768 0.029479485 0.017267236 0.031683336 0.02102024 0.038207222 0.008434091 0.0501613792 0.0142393592 0.005846557 0.0063600985 0.0065402133 0.0050947214 1.582968e-02 3.035170e-02 9.567438e-04 1.397591e-02 9.838110e-04 8.225277e-06 6.270276e-09 1.813824e-03
   56    1      1      0    0   125 1.104767e-137 6.301945e-06 2.990529e-03 0.0183659425 0.009429074 0.010365529 1.160992e-02 0.029048928 0.05204194 0.03886589 0.03417119 0.01420690 0.06639157 0.03016050 0.02712015 0.03433118 0.01657059 0.05729208 0.05440057 0.02523375 0.062345949 0.04880994 0.03666927 0.03399965 0.02260947 0.034147020 0.016559088 0.024235511 0.03264905 0.023851286 0.036816395 0.0007598648 0.0298141684 0.016917681 0.0110280248 0.0178568247 0.0135875217 1.645414e-03 1.515279e-03 1.778112e-05 6.544511e-04 2.713986e-04 4.671862e-14 8.147579e-05 5.549437e-04
   60    1      1      0    0   125 8.451438e-174 1.269738e-09 6.516359e-07 0.0238578375 0.012826257 0.001498365 5.484043e-03 0.008408969 0.04868067 0.10331096 0.03770426 0.06693950 0.04299692 0.02895385 0.05789149 0.02032865 0.02583745 0.01856970 0.03528418 0.06004384 0.019564715 0.03011957 0.02217898 0.01342405 0.04591439 0.051889596 0.032994956 0.025370240 0.01280687 0.002931976 0.044315127 0.0157989772 0.0237563723 0.014465350 0.0085401393 0.0036443460 0.0143461624 1.143811e-02 4.020544e-03 1.263643e-03 1.281964e-03 1.782701e-04 1.138057e-03 1.995354e-10 2.365435e-17
   64    1      1      0    0   125  4.212239e-77 1.358051e-16 8.727298e-03 0.0024454331 0.005609596 0.008549900 3.469313e-02 0.024675328 0.03458769 0.05998359 0.05639621 0.06273495 0.01514758 0.04564289 0.07596840 0.04904160 0.04536652 0.01601250 0.05485439 0.02505327 0.015888707 0.02609079 0.02184563 0.01823779 0.07859557 0.025274878 0.015718465 0.045781101 0.03414657 0.011061057 0.013933352 0.0032429240 0.0053721566 0.008636439 0.0294418005 0.0018918470 0.0089868324 5.006514e-05 3.641006e-03 5.559423e-03 1.082309e-03 1.735840e-07 1.559981e-12 1.205097e-07 3.070170e-05
   68    1      1      0    0   125  2.885192e-33 1.187757e-09 2.994624e-03 0.0052572745 0.001678635 0.004671380 9.966601e-04 0.040148825 0.06420254 0.06755685 0.07954481 0.04105182 0.02198173 0.03234100 0.04325667 0.06593741 0.05043197 0.02853253 0.02201532 0.02009176 0.036063664 0.03438117 0.02960616 0.01800774 0.04018936 0.008668379 0.040455873 0.046517413 0.02960653 0.012371064 0.012402194 0.0376444557 0.0136327737 0.016275318 0.0010761841 0.0009587896 0.0030467557 2.090530e-02 3.290308e-03 1.349875e-05 1.532856e-04 5.103755e-06 4.171167e-06 5.111226e-04 1.521574e-03
   72    1      1      0    0   125  8.721701e-86 2.180738e-09 8.268038e-04 0.0278987075 0.003107181 0.017293338 6.992179e-04 0.019116230 0.03139685 0.11554029 0.04965205 0.04111091 0.04855497 0.04105639 0.04768940 0.03319815 0.02573278 0.04604702 0.04448023 0.01886001 0.045940482 0.01705677 0.01521517 0.03280888 0.02690942 0.018793184 0.035915038 0.014802303 0.05265351 0.015338500 0.050243033 0.0068200134 0.0164885411 0.014999717 0.0004242376 0.0109769304 0.0046757368 2.796166e-04 4.476769e-03 2.403918e-03 4.637090e-05 1.015681e-05 4.591484e-04 6.143355e-12 2.033371e-06
   76    1      1      0    0   125 1.780393e-176 2.006690e-03 1.728741e-04 0.0055467066 0.007676993 0.015257959 5.752102e-03 0.013745832 0.04062668 0.06734525 0.05089601 0.05021183 0.01976990 0.01410581 0.02343525 0.03937100 0.04592987 0.02534212 0.02528178 0.04123821 0.035802970 0.08068405 0.05318049 0.01753845 0.03793704 0.041588996 0.046648881 0.013098167 0.01490747 0.023231781 0.047760257 0.0120600801 0.0121329912 0.028965987 0.0098121725 0.0012284985 0.0008280039 2.068493e-04 4.053607e-05 2.107796e-02 3.801182e-03 3.672019e-03 3.489039e-10 5.348954e-14 8.230107e-05
   80    1      1      0    0   125  8.245606e-49 1.600362e-12 2.490721e-03 0.0171569365 0.002727795 0.012981741 2.733584e-06 0.009079421 0.03990517 0.12370034 0.06202425 0.06360555 0.03040175 0.05782952 0.03499803 0.02910330 0.04814597 0.02418074 0.04437547 0.01958698 0.059805541 0.02368878 0.01979949 0.02929106 0.02184457 0.029854553 0.031358288 0.030239666 0.01133712 0.024405704 0.007203328 0.0221949857 0.0065582507 0.004527908 0.0159234647 0.0029720237 0.0252231149 1.638654e-03 1.209185e-03 7.545106e-03 5.256061e-04 4.512603e-04 1.059258e-04 1.107625e-16 1.067047e-10
   84    1      1      0    0   125  2.513546e-28 1.198674e-04 9.965890e-05 0.0023202927 0.009808519 0.001828845 2.637657e-03 0.042742544 0.05278597 0.06284288 0.04616276 0.03981529 0.01852604 0.04510322 0.04604663 0.04440174 0.04552794 0.04269657 0.01614770 0.04726759 0.008445181 0.04979467 0.02899325 0.02466901 0.04092053 0.048122254 0.029927700 0.016179954 0.02012167 0.031147095 0.032657719 0.0193135416 0.0015209785 0.009683800 0.0099985389 0.0249984246 0.0119424580 1.549748e-02 3.994144e-03 3.786974e-03 1.306127e-03 1.081008e-06 6.587726e-07 8.555144e-05 9.486813e-06
   88    1      1      0    0   125 1.659142e-258 3.457356e-14 4.356488e-04 0.0287943427 0.002284992 0.018142165 5.191011e-03 0.011868789 0.03469407 0.03758916 0.03850203 0.04708252 0.02128761 0.03167674 0.02146853 0.03482363 0.05789743 0.07580976 0.07655020 0.03913685 0.065510939 0.03094554 0.03492042 0.05567678 0.08502757 0.013362168 0.019715398 0.019357181 0.03087860 0.005639718 0.005108782 0.0065513178 0.0036018055 0.011975381 0.0064127970 0.0012029974 0.0031821808 4.583772e-03 2.848422e-03 7.638938e-06 1.424537e-08 9.444635e-03 1.852486e-04 1.686029e-12 6.251830e-04
   92    1      1      0    0   125  3.346928e-66 2.098960e-11 3.186060e-03 0.0018722289 0.010676287 0.001761392 3.722995e-03 0.024429653 0.04124331 0.07244827 0.04637943 0.04782289 0.03030664 0.02002373 0.04437330 0.04907765 0.03663205 0.02170557 0.04227250 0.03223071 0.023464641 0.06432180 0.06132074 0.01401071 0.04645708 0.041987428 0.008110668 0.019348654 0.04444977 0.023862567 0.033700710 0.0179381182 0.0007687429 0.003955239 0.0092256679 0.0015611503 0.0272879949 1.576176e-02 1.787445e-05 5.621517e-03 6.014321e-03 1.182768e-07 6.386794e-04 7.189562e-13 9.388727e-06
   96    1      1      0    0   125  4.104021e-83 1.020785e-07 9.083081e-04 0.0008797615 0.004994541 0.005329646 2.969993e-02 0.001366190 0.04172362 0.06001614 0.05995005 0.08135505 0.02170286 0.03388616 0.04410039 0.07378481 0.06159080 0.04081462 0.02432260 0.03736245 0.054480620 0.03751712 0.02782937 0.02716817 0.01364437 0.037612776 0.049318342 0.008437772 0.01433587 0.015737840 0.034617265 0.0168990659 0.0092904995 0.016058647 0.0009195807 0.0051300114 0.0040342975 5.851550e-04 6.200704e-04 1.052508e-03 8.102892e-08 4.403734e-04 4.133549e-05 7.712102e-13 4.408440e-04
  100    1      1      0    0   125  1.744731e-08 2.798758e-55 2.671104e-04 0.0054324895 0.003502242 0.005961674 6.992546e-04 0.005738364 0.04372898 0.04910168 0.05083586 0.06274956 0.03152900 0.01023990 0.03050424 0.05857131 0.06909672 0.02224962 0.03572094 0.04125877 0.050775633 0.04171347 0.04240218 0.04895555 0.02552103 0.071719459 0.029268901 0.022943871 0.02101848 0.024614356 0.022769526 0.0162497593 0.0187454069 0.005151661 0.0204769662 0.0029315806 0.0023240767 1.877472e-03 2.067821e-08 1.007447e-03 2.226211e-03 4.070035e-06 1.151400e-04 1.405983e-08 6.867030e-11
   76    1      2      0    0   500  1.176716e-10 2.791659e-03 1.538794e-02 0.0726552969 0.052930109 0.013357264 9.265241e-03 0.029400794 0.03875276 0.06586173 0.05305743 0.02840348 0.03001116 0.02592094 0.04742300 0.03211052 0.04041464 0.02490275 0.02283870 0.04425112 0.036920608 0.02595090 0.02336971 0.02887311 0.02447599 0.041282017 0.024623899 0.027006710 0.01876355 0.015072298 0.018543447 0.0092627888 0.0093363647 0.013493157 0.0104165851 0.0047132380 0.0069664760 2.038769e-03 2.326830e-03 9.707614e-05 5.170104e-03 5.391093e-05 6.516411e-04 1.030815e-04 7.512071e-04
   78    1      2      0    0   500  4.378164e-16 3.719580e-03 1.871152e-02 0.0483819458 0.063077449 0.020956166 6.692413e-03 0.032104568 0.05220645 0.05934529 0.05894882 0.05292713 0.03826151 0.03849609 0.04412350 0.03822938 0.02920385 0.03149876 0.02227114 0.02542870 0.020481753 0.02149950 0.02560530 0.03129820 0.01773903 0.033096293 0.022997461 0.020336070 0.02314386 0.009266775 0.017469318 0.0215664068 0.0122458757 0.008524248 0.0041240770 0.0067626265 0.0047254199 9.886809e-04 3.018742e-03 3.233490e-03 3.876869e-06 1.329527e-03 2.336361e-03 1.343575e-04 3.488471e-03
   80    1      2      0    0   500  1.548301e-07 4.162958e-03 1.495042e-02 0.0745295226 0.040099742 0.011498597 1.186482e-02 0.019644321 0.03111678 0.05867419 0.05507440 0.02382064 0.04112793 0.02995363 0.04646424 0.05552995 0.04975434 0.02663465 0.03092503 0.03320676 0.047557541 0.01937559 0.02877432 0.03270354 0.02632342 0.027406412 0.023520345 0.021335514 0.01115607 0.018874040 0.012938761 0.0106491445 0.0134597570 0.004860406 0.0106441695 0.0069050164 0.0100556937 4.001006e-03 4.349271e-03 1.449867e-03 2.810711e-03 1.428602e-04 1.524561e-03 1.055143e-04 4.340519e-05
   82    1      2      0    0   500  3.828294e-11 1.124448e-03 2.679335e-02 0.0412803444 0.048304942 0.017679000 5.914231e-03 0.014169162 0.03777396 0.05015077 0.06706512 0.03297729 0.05156699 0.03400084 0.03711183 0.03949914 0.03429416 0.03397552 0.03949717 0.02082858 0.019906319 0.04090075 0.03496955 0.03075943 0.02194838 0.033551060 0.029016269 0.031609238 0.02294041 0.012829803 0.012794936 0.0151204334 0.0102740652 0.009508686 0.0101252412 0.0122197774 0.0079704634 6.959632e-04 3.894893e-03 1.360088e-03 2.636936e-03 2.248760e-04 2.248632e-05 7.098659e-04 3.208303e-06
   84    1      2      0    0   500  3.979342e-29 2.012969e-03 1.465043e-02 0.0535906881 0.038540942 0.017285463 1.112324e-02 0.022309838 0.05010784 0.06735391 0.06434601 0.05144731 0.03050962 0.03670189 0.04237402 0.03192659 0.05322289 0.03671201 0.02072615 0.02591159 0.035400802 0.02386496 0.03681723 0.02422684 0.03638082 0.012998807 0.013253451 0.031390252 0.01758932 0.014774323 0.010647493 0.0178541304 0.0132769954 0.009791362 0.0100709860 0.0070327746 0.0045873485 2.989114e-03 3.838058e-03 1.518037e-03 3.201236e-04 2.438109e-04 2.462350e-04 4.202077e-09 3.332512e-05
   86    1      2      0    0   500  4.686767e-08 5.530888e-03 3.314908e-02 0.0445655168 0.060426190 0.014151793 1.136923e-02 0.035971763 0.03817024 0.04109894 0.05301330 0.03833019 0.03522983 0.01816874 0.03645873 0.02993897 0.03321962 0.04296853 0.02947450 0.04567581 0.027262086 0.02154984 0.02828754 0.03142610 0.02196351 0.030507110 0.025104487 0.009939381 0.02250231 0.017973802 0.011018693 0.0327163145 0.0098209621 0.015836464 0.0160648541 0.0129208369 0.0019701950 4.534448e-03 2.574551e-03 3.670042e-03 4.405343e-03 7.191166e-04 4.481081e-05 2.624610e-04 1.282785e-05
   88    1      2      0    0   500  8.090550e-06 3.133763e-03 1.028172e-02 0.0597765040 0.043691005 0.017841166 7.344043e-03 0.026957203 0.04148528 0.05233029 0.06721744 0.03281372 0.03193507 0.02934451 0.03471366 0.03727549 0.02854011 0.03987411 0.02364019 0.02488151 0.034298021 0.04307557 0.03409520 0.03360846 0.03472868 0.024725852 0.016770665 0.028914399 0.01809260 0.016508218 0.025175012 0.0124879541 0.0108147379 0.014819239 0.0087178483 0.0093768590 0.0022601709 5.821397e-03 3.082896e-03 1.051865e-03 2.485993e-03 5.875387e-03 9.322328e-05 2.056920e-05 1.431766e-05
   90    1      2      0    0   500  3.374668e-08 2.795410e-04 1.555227e-02 0.0478536180 0.052043855 0.013085300 9.428178e-03 0.015742941 0.03301183 0.05596045 0.05939681 0.04190217 0.04036516 0.04125929 0.03652282 0.02631132 0.03374262 0.03941253 0.04205581 0.03646635 0.044527159 0.02765318 0.02514416 0.02949709 0.03549480 0.013030974 0.018181501 0.016763086 0.02357462 0.029411013 0.026053214 0.0183778520 0.0105507448 0.011635744 0.0065894415 0.0046544513 0.0016384963 5.404110e-03 1.110570e-03 2.053796e-03 3.162955e-03 7.525908e-04 2.344058e-05 1.786697e-05 4.304256e-03
   92    1      2      0    0   500  1.696330e-27 1.675741e-03 1.742939e-02 0.0461587803 0.039497453 0.013224940 6.729892e-03 0.025394291 0.04341385 0.05408417 0.04893360 0.04932001 0.02833735 0.03520818 0.03557840 0.05217898 0.03177280 0.03783041 0.04452904 0.04302411 0.021644401 0.01985302 0.03400901 0.03119683 0.02529461 0.021126131 0.026037623 0.037781304 0.01401281 0.018498866 0.017575816 0.0172346779 0.0171959412 0.007209480 0.0073361066 0.0086315111 0.0029905280 7.249294e-04 1.359469e-03 8.390781e-03 5.486723e-03 2.620585e-04 1.402637e-03 1.571030e-05 4.076401e-04
   94    1      2      0    0   500  1.158578e-08 3.143941e-03 2.499821e-02 0.0432656360 0.038993140 0.016674066 1.503943e-02 0.029212375 0.04469472 0.04419204 0.04730328 0.03521236 0.05273172 0.03250545 0.03537984 0.02878973 0.03948031 0.03705024 0.03369548 0.02055756 0.041613909 0.03206760 0.02772125 0.04143715 0.03446896 0.025309575 0.036223048 0.012224180 0.01902085 0.010403094 0.006822248 0.0189362184 0.0181719961 0.008583639 0.0099746418 0.0062293051 0.0135832871 2.140992e-03 6.144362e-03 2.270445e-03 6.764558e-04 1.746484e-03 1.695477e-04 1.081880e-03 5.932397e-05
   96    1      2      0    0   500  3.705618e-28 4.814070e-03 2.158388e-02 0.0490112148 0.040337462 0.011041622 7.673242e-03 0.014179460 0.04869539 0.03908639 0.04493748 0.04089413 0.04162478 0.03209652 0.04061912 0.02106471 0.04480451 0.03881786 0.04528618 0.04172717 0.026226316 0.02300830 0.03106367 0.02790496 0.03156024 0.025151766 0.039729237 0.020186993 0.01210914 0.028529338 0.011000393 0.0161570728 0.0192249909 0.009798945 0.0072349324 0.0129339020 0.0104846304 9.463426e-03 2.167355e-03 1.770627e-03 3.260417e-03 1.313983e-03 6.163715e-04 2.541116e-05 7.824015e-04
   98    1      2      0    0   500  1.311853e-04 8.221975e-04 2.332644e-02 0.0419639811 0.043581489 0.024477257 1.474530e-02 0.020314409 0.06028542 0.05719365 0.06361897 0.03714124 0.02738424 0.02858630 0.03450629 0.03548548 0.03561200 0.03475987 0.02822136 0.02483628 0.018161452 0.03342587 0.04710113 0.02875782 0.02114221 0.026010130 0.019579724 0.020474061 0.03222722 0.013105989 0.009374254 0.0228331288 0.0158545817 0.009518852 0.0128301842 0.0036088132 0.0056176431 3.434843e-03 3.839097e-03 7.456229e-03 9.244707e-04 6.300634e-05 1.611289e-04 8.431040e-05 7.420491e-03
  100    1      2      0    0   500  2.602476e-11 4.739607e-03 1.753497e-02 0.0616705399 0.034019148 0.020166229 1.635745e-02 0.025028885 0.04355670 0.04490694 0.05539262 0.04900569 0.02659591 0.03273574 0.03680457 0.02971785 0.04590795 0.04604952 0.01961303 0.03821604 0.030260174 0.03494309 0.02239811 0.03462548 0.03067868 0.020645764 0.026541884 0.024923646 0.01623386 0.015826319 0.006919819 0.0175303763 0.0156802250 0.010951575 0.0053660135 0.0081869183 0.0156536938 2.692280e-03 4.066031e-04 4.026134e-03 3.534525e-03 5.709305e-04 4.529707e-04 2.743418e-03 1.881036e-04
15 #_N_agebins
#_agebin_vector
1 2 3 4 5 6 7 8 9 10 11 12 13 14 15
1 #_N_ageerror_definitions
 #_age0   age1   age2   age3   age4   age5   age6   age7   age8   age9  age10  age11  age12  age13  age14  age15  age16  age17  age18  age19  age20  age21  age22  age23  age24  age25
 -1.000 -1.000 -1.000 -1.000 -1.000 -1.000 -1.000 -1.000 -1.000 -1.000 -1.000 -1.000 -1.000 -1.000 -1.000 -1.000 -1.000 -1.000 -1.000 -1.000 -1.000 -1.000 -1.000 -1.000 -1.000 -1.000
  0.001  0.001  0.001  0.001  0.001  0.001  0.001  0.001  0.001  0.001  0.001  0.001  0.001  0.001  0.001  0.001  0.001  0.001  0.001  0.001  0.001  0.001  0.001  0.001  0.001  0.001
88 #_N_agecomp
1 #_Lbin_method: 1=poplenbins; 2=datalenbins; 3=lengths
-1 #_combine males into females at or below this bin number
 #_Yr Seas FltSvy Gender Part Ageerr Lbin_lo Lbin_hi Nsamp           a1        a2        a3         a4         a5         a6         a7         a8          a9         a10         a11         a12         a13          a14         a15
   26    1      1      0    0      1      -1      -1   125  0.007085329 0.1985225 0.1860978 0.10080594 0.09110754 0.06825146 0.02344237 0.06452458 0.044436246 0.037766618 0.024579291 0.022452311 0.009020078 0.0197682838 0.102139715
   36    1      1      0    0      1      -1      -1   125  0.009215065 0.2608793 0.1545245 0.12078334 0.11250089 0.07877745 0.06749020 0.04679842 0.019856750 0.041260383 0.020381394 0.025150743 0.007781358 0.0147725749 0.019827723
   46    1      1      0    0      1      -1      -1   125  0.028237595 0.2650538 0.1505846 0.13877747 0.16445441 0.08834688 0.05094913 0.04188823 0.017086487 0.026280263 0.008200629 0.005623922 0.005783961 0.0002340774 0.008498582
   56    1      1      0    0      1      -1      -1   125  0.033994534 0.2192493 0.1744588 0.16161564 0.09436245 0.07990922 0.06873755 0.07258963 0.046789173 0.009224013 0.010548062 0.007684673 0.009784724 0.0029170425 0.008135245
   60    1      1      0    0      1      -1      -1   125  0.053314622 0.1911385 0.2205575 0.12507647 0.12711953 0.07242098 0.02161841 0.06637358 0.024859062 0.025706560 0.016724144 0.004413350 0.013861446 0.0068731765 0.029942672
   64    1      1      0    0      1      -1      -1   125  0.037869514 0.2499607 0.2725840 0.13454173 0.05756026 0.06121923 0.04839454 0.04433158 0.021564640 0.016230676 0.025601748 0.002108241 0.012049089 0.0010390948 0.014944957
   68    1      1      0    0      1      -1      -1   125  0.019845808 0.2115672 0.1774131 0.13333391 0.14125730 0.09002041 0.03009997 0.03276667 0.024378295 0.038993050 0.021708783 0.016986184 0.006749219 0.0033891483 0.051490937
   72    1      1      0    0      1      -1      -1   125  0.047608727 0.2299616 0.2198106 0.13582004 0.09952283 0.07474768 0.04977332 0.02823408 0.053875051 0.029336918 0.011690819 0.009394611 0.003072531 0.0048566342 0.002294474
   76    1      1      0    0      1      -1      -1   125  0.049619917 0.2252047 0.1871857 0.16849367 0.05428335 0.08796469 0.04049405 0.01350293 0.036645050 0.022274821 0.031545781 0.016819259 0.006181384 0.0177512831 0.042033494
   80    1      1      0    0      1      -1      -1   125  0.039334843 0.2337413 0.1949122 0.19138881 0.07538289 0.07718263 0.04130976 0.07294847 0.016150179 0.010287080 0.007830675 0.008832707 0.003401040 0.0068856702 0.020411688
   84    1      1      0    0      1      -1      -1   125  0.035934635 0.2911329 0.2010648 0.08580605 0.09491898 0.04599396 0.06854604 0.01845156 0.041556600 0.008835464 0.021150867 0.013370876 0.054604560 0.0011585365 0.017474167
   88    1      1      0    0      1      -1      -1   125  0.034385694 0.2770228 0.1966915 0.13048803 0.06957768 0.06966334 0.06957675 0.04079321 0.026125422 0.021336878 0.007920838 0.010299567 0.015326331 0.0180281361 0.012763830
   92    1      1      0    0      1      -1      -1   125  0.024148883 0.2823087 0.1466465 0.09278739 0.14837733 0.07546026 0.09486610 0.01769082 0.017927890 0.032226327 0.009570113 0.007663015 0.001601750 0.0060007350 0.042724257
   96    1      1      0    0      1      -1      -1   125  0.034684805 0.2389617 0.1660570 0.21274344 0.09287404 0.08658811 0.07874125 0.01081184 0.006105441 0.024295386 0.026192414 0.005935846 0.003402954 0.0059655133 0.006640229
  100    1      1      0    0      1      -1      -1   125  0.017144489 0.2785475 0.2248482 0.11008389 0.10688937 0.10809896 0.04740306 0.03071736 0.015860599 0.033888319 0.005788471 0.011298374 0.005978865 0.0008455098 0.002607068
   76    1      2      0    0      1      -1      -1   500  0.116614651 0.2395952 0.1798259 0.11630299 0.09927323 0.06705897 0.04281612 0.04148159 0.027864063 0.012824411 0.011719466 0.009324577 0.002964359 0.0067436814 0.025590775
   78    1      2      0    0      1      -1      -1   500  0.145271053 0.2367271 0.1598172 0.14101303 0.07794196 0.07942794 0.03810527 0.03362430 0.034932775 0.014723436 0.009682227 0.007964921 0.006018703 0.0051342677 0.009615813
   80    1      2      0    0      1      -1      -1   500  0.130719679 0.2491282 0.1888646 0.11526984 0.07008523 0.05597709 0.04560329 0.04257818 0.021864359 0.013356342 0.022656536 0.013394272 0.011024353 0.0052843137 0.014193735
   82    1      2      0    0      1      -1      -1   500  0.105439250 0.2454011 0.1785100 0.12132790 0.11316779 0.05113750 0.04172622 0.03528668 0.022685410 0.020123350 0.013807268 0.014438440 0.013708372 0.0030868905 0.020153830
   84    1      2      0    0      1      -1      -1   500  0.163391507 0.2365841 0.1705693 0.13743805 0.07503357 0.06068810 0.05945228 0.02174289 0.015535143 0.020286862 0.007882814 0.003241914 0.008003532 0.0065336648 0.013616293
   86    1      2      0    0      1      -1      -1   500  0.155327466 0.2352099 0.1621999 0.13673582 0.06890727 0.06434929 0.04794794 0.02418309 0.032100040 0.019727369 0.025153088 0.013417816 0.002069079 0.0017050001 0.010966932
   88    1      2      0    0      1      -1      -1   500  0.134254641 0.2399034 0.1633421 0.12428326 0.08333777 0.09812125 0.04014412 0.03249314 0.020073822 0.021191146 0.008502294 0.012031273 0.007032768 0.0020496672 0.013239387
   90    1      2      0    0      1      -1      -1   500  0.104833646 0.2214443 0.1954091 0.12272659 0.09621083 0.06232665 0.05450395 0.02946964 0.030453476 0.017443174 0.019518088 0.014947378 0.007729829 0.0063791475 0.016604146
   92    1      2      0    0      1      -1      -1   500  0.127948574 0.2222398 0.1788602 0.12768643 0.10215106 0.06050348 0.05461734 0.04563489 0.027193626 0.015764620 0.009046989 0.008354566 0.003263428 0.0053512127 0.011383771
   94    1      2      0    0      1      -1      -1   500  0.145483163 0.2509536 0.1741781 0.13438363 0.08715876 0.05073313 0.05086880 0.03169599 0.027015785 0.008505640 0.005046887 0.008812788 0.006476067 0.0038705735 0.014817185
   96    1      2      0    0      1      -1      -1   500  0.134523942 0.2219346 0.1786600 0.11526192 0.08509471 0.07485914 0.05196363 0.04876589 0.020187813 0.022368609 0.009227611 0.004947643 0.004160459 0.0120180769 0.016025937
   98    1      2      0    0      1      -1      -1   500  0.131221802 0.2443605 0.1635186 0.12349472 0.07854028 0.08697839 0.04045519 0.03121302 0.021109775 0.009776226 0.023673509 0.006313436 0.005351184 0.0092538562 0.024739505
  100    1      2      0    0      1      -1      -1   500  0.159117007 0.2212630 0.1569238 0.11489679 0.06811502 0.07141290 0.05869140 0.04176000 0.021476748 0.017374753 0.023087830 0.008694731 0.006942585 0.0096581567 0.020585326
   26    1      1      0    0      1       4       4     5  5.000000000 0.0000000 0.0000000 0.00000000 0.00000000 0.00000000 0.00000000 0.00000000 0.000000000 0.000000000 0.000000000 0.000000000 0.000000000 0.0000000000 0.000000000
   26    1      1      0    0      1       7       7     2  2.000000000 0.0000000 0.0000000 0.00000000 0.00000000 0.00000000 0.00000000 0.00000000 0.000000000 0.000000000 0.000000000 0.000000000 0.000000000 0.0000000000 0.000000000
   26    1      1      0    0      1       8       8     1  1.000000000 0.0000000 0.0000000 0.00000000 0.00000000 0.00000000 0.00000000 0.00000000 0.000000000 0.000000000 0.000000000 0.000000000 0.000000000 0.0000000000 0.000000000
   26    1      1      0    0      1       9       9     1  1.000000000 0.0000000 0.0000000 0.00000000 0.00000000 0.00000000 0.00000000 0.00000000 0.000000000 0.000000000 0.000000000 0.000000000 0.000000000 0.0000000000 0.000000000
   26    1      1      0    0      1      10      10     2  2.000000000 0.0000000 0.0000000 0.00000000 0.00000000 0.00000000 0.00000000 0.00000000 0.000000000 0.000000000 0.000000000 0.000000000 0.000000000 0.0000000000 0.000000000
   26    1      1      0    0      1      11      11     6  6.000000000 0.0000000 0.0000000 0.00000000 0.00000000 0.00000000 0.00000000 0.00000000 0.000000000 0.000000000 0.000000000 0.000000000 0.000000000 0.0000000000 0.000000000
   26    1      1      0    0      1      12      12     2  2.000000000 0.0000000 0.0000000 0.00000000 0.00000000 0.00000000 0.00000000 0.00000000 0.000000000 0.000000000 0.000000000 0.000000000 0.000000000 0.0000000000 0.000000000
   26    1      1      0    0      1      13      13     1  1.000000000 0.0000000 0.0000000 0.00000000 0.00000000 0.00000000 0.00000000 0.00000000 0.000000000 0.000000000 0.000000000 0.000000000 0.000000000 0.0000000000 0.000000000
   26    1      1      0    0      1      14      14     3  3.000000000 0.0000000 0.0000000 0.00000000 0.00000000 0.00000000 0.00000000 0.00000000 0.000000000 0.000000000 0.000000000 0.000000000 0.000000000 0.0000000000 0.000000000
   26    1      1      0    0      1      15      15     5  5.000000000 0.0000000 0.0000000 0.00000000 0.00000000 0.00000000 0.00000000 0.00000000 0.000000000 0.000000000 0.000000000 0.000000000 0.000000000 0.0000000000 0.000000000
   26    1      1      0    0      1      17      17     3  3.000000000 0.0000000 0.0000000 0.00000000 0.00000000 0.00000000 0.00000000 0.00000000 0.000000000 0.000000000 0.000000000 0.000000000 0.000000000 0.0000000000 0.000000000
   26    1      1      0    0      1      18      18     6  6.000000000 0.0000000 0.0000000 0.00000000 0.00000000 0.00000000 0.00000000 0.00000000 0.000000000 0.000000000 0.000000000 0.000000000 0.000000000 0.0000000000 0.000000000
   26    1      1      0    0      1      19      19     2  2.000000000 0.0000000 0.0000000 0.00000000 0.00000000 0.00000000 0.00000000 0.00000000 0.000000000 0.000000000 0.000000000 0.000000000 0.000000000 0.0000000000 0.000000000
   26    1      1      0    0      1      20      20     3  3.000000000 0.0000000 0.0000000 0.00000000 0.00000000 0.00000000 0.00000000 0.00000000 0.000000000 0.000000000 0.000000000 0.000000000 0.000000000 0.0000000000 0.000000000
   26    1      1      0    0      1      21      21     7  7.000000000 0.0000000 0.0000000 0.00000000 0.00000000 0.00000000 0.00000000 0.00000000 0.000000000 0.000000000 0.000000000 0.000000000 0.000000000 0.0000000000 0.000000000
   26    1      1      0    0      1      22      22     4  4.000000000 0.0000000 0.0000000 0.00000000 0.00000000 0.00000000 0.00000000 0.00000000 0.000000000 0.000000000 0.000000000 0.000000000 0.000000000 0.0000000000 0.000000000
   26    1      1      0    0      1      23      23     1  1.000000000 0.0000000 0.0000000 0.00000000 0.00000000 0.00000000 0.00000000 0.00000000 0.000000000 0.000000000 0.000000000 0.000000000 0.000000000 0.0000000000 0.000000000
   26    1      1      0    0      1      24      24     3  3.000000000 0.0000000 0.0000000 0.00000000 0.00000000 0.00000000 0.00000000 0.00000000 0.000000000 0.000000000 0.000000000 0.000000000 0.000000000 0.0000000000 0.000000000
   26    1      1      0    0      1      25      25     4  4.000000000 0.0000000 0.0000000 0.00000000 0.00000000 0.00000000 0.00000000 0.00000000 0.000000000 0.000000000 0.000000000 0.000000000 0.000000000 0.0000000000 0.000000000
   26    1      1      0    0      1      26      26     3  3.000000000 0.0000000 0.0000000 0.00000000 0.00000000 0.00000000 0.00000000 0.00000000 0.000000000 0.000000000 0.000000000 0.000000000 0.000000000 0.0000000000 0.000000000
   26    1      1      0    0      1      27      27     1  1.000000000 0.0000000 0.0000000 0.00000000 0.00000000 0.00000000 0.00000000 0.00000000 0.000000000 0.000000000 0.000000000 0.000000000 0.000000000 0.0000000000 0.000000000
   26    1      1      0    0      1      28      28     4  2.000000000 2.0000000 0.0000000 0.00000000 0.00000000 0.00000000 0.00000000 0.00000000 0.000000000 0.000000000 0.000000000 0.000000000 0.000000000 0.0000000000 0.000000000
   26    1      1      0    0      1      29      29     8  5.000000000 2.0000000 1.0000000 0.00000000 0.00000000 0.00000000 0.00000000 0.00000000 0.000000000 0.000000000 0.000000000 0.000000000 0.000000000 0.0000000000 0.000000000
   26    1      1      0    0      1      30      30     1  1.000000000 0.0000000 0.0000000 0.00000000 0.00000000 0.00000000 0.00000000 0.00000000 0.000000000 0.000000000 0.000000000 0.000000000 0.000000000 0.0000000000 0.000000000
   26    1      1      0    0      1      31      31     3  0.000000000 3.0000000 0.0000000 0.00000000 0.00000000 0.00000000 0.00000000 0.00000000 0.000000000 0.000000000 0.000000000 0.000000000 0.000000000 0.0000000000 0.000000000
   26    1      1      0    0      1      34      34     3  0.000000000 3.0000000 0.0000000 0.00000000 0.00000000 0.00000000 0.00000000 0.00000000 0.000000000 0.000000000 0.000000000 0.000000000 0.000000000 0.0000000000 0.000000000
   26    1      1      0    0      1      35      35     2  0.000000000 2.0000000 0.0000000 0.00000000 0.00000000 0.00000000 0.00000000 0.00000000 0.000000000 0.000000000 0.000000000 0.000000000 0.000000000 0.0000000000 0.000000000
   26    1      1      0    0      1      36      36     2  0.000000000 2.0000000 0.0000000 0.00000000 0.00000000 0.00000000 0.00000000 0.00000000 0.000000000 0.000000000 0.000000000 0.000000000 0.000000000 0.0000000000 0.000000000
   26    1      1      0    0      1      37      37     6  0.000000000 5.0000000 1.0000000 0.00000000 0.00000000 0.00000000 0.00000000 0.00000000 0.000000000 0.000000000 0.000000000 0.000000000 0.000000000 0.0000000000 0.000000000
   26    1      1      0    0      1      38      38     2  0.000000000 2.0000000 0.0000000 0.00000000 0.00000000 0.00000000 0.00000000 0.00000000 0.000000000 0.000000000 0.000000000 0.000000000 0.000000000 0.0000000000 0.000000000
   26    1      1      0    0      1      40      40     2  0.000000000 2.0000000 0.0000000 0.00000000 0.00000000 0.00000000 0.00000000 0.00000000 0.000000000 0.000000000 0.000000000 0.000000000 0.000000000 0.0000000000 0.000000000
   26    1      1      0    0      1      41      41     2  0.000000000 2.0000000 0.0000000 0.00000000 0.00000000 0.00000000 0.00000000 0.00000000 0.000000000 0.000000000 0.000000000 0.000000000 0.000000000 0.0000000000 0.000000000
   92    1      1      0    0      1       8       8     5  5.000000000 0.0000000 0.0000000 0.00000000 0.00000000 0.00000000 0.00000000 0.00000000 0.000000000 0.000000000 0.000000000 0.000000000 0.000000000 0.0000000000 0.000000000
   92    1      1      0    0      1       9       9     3  3.000000000 0.0000000 0.0000000 0.00000000 0.00000000 0.00000000 0.00000000 0.00000000 0.000000000 0.000000000 0.000000000 0.000000000 0.000000000 0.0000000000 0.000000000
   92    1      1      0    0      1      10      10    16 16.000000000 0.0000000 0.0000000 0.00000000 0.00000000 0.00000000 0.00000000 0.00000000 0.000000000 0.000000000 0.000000000 0.000000000 0.000000000 0.0000000000 0.000000000
   92    1      1      0    0      1      11      11     5  5.000000000 0.0000000 0.0000000 0.00000000 0.00000000 0.00000000 0.00000000 0.00000000 0.000000000 0.000000000 0.000000000 0.000000000 0.000000000 0.0000000000 0.000000000
   92    1      1      0    0      1      12      12     2  2.000000000 0.0000000 0.0000000 0.00000000 0.00000000 0.00000000 0.00000000 0.00000000 0.000000000 0.000000000 0.000000000 0.000000000 0.000000000 0.0000000000 0.000000000
   92    1      1      0    0      1      13      13     1  1.000000000 0.0000000 0.0000000 0.00000000 0.00000000 0.00000000 0.00000000 0.00000000 0.000000000 0.000000000 0.000000000 0.000000000 0.000000000 0.0000000000 0.000000000
   92    1      1      0    0      1      14      14     3  3.000000000 0.0000000 0.0000000 0.00000000 0.00000000 0.00000000 0.00000000 0.00000000 0.000000000 0.000000000 0.000000000 0.000000000 0.000000000 0.0000000000 0.000000000
   92    1      1      0    0      1      15      15     3  3.000000000 0.0000000 0.0000000 0.00000000 0.00000000 0.00000000 0.00000000 0.00000000 0.000000000 0.000000000 0.000000000 0.000000000 0.000000000 0.0000000000 0.000000000
   92    1      1      0    0      1      16      16     4  4.000000000 0.0000000 0.0000000 0.00000000 0.00000000 0.00000000 0.00000000 0.00000000 0.000000000 0.000000000 0.000000000 0.000000000 0.000000000 0.0000000000 0.000000000
   92    1      1      0    0      1      17      17     4  4.000000000 0.0000000 0.0000000 0.00000000 0.00000000 0.00000000 0.00000000 0.00000000 0.000000000 0.000000000 0.000000000 0.000000000 0.000000000 0.0000000000 0.000000000
   92    1      1      0    0      1      19      19     3  3.000000000 0.0000000 0.0000000 0.00000000 0.00000000 0.00000000 0.00000000 0.00000000 0.000000000 0.000000000 0.000000000 0.000000000 0.000000000 0.0000000000 0.000000000
   92    1      1      0    0      1      20      20     2  2.000000000 0.0000000 0.0000000 0.00000000 0.00000000 0.00000000 0.00000000 0.00000000 0.000000000 0.000000000 0.000000000 0.000000000 0.000000000 0.0000000000 0.000000000
   92    1      1      0    0      1      21      21     5  5.000000000 0.0000000 0.0000000 0.00000000 0.00000000 0.00000000 0.00000000 0.00000000 0.000000000 0.000000000 0.000000000 0.000000000 0.000000000 0.0000000000 0.000000000
   92    1      1      0    0      1      22      22     9  9.000000000 0.0000000 0.0000000 0.00000000 0.00000000 0.00000000 0.00000000 0.00000000 0.000000000 0.000000000 0.000000000 0.000000000 0.000000000 0.0000000000 0.000000000
   92    1      1      0    0      1      23      23     7  7.000000000 0.0000000 0.0000000 0.00000000 0.00000000 0.00000000 0.00000000 0.00000000 0.000000000 0.000000000 0.000000000 0.000000000 0.000000000 0.0000000000 0.000000000
   92    1      1      0    0      1      24      24     1  1.000000000 0.0000000 0.0000000 0.00000000 0.00000000 0.00000000 0.00000000 0.00000000 0.000000000 0.000000000 0.000000000 0.000000000 0.000000000 0.0000000000 0.000000000
   92    1      1      0    0      1      25      25     4  4.000000000 0.0000000 0.0000000 0.00000000 0.00000000 0.00000000 0.00000000 0.00000000 0.000000000 0.000000000 0.000000000 0.000000000 0.000000000 0.0000000000 0.000000000
   92    1      1      0    0      1      26      26     4  4.000000000 0.0000000 0.0000000 0.00000000 0.00000000 0.00000000 0.00000000 0.00000000 0.000000000 0.000000000 0.000000000 0.000000000 0.000000000 0.0000000000 0.000000000
   92    1      1      0    0      1      27      27     1  1.000000000 0.0000000 0.0000000 0.00000000 0.00000000 0.00000000 0.00000000 0.00000000 0.000000000 0.000000000 0.000000000 0.000000000 0.000000000 0.0000000000 0.000000000
   92    1      1      0    0      1      28      28     1  1.000000000 0.0000000 0.0000000 0.00000000 0.00000000 0.00000000 0.00000000 0.00000000 0.000000000 0.000000000 0.000000000 0.000000000 0.000000000 0.0000000000 0.000000000
   92    1      1      0    0      1      29      29     3  1.000000000 2.0000000 0.0000000 0.00000000 0.00000000 0.00000000 0.00000000 0.00000000 0.000000000 0.000000000 0.000000000 0.000000000 0.000000000 0.0000000000 0.000000000
   92    1      1      0    0      1      30      30     5  1.000000000 4.0000000 0.0000000 0.00000000 0.00000000 0.00000000 0.00000000 0.00000000 0.000000000 0.000000000 0.000000000 0.000000000 0.000000000 0.0000000000 0.000000000
   92    1      1      0    0      1      31      31     2  0.000000000 2.0000000 0.0000000 0.00000000 0.00000000 0.00000000 0.00000000 0.00000000 0.000000000 0.000000000 0.000000000 0.000000000 0.000000000 0.0000000000 0.000000000
   92    1      1      0    0      1      32      32     1  0.000000000 1.0000000 0.0000000 0.00000000 0.00000000 0.00000000 0.00000000 0.00000000 0.000000000 0.000000000 0.000000000 0.000000000 0.000000000 0.0000000000 0.000000000
   92    1      1      0    0      1      34      34     1  0.000000000 1.0000000 0.0000000 0.00000000 0.00000000 0.00000000 0.00000000 0.00000000 0.000000000 0.000000000 0.000000000 0.000000000 0.000000000 0.0000000000 0.000000000
   92    1      1      0    0      1      35      35     2  0.000000000 2.0000000 0.0000000 0.00000000 0.00000000 0.00000000 0.00000000 0.00000000 0.000000000 0.000000000 0.000000000 0.000000000 0.000000000 0.0000000000 0.000000000
   92    1      1      0    0      1      37      37     2  0.000000000 2.0000000 0.0000000 0.00000000 0.00000000 0.00000000 0.00000000 0.00000000 0.000000000 0.000000000 0.000000000 0.000000000 0.000000000 0.0000000000 0.000000000
   92    1      1      0    0      1      41      41     1  0.000000000 1.0000000 0.0000000 0.00000000 0.00000000 0.00000000 0.00000000 0.00000000 0.000000000 0.000000000 0.000000000 0.000000000 0.000000000 0.0000000000 0.000000000
0 #_N_MeanSize_at_Age_obs
0 #_N_environ_variables
0 #_N_environ_obs
0 #_N_sizefreq_methods
0 #_do_tags
0 #_morphcomp_data
#
999
