#C data file created using the SS_writedat function in the R package r4ss
#C should work with SS version: 
#C file write time: 2015-02-11 18:15:05
#
1 #_styr
100 #_endyr
1 #_nseas
12 #_months_per_seas
1 #_spawn_seas
1 #_Nfleet
2 #_Nsurveys
1 #_N_areas
Fishery%Survey%CPUE #_fleetnames
0.5 0.5 0.5 #_surveytiming_in_season
1 1 1 #_area_assignments_for_each_fishery_and_survey
1 #_units of catch:  1=bio; 2=num
0.01 #_se of log(catch) only used for init_eq_catch and for Fmethod 2 and 3
1 #_Ngenders
25 #_Nages
0 #_init_equil_catch_for_each_fishery
100 #_N_lines_of_catch_to_read
 #_Fishery year seas
         0    1    1
         0    2    1
         0    3    1
         0    4    1
         0    5    1
         0    6    1
         0    7    1
         0    8    1
         0    9    1
         0   10    1
         0   11    1
         0   12    1
         0   13    1
         0   14    1
         0   15    1
         0   16    1
         0   17    1
         0   18    1
         0   19    1
         0   20    1
         0   21    1
         0   22    1
         0   23    1
         0   24    1
         0   25    1
 444646000   26    1
 397608000   27    1
 357583000   28    1
 324161000   29    1
 296656000   30    1
 274240000   31    1
 256057000   32    1
 241314000   33    1
 229322000   34    1
 219511000   35    1
 211426000   36    1
 204710000   37    1
 199088000   38    1
 194347000   39    1
 190324000   40    1
 186891000   41    1
 183948000   42    1
 181416000   43    1
 179230000   44    1
 177337000   45    1
 175694000   46    1
 174266000   47    1
 173022000   48    1
 171937000   49    1
 170990000   50    1
 170161000   51    1
 169436000   52    1
 168801000   53    1
 168243000   54    1
 167755000   55    1
 167325000   56    1
 166948000   57    1
 166617000   58    1
 166326000   59    1
 166070000   60    1
 165844000   61    1
 165646000   62    1
 165471000   63    1
 165317000   64    1
 165182000   65    1
 165063000   66    1
 164958000   67    1
 164865000   68    1
 164784000   69    1
 164712000   70    1
 164649000   71    1
 164593000   72    1
 164544000   73    1
 164500000   74    1
 164462000   75    1
 164429000   76    1
 164399000   77    1
 164373000   78    1
 164350000   79    1
 164329000   80    1
 164311000   81    1
 164296000   82    1
 164282000   83    1
 164269000   84    1
 164258000   85    1
 164249000   86    1
 164240000   87    1
 164233000   88    1
 164227000   89    1
 164221000   90    1
 164216000   91    1
 164211000   92    1
 164207000   93    1
 164204000   94    1
 164201000   95    1
 164198000   96    1
 164195000   97    1
 164193000   98    1
 164192000   99    1
 164190000  100    1
13 #_N_cpue
 #_Fleet Units Errtype
       1     1       0
       2     1       0
       3     1       0
 #_year seas index        obs se_log
     76    1     2 1783049978    0.2
     78    1     2 1709681721    0.2
     80    1     2 1345256971    0.2
     82    1     2 1754368471    0.2
     84    1     2 1397634773    0.2
     86    1     2 1838985082    0.2
     88    1     2 1118028979    0.2
     90    1     2 1423432612    0.2
     92    1     2 1519942303    0.2
     94    1     2 1311071983    0.2
     96    1     2 1397166333    0.2
     98    1     2  845711936    0.2
    100    1     2 1132968888    0.2
0 #_N_discard_fleets
#_discard_units (1=same_as_catchunits(bio/num); 2=fraction; 3=numbers)
#_discard_errtype:  >0 for DF of T-dist(read CV below); 0 for normal with CV; -1 for normal with se; -2 for lognormal
0 #_N_discard
0 #_N_meanbodywt
1 #_DF_for_meanbodywt_T-distribution_like
2 # length bin method: 1=use databins; 2=generate from binwidth,min,max below; 3=read vector
1 # binwidth for population size comp
10 # minimum size in the population (lower edge of first bin and size at age 0.00)
200 # maximum size in the population (lower edge of last bin)
-0.001 #_comp_tail_compression
1e-05 #_add_to_comp
0 #_combine males into females at or below this bin number
45 #_N_lbins
#_lbin_vector
20 23 26 29 32 35 38 41 44 47 50 53 56 59 62 65 68 71 74 77 80 83 86 89 92 95 98 101 104 107 110 113 116 119 122 125 128 131 134 137 140 143 146 149 152
28 #_N_Length_comp_observations
 #_Yr Seas FltSvy Gender Part Nsamp           l20          l23          l26          l29         l32          l35          l38         l41        l44        l47        l50        l53        l56        l59         l62         l65         l68        l71        l74        l77        l80        l83        l86         l89        l92         l95         l98       l101        l104        l107        l110        l113        l116        l119        l122         l125         l128         l131         l134         l137         l140         l143         l146         l149         l152
   26    1      1      0    0   125 2.356745e-180 6.306986e-23 1.639013e-05 0.0218572268 0.022486281 0.0018352369 1.683636e-03 0.021988924 0.01990378 0.05078839 0.01495972 0.03462564 0.01241923 0.01372065 0.024509941 0.042908836 0.046234891 0.03170703 0.01215496 0.03214031 0.01496014 0.02388867 0.05255703 0.067840172 0.03384470 0.029215543 0.018303761 0.07232881 0.039523641 0.031204383 0.022365864 0.014548346 0.011201411 0.047742391 0.012575458 0.0099178386 1.102863e-02 1.572072e-02 5.282329e-03 3.517716e-02 4.193694e-03 1.008047e-02 8.499177e-03 6.765454e-04 1.382024e-03
   36    1      1      0    0   125  0.000000e+00 7.330370e-10 1.061240e-02 0.0108455094 0.028815547 0.0041825303 3.353809e-03 0.012445057 0.04607104 0.04075501 0.03571803 0.08253393 0.02489486 0.08855440 0.021383091 0.053027561 0.016010420 0.02371451 0.04612843 0.02573835 0.03932531 0.04525669 0.02684593 0.016937329 0.03616308 0.013899021 0.017120829 0.04692951 0.042870121 0.025552021 0.014903627 0.048672094 0.006024222 0.001801909 0.008467609 0.0060544301 6.619725e-03 5.966703e-03 1.972574e-05 1.094676e-02 3.963472e-07 2.192763e-04 1.915282e-03 5.169750e-06 2.698754e-03
   46    1      1      0    0   125 2.651293e-112 6.000895e-04 2.843966e-03 0.0006043753 0.006643515 0.0004723784 1.182893e-02 0.012746302 0.02889424 0.06447338 0.04061411 0.06890493 0.01415194 0.04346391 0.041380198 0.045517126 0.042925512 0.03574479 0.04962237 0.03897578 0.03372610 0.01841356 0.02721468 0.048582010 0.01998152 0.031901392 0.027072487 0.01819404 0.028577536 0.012883979 0.015940798 0.013105187 0.029920631 0.070429620 0.009763347 0.0040365024 1.847607e-02 7.810442e-03 6.929265e-03 2.748396e-05 5.450974e-03 1.172567e-04 1.036378e-03 2.037000e-16 9.258019e-07
   56    1      1      0    0   125  0.000000e+00 5.635516e-44 2.514634e-04 0.0311617044 0.026744027 0.0036953599 5.559431e-04 0.020280849 0.03433765 0.09128236 0.02624263 0.04635770 0.05198382 0.04948052 0.024435447 0.033727501 0.039072438 0.02852632 0.06192011 0.03519195 0.02477831 0.06604774 0.01755492 0.014467126 0.01904518 0.005430927 0.040310725 0.06606183 0.020042289 0.021398470 0.021048837 0.018920490 0.007665981 0.005408633 0.001394484 0.0004536499 1.062260e-02 6.241191e-03 2.246254e-02 5.554840e-04 3.615244e-03 6.070859e-04 1.406024e-04 4.549876e-04 2.287982e-05
   60    1      1      0    0   125 5.436345e-174 1.106269e-06 7.459198e-04 0.0118808888 0.016118236 0.0038490759 9.940152e-03 0.007119818 0.05927913 0.06277306 0.08296710 0.04732917 0.03518431 0.04314440 0.057451957 0.057368913 0.043764121 0.03643398 0.04546117 0.04792878 0.01823470 0.02048886 0.01135408 0.015578818 0.04086948 0.021528802 0.028629728 0.01753910 0.018952613 0.033145329 0.026222808 0.006493610 0.018251904 0.002939799 0.014610885 0.0113871541 7.252607e-03 3.070510e-03 3.387841e-03 4.429594e-03 1.814141e-06 3.205654e-04 4.484555e-12 1.203647e-04 6.447759e-03
   64    1      1      0    0   125 1.028733e-259 2.394315e-15 1.224128e-05 0.0042562452 0.009938618 0.0146175725 4.687291e-04 0.006261282 0.02646919 0.07639060 0.05640264 0.04753786 0.02747445 0.03456819 0.052298671 0.014030739 0.053166904 0.03939074 0.02581239 0.03155336 0.03487833 0.04176135 0.04613787 0.040644497 0.01835352 0.033284121 0.012893053 0.02589652 0.035175024 0.010934151 0.003049088 0.004669504 0.004672701 0.018418271 0.018266270 0.0233274610 6.857606e-02 3.557505e-02 1.132295e-03 1.333588e-03 3.678280e-04 3.002378e-06 1.022899e-08 2.874016e-13 7.637957e-18
   68    1      1      0    0   125  0.000000e+00 7.397917e-04 2.722202e-05 0.0032455943 0.001662767 0.0011178274 1.974570e-02 0.023964734 0.03167409 0.07111956 0.07184009 0.04472005 0.01742459 0.06252744 0.083576548 0.029186416 0.044540675 0.02266605 0.04529115 0.03404976 0.05603664 0.03449858 0.03193317 0.013973799 0.01568812 0.029677721 0.022639528 0.02201410 0.013847350 0.026095842 0.053453497 0.013721544 0.011757969 0.014806971 0.011219252 0.0005340283 9.017241e-04 4.876694e-03 3.764333e-05 2.494506e-03 3.170089e-03 7.501180e-03 3.991755e-12 2.065629e-09 3.504130e-16
   72    1      1      0    0   125 1.522447e-182 3.348331e-14 3.426591e-03 0.0056218320 0.040778639 0.0015515155 1.180144e-05 0.018828656 0.04341288 0.04405870 0.07587405 0.03410858 0.02671422 0.05563215 0.009788045 0.057733859 0.076314673 0.03736063 0.06214323 0.04825729 0.06234052 0.02828973 0.02977629 0.041639559 0.01492326 0.016185478 0.031375692 0.01644598 0.008544641 0.025299907 0.016282649 0.004102863 0.005335053 0.005042072 0.005171560 0.0014723572 3.757125e-02 1.781965e-03 2.775345e-03 5.424345e-04 2.474711e-03 5.341963e-06 3.981580e-05 1.702528e-06 9.624822e-04
   76    1      1      0    0   125  3.115885e-89 6.610281e-18 1.093209e-02 0.0033257433 0.014511329 0.0013811395 9.115150e-05 0.002885002 0.03960949 0.05179103 0.08017854 0.04552905 0.09052717 0.03628756 0.068962506 0.064110993 0.031718245 0.01348057 0.03735840 0.04074952 0.01889855 0.01384138 0.03283684 0.034422942 0.03111063 0.033565190 0.018012744 0.03994529 0.009341773 0.060103868 0.009384631 0.027696680 0.013856789 0.003988041 0.004878751 0.0025313289 9.011637e-06 1.300451e-03 3.149193e-03 4.559112e-03 3.801185e-05 3.087301e-03 1.106300e-06 8.391282e-11 1.083689e-05
   80    1      1      0    0   125 1.182655e-158 6.704858e-05 2.102325e-03 0.0019291303 0.002688371 0.0032596966 5.119105e-03 0.004579216 0.04719788 0.04944929 0.10239665 0.04864551 0.06691865 0.04601962 0.045357588 0.041365059 0.047747363 0.02595284 0.02286850 0.02997244 0.01092267 0.05304987 0.06336649 0.017287901 0.01040416 0.021010174 0.015920037 0.03349054 0.039539675 0.028841775 0.023010429 0.006448951 0.018158879 0.005071470 0.009829623 0.0041448696 3.420370e-02 2.881260e-03 1.119147e-03 6.325958e-05 5.946083e-03 5.212418e-07 7.721095e-04 8.762374e-04 3.875472e-06
   84    1      1      0    0   125  1.708526e-34 2.422318e-03 1.995908e-04 0.0050926100 0.024282499 0.0003026008 2.035672e-05 0.025087001 0.02844285 0.05731536 0.06107362 0.04669822 0.06201372 0.04903101 0.053014869 0.035882116 0.006902577 0.05658427 0.06696491 0.02394415 0.02297219 0.03442896 0.03084762 0.006180410 0.04305743 0.016028556 0.037082944 0.01582848 0.019644699 0.025815386 0.022842591 0.035073332 0.035114996 0.009257248 0.028912002 0.0003401958 1.079275e-03 2.011306e-05 1.650094e-03 3.057834e-03 7.054934e-04 3.642162e-06 8.656327e-04 8.941637e-12 3.916222e-03
   88    1      1      0    0   125  2.542577e-39 4.222228e-13 5.889052e-03 0.0077253807 0.022070132 0.0026709814 1.950744e-03 0.017058911 0.09831623 0.03129709 0.04584980 0.08774610 0.03863314 0.02523104 0.033551642 0.005028874 0.039854500 0.03380970 0.03401002 0.04993596 0.07285848 0.01653984 0.01601943 0.067180901 0.03301602 0.028939765 0.020027595 0.05101824 0.005907986 0.004760363 0.026550877 0.006152390 0.015333138 0.009201137 0.016764741 0.0017260491 1.634411e-02 1.407245e-03 6.180304e-03 2.049214e-04 7.282411e-04 1.214408e-05 2.366878e-03 1.299021e-04 3.456834e-14
   92    1      1      0    0   125 1.272872e-104 4.825650e-08 1.055459e-03 0.0246731770 0.001812403 0.0002245246 4.516578e-03 0.020466289 0.04891202 0.07411338 0.03334479 0.04714581 0.01646890 0.02532384 0.056007583 0.042969548 0.058529089 0.02666045 0.05201786 0.04802204 0.03881952 0.04003580 0.05209301 0.033499073 0.03240541 0.056290653 0.022802871 0.01001502 0.018593621 0.006460194 0.027331692 0.007213863 0.008748282 0.014371311 0.009849053 0.0061802796 5.130967e-03 2.596105e-02 9.513893e-04 3.142126e-07 6.526520e-05 5.150984e-07 2.529777e-10 5.344598e-04 3.826087e-04
   96    1      1      0    0   125  1.402092e-18 2.400692e-07 8.798043e-05 0.0109356873 0.003357200 0.0003960208 1.551957e-02 0.011533463 0.06397859 0.08457075 0.07608593 0.02100862 0.02337409 0.04364094 0.061734426 0.027785622 0.046983982 0.02681348 0.05542867 0.04017726 0.04561042 0.02086192 0.03246892 0.028178134 0.03275999 0.015459723 0.026057809 0.02114739 0.009738302 0.025291750 0.025889286 0.021371343 0.009756084 0.009928052 0.009811315 0.0147997642 1.282474e-02 1.435736e-02 7.784794e-03 1.923278e-05 2.218233e-03 2.484784e-04 3.891258e-06 6.445627e-16 5.241204e-07
  100    1      1      0    0   125  0.000000e+00 3.381355e-09 4.266164e-04 0.0427273206 0.008684306 0.0042549701 6.147201e-03 0.013809382 0.04556798 0.04007711 0.07442008 0.04099184 0.03670805 0.04152438 0.045208268 0.086095633 0.029697176 0.05275117 0.03658362 0.02717092 0.03927165 0.03161285 0.04116202 0.006021777 0.03735937 0.028963726 0.023173926 0.03438182 0.016166226 0.034412846 0.006484424 0.006457918 0.014183076 0.007607995 0.003791792 0.0170997405 2.327595e-04 9.117564e-04 1.277335e-02 4.637693e-03 3.812511e-04 3.448951e-05 2.848563e-05 3.018774e-06 5.673571e-10
   76    1      2      0    0   500  4.717524e-06 5.561272e-03 1.333216e-02 0.0357640627 0.041054649 0.0169688891 6.404894e-03 0.016897670 0.04082799 0.04485305 0.06225367 0.04128245 0.04633028 0.03542768 0.037631941 0.039079362 0.043225254 0.03540914 0.02849866 0.01817792 0.02889746 0.02631904 0.04707416 0.027894910 0.03518891 0.021519825 0.024224062 0.01500271 0.028727113 0.015609112 0.026185621 0.013177518 0.007234812 0.012444850 0.011380292 0.0133566497 1.111699e-02 5.284207e-03 1.477687e-02 1.631915e-03 2.040750e-03 2.706840e-04 8.306116e-05 1.509860e-04 1.421770e-03
   78    1      2      0    0   500  1.592381e-04 9.294077e-05 2.361462e-02 0.0549297932 0.050340842 0.0121575122 1.608348e-02 0.037826721 0.03612389 0.05454099 0.03915896 0.04283674 0.03685657 0.03336253 0.049315059 0.029525555 0.034351706 0.03021954 0.02828022 0.04191317 0.04394525 0.03299991 0.02127296 0.026702977 0.03213880 0.023570443 0.017222075 0.01624160 0.017964156 0.019513806 0.014885341 0.016003799 0.018005067 0.006858295 0.008612907 0.0076023485 1.318668e-02 3.712869e-03 7.807356e-04 3.432605e-03 1.736537e-03 1.590434e-03 1.439672e-10 8.130041e-07 3.295193e-04
   80    1      2      0    0   500  4.803220e-12 1.324696e-03 1.876643e-02 0.0491311644 0.052805574 0.0109666592 1.273556e-02 0.028233959 0.04426789 0.05092364 0.04747524 0.05795599 0.03720020 0.03549846 0.044357831 0.046335975 0.041020351 0.02477726 0.02287688 0.04269074 0.03167169 0.02752047 0.01668197 0.031457043 0.02653980 0.024382734 0.022080083 0.02601548 0.017949339 0.016656174 0.010801614 0.007707955 0.017993812 0.014104909 0.008136026 0.0168756875 1.866074e-03 6.521662e-03 9.444391e-04 7.445422e-04 1.179099e-04 1.175781e-03 2.610534e-03 4.764606e-05 5.213085e-05
   82    1      2      0    0   500  1.341208e-17 3.410313e-04 2.279567e-02 0.0309938589 0.033768976 0.0138750997 1.332884e-02 0.027194296 0.03562009 0.05061260 0.06470795 0.04938233 0.03950455 0.04788932 0.026506932 0.059743387 0.039858928 0.04987803 0.02726657 0.03955896 0.03211374 0.01932427 0.03012725 0.022022203 0.03320482 0.022084406 0.019197236 0.01769982 0.018098367 0.015464322 0.019546175 0.006860555 0.015703582 0.004001947 0.013241143 0.0130532821 1.306795e-02 3.265230e-03 2.077664e-03 4.437553e-03 3.350076e-04 2.133230e-03 7.026452e-05 3.957176e-05 2.978291e-06
   84    1      2      0    0   500  7.922431e-06 3.912471e-03 1.660470e-02 0.0558513409 0.036398359 0.0173436197 1.063565e-02 0.021306101 0.03315524 0.08406561 0.06942755 0.04360377 0.02309088 0.03304721 0.025179575 0.049368868 0.026776745 0.02472583 0.02908194 0.04027031 0.02510546 0.03825654 0.02147391 0.028479271 0.02754862 0.025259699 0.014369029 0.02273557 0.040558286 0.017588056 0.018251497 0.010238791 0.013385917 0.010878045 0.011001798 0.0067004498 7.832281e-03 6.466561e-03 8.786821e-04 1.502073e-03 6.503158e-03 9.761438e-04 2.966835e-07 6.305559e-05 9.311106e-05
   86    1      2      0    0   500  6.067624e-12 1.069633e-03 2.382902e-02 0.0427042619 0.057515542 0.0214662826 8.522823e-03 0.029486944 0.04705900 0.05245805 0.08030014 0.04064249 0.02500509 0.04244590 0.036012106 0.032107331 0.047312692 0.02242127 0.04279559 0.04046365 0.01941937 0.02685634 0.02655273 0.039304391 0.02332604 0.026654363 0.009491014 0.02250292 0.006740119 0.019582620 0.010749047 0.020944419 0.011931071 0.005886971 0.011637065 0.0060604228 4.143329e-03 3.222656e-03 3.896604e-03 3.059088e-03 1.569675e-03 1.959514e-03 7.708575e-06 5.183339e-04 3.663795e-04
   88    1      2      0    0   500  1.344444e-18 1.249185e-03 1.968692e-02 0.0457195493 0.044394180 0.0245968172 1.090495e-02 0.031420207 0.05258985 0.07086938 0.05609108 0.03185899 0.03240237 0.02954964 0.033795342 0.036078206 0.037669982 0.03504795 0.03329027 0.03575874 0.02110882 0.03159585 0.02731602 0.026889633 0.02027202 0.016648176 0.045802565 0.02144354 0.017232968 0.011605229 0.011907203 0.006278928 0.008916379 0.006861185 0.012562811 0.0197277047 4.029563e-03 9.762322e-03 3.451805e-03 3.150409e-03 2.999419e-03 3.390427e-03 3.784931e-03 2.884825e-04 1.096136e-09
   90    1      2      0    0   500  4.166108e-16 5.015516e-03 1.841071e-02 0.0426401673 0.047286875 0.0294284260 1.695323e-02 0.017922062 0.05963031 0.06492698 0.04334980 0.04049541 0.02001571 0.04179373 0.036012078 0.031481758 0.020463734 0.02991061 0.04682297 0.02498531 0.03502624 0.03667549 0.03368376 0.020434663 0.01738649 0.032899948 0.039441874 0.01758868 0.009861554 0.015903768 0.015974643 0.016983326 0.008150926 0.019882084 0.008963056 0.0167883243 1.028711e-02 1.367041e-03 8.824403e-05 1.850264e-03 1.029377e-03 3.182115e-04 8.378776e-04 1.014952e-03 1.672655e-05
   92    1      2      0    0   500  5.418975e-18 2.140979e-03 2.104631e-02 0.0426676895 0.038580042 0.0153855864 1.070787e-02 0.024442540 0.04950060 0.05834231 0.05109256 0.03573567 0.02086839 0.03446877 0.039865904 0.041838822 0.020002144 0.04542914 0.03643325 0.02287565 0.03554832 0.03127579 0.03995230 0.027299019 0.02801614 0.029197322 0.013596279 0.02212618 0.019279703 0.029518299 0.020260652 0.025798379 0.016339670 0.008884681 0.019515046 0.0064920863 7.693334e-03 1.242360e-03 3.673800e-03 1.517423e-03 8.539461e-04 9.843840e-06 2.910805e-04 9.637131e-05 9.775176e-05
   94    1      2      0    0   500  4.433255e-11 1.370161e-03 1.387822e-02 0.0538307808 0.045332362 0.0226055428 8.743869e-03 0.022582862 0.05911838 0.06205775 0.04911106 0.04653349 0.04755753 0.03721265 0.038345642 0.034742205 0.024015707 0.03264560 0.02931624 0.03378754 0.03022441 0.01697989 0.04112734 0.037185589 0.01897474 0.021713301 0.019403979 0.02445674 0.008634564 0.010676607 0.014616437 0.016589404 0.010110815 0.012761787 0.002744752 0.0126746576 1.657475e-02 6.604593e-03 3.267901e-04 5.652055e-03 4.118429e-03 3.600292e-03 9.778328e-05 1.825132e-04 1.180165e-03
   96    1      2      0    0   500  4.902062e-05 1.382551e-03 1.247590e-02 0.0555011793 0.053827413 0.0182990821 1.030016e-02 0.025545358 0.03113980 0.07269888 0.04707645 0.05753592 0.03692662 0.02406811 0.017317357 0.034985567 0.032266545 0.04371392 0.05125215 0.02644718 0.03011805 0.01967062 0.02922711 0.020613978 0.01706550 0.021998040 0.022815443 0.02211485 0.016731226 0.021041796 0.014026024 0.038464135 0.014873727 0.007630374 0.011593622 0.0031929213 9.578915e-03 8.802726e-03 1.725486e-03 1.548020e-03 7.490133e-04 3.869456e-04 2.293430e-06 1.338241e-07 1.321989e-02
   98    1      2      0    0   500  9.982981e-15 1.560173e-03 1.666395e-02 0.0329092935 0.041089746 0.0177242947 6.607331e-03 0.020407229 0.04164535 0.04906906 0.05045542 0.05545049 0.04848653 0.03475236 0.030512614 0.055752724 0.038784402 0.03961816 0.02799332 0.01759787 0.02813380 0.04796473 0.02601405 0.027158718 0.02275406 0.032194647 0.024887152 0.02383362 0.016700728 0.015977463 0.024582195 0.021916050 0.020946200 0.007051562 0.020286365 0.0038144985 2.188260e-03 1.465971e-03 8.381743e-04 2.129453e-03 1.270811e-03 2.144428e-04 2.875358e-05 3.025542e-07 5.676714e-04
  100    1      2      0    0   500  1.384607e-13 1.091462e-04 1.954418e-02 0.0532030423 0.048818276 0.0170376575 9.816107e-03 0.024404362 0.05174503 0.05477248 0.04761076 0.04317117 0.03017552 0.02640227 0.036347849 0.031915459 0.026113467 0.02999696 0.03503944 0.03205149 0.04325147 0.02356871 0.03410777 0.019024541 0.02178927 0.015161802 0.042929305 0.02064013 0.022408890 0.029327843 0.024927155 0.008817634 0.014752879 0.006569075 0.006732172 0.0040754593 1.175441e-02 7.825737e-03 7.663689e-03 1.243890e-02 9.038263e-04 3.915191e-04 1.553451e-03 1.349423e-05 1.096209e-03
15 #_N_agebins
#_agebin_vector
1 2 3 4 5 6 7 8 9 10 11 12 13 14 15
1 #_N_ageerror_definitions
 #_age0   age1   age2   age3   age4   age5   age6   age7   age8   age9  age10  age11  age12  age13  age14  age15  age16  age17  age18  age19  age20  age21  age22  age23  age24  age25
 -1.000 -1.000 -1.000 -1.000 -1.000 -1.000 -1.000 -1.000 -1.000 -1.000 -1.000 -1.000 -1.000 -1.000 -1.000 -1.000 -1.000 -1.000 -1.000 -1.000 -1.000 -1.000 -1.000 -1.000 -1.000 -1.000
  0.001  0.001  0.001  0.001  0.001  0.001  0.001  0.001  0.001  0.001  0.001  0.001  0.001  0.001  0.001  0.001  0.001  0.001  0.001  0.001  0.001  0.001  0.001  0.001  0.001  0.001
83 #_N_agecomp
1 #_Lbin_method: 1=poplenbins; 2=datalenbins; 3=lengths
-1 #_combine males into females at or below this bin number
 #_Yr Seas FltSvy Gender Part Ageerr Lbin_lo Lbin_hi Nsamp           a1        a2        a3         a4         a5         a6         a7         a8         a9         a10         a11         a12          a13          a14         a15
   26    1      1      0    0      1      -1      -1   125  0.009156179 0.1883694 0.1070733 0.16981733 0.08626612 0.03691909 0.04655556 0.03717627 0.03858343 0.040064396 0.027342348 0.026048719 0.0237568170 0.0294049821 0.133466044
   36    1      1      0    0      1      -1      -1   125  0.043256244 0.2320490 0.1856778 0.12479224 0.15862155 0.03862412 0.04257190 0.02252734 0.02117063 0.035634230 0.005839155 0.016473110 0.0094142952 0.0018532350 0.061495159
   46    1      1      0    0      1      -1      -1   125  0.050848123 0.2862150 0.2246145 0.11459718 0.07009855 0.08386202 0.02001628 0.04484722 0.03239782 0.014900633 0.028047190 0.005230946 0.0025368767 0.0017039328 0.020083699
   56    1      1      0    0      1      -1      -1   125  0.023095992 0.2575458 0.2196405 0.11394712 0.10993501 0.05570707 0.06126656 0.07530141 0.03054736 0.014001619 0.008702560 0.001755101 0.0119567475 0.0020094518 0.014587668
   60    1      1      0    0      1      -1      -1   125  0.045052830 0.1614436 0.2280461 0.15059781 0.09564422 0.07746806 0.06051196 0.06360915 0.02636596 0.017227828 0.017240408 0.006145421 0.0146302921 0.0024640854 0.033552333
   64    1      1      0    0      1      -1      -1   125  0.032184126 0.2093663 0.2145996 0.13470080 0.06861756 0.10898211 0.06846837 0.02721851 0.02038920 0.039675183 0.024855336 0.006248661 0.0003329725 0.0334873973 0.010873855
   68    1      1      0    0      1      -1      -1   125  0.012481163 0.2254797 0.2382697 0.16705975 0.07501418 0.05781543 0.05485411 0.07136510 0.01777450 0.029846949 0.007097189 0.014457881 0.0119050229 0.0062710304 0.010308306
   72    1      1      0    0      1      -1      -1   125  0.015980633 0.2446989 0.3012211 0.10640771 0.07423045 0.05813064 0.08208180 0.01259248 0.03096559 0.023531772 0.017256948 0.009031589 0.0012942399 0.0011971192 0.021378979
   76    1      1      0    0      1      -1      -1   125  0.039533776 0.2454097 0.1551481 0.10548299 0.10655780 0.11605969 0.05926713 0.01875463 0.05664249 0.008082391 0.070717578 0.002950903 0.0071977120 0.0038468991 0.004348142
   80    1      1      0    0      1      -1      -1   125  0.058422249 0.2162397 0.2588195 0.13116805 0.07050458 0.04847251 0.09276459 0.04465604 0.02508989 0.010813204 0.019685365 0.001747686 0.0002931252 0.0014210345 0.019902550
   84    1      1      0    0      1      -1      -1   125  0.046652716 0.2821902 0.1865280 0.13440440 0.07553574 0.07820926 0.04723176 0.03555997 0.03488914 0.021729625 0.032354440 0.008295012 0.0074611940 0.0029542796 0.006004177
   88    1      1      0    0      1      -1      -1   125  0.010560513 0.1527611 0.1701403 0.22553129 0.06763764 0.12108598 0.04887107 0.02750179 0.02148192 0.025508476 0.077630853 0.027988013 0.0095477375 0.0014314261 0.012321901
   92    1      1      0    0      1      -1      -1   125  0.013134591 0.2503368 0.2014131 0.14756631 0.11086966 0.07152085 0.03194704 0.05361244 0.01927255 0.026902769 0.009414905 0.027687718 0.0239533703 0.0004965126 0.011871353
   96    1      1      0    0      1      -1      -1   125  0.018303486 0.2600334 0.1808405 0.13138124 0.11179749 0.04427810 0.07035323 0.08303175 0.02591133 0.006502693 0.013384839 0.015615700 0.0062594195 0.0297664767 0.002540369
  100    1      1      0    0      1      -1      -1   125  0.048630304 0.2360012 0.2206430 0.10411949 0.09487884 0.06138689 0.02960469 0.05095908 0.02552927 0.013816101 0.017277053 0.064691915 0.0013641891 0.0275188675 0.003579118
   76    1      2      0    0      1      -1      -1   500  0.133905581 0.2118984 0.1718410 0.13769058 0.09288701 0.05077687 0.06269576 0.04832059 0.02328261 0.021378905 0.014030330 0.016753552 0.0057409303 0.0013123280 0.007485566
   78    1      2      0    0      1      -1      -1   500  0.124786850 0.2246682 0.2009896 0.09383931 0.07599051 0.06204407 0.05891029 0.03716687 0.03502431 0.026886697 0.015695982 0.009538177 0.0061842925 0.0055656764 0.022709177
   80    1      2      0    0      1      -1      -1   500  0.145782484 0.2524108 0.1622194 0.11010987 0.09126468 0.05768026 0.04737478 0.02820964 0.03088034 0.025760141 0.010447597 0.003788387 0.0032146331 0.0092153303 0.021641664
   82    1      2      0    0      1      -1      -1   500  0.138689849 0.2149557 0.1869043 0.15082515 0.08495451 0.04194109 0.06622057 0.03696456 0.01903398 0.016772112 0.006229745 0.008536055 0.0009132704 0.0084388544 0.018620288
   84    1      2      0    0      1      -1      -1   500  0.116466695 0.2627393 0.1811969 0.12062678 0.07400978 0.05743834 0.04404796 0.03730154 0.02693487 0.029419165 0.015992418 0.006795628 0.0027961805 0.0069152260 0.017319170
   86    1      2      0    0      1      -1      -1   500  0.127794920 0.2447073 0.1509998 0.12750510 0.09888785 0.05968883 0.06316296 0.03972862 0.02678505 0.012710227 0.014421223 0.018618613 0.0057336731 0.0051418422 0.004113929
   88    1      2      0    0      1      -1      -1   500  0.143502186 0.2126572 0.1716643 0.13690727 0.08345112 0.05932773 0.06176993 0.04598616 0.02186403 0.013892298 0.020315861 0.007796144 0.0066500827 0.0049012121 0.009314493
   90    1      2      0    0      1      -1      -1   500  0.140985917 0.2744643 0.1587797 0.11814541 0.08429740 0.06678579 0.03613181 0.04041641 0.02870504 0.020437214 0.008910373 0.005770324 0.0070812378 0.0050378261 0.004051226
   92    1      2      0    0      1      -1      -1   500  0.136158836 0.2509965 0.1761542 0.13963486 0.07413415 0.05315380 0.03392108 0.03430038 0.02463380 0.014250212 0.022572017 0.008288074 0.0088218329 0.0076550069 0.015325288
   94    1      2      0    0      1      -1      -1   500  0.145439876 0.2138901 0.1814781 0.11781095 0.09993946 0.06112826 0.04674021 0.03312256 0.02376522 0.015806738 0.019434668 0.005550149 0.0023262187 0.0035168948 0.030050645
   96    1      2      0    0      1      -1      -1   500  0.155752223 0.2340406 0.1929046 0.13148903 0.07064478 0.05659154 0.04576717 0.02689093 0.02592291 0.011959925 0.007862202 0.013045680 0.0092173993 0.0011839678 0.016727065
   98    1      2      0    0      1      -1      -1   500  0.143913454 0.2424141 0.1515558 0.17655622 0.06886711 0.05312045 0.04068555 0.03939793 0.01580744 0.020655899 0.014160199 0.006455244 0.0062120118 0.0025994777 0.017599134
  100    1      2      0    0      1      -1      -1   500  0.139506295 0.2194663 0.1745900 0.11942301 0.10047765 0.05568318 0.04295332 0.04639401 0.02264628 0.031842341 0.017012429 0.005191579 0.0097365155 0.0056032573 0.009473857
   60    1      1      0    0      1       3       3     1  1.000000000 0.0000000 0.0000000 0.00000000 0.00000000 0.00000000 0.00000000 0.00000000 0.00000000 0.000000000 0.000000000 0.000000000 0.0000000000 0.0000000000 0.000000000
   60    1      1      0    0      1       5       5     1  1.000000000 0.0000000 0.0000000 0.00000000 0.00000000 0.00000000 0.00000000 0.00000000 0.00000000 0.000000000 0.000000000 0.000000000 0.0000000000 0.0000000000 0.000000000
   60    1      1      0    0      1       8       8     3  3.000000000 0.0000000 0.0000000 0.00000000 0.00000000 0.00000000 0.00000000 0.00000000 0.00000000 0.000000000 0.000000000 0.000000000 0.0000000000 0.0000000000 0.000000000
   60    1      1      0    0      1       9       9     6  6.000000000 0.0000000 0.0000000 0.00000000 0.00000000 0.00000000 0.00000000 0.00000000 0.00000000 0.000000000 0.000000000 0.000000000 0.0000000000 0.0000000000 0.000000000
   60    1      1      0    0      1      10      10     4  4.000000000 0.0000000 0.0000000 0.00000000 0.00000000 0.00000000 0.00000000 0.00000000 0.00000000 0.000000000 0.000000000 0.000000000 0.0000000000 0.0000000000 0.000000000
   60    1      1      0    0      1      11      11    13 13.000000000 0.0000000 0.0000000 0.00000000 0.00000000 0.00000000 0.00000000 0.00000000 0.00000000 0.000000000 0.000000000 0.000000000 0.0000000000 0.0000000000 0.000000000
   60    1      1      0    0      1      12      12     4  4.000000000 0.0000000 0.0000000 0.00000000 0.00000000 0.00000000 0.00000000 0.00000000 0.00000000 0.000000000 0.000000000 0.000000000 0.0000000000 0.0000000000 0.000000000
   60    1      1      0    0      1      13      13     1  1.000000000 0.0000000 0.0000000 0.00000000 0.00000000 0.00000000 0.00000000 0.00000000 0.00000000 0.000000000 0.000000000 0.000000000 0.0000000000 0.0000000000 0.000000000
   60    1      1      0    0      1      14      14     2  2.000000000 0.0000000 0.0000000 0.00000000 0.00000000 0.00000000 0.00000000 0.00000000 0.00000000 0.000000000 0.000000000 0.000000000 0.0000000000 0.0000000000 0.000000000
   60    1      1      0    0      1      15      15     5  5.000000000 0.0000000 0.0000000 0.00000000 0.00000000 0.00000000 0.00000000 0.00000000 0.00000000 0.000000000 0.000000000 0.000000000 0.0000000000 0.0000000000 0.000000000
   60    1      1      0    0      1      16      16     7  7.000000000 0.0000000 0.0000000 0.00000000 0.00000000 0.00000000 0.00000000 0.00000000 0.00000000 0.000000000 0.000000000 0.000000000 0.0000000000 0.0000000000 0.000000000
   60    1      1      0    0      1      17      17     4  4.000000000 0.0000000 0.0000000 0.00000000 0.00000000 0.00000000 0.00000000 0.00000000 0.00000000 0.000000000 0.000000000 0.000000000 0.0000000000 0.0000000000 0.000000000
   60    1      1      0    0      1      18      18     4  4.000000000 0.0000000 0.0000000 0.00000000 0.00000000 0.00000000 0.00000000 0.00000000 0.00000000 0.000000000 0.000000000 0.000000000 0.0000000000 0.0000000000 0.000000000
   60    1      1      0    0      1      19      19     3  3.000000000 0.0000000 0.0000000 0.00000000 0.00000000 0.00000000 0.00000000 0.00000000 0.00000000 0.000000000 0.000000000 0.000000000 0.0000000000 0.0000000000 0.000000000
   60    1      1      0    0      1      20      20     4  4.000000000 0.0000000 0.0000000 0.00000000 0.00000000 0.00000000 0.00000000 0.00000000 0.00000000 0.000000000 0.000000000 0.000000000 0.0000000000 0.0000000000 0.000000000
   60    1      1      0    0      1      21      21     1  1.000000000 0.0000000 0.0000000 0.00000000 0.00000000 0.00000000 0.00000000 0.00000000 0.00000000 0.000000000 0.000000000 0.000000000 0.0000000000 0.0000000000 0.000000000
   60    1      1      0    0      1      22      22     5  5.000000000 0.0000000 0.0000000 0.00000000 0.00000000 0.00000000 0.00000000 0.00000000 0.00000000 0.000000000 0.000000000 0.000000000 0.0000000000 0.0000000000 0.000000000
   60    1      1      0    0      1      24      24     2  2.000000000 0.0000000 0.0000000 0.00000000 0.00000000 0.00000000 0.00000000 0.00000000 0.00000000 0.000000000 0.000000000 0.000000000 0.0000000000 0.0000000000 0.000000000
   60    1      1      0    0      1      25      25     6  6.000000000 0.0000000 0.0000000 0.00000000 0.00000000 0.00000000 0.00000000 0.00000000 0.00000000 0.000000000 0.000000000 0.000000000 0.0000000000 0.0000000000 0.000000000
   60    1      1      0    0      1      26      26     5  5.000000000 0.0000000 0.0000000 0.00000000 0.00000000 0.00000000 0.00000000 0.00000000 0.00000000 0.000000000 0.000000000 0.000000000 0.0000000000 0.0000000000 0.000000000
   60    1      1      0    0      1      27      27     5  5.000000000 0.0000000 0.0000000 0.00000000 0.00000000 0.00000000 0.00000000 0.00000000 0.00000000 0.000000000 0.000000000 0.000000000 0.0000000000 0.0000000000 0.000000000
   60    1      1      0    0      1      28      28     1  1.000000000 0.0000000 0.0000000 0.00000000 0.00000000 0.00000000 0.00000000 0.00000000 0.00000000 0.000000000 0.000000000 0.000000000 0.0000000000 0.0000000000 0.000000000
   60    1      1      0    0      1      30      30     8  3.000000000 5.0000000 0.0000000 0.00000000 0.00000000 0.00000000 0.00000000 0.00000000 0.00000000 0.000000000 0.000000000 0.000000000 0.0000000000 0.0000000000 0.000000000
   60    1      1      0    0      1      31      31     3  0.000000000 3.0000000 0.0000000 0.00000000 0.00000000 0.00000000 0.00000000 0.00000000 0.00000000 0.000000000 0.000000000 0.000000000 0.0000000000 0.0000000000 0.000000000
   60    1      1      0    0      1      35      35     1  0.000000000 1.0000000 0.0000000 0.00000000 0.00000000 0.00000000 0.00000000 0.00000000 0.00000000 0.000000000 0.000000000 0.000000000 0.0000000000 0.0000000000 0.000000000
   60    1      1      0    0      1      36      36     1  0.000000000 1.0000000 0.0000000 0.00000000 0.00000000 0.00000000 0.00000000 0.00000000 0.00000000 0.000000000 0.000000000 0.000000000 0.0000000000 0.0000000000 0.000000000
  100    1      1      0    0      1       4       4     1  1.000000000 0.0000000 0.0000000 0.00000000 0.00000000 0.00000000 0.00000000 0.00000000 0.00000000 0.000000000 0.000000000 0.000000000 0.0000000000 0.0000000000 0.000000000
  100    1      1      0    0      1       5       5     1  1.000000000 0.0000000 0.0000000 0.00000000 0.00000000 0.00000000 0.00000000 0.00000000 0.00000000 0.000000000 0.000000000 0.000000000 0.0000000000 0.0000000000 0.000000000
  100    1      1      0    0      1       8       8     1  1.000000000 0.0000000 0.0000000 0.00000000 0.00000000 0.00000000 0.00000000 0.00000000 0.00000000 0.000000000 0.000000000 0.000000000 0.0000000000 0.0000000000 0.000000000
  100    1      1      0    0      1       9       9     4  4.000000000 0.0000000 0.0000000 0.00000000 0.00000000 0.00000000 0.00000000 0.00000000 0.00000000 0.000000000 0.000000000 0.000000000 0.0000000000 0.0000000000 0.000000000
  100    1      1      0    0      1      10      10     5  5.000000000 0.0000000 0.0000000 0.00000000 0.00000000 0.00000000 0.00000000 0.00000000 0.00000000 0.000000000 0.000000000 0.000000000 0.0000000000 0.0000000000 0.000000000
  100    1      1      0    0      1      11      11    10 10.000000000 0.0000000 0.0000000 0.00000000 0.00000000 0.00000000 0.00000000 0.00000000 0.00000000 0.000000000 0.000000000 0.000000000 0.0000000000 0.0000000000 0.000000000
  100    1      1      0    0      1      12      12     5  5.000000000 0.0000000 0.0000000 0.00000000 0.00000000 0.00000000 0.00000000 0.00000000 0.00000000 0.000000000 0.000000000 0.000000000 0.0000000000 0.0000000000 0.000000000
  100    1      1      0    0      1      13      13     6  6.000000000 0.0000000 0.0000000 0.00000000 0.00000000 0.00000000 0.00000000 0.00000000 0.00000000 0.000000000 0.000000000 0.000000000 0.0000000000 0.0000000000 0.000000000
  100    1      1      0    0      1      14      14     4  4.000000000 0.0000000 0.0000000 0.00000000 0.00000000 0.00000000 0.00000000 0.00000000 0.00000000 0.000000000 0.000000000 0.000000000 0.0000000000 0.0000000000 0.000000000
  100    1      1      0    0      1      15      15     3  3.000000000 0.0000000 0.0000000 0.00000000 0.00000000 0.00000000 0.00000000 0.00000000 0.00000000 0.000000000 0.000000000 0.000000000 0.0000000000 0.0000000000 0.000000000
  100    1      1      0    0      1      16      16     9  9.000000000 0.0000000 0.0000000 0.00000000 0.00000000 0.00000000 0.00000000 0.00000000 0.00000000 0.000000000 0.000000000 0.000000000 0.0000000000 0.0000000000 0.000000000
  100    1      1      0    0      1      17      17     5  5.000000000 0.0000000 0.0000000 0.00000000 0.00000000 0.00000000 0.00000000 0.00000000 0.00000000 0.000000000 0.000000000 0.000000000 0.0000000000 0.0000000000 0.000000000
  100    1      1      0    0      1      18      18     4  4.000000000 0.0000000 0.0000000 0.00000000 0.00000000 0.00000000 0.00000000 0.00000000 0.00000000 0.000000000 0.000000000 0.000000000 0.0000000000 0.0000000000 0.000000000
  100    1      1      0    0      1      19      19     4  4.000000000 0.0000000 0.0000000 0.00000000 0.00000000 0.00000000 0.00000000 0.00000000 0.00000000 0.000000000 0.000000000 0.000000000 0.0000000000 0.0000000000 0.000000000
  100    1      1      0    0      1      21      21     2  2.000000000 0.0000000 0.0000000 0.00000000 0.00000000 0.00000000 0.00000000 0.00000000 0.00000000 0.000000000 0.000000000 0.000000000 0.0000000000 0.0000000000 0.000000000
  100    1      1      0    0      1      22      22     5  5.000000000 0.0000000 0.0000000 0.00000000 0.00000000 0.00000000 0.00000000 0.00000000 0.00000000 0.000000000 0.000000000 0.000000000 0.0000000000 0.0000000000 0.000000000
  100    1      1      0    0      1      23      23     2  2.000000000 0.0000000 0.0000000 0.00000000 0.00000000 0.00000000 0.00000000 0.00000000 0.00000000 0.000000000 0.000000000 0.000000000 0.0000000000 0.0000000000 0.000000000
  100    1      1      0    0      1      24      24     1  1.000000000 0.0000000 0.0000000 0.00000000 0.00000000 0.00000000 0.00000000 0.00000000 0.00000000 0.000000000 0.000000000 0.000000000 0.0000000000 0.0000000000 0.000000000
  100    1      1      0    0      1      25      25     3  3.000000000 0.0000000 0.0000000 0.00000000 0.00000000 0.00000000 0.00000000 0.00000000 0.00000000 0.000000000 0.000000000 0.000000000 0.0000000000 0.0000000000 0.000000000
  100    1      1      0    0      1      26      26     3  3.000000000 0.0000000 0.0000000 0.00000000 0.00000000 0.00000000 0.00000000 0.00000000 0.00000000 0.000000000 0.000000000 0.000000000 0.0000000000 0.0000000000 0.000000000
  100    1      1      0    0      1      27      27     3  3.000000000 0.0000000 0.0000000 0.00000000 0.00000000 0.00000000 0.00000000 0.00000000 0.00000000 0.000000000 0.000000000 0.000000000 0.0000000000 0.0000000000 0.000000000
  100    1      1      0    0      1      28      28     7  7.000000000 0.0000000 0.0000000 0.00000000 0.00000000 0.00000000 0.00000000 0.00000000 0.00000000 0.000000000 0.000000000 0.000000000 0.0000000000 0.0000000000 0.000000000
  100    1      1      0    0      1      30      30     3  0.000000000 3.0000000 0.0000000 0.00000000 0.00000000 0.00000000 0.00000000 0.00000000 0.00000000 0.000000000 0.000000000 0.000000000 0.0000000000 0.0000000000 0.000000000
  100    1      1      0    0      1      32      32     1  0.000000000 1.0000000 0.0000000 0.00000000 0.00000000 0.00000000 0.00000000 0.00000000 0.00000000 0.000000000 0.000000000 0.000000000 0.0000000000 0.0000000000 0.000000000
  100    1      1      0    0      1      33      33     2  0.000000000 2.0000000 0.0000000 0.00000000 0.00000000 0.00000000 0.00000000 0.00000000 0.00000000 0.000000000 0.000000000 0.000000000 0.0000000000 0.0000000000 0.000000000
  100    1      1      0    0      1      34      34     1  0.000000000 1.0000000 0.0000000 0.00000000 0.00000000 0.00000000 0.00000000 0.00000000 0.00000000 0.000000000 0.000000000 0.000000000 0.0000000000 0.0000000000 0.000000000
  100    1      1      0    0      1      35      35     1  0.000000000 1.0000000 0.0000000 0.00000000 0.00000000 0.00000000 0.00000000 0.00000000 0.00000000 0.000000000 0.000000000 0.000000000 0.0000000000 0.0000000000 0.000000000
  100    1      1      0    0      1      36      36     2  0.000000000 2.0000000 0.0000000 0.00000000 0.00000000 0.00000000 0.00000000 0.00000000 0.00000000 0.000000000 0.000000000 0.000000000 0.0000000000 0.0000000000 0.000000000
  100    1      1      0    0      1      39      39     2  0.000000000 2.0000000 0.0000000 0.00000000 0.00000000 0.00000000 0.00000000 0.00000000 0.00000000 0.000000000 0.000000000 0.000000000 0.0000000000 0.0000000000 0.000000000
0 #_N_MeanSize_at_Age_obs
0 #_N_environ_variables
0 #_N_environ_obs
0 #_N_sizefreq_methods
0 #_do_tags
0 #_morphcomp_data
#
999
