#C data file created using the SS_writedat function in the R package r4ss
#C should work with SS version: 
#C file write time: 2015-02-11 18:34:32
#
1 #_styr
100 #_endyr
1 #_nseas
12 #_months_per_seas
1 #_spawn_seas
1 #_Nfleet
2 #_Nsurveys
1 #_N_areas
Fishery%Survey%CPUE #_fleetnames
0.5 0.5 0.5 #_surveytiming_in_season
1 1 1 #_area_assignments_for_each_fishery_and_survey
1 #_units of catch:  1=bio; 2=num
0.01 #_se of log(catch) only used for init_eq_catch and for Fmethod 2 and 3
1 #_Ngenders
25 #_Nages
0 #_init_equil_catch_for_each_fishery
100 #_N_lines_of_catch_to_read
 #_Fishery year seas
         0    1    1
         0    2    1
         0    3    1
         0    4    1
         0    5    1
         0    6    1
         0    7    1
         0    8    1
         0    9    1
         0   10    1
         0   11    1
         0   12    1
         0   13    1
         0   14    1
         0   15    1
         0   16    1
         0   17    1
         0   18    1
         0   19    1
         0   20    1
         0   21    1
         0   22    1
         0   23    1
         0   24    1
         0   25    1
 444646000   26    1
 397608000   27    1
 357583000   28    1
 324161000   29    1
 296656000   30    1
 274240000   31    1
 256057000   32    1
 241314000   33    1
 229322000   34    1
 219511000   35    1
 211426000   36    1
 204710000   37    1
 199088000   38    1
 194347000   39    1
 190324000   40    1
 186891000   41    1
 183948000   42    1
 181416000   43    1
 179230000   44    1
 177337000   45    1
 175694000   46    1
 174266000   47    1
 173022000   48    1
 171937000   49    1
 170990000   50    1
 170161000   51    1
 169436000   52    1
 168801000   53    1
 168243000   54    1
 167755000   55    1
 167325000   56    1
 166948000   57    1
 166617000   58    1
 166326000   59    1
 166070000   60    1
 165844000   61    1
 165646000   62    1
 165471000   63    1
 165317000   64    1
 165182000   65    1
 165063000   66    1
 164958000   67    1
 164865000   68    1
 164784000   69    1
 164712000   70    1
 164649000   71    1
 164593000   72    1
 164544000   73    1
 164500000   74    1
 164462000   75    1
 164429000   76    1
 164399000   77    1
 164373000   78    1
 164350000   79    1
 164329000   80    1
 164311000   81    1
 164296000   82    1
 164282000   83    1
 164269000   84    1
 164258000   85    1
 164249000   86    1
 164240000   87    1
 164233000   88    1
 164227000   89    1
 164221000   90    1
 164216000   91    1
 164211000   92    1
 164207000   93    1
 164204000   94    1
 164201000   95    1
 164198000   96    1
 164195000   97    1
 164193000   98    1
 164192000   99    1
 164190000  100    1
13 #_N_cpue
 #_Fleet Units Errtype
       1     1       0
       2     1       0
       3     1       0
 #_year seas index        obs se_log
     76    1     2 1030261024    0.2
     78    1     2 1813476718    0.2
     80    1     2 1569270114    0.2
     82    1     2 1260764995    0.2
     84    1     2 1271038777    0.2
     86    1     2 1048104946    0.2
     88    1     2 1875594279    0.2
     90    1     2 1521406948    0.2
     92    1     2 1414668948    0.2
     94    1     2 1377340573    0.2
     96    1     2 1368085351    0.2
     98    1     2 1423084933    0.2
    100    1     2 1999797598    0.2
0 #_N_discard_fleets
#_discard_units (1=same_as_catchunits(bio/num); 2=fraction; 3=numbers)
#_discard_errtype:  >0 for DF of T-dist(read CV below); 0 for normal with CV; -1 for normal with se; -2 for lognormal
0 #_N_discard
0 #_N_meanbodywt
1 #_DF_for_meanbodywt_T-distribution_like
2 # length bin method: 1=use databins; 2=generate from binwidth,min,max below; 3=read vector
1 # binwidth for population size comp
10 # minimum size in the population (lower edge of first bin and size at age 0.00)
200 # maximum size in the population (lower edge of last bin)
-0.001 #_comp_tail_compression
1e-05 #_add_to_comp
0 #_combine males into females at or below this bin number
45 #_N_lbins
#_lbin_vector
20 23 26 29 32 35 38 41 44 47 50 53 56 59 62 65 68 71 74 77 80 83 86 89 92 95 98 101 104 107 110 113 116 119 122 125 128 131 134 137 140 143 146 149 152
28 #_N_Length_comp_observations
 #_Yr Seas FltSvy Gender Part Nsamp           l20          l23          l26          l29         l32          l35          l38         l41        l44        l47        l50        l53        l56        l59        l62         l65        l68        l71         l74        l77         l80         l83        l86        l89         l92         l95        l98       l101        l104        l107        l110        l113        l116        l119        l122         l125         l128         l131         l134         l137         l140         l143         l146         l149         l152
   26    1      1      0    0   125 1.799934e-217 8.064164e-08 2.340798e-03 0.0222020902 0.003741184 0.0087764416 0.0004551160 0.017574923 0.02985791 0.03401127 0.07989887 0.04921106 0.02663016 0.06188198 0.06313709 0.009145371 0.03038952 0.02040722 0.016380881 0.02292437 0.014746616 0.025831342 0.04927555 0.04143693 0.016009560 0.026256697 0.02210223 0.01932824 0.058470193 0.019088458 0.033873135 0.015218131 0.031445601 0.016460451 0.021670391 0.0065298973 0.0087070435 0.0405495681 0.0062919209 1.663358e-02 2.460076e-03 1.517534e-03 5.131554e-04 9.443495e-04 5.673014e-03
   36    1      1      0    0   125  1.586133e-61 5.112397e-16 5.081821e-04 0.0098350213 0.002988053 0.0003986077 0.0039725550 0.015500008 0.01115107 0.05501510 0.08297616 0.06221870 0.05400432 0.07704836 0.03991384 0.053620313 0.01489281 0.02122000 0.032383375 0.01712859 0.031868743 0.006245908 0.02247896 0.04133601 0.050424509 0.036450043 0.01296685 0.03331638 0.006784549 0.021698120 0.034256279 0.004719761 0.028645291 0.006366777 0.053543763 0.0118030302 0.0003298675 0.0002022296 0.0045727648 2.239224e-03 3.107535e-03 2.992416e-02 1.725673e-03 1.395519e-08 2.185082e-04
   46    1      1      0    0   125 1.107762e-241 3.968490e-05 5.021354e-03 0.0134023220 0.034319107 0.0040006068 0.0157104621 0.038275610 0.01894933 0.06256260 0.07694831 0.05341726 0.02027021 0.02755350 0.01964664 0.047777818 0.01652262 0.04000072 0.006900807 0.04899826 0.043296117 0.023740058 0.02652266 0.05079563 0.043495643 0.027529904 0.02230991 0.04325230 0.003839255 0.018796752 0.020871665 0.005865765 0.030315190 0.017198663 0.012347545 0.0275955802 0.0015987003 0.0037334884 0.0005842152 1.852229e-02 3.166116e-09 5.673298e-03 6.224830e-04 1.911443e-15 1.175670e-03
   56    1      1      0    0   125  1.411382e-42 1.205003e-38 2.479868e-03 0.0104498591 0.007237681 0.0050633136 0.0036827840 0.015830607 0.07178678 0.12343947 0.04751887 0.07814602 0.03521357 0.02474605 0.04088598 0.040728948 0.03999559 0.03112872 0.028492093 0.01967755 0.010841649 0.016454321 0.03487876 0.02151410 0.032627863 0.035246031 0.01528997 0.02427114 0.037615030 0.009497872 0.038240565 0.014379982 0.024821078 0.011499513 0.009817724 0.0138256043 0.0027220775 0.0064582369 0.0018249351 3.817423e-04 4.283717e-05 1.124510e-02 4.389787e-15 1.549895e-10 1.139841e-07
   60    1      1      0    0   125  2.011389e-59 9.970398e-08 6.094146e-04 0.0145547909 0.020262004 0.0020520050 0.0019779976 0.035235505 0.05007788 0.04589093 0.05357308 0.05027470 0.02034155 0.03435802 0.06152004 0.091851700 0.02330439 0.06417483 0.049332231 0.02106188 0.045052353 0.033611738 0.03752220 0.05263945 0.014553073 0.012213785 0.01856668 0.03882631 0.009171540 0.008331632 0.009591813 0.006237087 0.015276840 0.004856137 0.006121245 0.0154113533 0.0062163503 0.0056225283 0.0052512967 5.858502e-03 2.722202e-05 8.537660e-03 2.519046e-08 5.141572e-11 5.014260e-05
   64    1      1      0    0   125 1.352503e-260 1.343016e-09 1.355871e-03 0.0007894858 0.023758940 0.0039188945 0.0001913766 0.031903265 0.02653596 0.03333478 0.07143914 0.06076173 0.03900049 0.07320676 0.04415134 0.051059476 0.03416988 0.04178563 0.020349156 0.03294221 0.029470230 0.024597532 0.04107078 0.03609051 0.041572963 0.016072504 0.04882830 0.02368420 0.018533525 0.013509964 0.010673174 0.040927917 0.002714391 0.011631679 0.003570005 0.0032297401 0.0027387534 0.0086966310 0.0159909249 6.505725e-03 9.722743e-05 6.993408e-05 8.255147e-03 8.138538e-04 1.036220e-09
   68    1      1      0    0   125  7.243460e-24 2.526888e-18 1.048558e-03 0.0265596396 0.010255938 0.0011470574 0.0152135043 0.037217849 0.04856643 0.07473239 0.06138355 0.05465579 0.03862712 0.01803573 0.02805193 0.056937715 0.02654533 0.02772514 0.069141410 0.04587646 0.085598479 0.023682519 0.02647479 0.02310476 0.008439642 0.036215325 0.02833721 0.01625475 0.011275897 0.005829334 0.024082160 0.005027175 0.021430504 0.006208482 0.005197339 0.0155080194 0.0039651599 0.0004647331 0.0075926982 1.095867e-04 6.710975e-05 5.112045e-08 3.376659e-03 3.466290e-05 1.415926e-06
   72    1      1      0    0   125 1.577477e-113 5.440697e-05 7.927699e-04 0.0042931258 0.007628119 0.0001445404 0.0002936691 0.009719919 0.03129236 0.05215840 0.08344915 0.04070494 0.03851374 0.02577683 0.06110880 0.041818838 0.03473294 0.04747969 0.047256845 0.04184103 0.033293291 0.038969393 0.05557837 0.02229913 0.040283876 0.042926685 0.07760821 0.02284540 0.014887434 0.007373393 0.005875019 0.021080166 0.009305076 0.001508563 0.005139660 0.0071075120 0.0146975036 0.0014735273 0.0018546402 3.838307e-07 7.495695e-04 3.231049e-05 6.939378e-05 4.909654e-05 5.932271e-03
   76    1      1      0    0   125  1.076252e-31 2.128577e-16 1.499361e-03 0.0135011523 0.012453742 0.0030460451 0.0031072665 0.020245754 0.02199175 0.06618854 0.07338646 0.03030335 0.04184937 0.02618758 0.05167675 0.025792264 0.07041391 0.04362201 0.077927327 0.03744127 0.040525519 0.016803455 0.06745698 0.03041698 0.022468046 0.047042548 0.03529957 0.03525700 0.007012026 0.010514072 0.007624244 0.013503881 0.014398811 0.006553624 0.008550664 0.0004219492 0.0027845179 0.0003764895 0.0018813654 3.961497e-04 2.526455e-06 1.977271e-03 8.068611e-03 1.159655e-05 1.820055e-05
   80    1      1      0    0   125  1.015249e-64 1.220172e-09 1.021918e-04 0.0052273892 0.029361135 0.0103416605 0.0016773399 0.033056017 0.05887714 0.06626575 0.08777893 0.04291007 0.02448782 0.00438546 0.04433974 0.043425807 0.05159595 0.03191733 0.021860259 0.02041435 0.042940105 0.037779309 0.02724666 0.03384491 0.030718670 0.033957893 0.01650540 0.02079224 0.050853702 0.022911998 0.027301626 0.005518325 0.015646525 0.012293619 0.019338492 0.0061190601 0.0088977432 0.0010468988 0.0062275680 5.060499e-05 3.297038e-04 1.961105e-04 1.704908e-07 1.458338e-03 6.245217e-16
   84    1      1      0    0   125  0.000000e+00 3.307501e-07 5.422364e-03 0.0177774271 0.033760405 0.0177645817 0.0010118829 0.006323097 0.04934946 0.06127336 0.06082649 0.05917186 0.02711887 0.06068552 0.04201609 0.066275393 0.06997566 0.03805477 0.027162645 0.03957626 0.006441926 0.063481418 0.03492880 0.01085654 0.041179941 0.005877513 0.02680678 0.01084460 0.012249780 0.021689841 0.013255193 0.003667811 0.012522849 0.032718394 0.001628455 0.0019532187 0.0093384734 0.0010938617 0.0041271385 4.541155e-04 1.105040e-03 7.615771e-06 1.835739e-04 1.005325e-11 4.065145e-05
   88    1      1      0    0   125  1.989114e-57 8.230424e-06 2.127293e-04 0.0175400763 0.001204640 0.0004995333 0.0114407058 0.029480351 0.04021728 0.04505481 0.06842618 0.08898876 0.04098413 0.02592597 0.03117188 0.067449929 0.04754955 0.03760846 0.056672337 0.01760548 0.025651485 0.017000675 0.02479472 0.01535057 0.025772274 0.050592120 0.05214862 0.02746727 0.024549968 0.017579724 0.013717272 0.004476790 0.001548683 0.007741498 0.003943833 0.0175705976 0.0064937718 0.0046125801 0.0176327893 1.133894e-02 1.723009e-03 1.964795e-04 1.475784e-08 5.491537e-05 3.648529e-07
   92    1      1      0    0   125  6.656371e-18 1.983261e-06 1.475529e-05 0.0072224642 0.009379141 0.0009451779 0.0057692770 0.020574010 0.03049130 0.08456208 0.06486366 0.01577241 0.03864523 0.05024827 0.05212420 0.051497237 0.05546468 0.04721897 0.030250823 0.02618580 0.006561527 0.076406979 0.04895681 0.02473013 0.045585932 0.014762380 0.01590234 0.02863669 0.010110746 0.009430435 0.013374775 0.015681351 0.029983061 0.015219890 0.012581118 0.0036049900 0.0132447741 0.0101800037 0.0117726797 8.119074e-05 1.955265e-03 4.220285e-08 3.933008e-06 1.467148e-06 5.870803e-09
   96    1      1      0    0   125 8.046605e-303 5.141617e-21 3.707272e-04 0.0255907870 0.003233658 0.0030286197 0.0027835602 0.017948792 0.02997247 0.05445149 0.07161957 0.04459159 0.01831342 0.03445257 0.02776454 0.085213621 0.01295774 0.03981099 0.022183483 0.02928935 0.030987438 0.006492062 0.01813005 0.01220578 0.069037492 0.041952260 0.01399707 0.04569603 0.062701947 0.010730850 0.015212762 0.048066005 0.006516744 0.003544444 0.004337825 0.0053558513 0.0189827878 0.0355523308 0.0244056522 9.867794e-04 1.530425e-03 3.633347e-08 8.901930e-14 2.698797e-09 4.000883e-07
  100    1      1      0    0   125 1.119313e-241 1.263841e-09 1.671666e-03 0.0018460962 0.008413723 0.0012595082 0.0005267097 0.004176702 0.02514480 0.08829093 0.06146987 0.05793415 0.02805048 0.03219559 0.01712646 0.038829118 0.06786557 0.06065046 0.054753937 0.06993426 0.064280521 0.028650251 0.02733597 0.05875716 0.035346758 0.031966615 0.03967610 0.01193172 0.015953607 0.008143515 0.007714055 0.009080019 0.006241176 0.001399178 0.003989445 0.0011060137 0.0195750863 0.0025238254 0.0005227831 4.507924e-03 2.193210e-04 1.583517e-04 7.805552e-04 4.948413e-11 2.236741e-31
   76    1      2      0    0   500  1.485636e-05 1.897700e-03 1.510034e-02 0.0521838392 0.060537638 0.0125959345 0.0125178826 0.017758860 0.03176861 0.05068748 0.06124424 0.04916792 0.03126234 0.02880964 0.04779745 0.041099631 0.04360896 0.02523654 0.035728745 0.04009185 0.027774830 0.028677624 0.03219475 0.04011673 0.019825139 0.022221866 0.02502222 0.01907568 0.016206671 0.014565395 0.012800865 0.013008209 0.008732571 0.013284623 0.011981975 0.0089567512 0.0035681594 0.0059000375 0.0070180835 6.673683e-03 1.534857e-03 1.684013e-03 7.596371e-08 1.955325e-05 4.516122e-05
   78    1      2      0    0   500  2.636529e-09 1.312850e-03 1.425424e-02 0.0514752105 0.053522425 0.0193753716 0.0068637144 0.020758575 0.04534520 0.06468578 0.03581124 0.04568439 0.03029342 0.03660488 0.03429729 0.040621936 0.03968531 0.03419851 0.043389069 0.02653796 0.035312095 0.019430865 0.02805742 0.02624837 0.033679240 0.025350858 0.01948927 0.01239257 0.028307865 0.020873178 0.023671906 0.013533256 0.012004832 0.006184574 0.008674938 0.0144528232 0.0076064878 0.0054814663 0.0090582923 2.174688e-03 3.114857e-03 7.488105e-05 2.287868e-05 4.523320e-08 8.496049e-05
   80    1      2      0    0   500  3.495256e-06 8.122979e-04 1.505673e-02 0.0593476892 0.042428433 0.0237721219 0.0085616884 0.014327307 0.03872335 0.04757798 0.04308778 0.05282619 0.05589577 0.05235965 0.03756288 0.041134193 0.02696592 0.02850799 0.039890246 0.02800371 0.038236147 0.028751392 0.02690529 0.02753455 0.022712903 0.025500262 0.01399547 0.01848526 0.029319476 0.021542377 0.009798253 0.007532248 0.010704944 0.013312304 0.009044345 0.0163331891 0.0105479639 0.0047033426 0.0033248951 1.034295e-03 9.156894e-04 7.487062e-04 2.730328e-05 1.396170e-04 2.004353e-03
   82    1      2      0    0   500  6.843332e-14 2.306671e-03 8.672402e-03 0.0406910722 0.063612731 0.0242560469 0.0281954434 0.016030368 0.04576225 0.03657849 0.05337088 0.04263685 0.04235623 0.04668115 0.03893184 0.028268808 0.04036096 0.04125082 0.030829515 0.03010064 0.021987998 0.030470894 0.03261160 0.02410446 0.028064026 0.034652365 0.01101006 0.01240975 0.039815328 0.010988227 0.018606487 0.012035920 0.011954861 0.015234084 0.011308099 0.0064574972 0.0037396134 0.0033283888 0.0038534581 1.490562e-03 2.051442e-03 7.224547e-04 2.139611e-04 9.737798e-04 1.021509e-03
   84    1      2      0    0   500  4.901846e-05 2.965827e-03 2.044388e-02 0.0473843098 0.054768423 0.0158538336 0.0156782284 0.022378357 0.04285281 0.05738647 0.06327357 0.06397360 0.02853795 0.02063061 0.03665445 0.044775856 0.03510505 0.03383603 0.044131942 0.03087499 0.028287886 0.023759978 0.02996571 0.02165918 0.018259929 0.011737977 0.02716261 0.02607439 0.026350807 0.018985043 0.018793469 0.013410368 0.010908805 0.008770323 0.009050993 0.0107392171 0.0054145572 0.0031603217 0.0025765116 1.286226e-04 5.690555e-04 6.892266e-04 4.312243e-04 1.526012e-03 3.258068e-05
   86    1      2      0    0   500  3.170707e-07 2.410893e-03 1.139251e-02 0.0463511572 0.045857225 0.0243971846 0.0058831512 0.020803726 0.02917486 0.06442728 0.04846780 0.04693371 0.03469405 0.03838160 0.03041549 0.048054355 0.02924612 0.03982886 0.048311241 0.03196541 0.019964257 0.031315264 0.01957999 0.02789224 0.031901875 0.029002395 0.01493252 0.03900456 0.024985254 0.019454052 0.022915722 0.012773228 0.014042430 0.018859740 0.009913036 0.0041871565 0.0026672084 0.0022211803 0.0013196588 1.115789e-03 2.306227e-03 1.495146e-03 3.315321e-05 2.786007e-04 8.423910e-04
   88    1      2      0    0   500  1.603469e-05 5.307320e-03 2.815567e-02 0.0501070914 0.055057260 0.0142655755 0.0108911072 0.043696930 0.04314066 0.05172618 0.04786521 0.03492523 0.03035983 0.02905268 0.03782930 0.030628504 0.03271547 0.03069035 0.032821940 0.03092800 0.030733156 0.048591980 0.03771641 0.03109286 0.016641588 0.021451771 0.01090087 0.02061916 0.018045561 0.035887739 0.015019724 0.018420087 0.008422870 0.008028846 0.005437887 0.0108611420 0.0120861376 0.0018032831 0.0046077063 2.376862e-03 1.425533e-04 3.424450e-06 3.916107e-04 7.057480e-10 5.364134e-04
   90    1      2      0    0   500  5.017515e-08 4.907896e-03 2.435273e-02 0.0451811767 0.037407497 0.0214608777 0.0066606978 0.030800879 0.05731959 0.04130586 0.04979588 0.04194706 0.02840003 0.04747256 0.04151479 0.047039655 0.02450571 0.03638211 0.033833703 0.03930858 0.034139127 0.025548780 0.03368423 0.01725134 0.035142194 0.022657465 0.01924683 0.02385965 0.016807878 0.012850810 0.015030680 0.015806759 0.010830821 0.010517282 0.009788603 0.0116024405 0.0081912104 0.0048061885 0.0071830550 3.969631e-03 5.761299e-04 9.455658e-05 4.653550e-05 1.703439e-05 7.534213e-04
   92    1      2      0    0   500  1.556268e-04 3.741400e-03 2.045005e-02 0.0502088048 0.041049546 0.0156681990 0.0085149081 0.014120720 0.04269797 0.06354368 0.04507942 0.04715269 0.04376382 0.04027593 0.02941643 0.050797085 0.03952602 0.03389552 0.032527636 0.03305763 0.029098554 0.044227012 0.02487135 0.01832124 0.017464317 0.016641053 0.01670329 0.01813086 0.020088154 0.023150863 0.015453054 0.018839848 0.020857085 0.013522673 0.016726993 0.0035352034 0.0085287866 0.0042476499 0.0027844613 1.506602e-03 3.109777e-03 3.061803e-03 2.065568e-03 1.478495e-04 1.272859e-03
   94    1      2      0    0   500  3.841165e-29 7.822948e-03 8.502319e-03 0.0456610409 0.045496417 0.0203725735 0.0171784040 0.032130120 0.03708300 0.07032949 0.05237524 0.04697383 0.03421660 0.04124119 0.03217482 0.035219815 0.03954932 0.03391315 0.037248854 0.03380757 0.030220805 0.023237821 0.02307710 0.03667675 0.027602400 0.018183924 0.01641341 0.01563309 0.019686240 0.019688864 0.019137773 0.007084573 0.016286477 0.013224345 0.011592700 0.0084707848 0.0033061497 0.0084841575 0.0055338296 6.299050e-04 2.058828e-03 1.572287e-03 7.948814e-04 1.137577e-06 1.050814e-04
   96    1      2      0    0   500  3.410013e-07 8.782953e-04 2.139590e-02 0.0458058437 0.043853268 0.0133262334 0.0061975681 0.009344300 0.04855612 0.05617681 0.04301809 0.05198745 0.03575878 0.05140062 0.03964057 0.044975499 0.02767915 0.03273574 0.038736693 0.02074950 0.043073693 0.032597258 0.02752792 0.03497958 0.032489018 0.017439965 0.03467861 0.01887011 0.015964858 0.017067463 0.015258581 0.014570352 0.014395897 0.010083349 0.004790570 0.0052997679 0.0039973263 0.0124457898 0.0042333546 4.543643e-03 1.301038e-03 6.402868e-04 9.187500e-04 4.332083e-04 1.828278e-04
   98    1      2      0    0   500  5.464325e-03 6.074089e-03 1.951842e-02 0.0606628728 0.046505050 0.0288694041 0.0159517488 0.036525316 0.04486008 0.04189995 0.05243713 0.03144539 0.02784666 0.03672485 0.02761130 0.054536840 0.02574843 0.04051760 0.020345198 0.03575869 0.032357024 0.027630356 0.02382976 0.01435911 0.023963214 0.032929111 0.02247284 0.02749194 0.029415090 0.011943175 0.010835236 0.010953457 0.016478189 0.016157573 0.010405402 0.0105454605 0.0102675313 0.0029234905 0.0029530643 2.001355e-03 5.578222e-04 1.574792e-04 1.516086e-05 9.284090e-06 4.454241e-05
  100    1      2      0    0   500  3.033624e-03 3.934365e-03 1.647678e-02 0.0541930986 0.044946394 0.0130483171 0.0088165009 0.020355789 0.06135680 0.05794911 0.05423134 0.03904845 0.02709705 0.04673722 0.04672096 0.020555222 0.02723922 0.03675649 0.051627926 0.02492194 0.031362457 0.019548169 0.02355223 0.02785400 0.029935534 0.026812653 0.01111688 0.02958113 0.029552415 0.018581631 0.019146073 0.012770619 0.012098544 0.007346891 0.018533143 0.0097295824 0.0022309235 0.0043749264 0.0025614573 1.642032e-03 1.851832e-07 3.781893e-04 5.214700e-04 1.228914e-07 1.722161e-03
15 #_N_agebins
#_agebin_vector
1 2 3 4 5 6 7 8 9 10 11 12 13 14 15
1 #_N_ageerror_definitions
 #_age0   age1   age2   age3   age4   age5   age6   age7   age8   age9  age10  age11  age12  age13  age14  age15  age16  age17  age18  age19  age20  age21  age22  age23  age24  age25
 -1.000 -1.000 -1.000 -1.000 -1.000 -1.000 -1.000 -1.000 -1.000 -1.000 -1.000 -1.000 -1.000 -1.000 -1.000 -1.000 -1.000 -1.000 -1.000 -1.000 -1.000 -1.000 -1.000 -1.000 -1.000 -1.000
  0.001  0.001  0.001  0.001  0.001  0.001  0.001  0.001  0.001  0.001  0.001  0.001  0.001  0.001  0.001  0.001  0.001  0.001  0.001  0.001  0.001  0.001  0.001  0.001  0.001  0.001
85 #_N_agecomp
1 #_Lbin_method: 1=poplenbins; 2=datalenbins; 3=lengths
-1 #_combine males into females at or below this bin number
 #_Yr Seas FltSvy Gender Part Ageerr Lbin_lo Lbin_hi Nsamp           a1        a2        a3        a4         a5         a6         a7          a8         a9         a10          a11         a12          a13          a14         a15
   26    1      1      0    0      1      -1      -1   125  0.021992228 0.1293633 0.1711796 0.1010912 0.10313503 0.06628115 0.04911234 0.087276366 0.03516809 0.048375229 0.0622252850 0.015564454 0.0144635783 2.503220e-02 0.069739905
   36    1      1      0    0      1      -1      -1   125  0.047227314 0.2248795 0.1496284 0.1747481 0.08244457 0.07546792 0.06788062 0.008583413 0.02220736 0.030649197 0.0580209022 0.012013874 0.0091896240 1.351067e-02 0.023548481
   46    1      1      0    0      1      -1      -1   125  0.009549539 0.2758468 0.1762857 0.1377737 0.12183981 0.10147755 0.03808637 0.056096852 0.01414734 0.009866207 0.0025508842 0.024834597 0.0143982589 7.325434e-03 0.009921015
   56    1      1      0    0      1      -1      -1   125  0.036034353 0.2693366 0.2177038 0.1188587 0.09296055 0.06804876 0.03765448 0.039217299 0.04158661 0.013101484 0.0108795979 0.020693993 0.0070917778 1.491066e-02 0.011921309
   60    1      1      0    0      1      -1      -1   125  0.023832530 0.1896157 0.1618722 0.1097304 0.13544900 0.06629663 0.12887960 0.044373693 0.04977409 0.028394669 0.0309233326 0.004793814 0.0006798082 4.680706e-03 0.020703879
   64    1      1      0    0      1      -1      -1   125  0.065252477 0.1990170 0.2124049 0.1654807 0.11080251 0.07259504 0.03375049 0.022275440 0.01129983 0.012572650 0.0369176413 0.027306608 0.0036102488 4.820885e-03 0.021893578
   68    1      1      0    0      1      -1      -1   125  0.053082060 0.2276528 0.1669431 0.1616147 0.08690304 0.08355675 0.06284723 0.046634924 0.03082028 0.010869042 0.0002584525 0.003156195 0.0423582075 1.697564e-03 0.021605680
   72    1      1      0    0      1      -1      -1   125  0.065062010 0.1868599 0.1940553 0.1359735 0.06562845 0.08524111 0.05756864 0.081427692 0.05347492 0.026381814 0.0051411072 0.016771114 0.0040878485 8.552791e-03 0.013773760
   76    1      1      0    0      1      -1      -1   125  0.040727839 0.2434310 0.1934446 0.1597194 0.09035726 0.06024763 0.04617167 0.069725023 0.03494717 0.019876305 0.0226910558 0.008496515 0.0004878009 7.463706e-05 0.009602032
   80    1      1      0    0      1      -1      -1   125  0.035820246 0.2532348 0.2262421 0.2016626 0.07091688 0.04801259 0.02324811 0.067017835 0.01143326 0.025391544 0.0082771756 0.012314274 0.0044984376 2.009265e-04 0.011729277
   84    1      1      0    0      1      -1      -1   125  0.057538843 0.2366239 0.1198467 0.1624893 0.17785700 0.08396984 0.02842601 0.024413738 0.03271534 0.011216100 0.0305124897 0.014321310 0.0032579920 8.096977e-04 0.016001702
   88    1      1      0    0      1      -1      -1   125  0.015722924 0.2476376 0.2248392 0.1209933 0.11475865 0.04708658 0.08747505 0.022713463 0.01931959 0.016399150 0.0091440431 0.010463432 0.0559651851 2.169106e-03 0.005312597
   92    1      1      0    0      1      -1      -1   125  0.022293644 0.2249834 0.1737379 0.1766926 0.15107066 0.07571019 0.06182290 0.017106477 0.02840176 0.018983823 0.0190824150 0.009433117 0.0024799046 5.891034e-03 0.012310147
   96    1      1      0    0      1      -1      -1   125  0.030472735 0.2831550 0.2156014 0.1371330 0.10153796 0.06120726 0.05639350 0.019718823 0.03126540 0.021253587 0.0024400218 0.018352844 0.0025170726 1.493725e-02 0.004014093
  100    1      1      0    0      1      -1      -1   125  0.034714159 0.2911690 0.1525997 0.1408115 0.08363760 0.04398986 0.08702231 0.045656322 0.01739259 0.039686214 0.0055254198 0.022861177 0.0054484246 8.818069e-03 0.020667608
   76    1      2      0    0      1      -1      -1   500  0.136811606 0.2573389 0.1516756 0.1055129 0.10034254 0.06308546 0.05206804 0.042927377 0.02808620 0.019311698 0.0158834049 0.006789606 0.0073399780 4.945708e-03 0.007880889
   78    1      2      0    0      1      -1      -1   500  0.168176779 0.2079581 0.1653378 0.1169082 0.09949118 0.06883514 0.04527158 0.040708274 0.03388738 0.015995504 0.0136499764 0.011752634 0.0046628702 2.371365e-04 0.007127498
   80    1      2      0    0      1      -1      -1   500  0.180086552 0.2204498 0.1558403 0.1322341 0.08428576 0.05515467 0.04366047 0.034560666 0.02432043 0.023337679 0.0117601969 0.008188729 0.0048476171 2.443045e-03 0.018830089
   82    1      2      0    0      1      -1      -1   500  0.145968868 0.2186815 0.1856973 0.1061251 0.07620255 0.07537732 0.04735675 0.030116854 0.02345202 0.022492554 0.0234229264 0.011639550 0.0112240557 9.503051e-03 0.012739638
   84    1      2      0    0      1      -1      -1   500  0.142387716 0.2318651 0.1735446 0.1262372 0.09466406 0.05841720 0.04538193 0.027755707 0.02306503 0.027719356 0.0082082322 0.006165325 0.0107321893 4.521736e-03 0.019334580
   86    1      2      0    0      1      -1      -1   500  0.129833241 0.2120183 0.1696120 0.1229272 0.12999587 0.06886023 0.04006218 0.022124911 0.02218328 0.019289408 0.0111756481 0.019459666 0.0066768148 1.399242e-02 0.011788858
   88    1      2      0    0      1      -1      -1   500  0.134634026 0.2389093 0.1612845 0.1077468 0.08961779 0.06997708 0.04620612 0.024701529 0.02613517 0.026785758 0.0270090497 0.013744364 0.0092536756 3.725560e-03 0.020269246
   90    1      2      0    0      1      -1      -1   500  0.134052119 0.2379315 0.1680434 0.1053634 0.09059369 0.05978438 0.06264621 0.054561356 0.02435721 0.021776734 0.0111753081 0.008867823 0.0051360040 3.785704e-03 0.011925266
   92    1      2      0    0      1      -1      -1   500  0.152243132 0.2026405 0.1617456 0.1067695 0.08853373 0.08683374 0.05971261 0.026600360 0.02329055 0.024616376 0.0162311521 0.015150949 0.0053921157 1.539567e-02 0.014844046
   94    1      2      0    0      1      -1      -1   500  0.166918590 0.2467577 0.1649538 0.1326761 0.08326992 0.06390405 0.03519308 0.022719672 0.01473901 0.019930676 0.0181685514 0.011714918 0.0066806898 2.377777e-03 0.009995471
   96    1      2      0    0      1      -1      -1   500  0.132798457 0.2452719 0.1830694 0.1429420 0.06292660 0.07261472 0.04783507 0.031498240 0.02110054 0.020223315 0.0144457831 0.012097104 0.0048710947 2.774857e-03 0.005530958
   98    1      2      0    0      1      -1      -1   500  0.140064647 0.2273270 0.1590994 0.1539380 0.09234861 0.05436331 0.04584287 0.034869651 0.02800425 0.016533871 0.0094497482 0.013415351 0.0115290163 2.301224e-03 0.010913123
  100    1      2      0    0      1      -1      -1   500  0.105381217 0.2225559 0.1960251 0.1284739 0.10014419 0.06503358 0.04846925 0.043207507 0.01816959 0.017587349 0.0135276853 0.003834768 0.0172802465 4.477016e-03 0.015832775
   60    1      1      0    0      1       3       3     1  1.000000000 0.0000000 0.0000000 0.0000000 0.00000000 0.00000000 0.00000000 0.000000000 0.00000000 0.000000000 0.0000000000 0.000000000 0.0000000000 0.000000e+00 0.000000000
   60    1      1      0    0      1       4       4     2  2.000000000 0.0000000 0.0000000 0.0000000 0.00000000 0.00000000 0.00000000 0.000000000 0.00000000 0.000000000 0.0000000000 0.000000000 0.0000000000 0.000000e+00 0.000000000
   60    1      1      0    0      1       5       5     3  3.000000000 0.0000000 0.0000000 0.0000000 0.00000000 0.00000000 0.00000000 0.000000000 0.00000000 0.000000000 0.0000000000 0.000000000 0.0000000000 0.000000e+00 0.000000000
   60    1      1      0    0      1       8       8     4  4.000000000 0.0000000 0.0000000 0.0000000 0.00000000 0.00000000 0.00000000 0.000000000 0.00000000 0.000000000 0.0000000000 0.000000000 0.0000000000 0.000000e+00 0.000000000
   60    1      1      0    0      1       9       9     4  4.000000000 0.0000000 0.0000000 0.0000000 0.00000000 0.00000000 0.00000000 0.000000000 0.00000000 0.000000000 0.0000000000 0.000000000 0.0000000000 0.000000e+00 0.000000000
   60    1      1      0    0      1      10      10     2  2.000000000 0.0000000 0.0000000 0.0000000 0.00000000 0.00000000 0.00000000 0.000000000 0.00000000 0.000000000 0.0000000000 0.000000000 0.0000000000 0.000000e+00 0.000000000
   60    1      1      0    0      1      11      11     6  6.000000000 0.0000000 0.0000000 0.0000000 0.00000000 0.00000000 0.00000000 0.000000000 0.00000000 0.000000000 0.0000000000 0.000000000 0.0000000000 0.000000e+00 0.000000000
   60    1      1      0    0      1      12      12     2  2.000000000 0.0000000 0.0000000 0.0000000 0.00000000 0.00000000 0.00000000 0.000000000 0.00000000 0.000000000 0.0000000000 0.000000000 0.0000000000 0.000000e+00 0.000000000
   60    1      1      0    0      1      13      13     3  3.000000000 0.0000000 0.0000000 0.0000000 0.00000000 0.00000000 0.00000000 0.000000000 0.00000000 0.000000000 0.0000000000 0.000000000 0.0000000000 0.000000e+00 0.000000000
   60    1      1      0    0      1      14      14     1  1.000000000 0.0000000 0.0000000 0.0000000 0.00000000 0.00000000 0.00000000 0.000000000 0.00000000 0.000000000 0.0000000000 0.000000000 0.0000000000 0.000000e+00 0.000000000
   60    1      1      0    0      1      15      15     5  5.000000000 0.0000000 0.0000000 0.0000000 0.00000000 0.00000000 0.00000000 0.000000000 0.00000000 0.000000000 0.0000000000 0.000000000 0.0000000000 0.000000e+00 0.000000000
   60    1      1      0    0      1      16      16     7  7.000000000 0.0000000 0.0000000 0.0000000 0.00000000 0.00000000 0.00000000 0.000000000 0.00000000 0.000000000 0.0000000000 0.000000000 0.0000000000 0.000000e+00 0.000000000
   60    1      1      0    0      1      17      17     1  1.000000000 0.0000000 0.0000000 0.0000000 0.00000000 0.00000000 0.00000000 0.000000000 0.00000000 0.000000000 0.0000000000 0.000000000 0.0000000000 0.000000e+00 0.000000000
   60    1      1      0    0      1      18      18    11 11.000000000 0.0000000 0.0000000 0.0000000 0.00000000 0.00000000 0.00000000 0.000000000 0.00000000 0.000000000 0.0000000000 0.000000000 0.0000000000 0.000000e+00 0.000000000
   60    1      1      0    0      1      19      19     4  4.000000000 0.0000000 0.0000000 0.0000000 0.00000000 0.00000000 0.00000000 0.000000000 0.00000000 0.000000000 0.0000000000 0.000000000 0.0000000000 0.000000e+00 0.000000000
   60    1      1      0    0      1      20      20     3  3.000000000 0.0000000 0.0000000 0.0000000 0.00000000 0.00000000 0.00000000 0.000000000 0.00000000 0.000000000 0.0000000000 0.000000000 0.0000000000 0.000000e+00 0.000000000
   60    1      1      0    0      1      21      21     5  5.000000000 0.0000000 0.0000000 0.0000000 0.00000000 0.00000000 0.00000000 0.000000000 0.00000000 0.000000000 0.0000000000 0.000000000 0.0000000000 0.000000e+00 0.000000000
   60    1      1      0    0      1      22      22     3  3.000000000 0.0000000 0.0000000 0.0000000 0.00000000 0.00000000 0.00000000 0.000000000 0.00000000 0.000000000 0.0000000000 0.000000000 0.0000000000 0.000000e+00 0.000000000
   60    1      1      0    0      1      23      23     7  7.000000000 0.0000000 0.0000000 0.0000000 0.00000000 0.00000000 0.00000000 0.000000000 0.00000000 0.000000000 0.0000000000 0.000000000 0.0000000000 0.000000e+00 0.000000000
   60    1      1      0    0      1      24      24     9  9.000000000 0.0000000 0.0000000 0.0000000 0.00000000 0.00000000 0.00000000 0.000000000 0.00000000 0.000000000 0.0000000000 0.000000000 0.0000000000 0.000000e+00 0.000000000
   60    1      1      0    0      1      25      25     1  1.000000000 0.0000000 0.0000000 0.0000000 0.00000000 0.00000000 0.00000000 0.000000000 0.00000000 0.000000000 0.0000000000 0.000000000 0.0000000000 0.000000e+00 0.000000000
   60    1      1      0    0      1      26      26     3  3.000000000 0.0000000 0.0000000 0.0000000 0.00000000 0.00000000 0.00000000 0.000000000 0.00000000 0.000000000 0.0000000000 0.000000000 0.0000000000 0.000000e+00 0.000000000
   60    1      1      0    0      1      27      27     2  1.000000000 1.0000000 0.0000000 0.0000000 0.00000000 0.00000000 0.00000000 0.000000000 0.00000000 0.000000000 0.0000000000 0.000000000 0.0000000000 0.000000e+00 0.000000000
   60    1      1      0    0      1      28      28     1  1.000000000 0.0000000 0.0000000 0.0000000 0.00000000 0.00000000 0.00000000 0.000000000 0.00000000 0.000000000 0.0000000000 0.000000000 0.0000000000 0.000000e+00 0.000000000
   60    1      1      0    0      1      29      29     1  1.000000000 0.0000000 0.0000000 0.0000000 0.00000000 0.00000000 0.00000000 0.000000000 0.00000000 0.000000000 0.0000000000 0.000000000 0.0000000000 0.000000e+00 0.000000000
   60    1      1      0    0      1      30      30     1  0.000000000 1.0000000 0.0000000 0.0000000 0.00000000 0.00000000 0.00000000 0.000000000 0.00000000 0.000000000 0.0000000000 0.000000000 0.0000000000 0.000000e+00 0.000000000
   60    1      1      0    0      1      31      31     1  0.000000000 1.0000000 0.0000000 0.0000000 0.00000000 0.00000000 0.00000000 0.000000000 0.00000000 0.000000000 0.0000000000 0.000000000 0.0000000000 0.000000e+00 0.000000000
   60    1      1      0    0      1      32      32     1  0.000000000 1.0000000 0.0000000 0.0000000 0.00000000 0.00000000 0.00000000 0.000000000 0.00000000 0.000000000 0.0000000000 0.000000000 0.0000000000 0.000000e+00 0.000000000
   60    1      1      0    0      1      33      33     1  0.000000000 1.0000000 0.0000000 0.0000000 0.00000000 0.00000000 0.00000000 0.000000000 0.00000000 0.000000000 0.0000000000 0.000000000 0.0000000000 0.000000e+00 0.000000000
   60    1      1      0    0      1      36      36     3  0.000000000 3.0000000 0.0000000 0.0000000 0.00000000 0.00000000 0.00000000 0.000000000 0.00000000 0.000000000 0.0000000000 0.000000000 0.0000000000 0.000000e+00 0.000000000
   60    1      1      0    0      1      38      38     1  0.000000000 1.0000000 0.0000000 0.0000000 0.00000000 0.00000000 0.00000000 0.000000000 0.00000000 0.000000000 0.0000000000 0.000000000 0.0000000000 0.000000e+00 0.000000000
   60    1      1      0    0      1      42      42     1  0.000000000 1.0000000 0.0000000 0.0000000 0.00000000 0.00000000 0.00000000 0.000000000 0.00000000 0.000000000 0.0000000000 0.000000000 0.0000000000 0.000000e+00 0.000000000
  100    1      1      0    0      1       5       5     1  1.000000000 0.0000000 0.0000000 0.0000000 0.00000000 0.00000000 0.00000000 0.000000000 0.00000000 0.000000000 0.0000000000 0.000000000 0.0000000000 0.000000e+00 0.000000000
  100    1      1      0    0      1       9       9     4  4.000000000 0.0000000 0.0000000 0.0000000 0.00000000 0.00000000 0.00000000 0.000000000 0.00000000 0.000000000 0.0000000000 0.000000000 0.0000000000 0.000000e+00 0.000000000
  100    1      1      0    0      1      10      10     7  7.000000000 0.0000000 0.0000000 0.0000000 0.00000000 0.00000000 0.00000000 0.000000000 0.00000000 0.000000000 0.0000000000 0.000000000 0.0000000000 0.000000e+00 0.000000000
  100    1      1      0    0      1      11      11     5  5.000000000 0.0000000 0.0000000 0.0000000 0.00000000 0.00000000 0.00000000 0.000000000 0.00000000 0.000000000 0.0000000000 0.000000000 0.0000000000 0.000000e+00 0.000000000
  100    1      1      0    0      1      12      12     5  5.000000000 0.0000000 0.0000000 0.0000000 0.00000000 0.00000000 0.00000000 0.000000000 0.00000000 0.000000000 0.0000000000 0.000000000 0.0000000000 0.000000e+00 0.000000000
  100    1      1      0    0      1      13      13     2  2.000000000 0.0000000 0.0000000 0.0000000 0.00000000 0.00000000 0.00000000 0.000000000 0.00000000 0.000000000 0.0000000000 0.000000000 0.0000000000 0.000000e+00 0.000000000
  100    1      1      0    0      1      14      14     3  3.000000000 0.0000000 0.0000000 0.0000000 0.00000000 0.00000000 0.00000000 0.000000000 0.00000000 0.000000000 0.0000000000 0.000000000 0.0000000000 0.000000e+00 0.000000000
  100    1      1      0    0      1      15      15     3  3.000000000 0.0000000 0.0000000 0.0000000 0.00000000 0.00000000 0.00000000 0.000000000 0.00000000 0.000000000 0.0000000000 0.000000000 0.0000000000 0.000000e+00 0.000000000
  100    1      1      0    0      1      16      16     5  5.000000000 0.0000000 0.0000000 0.0000000 0.00000000 0.00000000 0.00000000 0.000000000 0.00000000 0.000000000 0.0000000000 0.000000000 0.0000000000 0.000000e+00 0.000000000
  100    1      1      0    0      1      17      17     5  5.000000000 0.0000000 0.0000000 0.0000000 0.00000000 0.00000000 0.00000000 0.000000000 0.00000000 0.000000000 0.0000000000 0.000000000 0.0000000000 0.000000e+00 0.000000000
  100    1      1      0    0      1      18      18     7  7.000000000 0.0000000 0.0000000 0.0000000 0.00000000 0.00000000 0.00000000 0.000000000 0.00000000 0.000000000 0.0000000000 0.000000000 0.0000000000 0.000000e+00 0.000000000
  100    1      1      0    0      1      19      19     6  6.000000000 0.0000000 0.0000000 0.0000000 0.00000000 0.00000000 0.00000000 0.000000000 0.00000000 0.000000000 0.0000000000 0.000000000 0.0000000000 0.000000e+00 0.000000000
  100    1      1      0    0      1      20      20     4  4.000000000 0.0000000 0.0000000 0.0000000 0.00000000 0.00000000 0.00000000 0.000000000 0.00000000 0.000000000 0.0000000000 0.000000000 0.0000000000 0.000000e+00 0.000000000
  100    1      1      0    0      1      21      21     5  5.000000000 0.0000000 0.0000000 0.0000000 0.00000000 0.00000000 0.00000000 0.000000000 0.00000000 0.000000000 0.0000000000 0.000000000 0.0000000000 0.000000e+00 0.000000000
  100    1      1      0    0      1      22      22     2  2.000000000 0.0000000 0.0000000 0.0000000 0.00000000 0.00000000 0.00000000 0.000000000 0.00000000 0.000000000 0.0000000000 0.000000000 0.0000000000 0.000000e+00 0.000000000
  100    1      1      0    0      1      23      23     3  3.000000000 0.0000000 0.0000000 0.0000000 0.00000000 0.00000000 0.00000000 0.000000000 0.00000000 0.000000000 0.0000000000 0.000000000 0.0000000000 0.000000e+00 0.000000000
  100    1      1      0    0      1      24      24    13 13.000000000 0.0000000 0.0000000 0.0000000 0.00000000 0.00000000 0.00000000 0.000000000 0.00000000 0.000000000 0.0000000000 0.000000000 0.0000000000 0.000000e+00 0.000000000
  100    1      1      0    0      1      25      25     4  4.000000000 0.0000000 0.0000000 0.0000000 0.00000000 0.00000000 0.00000000 0.000000000 0.00000000 0.000000000 0.0000000000 0.000000000 0.0000000000 0.000000e+00 0.000000000
  100    1      1      0    0      1      26      26     4  3.000000000 1.0000000 0.0000000 0.0000000 0.00000000 0.00000000 0.00000000 0.000000000 0.00000000 0.000000000 0.0000000000 0.000000000 0.0000000000 0.000000e+00 0.000000000
  100    1      1      0    0      1      27      27     2  2.000000000 0.0000000 0.0000000 0.0000000 0.00000000 0.00000000 0.00000000 0.000000000 0.00000000 0.000000000 0.0000000000 0.000000000 0.0000000000 0.000000e+00 0.000000000
  100    1      1      0    0      1      29      29     3  1.000000000 2.0000000 0.0000000 0.0000000 0.00000000 0.00000000 0.00000000 0.000000000 0.00000000 0.000000000 0.0000000000 0.000000000 0.0000000000 0.000000e+00 0.000000000
  100    1      1      0    0      1      30      30     1  1.000000000 0.0000000 0.0000000 0.0000000 0.00000000 0.00000000 0.00000000 0.000000000 0.00000000 0.000000000 0.0000000000 0.000000000 0.0000000000 0.000000e+00 0.000000000
  100    1      1      0    0      1      32      32     2  0.000000000 2.0000000 0.0000000 0.0000000 0.00000000 0.00000000 0.00000000 0.000000000 0.00000000 0.000000000 0.0000000000 0.000000000 0.0000000000 0.000000e+00 0.000000000
  100    1      1      0    0      1      37      37     3  0.000000000 3.0000000 0.0000000 0.0000000 0.00000000 0.00000000 0.00000000 0.000000000 0.00000000 0.000000000 0.0000000000 0.000000000 0.0000000000 0.000000e+00 0.000000000
  100    1      1      0    0      1      38      38     1  0.000000000 1.0000000 0.0000000 0.0000000 0.00000000 0.00000000 0.00000000 0.000000000 0.00000000 0.000000000 0.0000000000 0.000000000 0.0000000000 0.000000e+00 0.000000000
0 #_N_MeanSize_at_Age_obs
0 #_N_environ_variables
0 #_N_environ_obs
0 #_N_sizefreq_methods
0 #_do_tags
0 #_morphcomp_data
#
999
