#C data file created using the SS_writedat function in the R package r4ss
#C should work with SS version: 
#C file write time: 2015-02-11 18:41:21
#
1 #_styr
100 #_endyr
1 #_nseas
12 #_months_per_seas
1 #_spawn_seas
1 #_Nfleet
2 #_Nsurveys
1 #_N_areas
Fishery%Survey%CPUE #_fleetnames
0.5 0.5 0.5 #_surveytiming_in_season
1 1 1 #_area_assignments_for_each_fishery_and_survey
1 #_units of catch:  1=bio; 2=num
0.01 #_se of log(catch) only used for init_eq_catch and for Fmethod 2 and 3
1 #_Ngenders
25 #_Nages
0 #_init_equil_catch_for_each_fishery
100 #_N_lines_of_catch_to_read
 #_Fishery year seas
         0    1    1
         0    2    1
         0    3    1
         0    4    1
         0    5    1
         0    6    1
         0    7    1
         0    8    1
         0    9    1
         0   10    1
         0   11    1
         0   12    1
         0   13    1
         0   14    1
         0   15    1
         0   16    1
         0   17    1
         0   18    1
         0   19    1
         0   20    1
         0   21    1
         0   22    1
         0   23    1
         0   24    1
         0   25    1
 444646000   26    1
 397608000   27    1
 357583000   28    1
 324161000   29    1
 296656000   30    1
 274240000   31    1
 256057000   32    1
 241314000   33    1
 229322000   34    1
 219511000   35    1
 211426000   36    1
 204710000   37    1
 199088000   38    1
 194347000   39    1
 190324000   40    1
 186891000   41    1
 183948000   42    1
 181416000   43    1
 179230000   44    1
 177337000   45    1
 175694000   46    1
 174266000   47    1
 173022000   48    1
 171937000   49    1
 170990000   50    1
 170161000   51    1
 169436000   52    1
 168801000   53    1
 168243000   54    1
 167755000   55    1
 167325000   56    1
 166948000   57    1
 166617000   58    1
 166326000   59    1
 166070000   60    1
 165844000   61    1
 165646000   62    1
 165471000   63    1
 165317000   64    1
 165182000   65    1
 165063000   66    1
 164958000   67    1
 164865000   68    1
 164784000   69    1
 164712000   70    1
 164649000   71    1
 164593000   72    1
 164544000   73    1
 164500000   74    1
 164462000   75    1
 164429000   76    1
 164399000   77    1
 164373000   78    1
 164350000   79    1
 164329000   80    1
 164311000   81    1
 164296000   82    1
 164282000   83    1
 164269000   84    1
 164258000   85    1
 164249000   86    1
 164240000   87    1
 164233000   88    1
 164227000   89    1
 164221000   90    1
 164216000   91    1
 164211000   92    1
 164207000   93    1
 164204000   94    1
 164201000   95    1
 164198000   96    1
 164195000   97    1
 164193000   98    1
 164192000   99    1
 164190000  100    1
13 #_N_cpue
 #_Fleet Units Errtype
       1     1       0
       2     1       0
       3     1       0
 #_year seas index        obs se_log
     76    1     2 1737846451    0.2
     78    1     2 1014599084    0.2
     80    1     2 1272236055    0.2
     82    1     2 1445825931    0.2
     84    1     2 1419058571    0.2
     86    1     2 1166175188    0.2
     88    1     2 1517581897    0.2
     90    1     2 1586943147    0.2
     92    1     2 1666397953    0.2
     94    1     2 1385374540    0.2
     96    1     2 1080970379    0.2
     98    1     2 1286812991    0.2
    100    1     2 1502740571    0.2
0 #_N_discard_fleets
#_discard_units (1=same_as_catchunits(bio/num); 2=fraction; 3=numbers)
#_discard_errtype:  >0 for DF of T-dist(read CV below); 0 for normal with CV; -1 for normal with se; -2 for lognormal
0 #_N_discard
0 #_N_meanbodywt
1 #_DF_for_meanbodywt_T-distribution_like
2 # length bin method: 1=use databins; 2=generate from binwidth,min,max below; 3=read vector
1 # binwidth for population size comp
10 # minimum size in the population (lower edge of first bin and size at age 0.00)
200 # maximum size in the population (lower edge of last bin)
-0.001 #_comp_tail_compression
1e-05 #_add_to_comp
0 #_combine males into females at or below this bin number
45 #_N_lbins
#_lbin_vector
20 23 26 29 32 35 38 41 44 47 50 53 56 59 62 65 68 71 74 77 80 83 86 89 92 95 98 101 104 107 110 113 116 119 122 125 128 131 134 137 140 143 146 149 152
28 #_N_Length_comp_observations
 #_Yr Seas FltSvy Gender Part Nsamp           l20          l23          l26          l29         l32          l35          l38         l41        l44        l47        l50        l53         l56        l59        l62        l65        l68        l71        l74        l77         l80        l83        l86        l89        l92         l95        l98        l101        l104        l107        l110        l113        l116        l119        l122         l125         l128         l131         l134         l137         l140         l143         l146         l149         l152
   26    1      1      0    0   125  0.000000e+00 8.993101e-05 4.641756e-04 0.0043327784 0.054572586 0.0054158861 0.0045808624 0.017590789 0.02374702 0.04660093 0.07573259 0.03039266 0.029963068 0.02566942 0.03181191 0.01981801 0.01466983 0.02128759 0.03824136 0.02502866 0.024268608 0.02369198 0.01757240 0.04386082 0.01914938 0.012520273 0.02883639 0.027725289 0.068714257 0.019944026 0.018488685 0.018415719 0.024625251 0.041236571 0.035624453 4.337807e-02 0.0256322982 6.736562e-03 0.0188156277 1.964609e-03 6.319305e-05 2.706053e-04 8.874711e-04 7.554874e-03 1.255137e-05
   36    1      1      0    0   125  1.151014e-26 1.532978e-57 5.208776e-03 0.0113554494 0.004665519 0.0024018712 0.0008400278 0.003872517 0.02969450 0.08511327 0.04473453 0.05610029 0.025257539 0.02601014 0.05489850 0.04050969 0.04612146 0.01057769 0.03323104 0.03742211 0.037026902 0.04093442 0.01765063 0.02903005 0.03440195 0.019357293 0.01895663 0.030923669 0.076720334 0.013882419 0.016277439 0.025766501 0.014614122 0.013862677 0.002711320 7.863979e-03 0.0045440233 6.748248e-03 0.0201781508 1.455440e-02 6.097108e-04 3.254960e-02 1.104566e-03 1.441500e-28 1.716057e-03
   46    1      1      0    0   125 2.376877e-203 5.451252e-13 1.052167e-03 0.0023684572 0.003778443 0.0068466563 0.0139938242 0.012989360 0.06260888 0.03314900 0.05566115 0.04658742 0.071190890 0.04121923 0.01857086 0.04708658 0.03375104 0.05391258 0.04342687 0.04974854 0.007013179 0.08074044 0.04822062 0.03293673 0.02536077 0.040145645 0.01685544 0.027459341 0.024324725 0.007530955 0.021239867 0.015702386 0.020020979 0.009082495 0.002279814 3.224218e-04 0.0084327082 1.578262e-03 0.0061031151 1.635871e-03 4.728941e-03 5.579249e-08 3.432939e-04 7.054272e-21 2.363342e-11
   56    1      1      0    0   125  0.000000e+00 2.560087e-48 8.615503e-04 0.0105517965 0.016513517 0.0260989276 0.0032628856 0.009694143 0.02455393 0.05829763 0.08799908 0.03030530 0.029019754 0.02910199 0.04873026 0.04348064 0.04438149 0.04915041 0.02372218 0.02669197 0.083795907 0.04279927 0.05648781 0.03425223 0.02199940 0.014297405 0.01506848 0.009272464 0.017495132 0.018972045 0.005722881 0.009234769 0.033394314 0.026190354 0.005619608 8.234668e-04 0.0334882985 6.640928e-04 0.0003001258 4.655647e-06 7.177912e-10 1.630023e-03 5.240103e-03 3.525997e-06 8.262033e-04
   60    1      1      0    0   125 3.079374e-104 1.133126e-04 6.874150e-03 0.0104675484 0.011181509 0.0129223791 0.0286547691 0.049950860 0.04093001 0.03882723 0.04940134 0.01882190 0.009288851 0.04185651 0.04104676 0.02717180 0.04848585 0.03810805 0.08322896 0.01600993 0.050838902 0.01217237 0.02091215 0.02525352 0.02281508 0.033749718 0.02888819 0.039225031 0.043426341 0.030556304 0.013720208 0.021510885 0.024001502 0.019011482 0.012422762 1.584218e-02 0.0003931433 3.477916e-04 0.0110953619 2.769590e-04 1.937005e-05 1.233451e-08 2.042448e-05 9.668314e-07 1.576433e-04
   64    1      1      0    0   125 1.247961e-133 6.926290e-08 4.116209e-04 0.0002624205 0.010156363 0.0003715025 0.0035178816 0.023171310 0.02376026 0.04667222 0.06478452 0.07621040 0.032182201 0.01742449 0.03544129 0.06758973 0.06986820 0.03083142 0.03814821 0.02901663 0.009783934 0.01278533 0.03918244 0.04628208 0.04440339 0.025136107 0.01456065 0.039274346 0.010873128 0.024358240 0.046858043 0.006006675 0.039364587 0.026754689 0.029729212 5.024521e-03 0.0081890553 1.499379e-03 0.0001075021 3.614193e-09 8.853494e-08 5.847969e-06 5.559075e-09 1.075012e-15 2.860772e-16
   68    1      1      0    0   125 6.374799e-315 6.841117e-08 1.042325e-04 0.0032422930 0.029610763 0.0055667117 0.0028511394 0.035080211 0.03964614 0.05841531 0.04150649 0.02878344 0.014559595 0.01331373 0.04218342 0.05897993 0.04374159 0.01404071 0.01969557 0.04966154 0.009283103 0.03281415 0.06209313 0.06213064 0.03952655 0.032614966 0.04899582 0.025083663 0.019252500 0.009992410 0.052803785 0.005785989 0.006773951 0.008726437 0.010535959 4.891148e-02 0.0035973975 3.341286e-03 0.0035032632 1.646237e-04 1.414215e-03 1.120400e-02 1.484509e-06 2.516282e-08 4.662929e-04
   72    1      1      0    0   125  0.000000e+00 1.099658e-09 9.658236e-04 0.0147421325 0.014147251 0.0005881588 0.0111220444 0.029434521 0.03828578 0.10256313 0.06305268 0.03989560 0.046438409 0.03238159 0.05369107 0.06216382 0.01948506 0.02094026 0.05159034 0.01752633 0.038105746 0.04800263 0.03517250 0.04142541 0.02200420 0.041529043 0.03079560 0.037321523 0.011498310 0.015136641 0.013919373 0.005541146 0.010667308 0.002075978 0.005709454 1.280779e-02 0.0061812348 1.145078e-05 0.0020980015 5.121399e-04 3.830694e-04 3.091255e-06 3.476074e-05 4.582164e-05 3.770522e-06
   76    1      1      0    0   125 2.733250e-263 1.725270e-08 2.536734e-04 0.0107027393 0.009163250 0.0019155898 0.0011114323 0.011165674 0.02412636 0.07107494 0.07267377 0.03757821 0.015128158 0.02310999 0.05982551 0.08463059 0.03770237 0.05574850 0.01895261 0.06271865 0.017017732 0.05509584 0.02006423 0.02598372 0.02905946 0.013396607 0.04292099 0.030031184 0.011777935 0.021738060 0.039593324 0.030811161 0.016667681 0.015376855 0.009902663 1.191827e-02 0.0063928814 3.348358e-03 0.0002656359 1.807602e-05 1.651359e-04 2.343691e-04 1.386616e-04 1.108080e-07 4.990257e-04
   80    1      1      0    0   125  2.774175e-17 8.982808e-32 5.180546e-03 0.0054708447 0.038831475 0.0150853486 0.0063163447 0.041456458 0.04674266 0.06805421 0.04801720 0.01609475 0.050236036 0.04649779 0.04678619 0.02792644 0.01545498 0.03543002 0.04504397 0.02607815 0.012653330 0.08078615 0.02924030 0.03603175 0.01699525 0.035631614 0.01485115 0.015527407 0.022070369 0.007597743 0.007939374 0.045424250 0.019370525 0.029420202 0.012526297 2.226737e-02 0.0050965961 4.119928e-04 0.0001029056 4.313222e-04 8.156908e-04 1.535246e-05 6.954093e-05 9.962175e-06 1.012494e-05
   84    1      1      0    0   125 1.576466e-107 1.331102e-12 7.952210e-03 0.0157338510 0.005347575 0.0004361278 0.0010134867 0.017098299 0.02646241 0.06105864 0.06225005 0.03828708 0.059290089 0.02757744 0.05738453 0.10488552 0.02138689 0.02494439 0.03592578 0.04357949 0.039927120 0.01921949 0.05532419 0.03602679 0.05434696 0.038183824 0.02496912 0.010370744 0.032027227 0.022829357 0.009312391 0.003776170 0.020710825 0.004175487 0.002309279 8.134374e-06 0.0035870689 3.228307e-05 0.0015309582 4.134924e-03 8.496547e-09 2.431722e-03 5.811876e-05 5.913094e-04 3.502622e-03
   88    1      1      0    0   125 5.344638e-189 4.626471e-05 3.653824e-03 0.0019346822 0.004098241 0.0156032486 0.0011522708 0.015592800 0.01804157 0.11651634 0.06355459 0.04705806 0.027054874 0.05043325 0.04152393 0.04265428 0.01735632 0.04620119 0.04139836 0.03173863 0.035178457 0.03007926 0.02577533 0.02905245 0.03799828 0.035259021 0.02611478 0.076635748 0.018814143 0.011450680 0.004207407 0.003874956 0.020181175 0.011724464 0.009533188 4.493185e-03 0.0033667794 1.359377e-02 0.0109333084 3.492466e-05 1.765342e-05 2.097436e-03 1.094872e-08 3.480595e-04 3.622831e-03
   92    1      1      0    0   125  3.610287e-28 9.042703e-24 8.474913e-05 0.0040179069 0.004862940 0.0118214471 0.0003672713 0.023913221 0.06431312 0.05030082 0.04372908 0.04762147 0.015504722 0.06944295 0.08218528 0.04605801 0.03497058 0.04136071 0.05008377 0.04680852 0.030304436 0.07177723 0.01817529 0.01506966 0.01913546 0.022698877 0.02295154 0.032708323 0.035868949 0.002503251 0.039206663 0.004779006 0.008044746 0.002778235 0.007999404 1.967134e-02 0.0029828781 5.013694e-05 0.0002254991 9.762102e-04 4.158476e-03 4.355160e-04 5.232520e-05 8.578253e-16 4.790930e-15
   96    1      1      0    0   125 3.107332e-160 9.657019e-09 3.188508e-04 0.0056167373 0.008150428 0.0020906436 0.0083752111 0.004370818 0.07513167 0.08494536 0.07814665 0.04742248 0.017607706 0.03529607 0.02158736 0.08995197 0.04150207 0.05466459 0.03968039 0.02796097 0.039591655 0.05491102 0.02903218 0.02625876 0.03481321 0.020845761 0.02693320 0.035241962 0.009117402 0.012724873 0.012034230 0.002935384 0.012921793 0.004599663 0.001717494 1.931715e-03 0.0004219998 1.119045e-02 0.0127372280 2.732506e-03 2.019542e-03 2.464493e-03 4.207106e-12 3.495033e-06 3.602594e-20
  100    1      1      0    0   125 2.815848e-202 2.991854e-08 6.423517e-08 0.0167403211 0.009822096 0.0036199049 0.0202208253 0.052531636 0.03723119 0.07384968 0.03521945 0.05217956 0.059120531 0.02437648 0.04879563 0.03302104 0.04230327 0.01813109 0.04658145 0.03084748 0.044125627 0.03479761 0.01078389 0.01985315 0.04327276 0.006484607 0.01256758 0.079948816 0.017223910 0.012785911 0.010157640 0.010799325 0.037075325 0.008933588 0.019322419 3.208358e-03 0.0003351773 2.206453e-02 0.0014073655 7.786416e-05 2.651606e-05 1.648170e-07 3.366482e-08 4.968697e-09 1.561039e-04
   76    1      2      0    0   500  1.248829e-45 1.334449e-03 2.469722e-02 0.0523335874 0.055705896 0.0122153859 0.0112946917 0.017077409 0.03978366 0.05820625 0.05953532 0.04324872 0.041173565 0.02688615 0.02993038 0.02695484 0.03345273 0.02582800 0.02922903 0.02654225 0.041075784 0.03205996 0.04310843 0.03327992 0.03137150 0.019383414 0.02760853 0.023765421 0.024995492 0.024878347 0.015007419 0.009789737 0.011192940 0.004945587 0.012805103 8.352958e-03 0.0074016670 3.716598e-03 0.0060440753 8.356269e-04 1.463098e-05 1.916159e-03 1.927643e-04 6.915229e-04 1.368860e-04
   78    1      2      0    0   500  7.020561e-12 1.209397e-03 1.094725e-02 0.0465691846 0.030873738 0.0193955542 0.0174509973 0.027825456 0.04027724 0.04841758 0.05870632 0.04830974 0.035999681 0.02954000 0.03650734 0.04825315 0.04025116 0.02854372 0.04512330 0.03902349 0.028105916 0.03255233 0.02884070 0.03271559 0.04479107 0.019543984 0.03619734 0.019475544 0.019125723 0.018273000 0.006534454 0.008218445 0.012707261 0.010396822 0.005251100 5.902299e-03 0.0046705537 5.234172e-03 0.0014398193 5.218154e-04 5.926682e-04 2.558638e-03 2.927407e-03 1.963813e-04 2.652782e-06
   80    1      2      0    0   500  2.785948e-09 2.035624e-03 1.799768e-02 0.0436077716 0.047653883 0.0166174850 0.0084024468 0.030300675 0.02318281 0.07757262 0.04297425 0.03476702 0.027786985 0.01804157 0.04030208 0.03249898 0.04582028 0.03451501 0.03195677 0.02440196 0.033758561 0.01615508 0.04579475 0.01733480 0.02211882 0.034274242 0.01953093 0.034223277 0.021720792 0.019537933 0.032414817 0.015170039 0.011015531 0.008444823 0.007574521 3.005777e-02 0.0112831832 2.906646e-03 0.0063858884 1.907273e-03 3.459931e-03 2.869242e-03 5.141679e-04 3.668831e-04 7.441826e-04
   82    1      2      0    0   500  9.435211e-04 1.609524e-03 2.231515e-02 0.0310747746 0.071390934 0.0145723496 0.0105557671 0.017632008 0.06162046 0.04959065 0.04219324 0.03259335 0.026332807 0.03223083 0.03807719 0.03108335 0.03899462 0.04853648 0.03678982 0.02731741 0.028743525 0.04489453 0.02803157 0.03649278 0.03031168 0.039715279 0.02527859 0.018774093 0.020001658 0.009404553 0.019963433 0.011234793 0.021178070 0.012832158 0.002844022 3.903274e-03 0.0052778402 6.518978e-04 0.0006929620 1.126211e-03 1.732478e-03 7.464350e-05 1.109325e-03 1.791586e-04 9.724551e-05
   84    1      2      0    0   500  7.050537e-23 3.275414e-03 2.411578e-02 0.0671970310 0.044715233 0.0169919031 0.0089642042 0.014547228 0.04726432 0.05357539 0.03077636 0.04250806 0.030370142 0.03548778 0.04562545 0.03442514 0.03920861 0.03444206 0.03275858 0.03474403 0.026440368 0.02709730 0.03530816 0.02451763 0.04184743 0.021507827 0.03675545 0.027868130 0.015740144 0.011912221 0.020592247 0.011285950 0.010719936 0.014452415 0.005407664 4.323954e-03 0.0044301830 8.196250e-03 0.0028437154 1.501628e-03 8.977346e-04 3.432999e-03 2.075058e-04 1.211710e-03 5.087287e-04
   86    1      2      0    0   500  1.058940e-06 4.215936e-04 1.725874e-02 0.0474353529 0.053715118 0.0163888105 0.0094327881 0.025771841 0.03776229 0.04753377 0.04895991 0.03628732 0.042922453 0.02539078 0.02476750 0.04371370 0.04735314 0.02971099 0.04324312 0.03132986 0.041762366 0.03158392 0.03047014 0.04188550 0.01850770 0.039861165 0.02618794 0.018377438 0.020951596 0.008032023 0.012885508 0.017441958 0.017205280 0.011895720 0.006449667 5.665671e-03 0.0034653497 8.500352e-03 0.0022305313 2.113064e-03 3.639430e-03 2.150043e-05 8.225095e-04 2.502347e-04 3.932803e-04
   88    1      2      0    0   500  3.005018e-12 2.027531e-03 2.183402e-02 0.0473956284 0.052674615 0.0181462149 0.0128924003 0.017459920 0.03193263 0.05289383 0.05977940 0.03318369 0.048809522 0.02581248 0.02406417 0.03935794 0.03976802 0.03695558 0.03463929 0.03281511 0.025912123 0.04650839 0.02507197 0.03452110 0.01166717 0.026525218 0.02032058 0.022724107 0.027256613 0.025056445 0.017200930 0.015136645 0.011390867 0.009515568 0.015594259 1.250921e-02 0.0048757892 6.140124e-03 0.0026221977 2.738885e-04 4.452439e-04 5.394158e-03 4.776669e-04 1.507532e-04 2.669868e-04
   90    1      2      0    0   500  6.342955e-15 2.630236e-03 2.859314e-02 0.0397722761 0.037208661 0.0129330219 0.0184454854 0.023388774 0.05234081 0.04479009 0.04003319 0.03584864 0.019082154 0.03320156 0.05143645 0.03933313 0.04314713 0.03016588 0.03539612 0.04466202 0.027848452 0.03010162 0.03983298 0.03245049 0.01392729 0.027721788 0.02712228 0.039778794 0.023932319 0.018321422 0.021494956 0.013107086 0.010638432 0.007215799 0.004977004 6.778293e-03 0.0054899937 4.258528e-03 0.0033653785 7.345929e-03 8.117047e-05 1.614399e-03 5.503935e-05 9.789208e-05 3.390083e-05
   92    1      2      0    0   500  5.722288e-06 6.979709e-05 1.267259e-02 0.0400813175 0.057591468 0.0153896870 0.0115359670 0.024252274 0.03275583 0.05423677 0.05865530 0.04123891 0.017963233 0.03636529 0.04435009 0.02515055 0.03535282 0.03595365 0.03350426 0.04309758 0.023271738 0.03596667 0.03128406 0.02559686 0.03365629 0.032339662 0.03328832 0.016817203 0.016770403 0.017746577 0.016300021 0.023823248 0.016884364 0.011518227 0.003402840 1.184252e-02 0.0088991150 1.290709e-02 0.0002701484 6.615909e-04 5.504107e-06 1.693715e-03 4.765048e-03 1.257433e-08 6.569403e-05
   94    1      2      0    0   500  1.708646e-07 7.601422e-03 1.207741e-02 0.0641721426 0.042328060 0.0263776837 0.0053510079 0.015839275 0.03863034 0.05954490 0.05792486 0.04293233 0.029129330 0.01872734 0.02141113 0.04595362 0.04371988 0.02903751 0.03712343 0.03480513 0.038740295 0.02372530 0.02794753 0.02790115 0.02799877 0.024739229 0.01599193 0.019141512 0.026862740 0.024932050 0.026091725 0.012140148 0.017364326 0.014962656 0.018703982 4.256790e-03 0.0065874779 1.878839e-03 0.0026815748 2.697349e-03 8.255805e-04 3.161341e-04 3.634173e-04 4.612204e-04 1.312378e-06
   96    1      2      0    0   500  9.776340e-26 6.509610e-04 1.176526e-02 0.0504476271 0.056734073 0.0217829586 0.0124495981 0.029394826 0.03964765 0.04118795 0.04394905 0.04863919 0.027743424 0.03018607 0.04548583 0.05041013 0.03703173 0.02516393 0.03833895 0.04678293 0.027205943 0.04132123 0.03138446 0.02661921 0.02019818 0.028030387 0.03083931 0.025710669 0.017657504 0.012051327 0.011178679 0.025586253 0.017093373 0.004230054 0.003828694 7.985206e-03 0.0055522306 2.180910e-03 0.0021544839 3.458932e-04 8.026164e-04 1.497999e-04 8.255338e-08 3.451949e-05 6.686375e-05
   98    1      2      0    0   500  1.712972e-12 1.616758e-03 1.728494e-02 0.0324147518 0.052531297 0.0316645079 0.0074399488 0.023109495 0.04246937 0.06788334 0.04116299 0.03802056 0.026773432 0.02695153 0.05157688 0.04206361 0.02496716 0.03760343 0.03442241 0.02921656 0.024978257 0.02258514 0.02690773 0.03048746 0.02604492 0.029281104 0.01866949 0.015534618 0.029606439 0.037785623 0.019601981 0.019153094 0.013388561 0.019739207 0.009812280 6.193936e-03 0.0044723796 4.285103e-03 0.0023129979 3.834169e-03 1.434452e-03 1.045583e-04 3.651331e-04 1.122301e-03 3.126088e-03
  100    1      2      0    0   500  2.002783e-07 7.318940e-04 2.107929e-02 0.0464609652 0.052697363 0.0160189607 0.0118264597 0.020542451 0.05018361 0.05522105 0.04776265 0.04983260 0.031677883 0.03035499 0.02712967 0.03989025 0.04068443 0.03277166 0.03834272 0.02645225 0.029023154 0.03121442 0.02918668 0.02701320 0.02436083 0.034987910 0.02257488 0.019918713 0.015353394 0.021118590 0.014321289 0.010697949 0.013072124 0.020160038 0.009253348 1.925333e-02 0.0032090101 5.872440e-03 0.0004646544 5.452914e-03 1.806622e-03 1.430014e-03 4.475744e-04 1.319687e-04 1.360893e-05
15 #_N_agebins
#_agebin_vector
1 2 3 4 5 6 7 8 9 10 11 12 13 14 15
1 #_N_ageerror_definitions
 #_age0   age1   age2   age3   age4   age5   age6   age7   age8   age9  age10  age11  age12  age13  age14  age15  age16  age17  age18  age19  age20  age21  age22  age23  age24  age25
 -1.000 -1.000 -1.000 -1.000 -1.000 -1.000 -1.000 -1.000 -1.000 -1.000 -1.000 -1.000 -1.000 -1.000 -1.000 -1.000 -1.000 -1.000 -1.000 -1.000 -1.000 -1.000 -1.000 -1.000 -1.000 -1.000
  0.001  0.001  0.001  0.001  0.001  0.001  0.001  0.001  0.001  0.001  0.001  0.001  0.001  0.001  0.001  0.001  0.001  0.001  0.001  0.001  0.001  0.001  0.001  0.001  0.001  0.001
93 #_N_agecomp
1 #_Lbin_method: 1=poplenbins; 2=datalenbins; 3=lengths
-1 #_combine males into females at or below this bin number
 #_Yr Seas FltSvy Gender Part Ageerr Lbin_lo Lbin_hi Nsamp         a1        a2         a3         a4         a5         a6         a7         a8         a9         a10         a11         a12         a13          a14         a15
   26    1      1      0    0      1      -1      -1   125 0.01629995 0.1760314 0.09413415 0.13055134 0.06993563 0.11181064 0.06186501 0.01631254 0.02759188 0.026727372 0.057373123 0.029255729 0.068839708 0.0328684587 0.080403094
   36    1      1      0    0      1      -1      -1   125 0.05298197 0.2836336 0.14005933 0.16609473 0.09650607 0.05067305 0.04878250 0.06311040 0.01364601 0.022301747 0.012670453 0.021138771 0.013230145 0.0097301695 0.005441087
   46    1      1      0    0      1      -1      -1   125 0.08249152 0.2085693 0.20311417 0.14335778 0.06998461 0.08468720 0.03105045 0.08087520 0.04141430 0.003695500 0.016165739 0.015450265 0.007341689 0.0039863589 0.007815953
   56    1      1      0    0      1      -1      -1   125 0.04233506 0.2090822 0.14480836 0.14097410 0.12037540 0.07401825 0.05765844 0.04727164 0.03632180 0.039896294 0.019509434 0.025273092 0.009605749 0.0028690532 0.030001144
   60    1      1      0    0      1      -1      -1   125 0.04481788 0.2448964 0.18771001 0.12743837 0.05491971 0.05793404 0.08698035 0.03796193 0.01587988 0.014136245 0.029789213 0.075131185 0.005124524 0.0008548676 0.016425402
   64    1      1      0    0      1      -1      -1   125 0.03928125 0.2387272 0.20115298 0.14525915 0.11845516 0.06257121 0.06034507 0.04285204 0.02078204 0.021615812 0.014009443 0.014565639 0.003931154 0.0076058844 0.008846013
   68    1      1      0    0      1      -1      -1   125 0.02131341 0.1998737 0.17935189 0.14247418 0.11314699 0.09154237 0.07659577 0.03555116 0.03783688 0.021955999 0.023134335 0.017885784 0.012328667 0.0024682412 0.024540631
   72    1      1      0    0      1      -1      -1   125 0.03447749 0.2090538 0.17853153 0.14653474 0.10621391 0.07409918 0.04694836 0.04386912 0.01633742 0.012104907 0.033754035 0.001587019 0.064925615 0.0106858552 0.020877040
   76    1      1      0    0      1      -1      -1   125 0.05224837 0.2774578 0.17383113 0.09702818 0.12652117 0.07146140 0.06830926 0.02204405 0.01878730 0.027991427 0.034163295 0.012336223 0.006460825 0.0027540262 0.008605578
   80    1      1      0    0      1      -1      -1   125 0.05759623 0.2806585 0.19155456 0.13715928 0.11840439 0.03293050 0.06806946 0.02513199 0.04974024 0.008818073 0.005755389 0.003098641 0.003003685 0.0040036520 0.014075381
   84    1      1      0    0      1      -1      -1   125 0.04403680 0.2058554 0.19355930 0.18881052 0.09850088 0.05027053 0.02740469 0.01537130 0.07738905 0.022236140 0.001490324 0.028685869 0.011805230 0.0117134594 0.022870470
   88    1      1      0    0      1      -1      -1   125 0.03128702 0.1894228 0.24814935 0.12860569 0.09887904 0.05113749 0.07811417 0.05836930 0.01155327 0.011487377 0.030533000 0.012185269 0.009493661 0.0013162366 0.039466293
   92    1      1      0    0      1      -1      -1   125 0.02034664 0.2216452 0.21965471 0.16844244 0.11187083 0.07548249 0.04437741 0.05618217 0.01438080 0.021648557 0.004861485 0.019479641 0.001118320 0.0083066928 0.012202623
   96    1      1      0    0      1      -1      -1   125 0.02276073 0.2925808 0.14840607 0.12900823 0.10804177 0.07943939 0.03997176 0.05139136 0.02953186 0.033782443 0.018542444 0.021152923 0.003569757 0.0028278392 0.018992614
  100    1      1      0    0      1      -1      -1   125 0.02492476 0.2450854 0.17332426 0.14879617 0.05272727 0.13762769 0.10792364 0.01794190 0.02157889 0.028746490 0.025275700 0.003371347 0.003295731 0.0007397336 0.008640981
   76    1      2      0    0      1      -1      -1   500 0.14330122 0.2301709 0.14092416 0.12345841 0.10056028 0.08340506 0.05609714 0.03177291 0.02632397 0.019897961 0.011594576 0.005962534 0.006760738 0.0051371218 0.014633012
   78    1      2      0    0      1      -1      -1   500 0.12758914 0.2683779 0.15927108 0.11318150 0.07049676 0.07655712 0.05342465 0.03546452 0.02597575 0.017243395 0.012629620 0.007457930 0.004887563 0.0019353283 0.025507696
   80    1      2      0    0      1      -1      -1   500 0.12868660 0.2677439 0.16285632 0.11135429 0.07261098 0.07959911 0.05261293 0.03407733 0.02107972 0.014021581 0.017900796 0.007086332 0.010324956 0.0019461099 0.018099043
   82    1      2      0    0      1      -1      -1   500 0.14588345 0.2094615 0.19369985 0.12350415 0.10361878 0.04043418 0.04973980 0.03204765 0.01197160 0.024208658 0.011073737 0.010436270 0.004196779 0.0093679771 0.030355632
   84    1      2      0    0      1      -1      -1   500 0.13622166 0.2329070 0.17201208 0.11680082 0.12809621 0.05295491 0.03935189 0.04080970 0.01235483 0.020055752 0.008592687 0.008423351 0.006315939 0.0100051636 0.015098013
   86    1      2      0    0      1      -1      -1   500 0.15986292 0.2286939 0.16714884 0.11739818 0.10871851 0.05928841 0.03206202 0.03960644 0.03382784 0.007049641 0.007260564 0.016906006 0.012837785 0.0030195468 0.006319363
   88    1      2      0    0      1      -1      -1   500 0.13912535 0.2460918 0.19619834 0.10213521 0.08113972 0.07123999 0.04825530 0.02899760 0.02017144 0.030829748 0.014092808 0.003381864 0.002986288 0.0028920414 0.012462513
   90    1      2      0    0      1      -1      -1   500 0.15858870 0.2085413 0.21217027 0.12516817 0.07126922 0.05508937 0.05481645 0.03388232 0.02649405 0.014423391 0.009905798 0.004071197 0.007284169 0.0093940303 0.008901595
   92    1      2      0    0      1      -1      -1   500 0.16288628 0.2356175 0.19491277 0.10660581 0.08763588 0.07423658 0.03715337 0.02003778 0.02041596 0.011679131 0.011014948 0.006116226 0.020521792 0.0061432432 0.005022705
   94    1      2      0    0      1      -1      -1   500 0.13419764 0.2382992 0.17112474 0.14472848 0.09246387 0.06197982 0.04324243 0.02391287 0.02019218 0.014498336 0.017763395 0.013764767 0.007480172 0.0071928861 0.009159179
   96    1      2      0    0      1      -1      -1   500 0.14567615 0.2297114 0.18928597 0.12375884 0.08191805 0.07160914 0.04586218 0.02459438 0.03360396 0.013984094 0.015805115 0.005588902 0.004661849 0.0035325299 0.010407462
   98    1      2      0    0      1      -1      -1   500 0.13937577 0.2314591 0.17221259 0.12861283 0.08638586 0.06606785 0.03706517 0.03705644 0.03797103 0.024149461 0.007787235 0.006923216 0.006872359 0.0029212537 0.015139830
  100    1      2      0    0      1      -1      -1   500 0.12213706 0.2252543 0.17819474 0.15416629 0.08690557 0.06742876 0.04586729 0.02775371 0.01605340 0.017280485 0.014725356 0.006671076 0.010963332 0.0046137726 0.021984874
   60    1      1      0    0      1       3       3     1 1.00000000 0.0000000 0.00000000 0.00000000 0.00000000 0.00000000 0.00000000 0.00000000 0.00000000 0.000000000 0.000000000 0.000000000 0.000000000 0.0000000000 0.000000000
   60    1      1      0    0      1       5       5     1 1.00000000 0.0000000 0.00000000 0.00000000 0.00000000 0.00000000 0.00000000 0.00000000 0.00000000 0.000000000 0.000000000 0.000000000 0.000000000 0.0000000000 0.000000000
   60    1      1      0    0      1       6       6     3 3.00000000 0.0000000 0.00000000 0.00000000 0.00000000 0.00000000 0.00000000 0.00000000 0.00000000 0.000000000 0.000000000 0.000000000 0.000000000 0.0000000000 0.000000000
   60    1      1      0    0      1       7       7     3 3.00000000 0.0000000 0.00000000 0.00000000 0.00000000 0.00000000 0.00000000 0.00000000 0.00000000 0.000000000 0.000000000 0.000000000 0.000000000 0.0000000000 0.000000000
   60    1      1      0    0      1       8       8     6 6.00000000 0.0000000 0.00000000 0.00000000 0.00000000 0.00000000 0.00000000 0.00000000 0.00000000 0.000000000 0.000000000 0.000000000 0.000000000 0.0000000000 0.000000000
   60    1      1      0    0      1       9       9     4 4.00000000 0.0000000 0.00000000 0.00000000 0.00000000 0.00000000 0.00000000 0.00000000 0.00000000 0.000000000 0.000000000 0.000000000 0.000000000 0.0000000000 0.000000000
   60    1      1      0    0      1      10      10     4 4.00000000 0.0000000 0.00000000 0.00000000 0.00000000 0.00000000 0.00000000 0.00000000 0.00000000 0.000000000 0.000000000 0.000000000 0.000000000 0.0000000000 0.000000000
   60    1      1      0    0      1      11      11     1 1.00000000 0.0000000 0.00000000 0.00000000 0.00000000 0.00000000 0.00000000 0.00000000 0.00000000 0.000000000 0.000000000 0.000000000 0.000000000 0.0000000000 0.000000000
   60    1      1      0    0      1      12      12     2 2.00000000 0.0000000 0.00000000 0.00000000 0.00000000 0.00000000 0.00000000 0.00000000 0.00000000 0.000000000 0.000000000 0.000000000 0.000000000 0.0000000000 0.000000000
   60    1      1      0    0      1      13      13     2 2.00000000 0.0000000 0.00000000 0.00000000 0.00000000 0.00000000 0.00000000 0.00000000 0.00000000 0.000000000 0.000000000 0.000000000 0.000000000 0.0000000000 0.000000000
   60    1      1      0    0      1      14      14     7 7.00000000 0.0000000 0.00000000 0.00000000 0.00000000 0.00000000 0.00000000 0.00000000 0.00000000 0.000000000 0.000000000 0.000000000 0.000000000 0.0000000000 0.000000000
   60    1      1      0    0      1      15      15     9 9.00000000 0.0000000 0.00000000 0.00000000 0.00000000 0.00000000 0.00000000 0.00000000 0.00000000 0.000000000 0.000000000 0.000000000 0.000000000 0.0000000000 0.000000000
   60    1      1      0    0      1      16      16     2 2.00000000 0.0000000 0.00000000 0.00000000 0.00000000 0.00000000 0.00000000 0.00000000 0.00000000 0.000000000 0.000000000 0.000000000 0.000000000 0.0000000000 0.000000000
   60    1      1      0    0      1      17      17     7 7.00000000 0.0000000 0.00000000 0.00000000 0.00000000 0.00000000 0.00000000 0.00000000 0.00000000 0.000000000 0.000000000 0.000000000 0.000000000 0.0000000000 0.000000000
   60    1      1      0    0      1      18      18     5 5.00000000 0.0000000 0.00000000 0.00000000 0.00000000 0.00000000 0.00000000 0.00000000 0.00000000 0.000000000 0.000000000 0.000000000 0.000000000 0.0000000000 0.000000000
   60    1      1      0    0      1      19      19     4 4.00000000 0.0000000 0.00000000 0.00000000 0.00000000 0.00000000 0.00000000 0.00000000 0.00000000 0.000000000 0.000000000 0.000000000 0.000000000 0.0000000000 0.000000000
   60    1      1      0    0      1      20      20     1 1.00000000 0.0000000 0.00000000 0.00000000 0.00000000 0.00000000 0.00000000 0.00000000 0.00000000 0.000000000 0.000000000 0.000000000 0.000000000 0.0000000000 0.000000000
   60    1      1      0    0      1      21      21     4 4.00000000 0.0000000 0.00000000 0.00000000 0.00000000 0.00000000 0.00000000 0.00000000 0.00000000 0.000000000 0.000000000 0.000000000 0.000000000 0.0000000000 0.000000000
   60    1      1      0    0      1      22      22     2 2.00000000 0.0000000 0.00000000 0.00000000 0.00000000 0.00000000 0.00000000 0.00000000 0.00000000 0.000000000 0.000000000 0.000000000 0.000000000 0.0000000000 0.000000000
   60    1      1      0    0      1      23      23     4 4.00000000 0.0000000 0.00000000 0.00000000 0.00000000 0.00000000 0.00000000 0.00000000 0.00000000 0.000000000 0.000000000 0.000000000 0.000000000 0.0000000000 0.000000000
   60    1      1      0    0      1      24      24     1 1.00000000 0.0000000 0.00000000 0.00000000 0.00000000 0.00000000 0.00000000 0.00000000 0.00000000 0.000000000 0.000000000 0.000000000 0.000000000 0.0000000000 0.000000000
   60    1      1      0    0      1      25      25     1 1.00000000 0.0000000 0.00000000 0.00000000 0.00000000 0.00000000 0.00000000 0.00000000 0.00000000 0.000000000 0.000000000 0.000000000 0.000000000 0.0000000000 0.000000000
   60    1      1      0    0      1      26      26     2 2.00000000 0.0000000 0.00000000 0.00000000 0.00000000 0.00000000 0.00000000 0.00000000 0.00000000 0.000000000 0.000000000 0.000000000 0.000000000 0.0000000000 0.000000000
   60    1      1      0    0      1      27      27     3 3.00000000 0.0000000 0.00000000 0.00000000 0.00000000 0.00000000 0.00000000 0.00000000 0.00000000 0.000000000 0.000000000 0.000000000 0.000000000 0.0000000000 0.000000000
   60    1      1      0    0      1      28      28     2 2.00000000 0.0000000 0.00000000 0.00000000 0.00000000 0.00000000 0.00000000 0.00000000 0.00000000 0.000000000 0.000000000 0.000000000 0.000000000 0.0000000000 0.000000000
   60    1      1      0    0      1      29      29     5 1.00000000 4.0000000 0.00000000 0.00000000 0.00000000 0.00000000 0.00000000 0.00000000 0.00000000 0.000000000 0.000000000 0.000000000 0.000000000 0.0000000000 0.000000000
   60    1      1      0    0      1      30      30     2 0.00000000 2.0000000 0.00000000 0.00000000 0.00000000 0.00000000 0.00000000 0.00000000 0.00000000 0.000000000 0.000000000 0.000000000 0.000000000 0.0000000000 0.000000000
   60    1      1      0    0      1      32      32     2 0.00000000 2.0000000 0.00000000 0.00000000 0.00000000 0.00000000 0.00000000 0.00000000 0.00000000 0.000000000 0.000000000 0.000000000 0.000000000 0.0000000000 0.000000000
   60    1      1      0    0      1      33      33     2 0.00000000 2.0000000 0.00000000 0.00000000 0.00000000 0.00000000 0.00000000 0.00000000 0.00000000 0.000000000 0.000000000 0.000000000 0.000000000 0.0000000000 0.000000000
   60    1      1      0    0      1      34      34     3 0.00000000 3.0000000 0.00000000 0.00000000 0.00000000 0.00000000 0.00000000 0.00000000 0.00000000 0.000000000 0.000000000 0.000000000 0.000000000 0.0000000000 0.000000000
   60    1      1      0    0      1      35      35     2 0.00000000 2.0000000 0.00000000 0.00000000 0.00000000 0.00000000 0.00000000 0.00000000 0.00000000 0.000000000 0.000000000 0.000000000 0.000000000 0.0000000000 0.000000000
   60    1      1      0    0      1      36      36     1 0.00000000 1.0000000 0.00000000 0.00000000 0.00000000 0.00000000 0.00000000 0.00000000 0.00000000 0.000000000 0.000000000 0.000000000 0.000000000 0.0000000000 0.000000000
   60    1      1      0    0      1      39      39     1 0.00000000 1.0000000 0.00000000 0.00000000 0.00000000 0.00000000 0.00000000 0.00000000 0.00000000 0.000000000 0.000000000 0.000000000 0.000000000 0.0000000000 0.000000000
   60    1      1      0    0      1      40      40     1 0.00000000 1.0000000 0.00000000 0.00000000 0.00000000 0.00000000 0.00000000 0.00000000 0.00000000 0.000000000 0.000000000 0.000000000 0.000000000 0.0000000000 0.000000000
  100    1      1      0    0      1       4       4     2 2.00000000 0.0000000 0.00000000 0.00000000 0.00000000 0.00000000 0.00000000 0.00000000 0.00000000 0.000000000 0.000000000 0.000000000 0.000000000 0.0000000000 0.000000000
  100    1      1      0    0      1       7       7     1 1.00000000 0.0000000 0.00000000 0.00000000 0.00000000 0.00000000 0.00000000 0.00000000 0.00000000 0.000000000 0.000000000 0.000000000 0.000000000 0.0000000000 0.000000000
  100    1      1      0    0      1       8       8     5 5.00000000 0.0000000 0.00000000 0.00000000 0.00000000 0.00000000 0.00000000 0.00000000 0.00000000 0.000000000 0.000000000 0.000000000 0.000000000 0.0000000000 0.000000000
  100    1      1      0    0      1       9       9     3 3.00000000 0.0000000 0.00000000 0.00000000 0.00000000 0.00000000 0.00000000 0.00000000 0.00000000 0.000000000 0.000000000 0.000000000 0.000000000 0.0000000000 0.000000000
  100    1      1      0    0      1      10      10     9 9.00000000 0.0000000 0.00000000 0.00000000 0.00000000 0.00000000 0.00000000 0.00000000 0.00000000 0.000000000 0.000000000 0.000000000 0.000000000 0.0000000000 0.000000000
  100    1      1      0    0      1      11      11     1 1.00000000 0.0000000 0.00000000 0.00000000 0.00000000 0.00000000 0.00000000 0.00000000 0.00000000 0.000000000 0.000000000 0.000000000 0.000000000 0.0000000000 0.000000000
  100    1      1      0    0      1      12      12     4 4.00000000 0.0000000 0.00000000 0.00000000 0.00000000 0.00000000 0.00000000 0.00000000 0.00000000 0.000000000 0.000000000 0.000000000 0.000000000 0.0000000000 0.000000000
  100    1      1      0    0      1      13      13     5 5.00000000 0.0000000 0.00000000 0.00000000 0.00000000 0.00000000 0.00000000 0.00000000 0.00000000 0.000000000 0.000000000 0.000000000 0.000000000 0.0000000000 0.000000000
  100    1      1      0    0      1      14      14     2 2.00000000 0.0000000 0.00000000 0.00000000 0.00000000 0.00000000 0.00000000 0.00000000 0.00000000 0.000000000 0.000000000 0.000000000 0.000000000 0.0000000000 0.000000000
  100    1      1      0    0      1      15      15     4 4.00000000 0.0000000 0.00000000 0.00000000 0.00000000 0.00000000 0.00000000 0.00000000 0.00000000 0.000000000 0.000000000 0.000000000 0.000000000 0.0000000000 0.000000000
  100    1      1      0    0      1      16      16     5 5.00000000 0.0000000 0.00000000 0.00000000 0.00000000 0.00000000 0.00000000 0.00000000 0.00000000 0.000000000 0.000000000 0.000000000 0.000000000 0.0000000000 0.000000000
  100    1      1      0    0      1      17      17     2 2.00000000 0.0000000 0.00000000 0.00000000 0.00000000 0.00000000 0.00000000 0.00000000 0.00000000 0.000000000 0.000000000 0.000000000 0.000000000 0.0000000000 0.000000000
  100    1      1      0    0      1      18      18     3 3.00000000 0.0000000 0.00000000 0.00000000 0.00000000 0.00000000 0.00000000 0.00000000 0.00000000 0.000000000 0.000000000 0.000000000 0.000000000 0.0000000000 0.000000000
  100    1      1      0    0      1      19      19     8 8.00000000 0.0000000 0.00000000 0.00000000 0.00000000 0.00000000 0.00000000 0.00000000 0.00000000 0.000000000 0.000000000 0.000000000 0.000000000 0.0000000000 0.000000000
  100    1      1      0    0      1      20      20     1 1.00000000 0.0000000 0.00000000 0.00000000 0.00000000 0.00000000 0.00000000 0.00000000 0.00000000 0.000000000 0.000000000 0.000000000 0.000000000 0.0000000000 0.000000000
  100    1      1      0    0      1      21      21     5 5.00000000 0.0000000 0.00000000 0.00000000 0.00000000 0.00000000 0.00000000 0.00000000 0.00000000 0.000000000 0.000000000 0.000000000 0.000000000 0.0000000000 0.000000000
  100    1      1      0    0      1      22      22     4 4.00000000 0.0000000 0.00000000 0.00000000 0.00000000 0.00000000 0.00000000 0.00000000 0.00000000 0.000000000 0.000000000 0.000000000 0.000000000 0.0000000000 0.000000000
  100    1      1      0    0      1      24      24     2 2.00000000 0.0000000 0.00000000 0.00000000 0.00000000 0.00000000 0.00000000 0.00000000 0.00000000 0.000000000 0.000000000 0.000000000 0.000000000 0.0000000000 0.000000000
  100    1      1      0    0      1      25      25     4 4.00000000 0.0000000 0.00000000 0.00000000 0.00000000 0.00000000 0.00000000 0.00000000 0.00000000 0.000000000 0.000000000 0.000000000 0.000000000 0.0000000000 0.000000000
  100    1      1      0    0      1      26      26     1 1.00000000 0.0000000 0.00000000 0.00000000 0.00000000 0.00000000 0.00000000 0.00000000 0.00000000 0.000000000 0.000000000 0.000000000 0.000000000 0.0000000000 0.000000000
  100    1      1      0    0      1      27      27     5 4.00000000 1.0000000 0.00000000 0.00000000 0.00000000 0.00000000 0.00000000 0.00000000 0.00000000 0.000000000 0.000000000 0.000000000 0.000000000 0.0000000000 0.000000000
  100    1      1      0    0      1      28      28     8 7.00000000 1.0000000 0.00000000 0.00000000 0.00000000 0.00000000 0.00000000 0.00000000 0.00000000 0.000000000 0.000000000 0.000000000 0.000000000 0.0000000000 0.000000000
  100    1      1      0    0      1      29      29     2 1.00000000 1.0000000 0.00000000 0.00000000 0.00000000 0.00000000 0.00000000 0.00000000 0.00000000 0.000000000 0.000000000 0.000000000 0.000000000 0.0000000000 0.000000000
  100    1      1      0    0      1      30      30     1 0.00000000 1.0000000 0.00000000 0.00000000 0.00000000 0.00000000 0.00000000 0.00000000 0.00000000 0.000000000 0.000000000 0.000000000 0.000000000 0.0000000000 0.000000000
  100    1      1      0    0      1      31      31     1 0.00000000 1.0000000 0.00000000 0.00000000 0.00000000 0.00000000 0.00000000 0.00000000 0.00000000 0.000000000 0.000000000 0.000000000 0.000000000 0.0000000000 0.000000000
  100    1      1      0    0      1      32      32     3 0.00000000 3.0000000 0.00000000 0.00000000 0.00000000 0.00000000 0.00000000 0.00000000 0.00000000 0.000000000 0.000000000 0.000000000 0.000000000 0.0000000000 0.000000000
  100    1      1      0    0      1      33      33     3 0.00000000 3.0000000 0.00000000 0.00000000 0.00000000 0.00000000 0.00000000 0.00000000 0.00000000 0.000000000 0.000000000 0.000000000 0.000000000 0.0000000000 0.000000000
  100    1      1      0    0      1      34      34     1 0.00000000 1.0000000 0.00000000 0.00000000 0.00000000 0.00000000 0.00000000 0.00000000 0.00000000 0.000000000 0.000000000 0.000000000 0.000000000 0.0000000000 0.000000000
  100    1      1      0    0      1      35      35     2 0.00000000 2.0000000 0.00000000 0.00000000 0.00000000 0.00000000 0.00000000 0.00000000 0.00000000 0.000000000 0.000000000 0.000000000 0.000000000 0.0000000000 0.000000000
  100    1      1      0    0      1      36      36     1 0.00000000 1.0000000 0.00000000 0.00000000 0.00000000 0.00000000 0.00000000 0.00000000 0.00000000 0.000000000 0.000000000 0.000000000 0.000000000 0.0000000000 0.000000000
  100    1      1      0    0      1      38      38     2 0.00000000 2.0000000 0.00000000 0.00000000 0.00000000 0.00000000 0.00000000 0.00000000 0.00000000 0.000000000 0.000000000 0.000000000 0.000000000 0.0000000000 0.000000000
0 #_N_MeanSize_at_Age_obs
0 #_N_environ_variables
0 #_N_environ_obs
0 #_N_sizefreq_methods
0 #_do_tags
0 #_morphcomp_data
#
999
