#C data file created using the SS_writedat function in the R package r4ss
#C should work with SS version: 
#C file write time: 2015-02-11 18:20:30
#
1 #_styr
100 #_endyr
1 #_nseas
12 #_months_per_seas
1 #_spawn_seas
1 #_Nfleet
2 #_Nsurveys
1 #_N_areas
Fishery%Survey%CPUE #_fleetnames
0.5 0.5 0.5 #_surveytiming_in_season
1 1 1 #_area_assignments_for_each_fishery_and_survey
1 #_units of catch:  1=bio; 2=num
0.01 #_se of log(catch) only used for init_eq_catch and for Fmethod 2 and 3
1 #_Ngenders
25 #_Nages
0 #_init_equil_catch_for_each_fishery
100 #_N_lines_of_catch_to_read
 #_Fishery year seas
         0    1    1
         0    2    1
         0    3    1
         0    4    1
         0    5    1
         0    6    1
         0    7    1
         0    8    1
         0    9    1
         0   10    1
         0   11    1
         0   12    1
         0   13    1
         0   14    1
         0   15    1
         0   16    1
         0   17    1
         0   18    1
         0   19    1
         0   20    1
         0   21    1
         0   22    1
         0   23    1
         0   24    1
         0   25    1
 444646000   26    1
 397608000   27    1
 357583000   28    1
 324161000   29    1
 296656000   30    1
 274240000   31    1
 256057000   32    1
 241314000   33    1
 229322000   34    1
 219511000   35    1
 211426000   36    1
 204710000   37    1
 199088000   38    1
 194347000   39    1
 190324000   40    1
 186891000   41    1
 183948000   42    1
 181416000   43    1
 179230000   44    1
 177337000   45    1
 175694000   46    1
 174266000   47    1
 173022000   48    1
 171937000   49    1
 170990000   50    1
 170161000   51    1
 169436000   52    1
 168801000   53    1
 168243000   54    1
 167755000   55    1
 167325000   56    1
 166948000   57    1
 166617000   58    1
 166326000   59    1
 166070000   60    1
 165844000   61    1
 165646000   62    1
 165471000   63    1
 165317000   64    1
 165182000   65    1
 165063000   66    1
 164958000   67    1
 164865000   68    1
 164784000   69    1
 164712000   70    1
 164649000   71    1
 164593000   72    1
 164544000   73    1
 164500000   74    1
 164462000   75    1
 164429000   76    1
 164399000   77    1
 164373000   78    1
 164350000   79    1
 164329000   80    1
 164311000   81    1
 164296000   82    1
 164282000   83    1
 164269000   84    1
 164258000   85    1
 164249000   86    1
 164240000   87    1
 164233000   88    1
 164227000   89    1
 164221000   90    1
 164216000   91    1
 164211000   92    1
 164207000   93    1
 164204000   94    1
 164201000   95    1
 164198000   96    1
 164195000   97    1
 164193000   98    1
 164192000   99    1
 164190000  100    1
13 #_N_cpue
 #_Fleet Units Errtype
       1     1       0
       2     1       0
       3     1       0
 #_year seas index        obs se_log
     76    1     2 1587726789    0.2
     78    1     2 1682325285    0.2
     80    1     2 1929975764    0.2
     82    1     2 1650957795    0.2
     84    1     2 1449437650    0.2
     86    1     2 1489481687    0.2
     88    1     2 1924435078    0.2
     90    1     2 1498650636    0.2
     92    1     2 1235692867    0.2
     94    1     2 1020700548    0.2
     96    1     2 1444145713    0.2
     98    1     2 1309225286    0.2
    100    1     2  901195550    0.2
0 #_N_discard_fleets
#_discard_units (1=same_as_catchunits(bio/num); 2=fraction; 3=numbers)
#_discard_errtype:  >0 for DF of T-dist(read CV below); 0 for normal with CV; -1 for normal with se; -2 for lognormal
0 #_N_discard
0 #_N_meanbodywt
1 #_DF_for_meanbodywt_T-distribution_like
2 # length bin method: 1=use databins; 2=generate from binwidth,min,max below; 3=read vector
1 # binwidth for population size comp
10 # minimum size in the population (lower edge of first bin and size at age 0.00)
200 # maximum size in the population (lower edge of last bin)
-0.001 #_comp_tail_compression
1e-05 #_add_to_comp
0 #_combine males into females at or below this bin number
45 #_N_lbins
#_lbin_vector
20 23 26 29 32 35 38 41 44 47 50 53 56 59 62 65 68 71 74 77 80 83 86 89 92 95 98 101 104 107 110 113 116 119 122 125 128 131 134 137 140 143 146 149 152
28 #_N_Length_comp_observations
 #_Yr Seas FltSvy Gender Part Nsamp           l20          l23          l26         l29         l32          l35          l38         l41        l44        l47        l50        l53         l56        l59        l62        l65        l68         l71        l74        l77        l80        l83         l86         l89         l92        l95         l98        l101        l104        l107        l110        l113        l116        l119        l122         l125         l128         l131         l134         l137         l140         l143         l146         l149         l152
   26    1      1      0    0   125  3.384533e-54 1.001742e-09 5.067195e-04 0.004542387 0.021247448 6.999092e-03 4.147396e-03 0.006416087 0.02085823 0.02939672 0.04052637 0.04182852 0.044464989 0.02538186 0.03167433 0.02476475 0.02394405 0.020988458 0.05006525 0.03069962 0.01402664 0.02956360 0.010346228 0.024767476 0.066994290 0.04203947 0.010928485 0.024672516 0.034252778 0.038795235 0.020202255 0.044643353 0.036204547 0.035851849 0.010119564 0.0162569855 0.0194636811 0.0265023322 4.049016e-02 8.268577e-03 1.021442e-02 9.201687e-04 5.046298e-04 3.263574e-03 2.254901e-03
   36    1      1      0    0   125  1.071853e-55 5.475506e-04 3.433512e-04 0.004627881 0.003507038 2.617791e-03 6.524415e-03 0.003456953 0.04982861 0.10360027 0.03969980 0.04343525 0.036145505 0.02400782 0.05240333 0.01583507 0.05520482 0.036167423 0.03648521 0.07912805 0.01958841 0.02592879 0.020480173 0.015475733 0.047749829 0.02209112 0.052003058 0.021061825 0.005431465 0.040907460 0.009034437 0.008280924 0.021463835 0.014123956 0.027804765 0.0198263550 0.0100142058 0.0041158230 2.554978e-03 3.319490e-03 1.156491e-02 1.901946e-03 1.583305e-03 8.823825e-09 1.270418e-04
   46    1      1      0    0   125 2.904849e-153 6.585962e-12 4.018220e-04 0.018007100 0.008280622 1.487051e-02 3.371079e-04 0.029133745 0.03159246 0.05610838 0.10257465 0.03637063 0.020581860 0.03715572 0.05580879 0.05767119 0.02029185 0.030080024 0.02905967 0.04545450 0.04188201 0.01732723 0.057576868 0.019974737 0.022584881 0.01282430 0.035644098 0.014811698 0.026666682 0.041641633 0.013642262 0.008577470 0.020816352 0.011353507 0.021279399 0.0205848194 0.0023594324 0.0018887742 1.130773e-02 5.138685e-06 1.010248e-05 2.475705e-03 9.723182e-04 3.637824e-14 1.222212e-05
   56    1      1      0    0   125 1.758874e-321 3.479102e-04 2.609893e-03 0.004204097 0.007883370 1.192826e-02 6.751439e-03 0.012975609 0.03014129 0.05083809 0.05719456 0.04924434 0.030396733 0.03714534 0.05937224 0.02471034 0.05631089 0.048566479 0.05840603 0.03664968 0.06823119 0.03309059 0.034611803 0.042859426 0.010957253 0.02645806 0.013647379 0.008302216 0.023259259 0.021549622 0.026700531 0.025079193 0.016746322 0.008977504 0.010016895 0.0025013786 0.0045657888 0.0059205972 2.452910e-04 3.395888e-03 5.081288e-03 5.607589e-05 1.402458e-03 4.634893e-05 2.062106e-02
   60    1      1      0    0   125  3.166747e-61 2.698719e-14 2.226442e-03 0.031247285 0.008071415 2.421691e-03 2.369046e-03 0.011752899 0.01031326 0.03870344 0.07580181 0.03048006 0.060568067 0.02445638 0.03941838 0.07726124 0.02851267 0.033876770 0.02603679 0.01712150 0.04626276 0.03625828 0.032188668 0.012394378 0.035574772 0.02676577 0.047301918 0.049258690 0.032424195 0.011258415 0.029750241 0.013964083 0.013176731 0.028162820 0.025029792 0.0136700222 0.0022578475 0.0001487818 1.326788e-03 5.883984e-06 4.661714e-03 4.554179e-03 1.293107e-02 4.767825e-06 2.826924e-05
   64    1      1      0    0   125 1.391246e-150 1.298148e-08 2.130978e-06 0.011289579 0.016385816 2.051752e-02 1.639669e-05 0.023532495 0.01915097 0.05781481 0.04159875 0.05552736 0.014123381 0.01788365 0.04209942 0.04279345 0.07179962 0.009404877 0.02219693 0.04489100 0.02858306 0.04383223 0.096156256 0.052195357 0.021513630 0.01439339 0.056947132 0.018980788 0.013476519 0.032313518 0.022032903 0.012259955 0.004997925 0.008062765 0.029899487 0.0025239311 0.0024551354 0.0164075799 6.914069e-03 2.739366e-04 1.845827e-03 7.691755e-06 2.898205e-03 5.317875e-07 4.919540e-12
   68    1      1      0    0   125  8.816355e-76 9.162829e-12 4.047399e-03 0.007309137 0.014331020 1.633896e-02 6.587696e-04 0.036902541 0.03508649 0.05792249 0.05847948 0.03583437 0.037646116 0.03504983 0.03077448 0.07772967 0.01885385 0.022183960 0.04443749 0.04082460 0.02437702 0.02031922 0.023082772 0.027047294 0.025287374 0.04103238 0.057991368 0.043152354 0.008400302 0.014927081 0.011379921 0.007817325 0.024569737 0.026625993 0.027310237 0.0215745358 0.0054452379 0.0110076193 4.358378e-05 1.997883e-03 9.651061e-04 8.637843e-07 3.981198e-06 3.837222e-11 1.230175e-03
   72    1      1      0    0   125  1.766402e-85 7.727865e-03 2.010221e-03 0.002565536 0.053932764 1.951164e-03 1.372097e-02 0.015353469 0.04571016 0.06036408 0.04695211 0.03768153 0.022959139 0.02541227 0.03671587 0.03577209 0.04812001 0.016846746 0.04182624 0.06113143 0.04727463 0.01774090 0.046606110 0.057020586 0.056383218 0.03526685 0.016839342 0.019433127 0.020316249 0.011167409 0.008232849 0.005333547 0.014018134 0.001894083 0.008452725 0.0128033957 0.0315001227 0.0044635915 3.815130e-04 9.401733e-04 7.017194e-03 9.337908e-05 5.334840e-05 4.133002e-07 1.345456e-05
   76    1      1      0    0   125  1.589186e-45 2.353610e-11 1.645703e-04 0.018440631 0.001091970 5.513842e-04 5.358888e-04 0.022134979 0.01900508 0.11493811 0.04968222 0.02438145 0.038398084 0.06130440 0.05697880 0.03740291 0.03886864 0.038599900 0.04091058 0.02644351 0.04125048 0.02916833 0.049249567 0.031601155 0.008745593 0.02847496 0.009572269 0.092454692 0.015067617 0.017587724 0.023852091 0.014722465 0.009151927 0.007981345 0.001768783 0.0002160415 0.0044531474 0.0088870359 2.730089e-05 4.979842e-03 7.350296e-03 3.604198e-03 2.783932e-08 2.193758e-28 1.767521e-10
   80    1      1      0    0   125 6.480010e-153 2.285200e-13 4.675216e-04 0.013514822 0.006712883 2.122454e-03 1.915234e-03 0.020494744 0.03627313 0.04628746 0.04931755 0.05449922 0.047874165 0.04775991 0.09936588 0.02611590 0.05530864 0.019409490 0.08771379 0.05543270 0.01700881 0.02727484 0.025114791 0.039951826 0.050411064 0.02727941 0.013962345 0.017030334 0.018113413 0.008689981 0.032207441 0.002317483 0.002691460 0.022997267 0.002743946 0.0023126107 0.0031571348 0.0109781647 1.323373e-03 1.310702e-03 1.765299e-04 1.697121e-04 2.422438e-14 2.191839e-03 7.371082e-10
   84    1      1      0    0   125 1.707750e-152 2.525703e-38 9.928542e-07 0.001968555 0.021091284 2.935324e-03 1.575295e-02 0.009375171 0.04801132 0.11567283 0.07392040 0.03440411 0.031613560 0.02639105 0.03719117 0.03873410 0.03341464 0.028895521 0.05898827 0.04620838 0.04623919 0.01188547 0.037047351 0.048793664 0.044026980 0.04215228 0.007570836 0.012246973 0.026373344 0.014918407 0.006681909 0.013358502 0.032949385 0.004178700 0.002375580 0.0062386690 0.0035068518 0.0136108577 3.290377e-04 4.586286e-04 1.705569e-05 7.064755e-09 3.776650e-14 3.392769e-24 4.706939e-04
   88    1      1      0    0   125 5.598460e-101 1.272399e-05 7.680063e-04 0.017822910 0.018423790 3.384519e-05 4.972835e-03 0.018637899 0.04056384 0.07807243 0.05538893 0.04315561 0.048389181 0.02199743 0.01942550 0.07535338 0.04817818 0.060018242 0.01964267 0.02134135 0.02392764 0.04223759 0.028268738 0.016092226 0.012963699 0.02484937 0.041822560 0.012579179 0.031314356 0.054598572 0.012322016 0.025443738 0.008146013 0.003642068 0.022111848 0.0385975740 0.0025464087 0.0000478508 1.906886e-03 6.178118e-04 2.784586e-05 5.562731e-10 1.281646e-19 3.737252e-03 3.210256e-09
   92    1      1      0    0   125  3.236705e-57 1.450072e-16 1.938550e-04 0.039690223 0.019546141 1.285860e-02 5.266386e-04 0.016646223 0.04564963 0.08104509 0.02994873 0.10818196 0.009531538 0.02542027 0.04203817 0.01924309 0.02978698 0.053236163 0.02529971 0.03608330 0.03568050 0.02801378 0.056099746 0.008555191 0.021839498 0.03714844 0.025053113 0.019060256 0.014744686 0.033761095 0.033277554 0.012455994 0.013800757 0.006511602 0.016689141 0.0100467105 0.0001978806 0.0033956864 2.277595e-02 4.051364e-03 8.172032e-04 1.073375e-03 2.393096e-05 2.010296e-14 2.369383e-07
   96    1      1      0    0   125 8.355925e-217 6.776528e-08 1.543459e-03 0.006040743 0.004101639 3.896639e-03 1.110097e-03 0.022587948 0.06401721 0.05107381 0.04069911 0.04481258 0.048369511 0.06055520 0.02246469 0.03622761 0.07122446 0.067861882 0.03226440 0.02480727 0.03093086 0.01786861 0.073958646 0.010764171 0.016359546 0.01688088 0.029515671 0.031620400 0.034489862 0.008734653 0.009352330 0.011747478 0.021838989 0.013751077 0.010786272 0.0207588178 0.0149884878 0.0061948584 3.061649e-07 2.751020e-03 2.298775e-06 1.153907e-04 3.161382e-03 9.708297e-03 6.136305e-05
  100    1      1      0    0   125  2.490550e-12 7.786485e-04 3.723130e-03 0.002817518 0.023563362 9.939529e-04 1.741816e-03 0.013496766 0.04686173 0.05643817 0.07056528 0.03825910 0.036289671 0.05054034 0.03431073 0.04524335 0.07873508 0.036861474 0.03787804 0.03478554 0.04501158 0.02062520 0.008002501 0.014279365 0.023602851 0.02911836 0.039596277 0.031999183 0.018398400 0.025128410 0.032792362 0.025969551 0.037280557 0.005720636 0.008066271 0.0034044279 0.0085926989 0.0029185711 4.897343e-04 2.562841e-03 6.536971e-05 7.405146e-07 1.030282e-03 1.459694e-03 4.241900e-07
   76    1      2      0    0   500  3.472483e-08 3.356614e-03 2.851495e-02 0.047334572 0.047851037 2.101480e-02 5.553209e-03 0.022877388 0.02963842 0.05812671 0.06030153 0.02161900 0.026516750 0.03660484 0.03909244 0.03908541 0.03342263 0.052410622 0.03151333 0.04155102 0.03348916 0.02285524 0.020362319 0.024175969 0.020688232 0.02759116 0.024963018 0.028172219 0.020660166 0.020372799 0.020969438 0.023272460 0.008432402 0.020748927 0.006319178 0.0126020545 0.0016682251 0.0024677741 8.723901e-04 5.878454e-03 3.951419e-03 1.640498e-03 7.653520e-05 6.745493e-08 1.384577e-03
   78    1      2      0    0   500  1.062090e-36 4.415792e-03 1.144299e-02 0.048421629 0.040709203 1.368618e-02 1.151297e-02 0.032678217 0.03460534 0.07187563 0.05247554 0.03144816 0.021140952 0.03392125 0.04534904 0.04010770 0.03942607 0.047661763 0.04151229 0.03398367 0.03402244 0.03226726 0.034740955 0.014159538 0.022076947 0.03304169 0.026245755 0.019585801 0.013875516 0.018207115 0.022541999 0.011202538 0.012507928 0.017869588 0.010259095 0.0080205604 0.0056188888 0.0044941156 2.194284e-04 1.205616e-03 3.638412e-04 1.060450e-03 3.619170e-05 5.654983e-08 2.315455e-06
   80    1      2      0    0   500  8.445405e-13 3.562321e-03 2.420084e-02 0.031655382 0.038989377 2.113216e-02 1.133583e-02 0.017929813 0.04535916 0.05633726 0.06049603 0.04083014 0.066307024 0.02655770 0.02562315 0.03599190 0.04098829 0.027068145 0.03860372 0.03359945 0.02483750 0.03966713 0.032997519 0.022083332 0.022139057 0.03913504 0.027682235 0.011824051 0.029762160 0.016186955 0.013867217 0.016021172 0.016146682 0.019250095 0.006367516 0.0013583363 0.0058824213 0.0025628423 2.319828e-03 1.446659e-03 9.905304e-04 5.198347e-04 3.545470e-04 2.357908e-05 6.076219e-06
   82    1      2      0    0   500  1.450482e-06 3.976898e-03 2.236683e-02 0.072549216 0.049970995 1.308619e-02 4.570057e-03 0.021539601 0.04740653 0.05429746 0.03995907 0.04191414 0.024589789 0.03580429 0.04707677 0.03395612 0.02952607 0.019935351 0.02932033 0.02324639 0.02518885 0.02564392 0.043793836 0.028910903 0.042020332 0.03758041 0.020331243 0.017317925 0.025885960 0.030113618 0.012075623 0.011989615 0.008765553 0.022098623 0.008763061 0.0038683105 0.0065837423 0.0014958146 5.821414e-03 2.055670e-03 2.270571e-04 3.020959e-03 1.213275e-04 1.231720e-03 9.714931e-07
   84    1      2      0    0   500  6.869850e-10 1.864943e-03 2.335228e-02 0.055681685 0.042670359 1.164794e-02 1.292051e-02 0.017736690 0.04741684 0.07772211 0.05121406 0.04485291 0.034303604 0.03083887 0.03637783 0.02605815 0.03061133 0.032860779 0.05378067 0.03777358 0.03104574 0.04234993 0.037025209 0.025936918 0.024634222 0.02091261 0.023980218 0.014451472 0.010864347 0.009253910 0.011191841 0.012246237 0.013956896 0.006670870 0.012383901 0.0075622833 0.0043523768 0.0022331966 1.281282e-03 5.980299e-03 2.201755e-03 9.198298e-03 4.244027e-04 9.588393e-05 8.077637e-05
   86    1      2      0    0   500  2.159083e-33 3.767224e-04 2.224699e-02 0.038110928 0.035898674 1.518177e-02 7.023400e-03 0.018243260 0.02522527 0.07848934 0.05289147 0.03947149 0.024977142 0.03504552 0.04499488 0.03236565 0.03753398 0.026835117 0.03687941 0.02502904 0.03256372 0.03229188 0.038992532 0.031496724 0.019454540 0.02620666 0.043379055 0.029817472 0.028585738 0.029936490 0.010561997 0.016215843 0.011276865 0.008812904 0.013344985 0.0089499508 0.0030985449 0.0092484148 2.033145e-03 1.906450e-03 3.727605e-03 8.602081e-04 2.255005e-04 3.962214e-06 1.887621e-04
   88    1      2      0    0   500  4.514744e-14 3.964241e-04 1.525060e-02 0.054297800 0.051463242 2.019989e-02 9.076256e-03 0.019115032 0.03433670 0.06322416 0.05918672 0.05066913 0.036192518 0.02707605 0.03393684 0.04545152 0.04874511 0.030023783 0.03287025 0.03316487 0.02556175 0.03105074 0.030424324 0.027291640 0.016188681 0.02215480 0.022755740 0.025024970 0.015510381 0.015857679 0.019982015 0.015780485 0.016359765 0.006906090 0.010938404 0.0139287350 0.0082011846 0.0044653986 4.644580e-03 6.762746e-05 5.845747e-04 1.617987e-03 7.341112e-07 7.941047e-07 2.403149e-05
   90    1      2      0    0   500  2.148950e-05 1.398159e-03 2.574781e-02 0.043262583 0.049528810 3.334580e-02 1.291312e-02 0.032364235 0.03603375 0.03727379 0.05153724 0.03610931 0.031858714 0.03280536 0.03629596 0.04051890 0.03221776 0.050623725 0.03837596 0.04647264 0.02709493 0.02814762 0.022529585 0.017589926 0.028559915 0.02354144 0.021836286 0.031626374 0.011645013 0.013708350 0.010801558 0.024681293 0.012198611 0.014723003 0.014414534 0.0089567981 0.0073053347 0.0046484348 2.128292e-03 2.380540e-03 9.090897e-04 2.516834e-06 1.812177e-03 1.286987e-05 4.038803e-05
   92    1      2      0    0   500  8.039533e-17 6.201023e-04 2.036116e-02 0.044068578 0.055350676 1.988241e-02 8.218339e-03 0.020036472 0.04631392 0.06171400 0.05177772 0.03074489 0.020490278 0.04855244 0.05040497 0.04391702 0.03660331 0.048257029 0.03005231 0.04889323 0.02656589 0.02634257 0.039713697 0.029729102 0.024733166 0.02135145 0.025819317 0.018566416 0.019067068 0.013211848 0.005895525 0.013243114 0.009390009 0.005497804 0.004870472 0.0067324599 0.0063580236 0.0074171674 2.021886e-03 2.520730e-03 1.933526e-03 1.814875e-03 9.449986e-04 2.712254e-08 1.881596e-10
   94    1      2      0    0   500  1.556160e-09 3.673910e-03 1.332955e-02 0.062540178 0.048135879 2.145723e-02 1.181292e-02 0.016428944 0.04725781 0.04611411 0.05584842 0.04165658 0.029994931 0.03471110 0.03686964 0.03900959 0.03517978 0.038969126 0.03923974 0.04173621 0.03745383 0.02797371 0.015352730 0.028090063 0.020044948 0.02379016 0.024924840 0.025561897 0.024720516 0.015594915 0.018648472 0.010815158 0.013787506 0.007189408 0.009074028 0.0042333844 0.0032145323 0.0069788713 6.511268e-03 4.249045e-04 6.617436e-03 1.650914e-03 1.158855e-03 1.215219e-03 1.006792e-03
   96    1      2      0    0   500  5.959634e-40 2.921523e-03 2.186221e-02 0.051011489 0.030342172 1.890826e-02 5.872376e-03 0.014477168 0.04917426 0.03194734 0.05130992 0.03329432 0.022529043 0.03747116 0.03972095 0.03989347 0.04347618 0.035812021 0.04254512 0.03132516 0.04099872 0.04002028 0.025380116 0.031481057 0.033670646 0.03024852 0.022620606 0.017410522 0.012678029 0.013674230 0.016863747 0.025226666 0.016434143 0.021167511 0.010533538 0.0097783821 0.0059484863 0.0101185430 2.067560e-03 4.304759e-03 1.668759e-03 1.699355e-04 2.137456e-03 3.643782e-05 1.467198e-03
   98    1      2      0    0   500  6.072534e-10 1.165294e-03 2.166951e-02 0.077025129 0.043136534 1.316420e-02 1.124504e-02 0.043505490 0.04932459 0.03535281 0.06874417 0.05144422 0.029505211 0.03891571 0.03321339 0.02481479 0.02900590 0.027173479 0.02803361 0.03766575 0.02137163 0.03338824 0.025477928 0.036320883 0.022592053 0.03033550 0.008832444 0.017193948 0.026112635 0.016762351 0.012821788 0.020084484 0.008217970 0.006966821 0.010766017 0.0037544545 0.0112469180 0.0063625766 2.806615e-03 1.092267e-02 1.666969e-03 1.368407e-03 4.552383e-04 5.298237e-05 1.365045e-05
  100    1      2      0    0   500  9.448711e-13 8.239524e-04 2.271247e-02 0.050086352 0.062408374 1.503234e-02 6.381431e-03 0.015511418 0.04549165 0.06882816 0.04480260 0.04796980 0.029188541 0.03367126 0.03341539 0.03904552 0.03994354 0.036920123 0.03110815 0.02666368 0.03488461 0.03986205 0.024212481 0.031990547 0.022820795 0.03178179 0.030496604 0.016107194 0.029569228 0.013507935 0.012523985 0.016220078 0.011239655 0.013808794 0.005906496 0.0041026957 0.0054733915 0.0016678521 6.101742e-04 2.463902e-04 4.784643e-04 1.792735e-03 3.531865e-04 4.804694e-06 3.333115e-04
15 #_N_agebins
#_agebin_vector
1 2 3 4 5 6 7 8 9 10 11 12 13 14 15
1 #_N_ageerror_definitions
 #_age0   age1   age2   age3   age4   age5   age6   age7   age8   age9  age10  age11  age12  age13  age14  age15  age16  age17  age18  age19  age20  age21  age22  age23  age24  age25
 -1.000 -1.000 -1.000 -1.000 -1.000 -1.000 -1.000 -1.000 -1.000 -1.000 -1.000 -1.000 -1.000 -1.000 -1.000 -1.000 -1.000 -1.000 -1.000 -1.000 -1.000 -1.000 -1.000 -1.000 -1.000 -1.000
  0.001  0.001  0.001  0.001  0.001  0.001  0.001  0.001  0.001  0.001  0.001  0.001  0.001  0.001  0.001  0.001  0.001  0.001  0.001  0.001  0.001  0.001  0.001  0.001  0.001  0.001
84 #_N_agecomp
1 #_Lbin_method: 1=poplenbins; 2=datalenbins; 3=lengths
-1 #_combine males into females at or below this bin number
 #_Yr Seas FltSvy Gender Part Ageerr Lbin_lo Lbin_hi Nsamp           a1        a2        a3         a4         a5         a6         a7         a8         a9         a10         a11         a12          a13          a14         a15
   26    1      1      0    0      1      -1      -1   125  0.008909345 0.1603717 0.1322091 0.10879983 0.11803560 0.08763255 0.12137371 0.04748787 0.04938333 0.025577787 0.044335902 0.011990138 0.0012891911 0.0076734495 0.074930440
   36    1      1      0    0      1      -1      -1   125  0.035182813 0.2149884 0.1939958 0.15314321 0.08585238 0.08346578 0.02810022 0.06414087 0.02760281 0.019147625 0.033469599 0.005198072 0.0141489067 0.0025013248 0.039062178
   46    1      1      0    0      1      -1      -1   125  0.063616898 0.1408091 0.1767213 0.17014944 0.10645131 0.10632021 0.10979961 0.05088398 0.01327036 0.018645621 0.007698079 0.008544277 0.0058966066 0.0009573842 0.020235788
   56    1      1      0    0      1      -1      -1   125  0.026953434 0.2290260 0.2200237 0.19715743 0.08835465 0.05269830 0.06061486 0.06033993 0.02754295 0.013041425 0.004975645 0.005799569 0.0061395827 0.0045173770 0.002815158
   60    1      1      0    0      1      -1      -1   125  0.041693462 0.2297892 0.1213085 0.16571104 0.08378374 0.09781521 0.04570021 0.05357609 0.02305867 0.036842173 0.007668215 0.032194151 0.0136796203 0.0082130591 0.038966762
   64    1      1      0    0      1      -1      -1   125  0.033519265 0.2586849 0.1748166 0.17152631 0.11232458 0.04582805 0.04276668 0.03062448 0.04166731 0.034472969 0.018947686 0.001930777 0.0052230885 0.0010961699 0.026571151
   68    1      1      0    0      1      -1      -1   125  0.030034494 0.3159245 0.1747913 0.12070913 0.12384858 0.07287690 0.05712255 0.04321313 0.02444963 0.010649419 0.013150481 0.002335846 0.0005742985 0.0030175923 0.007302148
   72    1      1      0    0      1      -1      -1   125  0.063161886 0.3078896 0.1503003 0.15274064 0.10309159 0.04044430 0.05010153 0.02922879 0.03786832 0.008103811 0.029530271 0.000814404 0.0005638339 0.0072704693 0.018890239
   76    1      1      0    0      1      -1      -1   125  0.016691387 0.2701300 0.1347363 0.14273398 0.15782249 0.09023052 0.05100473 0.03649161 0.02951035 0.019396000 0.017445006 0.002526159 0.0024512757 0.0016117860 0.027218389
   80    1      1      0    0      1      -1      -1   125  0.014206863 0.2047453 0.2021263 0.13804249 0.09291498 0.10274478 0.06911949 0.02545216 0.03469775 0.059248051 0.013923844 0.029015521 0.0090464660 0.0019522766 0.002763658
   84    1      1      0    0      1      -1      -1   125  0.025948504 0.2278085 0.2477486 0.16900133 0.10687236 0.09031981 0.02787228 0.02533673 0.01477536 0.018307736 0.014353717 0.025051161 0.0006692026 0.0047859540 0.001148726
   88    1      1      0    0      1      -1      -1   125  0.036189988 0.2385301 0.1573612 0.16945385 0.10333209 0.07120383 0.07379958 0.03906685 0.02111260 0.017214330 0.044648156 0.011738906 0.0025068265 0.0026754292 0.011166320
   92    1      1      0    0      1      -1      -1   125  0.036679883 0.1759461 0.1697389 0.21544128 0.09180058 0.06442622 0.06738314 0.03084938 0.03515773 0.024296568 0.022411711 0.014554991 0.0067650238 0.0009937617 0.043554738
   96    1      1      0    0      1      -1      -1   125  0.041203235 0.1667730 0.2731560 0.09722521 0.12434720 0.11581505 0.07418623 0.04055237 0.01142283 0.013170165 0.001684973 0.020154851 0.0051402994 0.0037048017 0.011463771
  100    1      1      0    0      1      -1      -1   125  0.026748126 0.2129873 0.1953411 0.17931826 0.14086867 0.09643772 0.05196887 0.01685992 0.01407813 0.028562122 0.009214789 0.011508676 0.0051164925 0.0036889492 0.007300829
   76    1      2      0    0      1      -1      -1   500  0.122474810 0.2613141 0.1755268 0.12578325 0.08229471 0.05337608 0.05996723 0.03514615 0.01933047 0.018655111 0.013131234 0.005530070 0.0077380956 0.0004215493 0.019310367
   78    1      2      0    0      1      -1      -1   500  0.150716805 0.2132765 0.1695146 0.12633473 0.07557638 0.06540180 0.05703523 0.05070046 0.02249616 0.009248497 0.023033593 0.005239629 0.0093296512 0.0082377103 0.013858195
   80    1      2      0    0      1      -1      -1   500  0.146183051 0.2291841 0.1630647 0.12863019 0.06375324 0.06391809 0.04518427 0.04035246 0.02718473 0.018714339 0.008794400 0.021666286 0.0052763767 0.0118909727 0.026202799
   82    1      2      0    0      1      -1      -1   500  0.123917445 0.2319024 0.1764971 0.14864921 0.09912161 0.05789197 0.04575777 0.02997678 0.01840716 0.013659011 0.010761762 0.012257669 0.0070748432 0.0034889430 0.020636394
   84    1      2      0    0      1      -1      -1   500  0.126449220 0.2352624 0.1903812 0.11808198 0.07918966 0.05784249 0.05554095 0.04154928 0.02727104 0.023253396 0.013846221 0.003033208 0.0029857627 0.0027610305 0.022552206
   86    1      2      0    0      1      -1      -1   500  0.114735555 0.2517835 0.1776277 0.11792186 0.08933009 0.06667859 0.04533852 0.02324504 0.02665647 0.019334119 0.020996025 0.011028879 0.0140369181 0.0046417898 0.016644922
   88    1      2      0    0      1      -1      -1   500  0.144544786 0.2285842 0.1607098 0.13078653 0.09377621 0.06451748 0.03187088 0.03037217 0.04106907 0.009781519 0.026472150 0.013375674 0.0061736443 0.0020530352 0.015912764
   90    1      2      0    0      1      -1      -1   500  0.158124857 0.2321591 0.1656568 0.11563937 0.07912870 0.05512494 0.05912453 0.04509319 0.03465205 0.014178765 0.014480790 0.007620818 0.0049494674 0.0016212191 0.012445409
   92    1      2      0    0      1      -1      -1   500  0.125236314 0.2303516 0.1768645 0.13775190 0.08162456 0.04887765 0.05028264 0.02666193 0.03198042 0.012694417 0.007969992 0.015108038 0.0163449525 0.0054823397 0.032768680
   94    1      2      0    0      1      -1      -1   500  0.149865312 0.2371463 0.1556421 0.11715663 0.10536263 0.07168415 0.04195342 0.03084484 0.01527726 0.017416652 0.019227740 0.010582232 0.0075320714 0.0115733012 0.008735348
   96    1      2      0    0      1      -1      -1   500  0.150298018 0.2065649 0.2007336 0.09850703 0.08700533 0.08391080 0.04816394 0.04657442 0.01427347 0.020342344 0.015194058 0.005730206 0.0088178320 0.0041941949 0.009689939
   98    1      2      0    0      1      -1      -1   500  0.178747809 0.2151816 0.1464831 0.11426218 0.10001516 0.06897462 0.04062501 0.02642599 0.02903269 0.022568854 0.009466226 0.011574418 0.0071826430 0.0044161359 0.025043582
  100    1      2      0    0      1      -1      -1   500  0.139547164 0.2425242 0.1793869 0.14487815 0.06247678 0.06804146 0.04795811 0.03870050 0.02434850 0.018948076 0.007460052 0.007335079 0.0062796676 0.0020095310 0.010105863
   60    1      1      0    0      1       4       4     2  2.000000000 0.0000000 0.0000000 0.00000000 0.00000000 0.00000000 0.00000000 0.00000000 0.00000000 0.000000000 0.000000000 0.000000000 0.0000000000 0.0000000000 0.000000000
   60    1      1      0    0      1       5       5     2  2.000000000 0.0000000 0.0000000 0.00000000 0.00000000 0.00000000 0.00000000 0.00000000 0.00000000 0.000000000 0.000000000 0.000000000 0.0000000000 0.0000000000 0.000000000
   60    1      1      0    0      1       8       8     1  1.000000000 0.0000000 0.0000000 0.00000000 0.00000000 0.00000000 0.00000000 0.00000000 0.00000000 0.000000000 0.000000000 0.000000000 0.0000000000 0.0000000000 0.000000000
   60    1      1      0    0      1       9       9     1  1.000000000 0.0000000 0.0000000 0.00000000 0.00000000 0.00000000 0.00000000 0.00000000 0.00000000 0.000000000 0.000000000 0.000000000 0.0000000000 0.0000000000 0.000000000
   60    1      1      0    0      1      10      10     3  3.000000000 0.0000000 0.0000000 0.00000000 0.00000000 0.00000000 0.00000000 0.00000000 0.00000000 0.000000000 0.000000000 0.000000000 0.0000000000 0.0000000000 0.000000000
   60    1      1      0    0      1      11      11     6  6.000000000 0.0000000 0.0000000 0.00000000 0.00000000 0.00000000 0.00000000 0.00000000 0.00000000 0.000000000 0.000000000 0.000000000 0.0000000000 0.0000000000 0.000000000
   60    1      1      0    0      1      12      12     4  4.000000000 0.0000000 0.0000000 0.00000000 0.00000000 0.00000000 0.00000000 0.00000000 0.00000000 0.000000000 0.000000000 0.000000000 0.0000000000 0.0000000000 0.000000000
   60    1      1      0    0      1      13      13     9  9.000000000 0.0000000 0.0000000 0.00000000 0.00000000 0.00000000 0.00000000 0.00000000 0.00000000 0.000000000 0.000000000 0.000000000 0.0000000000 0.0000000000 0.000000000
   60    1      1      0    0      1      14      14     2  2.000000000 0.0000000 0.0000000 0.00000000 0.00000000 0.00000000 0.00000000 0.00000000 0.00000000 0.000000000 0.000000000 0.000000000 0.0000000000 0.0000000000 0.000000000
   60    1      1      0    0      1      15      15     1  1.000000000 0.0000000 0.0000000 0.00000000 0.00000000 0.00000000 0.00000000 0.00000000 0.00000000 0.000000000 0.000000000 0.000000000 0.0000000000 0.0000000000 0.000000000
   60    1      1      0    0      1      16      16     5  5.000000000 0.0000000 0.0000000 0.00000000 0.00000000 0.00000000 0.00000000 0.00000000 0.00000000 0.000000000 0.000000000 0.000000000 0.0000000000 0.0000000000 0.000000000
   60    1      1      0    0      1      17      17     4  4.000000000 0.0000000 0.0000000 0.00000000 0.00000000 0.00000000 0.00000000 0.00000000 0.00000000 0.000000000 0.000000000 0.000000000 0.0000000000 0.0000000000 0.000000000
   60    1      1      0    0      1      18      18     5  5.000000000 0.0000000 0.0000000 0.00000000 0.00000000 0.00000000 0.00000000 0.00000000 0.00000000 0.000000000 0.000000000 0.000000000 0.0000000000 0.0000000000 0.000000000
   60    1      1      0    0      1      19      19     8  8.000000000 0.0000000 0.0000000 0.00000000 0.00000000 0.00000000 0.00000000 0.00000000 0.00000000 0.000000000 0.000000000 0.000000000 0.0000000000 0.0000000000 0.000000000
   60    1      1      0    0      1      20      20     2  2.000000000 0.0000000 0.0000000 0.00000000 0.00000000 0.00000000 0.00000000 0.00000000 0.00000000 0.000000000 0.000000000 0.000000000 0.0000000000 0.0000000000 0.000000000
   60    1      1      0    0      1      21      21     2  2.000000000 0.0000000 0.0000000 0.00000000 0.00000000 0.00000000 0.00000000 0.00000000 0.00000000 0.000000000 0.000000000 0.000000000 0.0000000000 0.0000000000 0.000000000
   60    1      1      0    0      1      22      22     3  3.000000000 0.0000000 0.0000000 0.00000000 0.00000000 0.00000000 0.00000000 0.00000000 0.00000000 0.000000000 0.000000000 0.000000000 0.0000000000 0.0000000000 0.000000000
   60    1      1      0    0      1      23      23     7  7.000000000 0.0000000 0.0000000 0.00000000 0.00000000 0.00000000 0.00000000 0.00000000 0.00000000 0.000000000 0.000000000 0.000000000 0.0000000000 0.0000000000 0.000000000
   60    1      1      0    0      1      25      25     1  1.000000000 0.0000000 0.0000000 0.00000000 0.00000000 0.00000000 0.00000000 0.00000000 0.00000000 0.000000000 0.000000000 0.000000000 0.0000000000 0.0000000000 0.000000000
   60    1      1      0    0      1      26      26     5  5.000000000 0.0000000 0.0000000 0.00000000 0.00000000 0.00000000 0.00000000 0.00000000 0.00000000 0.000000000 0.000000000 0.000000000 0.0000000000 0.0000000000 0.000000000
   60    1      1      0    0      1      27      27     5  2.000000000 3.0000000 0.0000000 0.00000000 0.00000000 0.00000000 0.00000000 0.00000000 0.00000000 0.000000000 0.000000000 0.000000000 0.0000000000 0.0000000000 0.000000000
   60    1      1      0    0      1      28      28     5  4.000000000 1.0000000 0.0000000 0.00000000 0.00000000 0.00000000 0.00000000 0.00000000 0.00000000 0.000000000 0.000000000 0.000000000 0.0000000000 0.0000000000 0.000000000
   60    1      1      0    0      1      29      29     4  2.000000000 2.0000000 0.0000000 0.00000000 0.00000000 0.00000000 0.00000000 0.00000000 0.00000000 0.000000000 0.000000000 0.000000000 0.0000000000 0.0000000000 0.000000000
   60    1      1      0    0      1      31      31     3  0.000000000 3.0000000 0.0000000 0.00000000 0.00000000 0.00000000 0.00000000 0.00000000 0.00000000 0.000000000 0.000000000 0.000000000 0.0000000000 0.0000000000 0.000000000
   60    1      1      0    0      1      33      33     1  0.000000000 1.0000000 0.0000000 0.00000000 0.00000000 0.00000000 0.00000000 0.00000000 0.00000000 0.000000000 0.000000000 0.000000000 0.0000000000 0.0000000000 0.000000000
   60    1      1      0    0      1      34      34     2  0.000000000 2.0000000 0.0000000 0.00000000 0.00000000 0.00000000 0.00000000 0.00000000 0.00000000 0.000000000 0.000000000 0.000000000 0.0000000000 0.0000000000 0.000000000
   60    1      1      0    0      1      35      35     3  0.000000000 3.0000000 0.0000000 0.00000000 0.00000000 0.00000000 0.00000000 0.00000000 0.00000000 0.000000000 0.000000000 0.000000000 0.0000000000 0.0000000000 0.000000000
   60    1      1      0    0      1      36      36     1  0.000000000 1.0000000 0.0000000 0.00000000 0.00000000 0.00000000 0.00000000 0.00000000 0.00000000 0.000000000 0.000000000 0.000000000 0.0000000000 0.0000000000 0.000000000
   60    1      1      0    0      1      43      43     3  0.000000000 2.0000000 1.0000000 0.00000000 0.00000000 0.00000000 0.00000000 0.00000000 0.00000000 0.000000000 0.000000000 0.000000000 0.0000000000 0.0000000000 0.000000000
  100    1      1      0    0      1       5       5     2  2.000000000 0.0000000 0.0000000 0.00000000 0.00000000 0.00000000 0.00000000 0.00000000 0.00000000 0.000000000 0.000000000 0.000000000 0.0000000000 0.0000000000 0.000000000
  100    1      1      0    0      1       8       8     1  1.000000000 0.0000000 0.0000000 0.00000000 0.00000000 0.00000000 0.00000000 0.00000000 0.00000000 0.000000000 0.000000000 0.000000000 0.0000000000 0.0000000000 0.000000000
  100    1      1      0    0      1       9       9     5  5.000000000 0.0000000 0.0000000 0.00000000 0.00000000 0.00000000 0.00000000 0.00000000 0.00000000 0.000000000 0.000000000 0.000000000 0.0000000000 0.0000000000 0.000000000
  100    1      1      0    0      1      10      10     8  8.000000000 0.0000000 0.0000000 0.00000000 0.00000000 0.00000000 0.00000000 0.00000000 0.00000000 0.000000000 0.000000000 0.000000000 0.0000000000 0.0000000000 0.000000000
  100    1      1      0    0      1      11      11     6  6.000000000 0.0000000 0.0000000 0.00000000 0.00000000 0.00000000 0.00000000 0.00000000 0.00000000 0.000000000 0.000000000 0.000000000 0.0000000000 0.0000000000 0.000000000
  100    1      1      0    0      1      12      12     8  8.000000000 0.0000000 0.0000000 0.00000000 0.00000000 0.00000000 0.00000000 0.00000000 0.00000000 0.000000000 0.000000000 0.000000000 0.0000000000 0.0000000000 0.000000000
  100    1      1      0    0      1      13      13     2  2.000000000 0.0000000 0.0000000 0.00000000 0.00000000 0.00000000 0.00000000 0.00000000 0.00000000 0.000000000 0.000000000 0.000000000 0.0000000000 0.0000000000 0.000000000
  100    1      1      0    0      1      14      14     4  4.000000000 0.0000000 0.0000000 0.00000000 0.00000000 0.00000000 0.00000000 0.00000000 0.00000000 0.000000000 0.000000000 0.000000000 0.0000000000 0.0000000000 0.000000000
  100    1      1      0    0      1      15      15     5  5.000000000 0.0000000 0.0000000 0.00000000 0.00000000 0.00000000 0.00000000 0.00000000 0.00000000 0.000000000 0.000000000 0.000000000 0.0000000000 0.0000000000 0.000000000
  100    1      1      0    0      1      16      16     1  1.000000000 0.0000000 0.0000000 0.00000000 0.00000000 0.00000000 0.00000000 0.00000000 0.00000000 0.000000000 0.000000000 0.000000000 0.0000000000 0.0000000000 0.000000000
  100    1      1      0    0      1      17      17    11 11.000000000 0.0000000 0.0000000 0.00000000 0.00000000 0.00000000 0.00000000 0.00000000 0.00000000 0.000000000 0.000000000 0.000000000 0.0000000000 0.0000000000 0.000000000
  100    1      1      0    0      1      18      18     2  2.000000000 0.0000000 0.0000000 0.00000000 0.00000000 0.00000000 0.00000000 0.00000000 0.00000000 0.000000000 0.000000000 0.000000000 0.0000000000 0.0000000000 0.000000000
  100    1      1      0    0      1      19      19     5  5.000000000 0.0000000 0.0000000 0.00000000 0.00000000 0.00000000 0.00000000 0.00000000 0.00000000 0.000000000 0.000000000 0.000000000 0.0000000000 0.0000000000 0.000000000
  100    1      1      0    0      1      20      20     5  5.000000000 0.0000000 0.0000000 0.00000000 0.00000000 0.00000000 0.00000000 0.00000000 0.00000000 0.000000000 0.000000000 0.000000000 0.0000000000 0.0000000000 0.000000000
  100    1      1      0    0      1      21      21     5  5.000000000 0.0000000 0.0000000 0.00000000 0.00000000 0.00000000 0.00000000 0.00000000 0.00000000 0.000000000 0.000000000 0.000000000 0.0000000000 0.0000000000 0.000000000
  100    1      1      0    0      1      22      22     3  3.000000000 0.0000000 0.0000000 0.00000000 0.00000000 0.00000000 0.00000000 0.00000000 0.00000000 0.000000000 0.000000000 0.000000000 0.0000000000 0.0000000000 0.000000000
  100    1      1      0    0      1      23      23     3  3.000000000 0.0000000 0.0000000 0.00000000 0.00000000 0.00000000 0.00000000 0.00000000 0.00000000 0.000000000 0.000000000 0.000000000 0.0000000000 0.0000000000 0.000000000
  100    1      1      0    0      1      25      25     1  1.000000000 0.0000000 0.0000000 0.00000000 0.00000000 0.00000000 0.00000000 0.00000000 0.00000000 0.000000000 0.000000000 0.000000000 0.0000000000 0.0000000000 0.000000000
  100    1      1      0    0      1      26      26     3  3.000000000 0.0000000 0.0000000 0.00000000 0.00000000 0.00000000 0.00000000 0.00000000 0.00000000 0.000000000 0.000000000 0.000000000 0.0000000000 0.0000000000 0.000000000
  100    1      1      0    0      1      27      27     5  5.000000000 0.0000000 0.0000000 0.00000000 0.00000000 0.00000000 0.00000000 0.00000000 0.00000000 0.000000000 0.000000000 0.000000000 0.0000000000 0.0000000000 0.000000000
  100    1      1      0    0      1      28      28     3  3.000000000 0.0000000 0.0000000 0.00000000 0.00000000 0.00000000 0.00000000 0.00000000 0.00000000 0.000000000 0.000000000 0.000000000 0.0000000000 0.0000000000 0.000000000
  100    1      1      0    0      1      29      29     1  0.000000000 1.0000000 0.0000000 0.00000000 0.00000000 0.00000000 0.00000000 0.00000000 0.00000000 0.000000000 0.000000000 0.000000000 0.0000000000 0.0000000000 0.000000000
  100    1      1      0    0      1      30      30     2  0.000000000 2.0000000 0.0000000 0.00000000 0.00000000 0.00000000 0.00000000 0.00000000 0.00000000 0.000000000 0.000000000 0.000000000 0.0000000000 0.0000000000 0.000000000
  100    1      1      0    0      1      31      31     4  1.000000000 3.0000000 0.0000000 0.00000000 0.00000000 0.00000000 0.00000000 0.00000000 0.00000000 0.000000000 0.000000000 0.000000000 0.0000000000 0.0000000000 0.000000000
  100    1      1      0    0      1      32      32     3  0.000000000 3.0000000 0.0000000 0.00000000 0.00000000 0.00000000 0.00000000 0.00000000 0.00000000 0.000000000 0.000000000 0.000000000 0.0000000000 0.0000000000 0.000000000
  100    1      1      0    0      1      34      34     1  0.000000000 1.0000000 0.0000000 0.00000000 0.00000000 0.00000000 0.00000000 0.00000000 0.00000000 0.000000000 0.000000000 0.000000000 0.0000000000 0.0000000000 0.000000000
  100    1      1      0    0      1      36      36     1  0.000000000 0.0000000 1.0000000 0.00000000 0.00000000 0.00000000 0.00000000 0.00000000 0.00000000 0.000000000 0.000000000 0.000000000 0.0000000000 0.0000000000 0.000000000
0 #_N_MeanSize_at_Age_obs
0 #_N_environ_variables
0 #_N_environ_obs
0 #_N_sizefreq_methods
0 #_do_tags
0 #_morphcomp_data
#
999
