#C data file created using the SS_writedat function in the R package r4ss
#C should work with SS version: 
#C file write time: 2015-02-11 18:28:15
#
1 #_styr
100 #_endyr
1 #_nseas
12 #_months_per_seas
1 #_spawn_seas
1 #_Nfleet
2 #_Nsurveys
1 #_N_areas
Fishery%Survey%CPUE #_fleetnames
0.5 0.5 0.5 #_surveytiming_in_season
1 1 1 #_area_assignments_for_each_fishery_and_survey
1 #_units of catch:  1=bio; 2=num
0.01 #_se of log(catch) only used for init_eq_catch and for Fmethod 2 and 3
1 #_Ngenders
25 #_Nages
0 #_init_equil_catch_for_each_fishery
100 #_N_lines_of_catch_to_read
 #_Fishery year seas
         0    1    1
         0    2    1
         0    3    1
         0    4    1
         0    5    1
         0    6    1
         0    7    1
         0    8    1
         0    9    1
         0   10    1
         0   11    1
         0   12    1
         0   13    1
         0   14    1
         0   15    1
         0   16    1
         0   17    1
         0   18    1
         0   19    1
         0   20    1
         0   21    1
         0   22    1
         0   23    1
         0   24    1
         0   25    1
 444646000   26    1
 397608000   27    1
 357583000   28    1
 324161000   29    1
 296656000   30    1
 274240000   31    1
 256057000   32    1
 241314000   33    1
 229322000   34    1
 219511000   35    1
 211426000   36    1
 204710000   37    1
 199088000   38    1
 194347000   39    1
 190324000   40    1
 186891000   41    1
 183948000   42    1
 181416000   43    1
 179230000   44    1
 177337000   45    1
 175694000   46    1
 174266000   47    1
 173022000   48    1
 171937000   49    1
 170990000   50    1
 170161000   51    1
 169436000   52    1
 168801000   53    1
 168243000   54    1
 167755000   55    1
 167325000   56    1
 166948000   57    1
 166617000   58    1
 166326000   59    1
 166070000   60    1
 165844000   61    1
 165646000   62    1
 165471000   63    1
 165317000   64    1
 165182000   65    1
 165063000   66    1
 164958000   67    1
 164865000   68    1
 164784000   69    1
 164712000   70    1
 164649000   71    1
 164593000   72    1
 164544000   73    1
 164500000   74    1
 164462000   75    1
 164429000   76    1
 164399000   77    1
 164373000   78    1
 164350000   79    1
 164329000   80    1
 164311000   81    1
 164296000   82    1
 164282000   83    1
 164269000   84    1
 164258000   85    1
 164249000   86    1
 164240000   87    1
 164233000   88    1
 164227000   89    1
 164221000   90    1
 164216000   91    1
 164211000   92    1
 164207000   93    1
 164204000   94    1
 164201000   95    1
 164198000   96    1
 164195000   97    1
 164193000   98    1
 164192000   99    1
 164190000  100    1
13 #_N_cpue
 #_Fleet Units Errtype
       1     1       0
       2     1       0
       3     1       0
 #_year seas index        obs se_log
     76    1     2 1846148682    0.2
     78    1     2 1879426702    0.2
     80    1     2 1394719978    0.2
     82    1     2 1307333630    0.2
     84    1     2 1295315499    0.2
     86    1     2 1316380783    0.2
     88    1     2 1566985515    0.2
     90    1     2  980417044    0.2
     92    1     2 1776933424    0.2
     94    1     2 1217023372    0.2
     96    1     2 1310100076    0.2
     98    1     2 1300507507    0.2
    100    1     2 1228172615    0.2
0 #_N_discard_fleets
#_discard_units (1=same_as_catchunits(bio/num); 2=fraction; 3=numbers)
#_discard_errtype:  >0 for DF of T-dist(read CV below); 0 for normal with CV; -1 for normal with se; -2 for lognormal
0 #_N_discard
0 #_N_meanbodywt
1 #_DF_for_meanbodywt_T-distribution_like
2 # length bin method: 1=use databins; 2=generate from binwidth,min,max below; 3=read vector
1 # binwidth for population size comp
10 # minimum size in the population (lower edge of first bin and size at age 0.00)
200 # maximum size in the population (lower edge of last bin)
-0.001 #_comp_tail_compression
1e-05 #_add_to_comp
0 #_combine males into females at or below this bin number
45 #_N_lbins
#_lbin_vector
20 23 26 29 32 35 38 41 44 47 50 53 56 59 62 65 68 71 74 77 80 83 86 89 92 95 98 101 104 107 110 113 116 119 122 125 128 131 134 137 140 143 146 149 152
28 #_N_Length_comp_observations
 #_Yr Seas FltSvy Gender Part Nsamp           l20          l23          l26          l29         l32          l35          l38         l41        l44        l47        l50        l53        l56        l59        l62        l65         l68        l71        l74         l77        l80         l83        l86        l89        l92        l95         l98        l101        l104        l107        l110        l113        l116        l119        l122         l125         l128         l131         l134         l137         l140         l143         l146         l149         l152
   26    1      1      0    0   125  0.000000e+00 7.112355e-10 4.792957e-03 1.705036e-04 0.018026880 0.0030745853 0.0111118445 0.013670636 0.02320834 0.04282746 0.03624683 0.03506483 0.04430823 0.03330934 0.02023027 0.04036990 0.022615834 0.02800334 0.01255951 0.027285721 0.05944333 0.037579756 0.02815964 0.04197339 0.01236724 0.04618988 0.016545036 0.066974449 0.013988231 0.026862299 0.069346901 0.025619232 0.004807318 0.018021681 0.037939727 4.590010e-03 1.025757e-02 0.0058205943 0.0278465193 9.975719e-03 1.080813e-02 6.066733e-03 1.672410e-03 1.885977e-10 2.671937e-04
   36    1      1      0    0   125  2.878553e-15 1.873207e-09 3.083714e-04 2.467000e-03 0.009983603 0.0008265898 0.0183392255 0.010454461 0.04973838 0.07361513 0.05839077 0.05963776 0.01896452 0.01868013 0.04829894 0.04137883 0.051932709 0.04569935 0.06063142 0.039359607 0.02560701 0.021183938 0.02509914 0.01142192 0.04874457 0.02356727 0.017513181 0.024943615 0.007828623 0.024321892 0.024083103 0.025657498 0.049775995 0.019531073 0.007925970 2.008128e-03 1.811069e-03 0.0211193581 0.0002636186 2.637792e-03 1.911178e-03 4.026345e-03 1.681384e-04 7.369134e-07 1.420339e-04
   46    1      1      0    0   125  3.028776e-49 1.612993e-13 4.125548e-05 2.439742e-02 0.011598332 0.0010093122 0.0121146981 0.010551172 0.04492378 0.13057489 0.07348562 0.06238399 0.03146993 0.02004985 0.02095052 0.03688084 0.025084572 0.02110736 0.02833112 0.044041574 0.05011615 0.014542370 0.02502047 0.03728832 0.03814246 0.01519897 0.022543975 0.037266251 0.049425599 0.011811730 0.018692225 0.011462072 0.015534763 0.011332562 0.016287927 6.916645e-03 9.238632e-05 0.0185659292 0.0001008977 5.291774e-06 4.467553e-04 5.234558e-08 3.751594e-06 1.290145e-33 2.062080e-04
   56    1      1      0    0   125  0.000000e+00 2.293253e-03 2.293410e-04 3.366615e-03 0.006737057 0.0107665480 0.0105173794 0.035451124 0.04392846 0.04307057 0.08005619 0.02536029 0.05270437 0.04684520 0.04158873 0.05097756 0.029226004 0.03031964 0.05325983 0.022136072 0.03453186 0.042217688 0.05890334 0.02638642 0.03586969 0.02122117 0.003532884 0.033428837 0.021551638 0.029613598 0.006101027 0.018062294 0.008886906 0.003706197 0.032522970 9.266516e-03 1.110811e-02 0.0032548944 0.0013623186 6.009047e-03 1.396368e-06 1.116753e-08 2.767871e-03 8.590755e-04 1.607953e-10
   60    1      1      0    0   125  0.000000e+00 1.766601e-04 3.570090e-03 1.507030e-02 0.004228475 0.0292376337 0.0173438299 0.009763639 0.06476915 0.05963287 0.12127114 0.03404667 0.08130710 0.03025801 0.04498058 0.01552519 0.017033511 0.02267243 0.04225679 0.060414947 0.02929037 0.009232457 0.02422780 0.02750863 0.02636866 0.01692259 0.038027672 0.028552132 0.024601176 0.033146605 0.013640156 0.023775098 0.010923386 0.009321566 0.000385282 5.213549e-03 8.688475e-04 0.0003169015 0.0006261581 1.483249e-03 4.056428e-04 1.600853e-03 2.201171e-06 5.261412e-11 7.302440e-09
   64    1      1      0    0   125  1.101620e-03 5.644745e-37 2.180719e-03 8.526016e-03 0.031438076 0.0205738246 0.0002806235 0.011794333 0.02301255 0.09998918 0.05632352 0.04199999 0.01672522 0.02541293 0.06103141 0.03449563 0.038969604 0.02963708 0.03302970 0.062917663 0.04782383 0.034201512 0.01776578 0.02004453 0.02933101 0.02256985 0.017053478 0.030827269 0.028456452 0.006200333 0.002892918 0.018818345 0.004478655 0.041881624 0.031271842 9.970855e-03 2.455123e-03 0.0179542651 0.0098914838 7.703104e-05 4.243737e-03 1.681407e-06 2.270305e-04 5.932320e-05 2.062358e-03
   68    1      1      0    0   125 1.237018e-179 3.555902e-29 1.036210e-06 3.430790e-02 0.004669166 0.0025187755 0.0027242516 0.034895757 0.04252255 0.07596069 0.09703937 0.02742758 0.02270483 0.02649205 0.07026591 0.04258851 0.009787268 0.05264246 0.01988468 0.032498249 0.01932089 0.019320177 0.03966805 0.04514560 0.03274890 0.02537497 0.055347465 0.021097771 0.023060007 0.034686742 0.006423207 0.012574289 0.004673449 0.009723270 0.007266061 2.153127e-02 7.041747e-04 0.0026164888 0.0158158994 1.016533e-04 1.255322e-05 3.849315e-03 4.986750e-06 1.737230e-06 5.798395e-08
   72    1      1      0    0   125  5.175696e-55 5.083631e-34 7.994191e-03 4.887924e-03 0.003886576 0.0006672641 0.0045960257 0.014566027 0.04601564 0.05740905 0.04354068 0.03698751 0.03818155 0.08678384 0.04887069 0.10250415 0.028461553 0.04655046 0.04867982 0.007683774 0.06024882 0.017326891 0.01422793 0.06056339 0.01189792 0.01922874 0.024093526 0.027927567 0.017774240 0.014793286 0.015012955 0.008448898 0.009436139 0.018439584 0.027615084 4.092717e-03 1.153954e-03 0.0094319841 0.0031370924 1.346886e-03 3.657776e-05 1.561449e-03 2.460821e-03 9.135735e-04 5.632530e-04
   76    1      1      0    0   125 6.884155e-313 5.322448e-04 3.678511e-03 1.466903e-02 0.006935220 0.0038646182 0.0047676611 0.009002798 0.03685512 0.06202651 0.06560103 0.07498462 0.01847268 0.05105104 0.08996977 0.03865376 0.037874230 0.04523279 0.04427594 0.039947895 0.02295861 0.026442338 0.01525151 0.02778275 0.02101916 0.03641149 0.017275967 0.029497397 0.013280334 0.024505953 0.021802578 0.020205228 0.004194163 0.002733979 0.011523937 9.633223e-03 1.858980e-02 0.0077724095 0.0096029431 5.019184e-05 2.064084e-04 8.867612e-03 1.996368e-03 1.878450e-07 3.643086e-13
   80    1      1      0    0   125  0.000000e+00 1.922765e-05 3.766846e-06 5.428843e-03 0.004492093 0.0027809596 0.0019242716 0.008989403 0.05767565 0.01713214 0.11400325 0.07135681 0.03545202 0.04818001 0.04526158 0.02576796 0.056749107 0.04787906 0.07124839 0.029862325 0.02091959 0.034499446 0.02699571 0.01889713 0.02636801 0.05310242 0.022812082 0.001857278 0.014931639 0.036350104 0.014872123 0.013057221 0.012251912 0.021499619 0.008670133 1.021684e-02 1.387696e-03 0.0087201376 0.0041691031 3.971672e-03 1.537782e-05 9.483692e-16 1.039825e-04 5.139200e-06 1.187659e-04
   84    1      1      0    0   125  2.162350e-66 8.596963e-11 3.033032e-04 9.696231e-03 0.007742967 0.0035518314 0.0563578747 0.025752754 0.03555594 0.06054951 0.03744036 0.02717274 0.01638753 0.03859064 0.04511775 0.05613679 0.019383533 0.05096867 0.01778168 0.010807684 0.02320263 0.067303046 0.04528300 0.04816787 0.02416023 0.03525541 0.025827572 0.007255594 0.025240615 0.021246115 0.018304578 0.045676275 0.043388365 0.008855987 0.001776672 1.564338e-02 3.725788e-03 0.0062881362 0.0037311803 2.695068e-03 1.521968e-03 1.511452e-03 9.846519e-05 1.999569e-07 4.542621e-03
   88    1      1      0    0   125  4.835769e-89 1.135449e-04 4.213380e-03 1.608485e-02 0.001050490 0.0002175047 0.0066407613 0.026992532 0.02144239 0.05698996 0.03990637 0.03495521 0.11578935 0.04251050 0.04512129 0.03989672 0.065462170 0.02725784 0.05415310 0.021477292 0.01056086 0.042884599 0.02135161 0.01823947 0.02697572 0.02145783 0.039919246 0.019592269 0.029325847 0.034704123 0.037692353 0.007042959 0.009761582 0.002718365 0.012086206 1.599965e-02 2.794045e-02 0.0001406015 0.0003032120 1.128267e-07 5.945103e-05 9.602015e-06 1.582191e-06 1.031291e-08 9.570354e-04
   92    1      1      0    0   125  3.794908e-26 3.456605e-04 2.421465e-03 2.449746e-05 0.016840113 0.0035479716 0.0051568727 0.028603125 0.01240179 0.06401499 0.06682144 0.05669775 0.06575261 0.05460076 0.01871670 0.02533605 0.033481748 0.03264638 0.03880449 0.030618549 0.02711353 0.056448921 0.05031834 0.02038516 0.02830814 0.02845084 0.035834011 0.020238492 0.036519153 0.006622527 0.024163166 0.009114711 0.021862403 0.016025174 0.005493219 2.147112e-02 3.290803e-03 0.0078952903 0.0022452721 8.096224e-03 5.238380e-03 3.915491e-03 1.181641e-13 4.116586e-03 8.523925e-08
   96    1      1      0    0   125  1.740874e-64 2.344133e-41 5.008208e-04 1.088880e-02 0.004054789 0.0010408448 0.0027088711 0.016559075 0.03029373 0.03916243 0.05958266 0.10361458 0.03541279 0.03283866 0.02538050 0.04424492 0.045402533 0.05175179 0.04906881 0.047097859 0.04215402 0.032880037 0.03811671 0.01523154 0.02844842 0.04489383 0.018727246 0.009684384 0.008663139 0.018454003 0.022786077 0.038061914 0.018711445 0.001172757 0.011539392 5.210168e-05 4.927981e-03 0.0039143106 0.0018860998 9.235209e-03 1.996601e-02 2.238107e-03 3.847154e-05 8.612341e-03 2.790568e-19
  100    1      1      0    0   125 1.037426e-190 2.027800e-36 1.431705e-02 1.760296e-03 0.002617082 0.0005281300 0.0036379938 0.025185023 0.03660489 0.03419368 0.07270134 0.03647074 0.01536033 0.04384617 0.04897330 0.08938441 0.051802444 0.07547529 0.04483548 0.045769324 0.02785578 0.035291003 0.05706379 0.02000213 0.02523938 0.02644957 0.011856066 0.031232802 0.003875580 0.010685515 0.012686062 0.037865272 0.021144427 0.005085950 0.001667211 3.450885e-03 6.767425e-03 0.0080983594 0.0043657699 4.874092e-03 6.621432e-05 9.090012e-04 4.735630e-06 1.052103e-12 1.211671e-08
   76    1      2      0    0   500  2.823682e-37 1.199254e-03 1.722045e-02 6.102250e-02 0.049903621 0.0133636961 0.0073247948 0.019523074 0.04364533 0.06092566 0.05241834 0.03982287 0.03676799 0.03278433 0.04504532 0.03809086 0.048710130 0.03630012 0.03084117 0.028832986 0.03588447 0.035674339 0.02310540 0.02017217 0.01706965 0.02833316 0.018768092 0.022817868 0.015484196 0.014164244 0.016976469 0.016261697 0.015982568 0.013696584 0.011131813 6.713140e-03 3.718922e-03 0.0080027842 0.0021403661 4.603707e-04 6.700201e-03 2.558207e-04 2.542278e-03 2.154952e-06 1.987518e-04
   78    1      2      0    0   500  3.232331e-60 2.349250e-03 1.792978e-02 5.387594e-02 0.044847437 0.0086017471 0.0054723850 0.025714674 0.05244750 0.04651918 0.05821903 0.03951235 0.04112819 0.05560223 0.04215361 0.03395766 0.030006324 0.03117058 0.03485350 0.031507401 0.02552518 0.019085146 0.03459842 0.02428127 0.01249177 0.02893373 0.024088276 0.028209611 0.025036677 0.020439805 0.017406493 0.010143418 0.019569122 0.012422715 0.010109185 8.793400e-03 9.486186e-03 0.0046700096 0.0039283693 2.704482e-03 4.904943e-05 1.895068e-03 2.347110e-10 1.330418e-04 1.308059e-04
   80    1      2      0    0   500  4.888177e-15 1.300260e-03 2.551452e-02 4.450206e-02 0.050548093 0.0239301556 0.0069424646 0.029586655 0.03689576 0.05520237 0.05727457 0.04284825 0.03639236 0.03765154 0.03100646 0.04034148 0.050509703 0.03903496 0.02718420 0.041000716 0.02232046 0.035497835 0.02112840 0.03449877 0.01211062 0.03975614 0.018367325 0.019744162 0.022450204 0.015981491 0.011828572 0.015348785 0.007361024 0.017104967 0.007975655 3.925393e-03 2.285943e-03 0.0034118118 0.0054070501 2.936310e-03 1.607891e-03 1.184036e-03 5.572887e-06 1.846241e-05 7.652857e-05
   82    1      2      0    0   500  2.699933e-07 6.528645e-03 1.516549e-02 4.004050e-02 0.042208463 0.0206947414 0.0079844863 0.030224746 0.04475534 0.04398350 0.05469998 0.02924191 0.01735392 0.03054721 0.04668603 0.03391095 0.052320168 0.03974509 0.05660461 0.032633720 0.03262997 0.031709892 0.03588334 0.02434866 0.02827275 0.02775668 0.019685946 0.029105649 0.015246396 0.027520103 0.015064230 0.009632753 0.011557953 0.006681812 0.009171499 5.170161e-03 7.024107e-03 0.0080874953 0.0021729003 6.557871e-03 9.229267e-04 1.527962e-06 3.827709e-04 6.264291e-06 7.657643e-05
   84    1      2      0    0   500  6.413961e-17 4.700589e-04 1.228043e-02 3.940392e-02 0.045358613 0.0121723528 0.0067058521 0.018975209 0.04479734 0.04985043 0.06589905 0.04021384 0.03413747 0.03160020 0.04025973 0.05189849 0.034296737 0.04199314 0.03293601 0.018396288 0.03782524 0.024270100 0.02531419 0.03515482 0.02609548 0.01606233 0.030865010 0.020083887 0.023472078 0.040056428 0.016891333 0.007632372 0.012640242 0.015068048 0.012317436 4.936281e-03 6.615640e-03 0.0048919179 0.0073824651 2.362555e-03 4.893737e-03 1.200366e-03 2.256626e-03 1.251700e-05 5.373110e-05
   86    1      2      0    0   500  4.279085e-11 1.653874e-03 2.290321e-02 4.020997e-02 0.037694496 0.0149605593 0.0054461591 0.018603678 0.04727114 0.08545316 0.06877773 0.04348151 0.03221297 0.03679153 0.04211810 0.03015962 0.031294067 0.04114064 0.03241181 0.032051225 0.02704999 0.031213204 0.02840874 0.02573276 0.03332032 0.02264417 0.027122383 0.016729520 0.015130618 0.018147335 0.029045678 0.012060121 0.011966755 0.004095994 0.007300141 5.543553e-03 2.925514e-03 0.0032235456 0.0044265718 1.677737e-03 2.602663e-03 4.211524e-03 1.950890e-04 4.571152e-04 1.335160e-04
   88    1      2      0    0   500  1.889309e-20 2.272811e-05 1.628252e-02 4.334054e-02 0.045173906 0.0161277858 0.0091916459 0.027019248 0.03867551 0.07056112 0.05053201 0.05517248 0.02934879 0.05171660 0.03370207 0.03315540 0.039675153 0.03346819 0.02533207 0.018405202 0.03371923 0.051239213 0.02277482 0.03412325 0.01845236 0.01683128 0.022829260 0.015420451 0.024489303 0.014476120 0.012316294 0.010856581 0.012592485 0.013287041 0.005450716 6.364274e-03 1.781747e-02 0.0050564514 0.0046644019 5.642879e-03 1.105418e-02 6.302663e-05 1.026191e-04 1.475403e-03 1.997928e-03
   90    1      2      0    0   500  1.528523e-22 1.525306e-03 2.909515e-02 3.942471e-02 0.070774769 0.0153979933 0.0049112210 0.014811446 0.03382150 0.04930272 0.05998372 0.05258622 0.02805384 0.03797399 0.04241148 0.03931484 0.035049128 0.03804287 0.03104613 0.032437313 0.03442089 0.033285632 0.02024702 0.03008963 0.02315206 0.02789773 0.021404212 0.024346096 0.024717355 0.011299882 0.022555005 0.009053779 0.010060136 0.011038799 0.007544494 4.282330e-03 4.833806e-03 0.0065074189 0.0045604727 4.043071e-03 5.317896e-03 2.978618e-03 3.708699e-06 3.889417e-04 6.669791e-06
   92    1      2      0    0   500  2.242055e-24 1.371732e-03 1.469511e-02 4.610439e-02 0.042031475 0.0190269095 0.0038415606 0.033616254 0.03494297 0.04877297 0.04981171 0.03307133 0.02364192 0.03978144 0.03235381 0.05712998 0.026833902 0.04172417 0.03339032 0.040964122 0.02356905 0.046973865 0.03415248 0.03493510 0.03168558 0.02344124 0.016418615 0.024064912 0.021036526 0.015901705 0.016489649 0.021745393 0.011820524 0.020683876 0.009722259 3.985736e-03 4.619566e-03 0.0021486398 0.0041753717 5.729282e-03 5.455554e-04 1.416710e-03 8.963206e-04 7.119171e-04 2.406751e-05
   94    1      2      0    0   500  2.411295e-11 3.250686e-03 1.797626e-02 4.534928e-02 0.045571825 0.0138145425 0.0070254270 0.026292793 0.03111853 0.06587573 0.05916689 0.04111885 0.03796319 0.04089723 0.01708628 0.04211080 0.042156400 0.03762296 0.03641636 0.024053707 0.04272745 0.039619592 0.03258318 0.02393208 0.03190642 0.02859019 0.023193226 0.025896141 0.018834938 0.015536327 0.014854381 0.010895907 0.011683521 0.010252621 0.008380126 5.230752e-03 6.641806e-03 0.0045378308 0.0010210325 5.938543e-04 7.079647e-03 2.877657e-04 7.205240e-04 3.177257e-07 1.326210e-04
   96    1      2      0    0   500  7.604223e-07 4.043824e-03 3.190652e-02 4.611504e-02 0.048558099 0.0224196341 0.0163942879 0.017532178 0.06025620 0.04474294 0.06576537 0.03203915 0.04305755 0.03395192 0.03911549 0.03811729 0.032054529 0.02980836 0.01982647 0.018088990 0.03177705 0.032769150 0.03018111 0.01918488 0.03427232 0.01974848 0.027348545 0.026155427 0.015795206 0.028363056 0.015618503 0.013983449 0.012686545 0.009755690 0.008681205 1.470774e-02 3.615040e-03 0.0019588403 0.0050022565 1.431222e-03 2.379808e-03 2.049770e-06 6.476833e-04 5.636609e-06 1.345214e-04
   98    1      2      0    0   500  4.067495e-18 1.922462e-03 3.199428e-02 6.205308e-02 0.053853576 0.0170675617 0.0135265182 0.019268731 0.04088945 0.05189709 0.05878756 0.04721281 0.02483109 0.03944249 0.02567671 0.03737509 0.050761598 0.02923397 0.03128818 0.038983213 0.02266872 0.043227894 0.03263036 0.02995418 0.02692892 0.02287644 0.016467799 0.016659602 0.032868904 0.010215770 0.014778995 0.011925117 0.006494474 0.010525887 0.004115120 1.261368e-02 2.500312e-03 0.0026515285 0.0016118585 7.714815e-04 3.310854e-04 5.177514e-04 1.574422e-04 3.661646e-04 7.507730e-05
  100    1      2      0    0   500  5.818680e-38 1.134898e-03 2.160667e-02 5.408533e-02 0.044569040 0.0176088090 0.0099289795 0.017484463 0.05264835 0.05313384 0.08315636 0.02669569 0.04648578 0.03024311 0.03690677 0.03825731 0.022285412 0.02526589 0.02679134 0.027231309 0.02593210 0.027777470 0.03115200 0.04117608 0.03936475 0.03070266 0.027631793 0.020168112 0.017335533 0.009009934 0.013955149 0.021858516 0.005450890 0.013754548 0.005044461 9.382637e-03 4.197211e-03 0.0077654908 0.0022266834 4.224795e-03 8.421304e-05 1.666254e-03 4.591705e-03 1.508038e-08 2.763085e-05
15 #_N_agebins
#_agebin_vector
1 2 3 4 5 6 7 8 9 10 11 12 13 14 15
1 #_N_ageerror_definitions
 #_age0   age1   age2   age3   age4   age5   age6   age7   age8   age9  age10  age11  age12  age13  age14  age15  age16  age17  age18  age19  age20  age21  age22  age23  age24  age25
 -1.000 -1.000 -1.000 -1.000 -1.000 -1.000 -1.000 -1.000 -1.000 -1.000 -1.000 -1.000 -1.000 -1.000 -1.000 -1.000 -1.000 -1.000 -1.000 -1.000 -1.000 -1.000 -1.000 -1.000 -1.000 -1.000
  0.001  0.001  0.001  0.001  0.001  0.001  0.001  0.001  0.001  0.001  0.001  0.001  0.001  0.001  0.001  0.001  0.001  0.001  0.001  0.001  0.001  0.001  0.001  0.001  0.001  0.001
81 #_N_agecomp
1 #_Lbin_method: 1=poplenbins; 2=datalenbins; 3=lengths
-1 #_combine males into females at or below this bin number
 #_Yr Seas FltSvy Gender Part Ageerr Lbin_lo Lbin_hi Nsamp          a1        a2        a3         a4         a5         a6         a7         a8          a9         a10         a11          a12          a13          a14         a15
   26    1      1      0    0      1      -1      -1   125  0.02461284 0.1105236 0.1390585 0.12854655 0.10578374 0.04138252 0.09885257 0.03929869 0.043715489 0.022849650 0.031361990 0.0136176574 0.0675317150 2.249805e-02 0.110366401
   36    1      1      0    0      1      -1      -1   125  0.02463238 0.2451447 0.2187905 0.12118818 0.07218585 0.05843853 0.06438466 0.03151716 0.019523357 0.028155814 0.032649931 0.0052222654 0.0047546777 4.385197e-03 0.069026758
   46    1      1      0    0      1      -1      -1   125  0.02697815 0.2353587 0.1306140 0.16636014 0.15773127 0.06797054 0.06235274 0.03540430 0.017294835 0.027875710 0.017176893 0.0202499630 0.0118488932 4.695760e-05 0.022736831
   56    1      1      0    0      1      -1      -1   125  0.03700795 0.1735235 0.1920518 0.16209456 0.12153398 0.13869113 0.03484942 0.02815458 0.045242525 0.007682601 0.040835247 0.0026469843 0.0011132758 1.686240e-03 0.012886235
   60    1      1      0    0      1      -1      -1   125  0.05104317 0.2190674 0.1736368 0.12799493 0.16919941 0.02410042 0.08037224 0.04407297 0.045559864 0.005693524 0.006661479 0.0199622578 0.0012253680 9.825442e-03 0.021584738
   64    1      1      0    0      1      -1      -1   125  0.01687283 0.2715860 0.2119011 0.12995432 0.10655619 0.07620126 0.04357847 0.03284595 0.026701511 0.019556388 0.008173757 0.0077381474 0.0021796955 2.327923e-02 0.022875205
   68    1      1      0    0      1      -1      -1   125  0.01370223 0.2659665 0.2335075 0.13440343 0.12456674 0.06380016 0.06327780 0.01705942 0.027840482 0.027380284 0.003534234 0.0063957580 0.0016776931 7.575618e-03 0.009312187
   72    1      1      0    0      1      -1      -1   125  0.04931260 0.2116300 0.2257795 0.16868474 0.10164952 0.07174922 0.03858716 0.05375846 0.033578729 0.010750057 0.012448114 0.0016648531 0.0019625409 1.107202e-02 0.007372544
   76    1      1      0    0      1      -1      -1   125  0.05516985 0.2191530 0.1724209 0.10526818 0.13073858 0.04468428 0.07462340 0.05977410 0.063036933 0.008900881 0.012706967 0.0028511209 0.0129870683 2.851593e-02 0.009168859
   80    1      1      0    0      1      -1      -1   125  0.04865581 0.2396640 0.1606705 0.17809039 0.08610504 0.10979843 0.04436787 0.04453944 0.032862405 0.006802369 0.021391607 0.0087405167 0.0031217826 8.502894e-05 0.015104837
   84    1      1      0    0      1      -1      -1   125  0.03543542 0.2213909 0.1972161 0.16841139 0.09368257 0.14148861 0.04400764 0.02881055 0.015143461 0.012526879 0.007426581 0.0222905454 0.0079016887 6.549087e-04 0.003612818
   88    1      1      0    0      1      -1      -1   125  0.03991504 0.2646793 0.1711543 0.17179525 0.10931659 0.06169327 0.03075485 0.07043769 0.007709642 0.008857513 0.020416377 0.0134723525 0.0129851524 1.454897e-03 0.015357833
   92    1      1      0    0      1      -1      -1   125  0.02722724 0.2850238 0.2209793 0.11460924 0.09068431 0.09548934 0.02956088 0.04541471 0.022324354 0.014277036 0.029097661 0.0009698835 0.0140218951 1.796436e-03 0.008523852
   96    1      1      0    0      1      -1      -1   125  0.02416312 0.2997179 0.2233230 0.08169541 0.08662914 0.09958385 0.04818913 0.08656673 0.012275196 0.016802160 0.006324625 0.0024289122 0.0003652006 3.120578e-04 0.011623560
  100    1      1      0    0      1      -1      -1   125  0.03402428 0.3057714 0.1385551 0.11931708 0.11799249 0.08273184 0.03900642 0.05015183 0.011699470 0.020226083 0.016829481 0.0083192074 0.0340351488 2.757702e-03 0.018582505
   76    1      2      0    0      1      -1      -1   500  0.12791212 0.2121881 0.1909542 0.12786237 0.07731077 0.07402580 0.04217576 0.04380660 0.019216983 0.020516857 0.023817923 0.0093138343 0.0055276259 1.053135e-02 0.014839705
   78    1      2      0    0      1      -1      -1   500  0.15487992 0.2260730 0.1731449 0.09884380 0.07054984 0.07404732 0.04726497 0.05377003 0.029249233 0.010246250 0.022253213 0.0090034816 0.0057059197 2.507390e-03 0.022460773
   80    1      2      0    0      1      -1      -1   500  0.14476071 0.1976133 0.1826463 0.12104705 0.08452293 0.08396788 0.05836176 0.01829253 0.018800510 0.026306209 0.010610885 0.0253132137 0.0039761966 9.208083e-03 0.014572430
   82    1      2      0    0      1      -1      -1   500  0.14914236 0.2029085 0.1938201 0.10328418 0.09168601 0.05784272 0.06169855 0.04263737 0.018567480 0.027180562 0.020098531 0.0101944718 0.0070493924 4.837219e-03 0.009052553
   84    1      2      0    0      1      -1      -1   500  0.15121517 0.2403904 0.1343200 0.13564144 0.11127671 0.06264717 0.04246883 0.03551302 0.022333221 0.018460152 0.016437202 0.0135477847 0.0012661654 4.712500e-03 0.009770204
   86    1      2      0    0      1      -1      -1   500  0.16311732 0.2184962 0.2055314 0.11862927 0.09562526 0.05240203 0.04066723 0.02841119 0.022312973 0.016294439 0.006890890 0.0122359821 0.0057573558 5.278476e-03 0.008349977
   88    1      2      0    0      1      -1      -1   500  0.14468708 0.2237006 0.1684095 0.11289775 0.12036732 0.04414199 0.06570835 0.02333593 0.014493096 0.027981959 0.005561173 0.0079531616 0.0133840997 5.865162e-03 0.021512863
   90    1      2      0    0      1      -1      -1   500  0.13781396 0.2711327 0.1847802 0.11396827 0.07120958 0.05612373 0.04375549 0.03345926 0.020749665 0.020504487 0.021569223 0.0061271185 0.0015571203 3.991854e-03 0.013257335
   92    1      2      0    0      1      -1      -1   500  0.15158627 0.2335507 0.1457620 0.12488928 0.10117347 0.06404396 0.05248086 0.04120043 0.033024994 0.011954831 0.009700535 0.0078079893 0.0045100056 2.896798e-03 0.015417862
   94    1      2      0    0      1      -1      -1   500  0.12658733 0.2111780 0.1807769 0.11140172 0.12836782 0.05194297 0.05603225 0.02867536 0.030693316 0.023999306 0.010556606 0.0131648554 0.0110355365 3.088073e-03 0.012499926
   96    1      2      0    0      1      -1      -1   500  0.14292114 0.2048751 0.1526689 0.11023604 0.08588532 0.08132351 0.06970496 0.04655017 0.020109654 0.020111624 0.029679706 0.0084820121 0.0200274403 2.661217e-03 0.004763199
   98    1      2      0    0      1      -1      -1   500  0.13801571 0.2540727 0.1682004 0.11646763 0.07281240 0.07819904 0.04528934 0.03177087 0.019693124 0.015685815 0.010469613 0.0096406839 0.0098296304 1.298758e-02 0.016865391
  100    1      2      0    0      1      -1      -1   500  0.12595597 0.2505262 0.1763395 0.11780077 0.08882651 0.05698714 0.05852416 0.03208592 0.029467500 0.016200964 0.007940492 0.0069845651 0.0154711470 3.821517e-03 0.013067643
   60    1      1      0    0      1       4       4     4  4.00000000 0.0000000 0.0000000 0.00000000 0.00000000 0.00000000 0.00000000 0.00000000 0.000000000 0.000000000 0.000000000 0.0000000000 0.0000000000 0.000000e+00 0.000000000
   60    1      1      0    0      1       5       5     1  1.00000000 0.0000000 0.0000000 0.00000000 0.00000000 0.00000000 0.00000000 0.00000000 0.000000000 0.000000000 0.000000000 0.0000000000 0.0000000000 0.000000e+00 0.000000000
   60    1      1      0    0      1       9       9     8  8.00000000 0.0000000 0.0000000 0.00000000 0.00000000 0.00000000 0.00000000 0.00000000 0.000000000 0.000000000 0.000000000 0.0000000000 0.0000000000 0.000000e+00 0.000000000
   60    1      1      0    0      1      10      10     7  7.00000000 0.0000000 0.0000000 0.00000000 0.00000000 0.00000000 0.00000000 0.00000000 0.000000000 0.000000000 0.000000000 0.0000000000 0.0000000000 0.000000e+00 0.000000000
   60    1      1      0    0      1      11      11    14 14.00000000 0.0000000 0.0000000 0.00000000 0.00000000 0.00000000 0.00000000 0.00000000 0.000000000 0.000000000 0.000000000 0.0000000000 0.0000000000 0.000000e+00 0.000000000
   60    1      1      0    0      1      12      12     1  1.00000000 0.0000000 0.0000000 0.00000000 0.00000000 0.00000000 0.00000000 0.00000000 0.000000000 0.000000000 0.000000000 0.0000000000 0.0000000000 0.000000e+00 0.000000000
   60    1      1      0    0      1      13      13    10 10.00000000 0.0000000 0.0000000 0.00000000 0.00000000 0.00000000 0.00000000 0.00000000 0.000000000 0.000000000 0.000000000 0.0000000000 0.0000000000 0.000000e+00 0.000000000
   60    1      1      0    0      1      14      14     5  5.00000000 0.0000000 0.0000000 0.00000000 0.00000000 0.00000000 0.00000000 0.00000000 0.000000000 0.000000000 0.000000000 0.0000000000 0.0000000000 0.000000e+00 0.000000000
   60    1      1      0    0      1      15      15     6  6.00000000 0.0000000 0.0000000 0.00000000 0.00000000 0.00000000 0.00000000 0.00000000 0.000000000 0.000000000 0.000000000 0.0000000000 0.0000000000 0.000000e+00 0.000000000
   60    1      1      0    0      1      16      16     2  2.00000000 0.0000000 0.0000000 0.00000000 0.00000000 0.00000000 0.00000000 0.00000000 0.000000000 0.000000000 0.000000000 0.0000000000 0.0000000000 0.000000e+00 0.000000000
   60    1      1      0    0      1      17      17     3  3.00000000 0.0000000 0.0000000 0.00000000 0.00000000 0.00000000 0.00000000 0.00000000 0.000000000 0.000000000 0.000000000 0.0000000000 0.0000000000 0.000000e+00 0.000000000
   60    1      1      0    0      1      19      19     6  6.00000000 0.0000000 0.0000000 0.00000000 0.00000000 0.00000000 0.00000000 0.00000000 0.000000000 0.000000000 0.000000000 0.0000000000 0.0000000000 0.000000e+00 0.000000000
   60    1      1      0    0      1      20      20     3  3.00000000 0.0000000 0.0000000 0.00000000 0.00000000 0.00000000 0.00000000 0.00000000 0.000000000 0.000000000 0.000000000 0.0000000000 0.0000000000 0.000000e+00 0.000000000
   60    1      1      0    0      1      21      21     3  3.00000000 0.0000000 0.0000000 0.00000000 0.00000000 0.00000000 0.00000000 0.00000000 0.000000000 0.000000000 0.000000000 0.0000000000 0.0000000000 0.000000e+00 0.000000000
   60    1      1      0    0      1      22      22     1  1.00000000 0.0000000 0.0000000 0.00000000 0.00000000 0.00000000 0.00000000 0.00000000 0.000000000 0.000000000 0.000000000 0.0000000000 0.0000000000 0.000000e+00 0.000000000
   60    1      1      0    0      1      24      24     5  5.00000000 0.0000000 0.0000000 0.00000000 0.00000000 0.00000000 0.00000000 0.00000000 0.000000000 0.000000000 0.000000000 0.0000000000 0.0000000000 0.000000e+00 0.000000000
   60    1      1      0    0      1      25      25     2  2.00000000 0.0000000 0.0000000 0.00000000 0.00000000 0.00000000 0.00000000 0.00000000 0.000000000 0.000000000 0.000000000 0.0000000000 0.0000000000 0.000000e+00 0.000000000
   60    1      1      0    0      1      26      26     1  1.00000000 0.0000000 0.0000000 0.00000000 0.00000000 0.00000000 0.00000000 0.00000000 0.000000000 0.000000000 0.000000000 0.0000000000 0.0000000000 0.000000e+00 0.000000000
   60    1      1      0    0      1      27      27     6  6.00000000 0.0000000 0.0000000 0.00000000 0.00000000 0.00000000 0.00000000 0.00000000 0.000000000 0.000000000 0.000000000 0.0000000000 0.0000000000 0.000000e+00 0.000000000
   60    1      1      0    0      1      28      28     2  2.00000000 0.0000000 0.0000000 0.00000000 0.00000000 0.00000000 0.00000000 0.00000000 0.000000000 0.000000000 0.000000000 0.0000000000 0.0000000000 0.000000e+00 0.000000000
   60    1      1      0    0      1      29      29     4  2.00000000 2.0000000 0.0000000 0.00000000 0.00000000 0.00000000 0.00000000 0.00000000 0.000000000 0.000000000 0.000000000 0.0000000000 0.0000000000 0.000000e+00 0.000000000
   60    1      1      0    0      1      30      30     2  0.00000000 2.0000000 0.0000000 0.00000000 0.00000000 0.00000000 0.00000000 0.00000000 0.000000000 0.000000000 0.000000000 0.0000000000 0.0000000000 0.000000e+00 0.000000000
   60    1      1      0    0      1      31      31     1  0.00000000 1.0000000 0.0000000 0.00000000 0.00000000 0.00000000 0.00000000 0.00000000 0.000000000 0.000000000 0.000000000 0.0000000000 0.0000000000 0.000000e+00 0.000000000
   60    1      1      0    0      1      33      33     2  0.00000000 2.0000000 0.0000000 0.00000000 0.00000000 0.00000000 0.00000000 0.00000000 0.000000000 0.000000000 0.000000000 0.0000000000 0.0000000000 0.000000e+00 0.000000000
   60    1      1      0    0      1      36      36     1  0.00000000 1.0000000 0.0000000 0.00000000 0.00000000 0.00000000 0.00000000 0.00000000 0.000000000 0.000000000 0.000000000 0.0000000000 0.0000000000 0.000000e+00 0.000000000
  100    1      1      0    0      1       3       3     1  1.00000000 0.0000000 0.0000000 0.00000000 0.00000000 0.00000000 0.00000000 0.00000000 0.000000000 0.000000000 0.000000000 0.0000000000 0.0000000000 0.000000e+00 0.000000000
  100    1      1      0    0      1       7       7     1  1.00000000 0.0000000 0.0000000 0.00000000 0.00000000 0.00000000 0.00000000 0.00000000 0.000000000 0.000000000 0.000000000 0.0000000000 0.0000000000 0.000000e+00 0.000000000
  100    1      1      0    0      1       8       8     3  3.00000000 0.0000000 0.0000000 0.00000000 0.00000000 0.00000000 0.00000000 0.00000000 0.000000000 0.000000000 0.000000000 0.0000000000 0.0000000000 0.000000e+00 0.000000000
  100    1      1      0    0      1       9       9     5  5.00000000 0.0000000 0.0000000 0.00000000 0.00000000 0.00000000 0.00000000 0.00000000 0.000000000 0.000000000 0.000000000 0.0000000000 0.0000000000 0.000000e+00 0.000000000
  100    1      1      0    0      1      10      10     2  2.00000000 0.0000000 0.0000000 0.00000000 0.00000000 0.00000000 0.00000000 0.00000000 0.000000000 0.000000000 0.000000000 0.0000000000 0.0000000000 0.000000e+00 0.000000000
  100    1      1      0    0      1      11      11     8  8.00000000 0.0000000 0.0000000 0.00000000 0.00000000 0.00000000 0.00000000 0.00000000 0.000000000 0.000000000 0.000000000 0.0000000000 0.0000000000 0.000000e+00 0.000000000
  100    1      1      0    0      1      12      12     4  4.00000000 0.0000000 0.0000000 0.00000000 0.00000000 0.00000000 0.00000000 0.00000000 0.000000000 0.000000000 0.000000000 0.0000000000 0.0000000000 0.000000e+00 0.000000000
  100    1      1      0    0      1      13      13     2  2.00000000 0.0000000 0.0000000 0.00000000 0.00000000 0.00000000 0.00000000 0.00000000 0.000000000 0.000000000 0.000000000 0.0000000000 0.0000000000 0.000000e+00 0.000000000
  100    1      1      0    0      1      14      14     7  7.00000000 0.0000000 0.0000000 0.00000000 0.00000000 0.00000000 0.00000000 0.00000000 0.000000000 0.000000000 0.000000000 0.0000000000 0.0000000000 0.000000e+00 0.000000000
  100    1      1      0    0      1      15      15     5  5.00000000 0.0000000 0.0000000 0.00000000 0.00000000 0.00000000 0.00000000 0.00000000 0.000000000 0.000000000 0.000000000 0.0000000000 0.0000000000 0.000000e+00 0.000000000
  100    1      1      0    0      1      16      16    10 10.00000000 0.0000000 0.0000000 0.00000000 0.00000000 0.00000000 0.00000000 0.00000000 0.000000000 0.000000000 0.000000000 0.0000000000 0.0000000000 0.000000e+00 0.000000000
  100    1      1      0    0      1      17      17     4  4.00000000 0.0000000 0.0000000 0.00000000 0.00000000 0.00000000 0.00000000 0.00000000 0.000000000 0.000000000 0.000000000 0.0000000000 0.0000000000 0.000000e+00 0.000000000
  100    1      1      0    0      1      18      18     8  8.00000000 0.0000000 0.0000000 0.00000000 0.00000000 0.00000000 0.00000000 0.00000000 0.000000000 0.000000000 0.000000000 0.0000000000 0.0000000000 0.000000e+00 0.000000000
  100    1      1      0    0      1      19      19     6  6.00000000 0.0000000 0.0000000 0.00000000 0.00000000 0.00000000 0.00000000 0.00000000 0.000000000 0.000000000 0.000000000 0.0000000000 0.0000000000 0.000000e+00 0.000000000
  100    1      1      0    0      1      20      20     4  4.00000000 0.0000000 0.0000000 0.00000000 0.00000000 0.00000000 0.00000000 0.00000000 0.000000000 0.000000000 0.000000000 0.0000000000 0.0000000000 0.000000e+00 0.000000000
  100    1      1      0    0      1      21      21     4  4.00000000 0.0000000 0.0000000 0.00000000 0.00000000 0.00000000 0.00000000 0.00000000 0.000000000 0.000000000 0.000000000 0.0000000000 0.0000000000 0.000000e+00 0.000000000
  100    1      1      0    0      1      22      22     4  4.00000000 0.0000000 0.0000000 0.00000000 0.00000000 0.00000000 0.00000000 0.00000000 0.000000000 0.000000000 0.000000000 0.0000000000 0.0000000000 0.000000e+00 0.000000000
  100    1      1      0    0      1      23      23     5  5.00000000 0.0000000 0.0000000 0.00000000 0.00000000 0.00000000 0.00000000 0.00000000 0.000000000 0.000000000 0.000000000 0.0000000000 0.0000000000 0.000000e+00 0.000000000
  100    1      1      0    0      1      24      24     2  2.00000000 0.0000000 0.0000000 0.00000000 0.00000000 0.00000000 0.00000000 0.00000000 0.000000000 0.000000000 0.000000000 0.0000000000 0.0000000000 0.000000e+00 0.000000000
  100    1      1      0    0      1      26      26     3  3.00000000 0.0000000 0.0000000 0.00000000 0.00000000 0.00000000 0.00000000 0.00000000 0.000000000 0.000000000 0.000000000 0.0000000000 0.0000000000 0.000000e+00 0.000000000
  100    1      1      0    0      1      28      28     1  1.00000000 0.0000000 0.0000000 0.00000000 0.00000000 0.00000000 0.00000000 0.00000000 0.000000000 0.000000000 0.000000000 0.0000000000 0.0000000000 0.000000e+00 0.000000000
  100    1      1      0    0      1      29      29     1  0.00000000 1.0000000 0.0000000 0.00000000 0.00000000 0.00000000 0.00000000 0.00000000 0.000000000 0.000000000 0.000000000 0.0000000000 0.0000000000 0.000000e+00 0.000000000
  100    1      1      0    0      1      30      30     1  0.00000000 1.0000000 0.0000000 0.00000000 0.00000000 0.00000000 0.00000000 0.00000000 0.000000000 0.000000000 0.000000000 0.0000000000 0.0000000000 0.000000e+00 0.000000000
  100    1      1      0    0      1      32      32     5  0.00000000 5.0000000 0.0000000 0.00000000 0.00000000 0.00000000 0.00000000 0.00000000 0.000000000 0.000000000 0.000000000 0.0000000000 0.0000000000 0.000000e+00 0.000000000
  100    1      1      0    0      1      33      33     1  0.00000000 1.0000000 0.0000000 0.00000000 0.00000000 0.00000000 0.00000000 0.00000000 0.000000000 0.000000000 0.000000000 0.0000000000 0.0000000000 0.000000e+00 0.000000000
  100    1      1      0    0      1      35      35     1  0.00000000 1.0000000 0.0000000 0.00000000 0.00000000 0.00000000 0.00000000 0.00000000 0.000000000 0.000000000 0.000000000 0.0000000000 0.0000000000 0.000000e+00 0.000000000
  100    1      1      0    0      1      36      36     1  0.00000000 1.0000000 0.0000000 0.00000000 0.00000000 0.00000000 0.00000000 0.00000000 0.000000000 0.000000000 0.000000000 0.0000000000 0.0000000000 0.000000e+00 0.000000000
  100    1      1      0    0      1      37      37     1  0.00000000 1.0000000 0.0000000 0.00000000 0.00000000 0.00000000 0.00000000 0.00000000 0.000000000 0.000000000 0.000000000 0.0000000000 0.0000000000 0.000000e+00 0.000000000
0 #_N_MeanSize_at_Age_obs
0 #_N_environ_variables
0 #_N_environ_obs
0 #_N_sizefreq_methods
0 #_do_tags
0 #_morphcomp_data
#
999
