#C data file created using the SS_writedat function in the R package r4ss
#C should work with SS version: 
#C file write time: 2015-02-11 09:17:15
#
1 #_styr
100 #_endyr
1 #_nseas
12 #_months_per_seas
1 #_spawn_seas
1 #_Nfleet
2 #_Nsurveys
1 #_N_areas
Fishery%Survey%CPUE #_fleetnames
0.5 0.5 0.5 #_surveytiming_in_season
1 1 1 #_area_assignments_for_each_fishery_and_survey
1 #_units of catch:  1=bio; 2=num
0.01 #_se of log(catch) only used for init_eq_catch and for Fmethod 2 and 3
1 #_Ngenders
25 #_Nages
0 #_init_equil_catch_for_each_fishery
100 #_N_lines_of_catch_to_read
 #_Fishery year seas
         0    1    1
         0    2    1
         0    3    1
         0    4    1
         0    5    1
         0    6    1
         0    7    1
         0    8    1
         0    9    1
         0   10    1
         0   11    1
         0   12    1
         0   13    1
         0   14    1
         0   15    1
         0   16    1
         0   17    1
         0   18    1
         0   19    1
         0   20    1
         0   21    1
         0   22    1
         0   23    1
         0   24    1
         0   25    1
 444646000   26    1
 397608000   27    1
 357583000   28    1
 324161000   29    1
 296656000   30    1
 274240000   31    1
 256057000   32    1
 241314000   33    1
 229322000   34    1
 219511000   35    1
 211426000   36    1
 204710000   37    1
 199088000   38    1
 194347000   39    1
 190324000   40    1
 186891000   41    1
 183948000   42    1
 181416000   43    1
 179230000   44    1
 177337000   45    1
 175694000   46    1
 174266000   47    1
 173022000   48    1
 171937000   49    1
 170990000   50    1
 170161000   51    1
 169436000   52    1
 168801000   53    1
 168243000   54    1
 167755000   55    1
 167325000   56    1
 166948000   57    1
 166617000   58    1
 166326000   59    1
 166070000   60    1
 165844000   61    1
 165646000   62    1
 165471000   63    1
 165317000   64    1
 165182000   65    1
 165063000   66    1
 164958000   67    1
 164865000   68    1
 164784000   69    1
 164712000   70    1
 164649000   71    1
 164593000   72    1
 164544000   73    1
 164500000   74    1
 164462000   75    1
 164429000   76    1
 164399000   77    1
 164373000   78    1
 164350000   79    1
 164329000   80    1
 164311000   81    1
 164296000   82    1
 164282000   83    1
 164269000   84    1
 164258000   85    1
 164249000   86    1
 164240000   87    1
 164233000   88    1
 164227000   89    1
 164221000   90    1
 164216000   91    1
 164211000   92    1
 164207000   93    1
 164204000   94    1
 164201000   95    1
 164198000   96    1
 164195000   97    1
 164193000   98    1
 164192000   99    1
 164190000  100    1
13 #_N_cpue
 #_Fleet Units Errtype
       1     1       0
       2     1       0
       3     1       0
 #_year seas index        obs se_log
     76    1     2 1265859106    0.2
     78    1     2 1561985696    0.2
     80    1     2 1768479493    0.2
     82    1     2 1175154159    0.2
     84    1     2 1298263112    0.2
     86    1     2 1047744764    0.2
     88    1     2 1603192079    0.2
     90    1     2 1711765400    0.2
     92    1     2 1730270544    0.2
     94    1     2 1199447684    0.2
     96    1     2 2016030024    0.2
     98    1     2 1296547683    0.2
    100    1     2 2342762830    0.2
0 #_N_discard_fleets
#_discard_units (1=same_as_catchunits(bio/num); 2=fraction; 3=numbers)
#_discard_errtype:  >0 for DF of T-dist(read CV below); 0 for normal with CV; -1 for normal with se; -2 for lognormal
0 #_N_discard
0 #_N_meanbodywt
1 #_DF_for_meanbodywt_T-distribution_like
2 # length bin method: 1=use databins; 2=generate from binwidth,min,max below; 3=read vector
1 # binwidth for population size comp
10 # minimum size in the population (lower edge of first bin and size at age 0.00)
200 # maximum size in the population (lower edge of last bin)
-0.001 #_comp_tail_compression
1e-05 #_add_to_comp
0 #_combine males into females at or below this bin number
45 #_N_lbins
#_lbin_vector
20 23 26 29 32 35 38 41 44 47 50 53 56 59 62 65 68 71 74 77 80 83 86 89 92 95 98 101 104 107 110 113 116 119 122 125 128 131 134 137 140 143 146 149 152
28 #_N_Length_comp_observations
 #_Yr Seas FltSvy Gender Part Nsamp           l20          l23          l26          l29         l32          l35          l38         l41        l44        l47        l50        l53        l56        l59        l62        l65        l68        l71        l74        l77        l80        l83        l86         l89         l92         l95         l98        l101        l104        l107        l110        l113        l116         l119         l122         l125         l128         l131         l134         l137         l140         l143         l146         l149         l152
   26    1      1      0    0   125  1.332015e-45 1.836088e-08 7.802474e-03 0.0004869677 0.011922316 0.0009045534 5.009245e-03 0.006718041 0.04286398 0.03564409 0.03182080 0.03254734 0.02037230 0.02914084 0.02820843 0.03227655 0.01738954 0.02068891 0.02380433 0.02086984 0.02341061 0.01399054 0.05227611 0.029917665 0.023748237 0.031234360 0.040959480 0.028868072 0.021896706 0.041467207 0.053318927 0.070183682 0.014912547 0.0356090688 0.0344375553 0.0091092918 1.602508e-02 3.730499e-02 2.482029e-02 1.244880e-02 7.465925e-03 6.260241e-03 1.586695e-03 1.173428e-06 2.761780e-04
   36    1      1      0    0   125 4.534152e-237 4.623243e-09 7.478341e-04 0.0146014845 0.019498787 0.0104358715 1.200163e-02 0.027149943 0.01399312 0.08121361 0.07581774 0.04006965 0.01535556 0.05077582 0.03259341 0.05016242 0.04085290 0.05681018 0.04299391 0.02919171 0.01470292 0.02378522 0.05175019 0.042582282 0.012518324 0.016194109 0.037243622 0.019002673 0.033168272 0.026136157 0.012449584 0.008064562 0.008390069 0.0012556699 0.0057152937 0.0143958808 6.957414e-03 2.852177e-02 1.472080e-02 2.182539e-03 2.142722e-04 5.672896e-03 1.076223e-04 1.422658e-15 2.275809e-06
   46    1      1      0    0   125  2.025603e-36 7.608328e-05 3.228105e-03 0.0095374747 0.021464172 0.0073185792 2.286392e-04 0.009799858 0.02521363 0.04215567 0.10536588 0.04960080 0.02251943 0.03315697 0.02320466 0.06032153 0.02723953 0.03394866 0.05646290 0.03158654 0.01986030 0.04454883 0.02431640 0.015355461 0.081372056 0.032268583 0.045726567 0.029644985 0.029980596 0.017135816 0.028176519 0.028725159 0.015163785 0.0036939148 0.0069725196 0.0027413201 4.872474e-03 2.052866e-03 1.107413e-03 1.925408e-04 8.468457e-06 3.886273e-08 3.156806e-03 4.974608e-04 9.073536e-09
   56    1      1      0    0   125  9.193637e-80 6.279096e-05 2.677622e-03 0.0013729783 0.002926582 0.0121201088 1.433153e-04 0.013951373 0.03343899 0.03113723 0.11905566 0.06139672 0.02517838 0.04279027 0.03361314 0.03063402 0.03616035 0.04029851 0.05175874 0.03842539 0.01471745 0.07238286 0.05298444 0.036036833 0.023382997 0.028759469 0.027767263 0.023684153 0.021321097 0.020859376 0.030599022 0.020485280 0.013073268 0.0034559379 0.0001612561 0.0081105133 3.558433e-04 7.550817e-03 9.416471e-05 3.838708e-03 9.641572e-04 1.011451e-04 3.645494e-03 5.279564e-06 8.521000e-03
   60    1      1      0    0   125  3.442287e-11 2.620705e-05 2.092314e-03 0.0057184144 0.050534648 0.0002583344 3.292696e-05 0.016814778 0.01624552 0.03709817 0.03125481 0.01741096 0.06262206 0.07298537 0.04788768 0.03350242 0.03098775 0.03657133 0.02873226 0.05132815 0.06698096 0.03116878 0.01379317 0.044754350 0.024731380 0.007650693 0.060869135 0.043701247 0.023685628 0.012374247 0.004385510 0.016304553 0.016598460 0.0132983740 0.0103247207 0.0178796732 2.917463e-03 2.885409e-02 8.295916e-05 1.658196e-02 1.103051e-04 9.739231e-06 8.127629e-04 5.378679e-16 2.574318e-05
   64    1      1      0    0   125  0.000000e+00 4.908461e-08 4.023559e-05 0.0082627876 0.009284773 0.0002674453 4.436860e-05 0.003638964 0.03845036 0.07674817 0.03918776 0.12885161 0.01441446 0.06862483 0.04043803 0.05901422 0.01850050 0.02429639 0.04057544 0.02347039 0.05564322 0.02382076 0.07517308 0.027735777 0.012162193 0.037072854 0.034536782 0.020953257 0.014785799 0.021167940 0.004800923 0.023693229 0.016492871 0.0145405494 0.0012445620 0.0107809129 3.434806e-04 7.229655e-03 2.774269e-03 4.070048e-06 6.777812e-06 7.505226e-06 1.224394e-13 1.669532e-04 7.518013e-04
   68    1      1      0    0   125 8.415773e-159 3.585930e-08 8.758657e-03 0.0054171219 0.037731606 0.0066628059 2.816150e-03 0.012720734 0.06868056 0.06077691 0.04511777 0.06029062 0.05876342 0.02576792 0.04414783 0.02863077 0.05704809 0.04379783 0.03905833 0.04552514 0.01640251 0.01742748 0.04433561 0.040328281 0.019790741 0.031028722 0.037373375 0.027601344 0.021242265 0.015551551 0.007471345 0.005278714 0.016883994 0.0067139135 0.0283202545 0.0103757172 9.942637e-04 5.113971e-05 6.145671e-04 8.390028e-05 3.550712e-04 1.140554e-06 2.142141e-06 1.360318e-07 5.951982e-05
   72    1      1      0    0   125  6.111746e-40 1.521383e-03 3.652987e-04 0.0092749251 0.024925235 0.0052106492 3.299574e-04 0.004363946 0.04109646 0.05325074 0.02574185 0.03027573 0.04568698 0.02423773 0.04944266 0.06042705 0.02419915 0.03854027 0.07531689 0.03472141 0.06472937 0.09369243 0.03963083 0.009613499 0.033516469 0.036783011 0.004341182 0.028021689 0.014446954 0.051821520 0.014541737 0.004964757 0.032216615 0.0031382498 0.0036746114 0.0032186975 5.951873e-03 4.805015e-03 1.200854e-05 1.046861e-09 9.853627e-05 1.429906e-07 6.666025e-10 5.470819e-14 1.852480e-03
   76    1      1      0    0   125  1.403306e-73 1.790377e-17 1.355006e-04 0.0072516596 0.009775969 0.0071695705 2.432205e-02 0.009974812 0.05710130 0.04401399 0.06844623 0.04550301 0.07617391 0.01748420 0.04111983 0.03968095 0.05581594 0.03602169 0.05704978 0.03977888 0.02002134 0.03366059 0.02529125 0.050756592 0.006793515 0.015551216 0.023871675 0.017625097 0.013905774 0.025326589 0.023869702 0.023708772 0.009438583 0.0274939897 0.0126685147 0.0089303366 6.569689e-06 5.812955e-03 3.897635e-03 1.376334e-02 5.939038e-04 7.487831e-05 2.574827e-06 1.153354e-04 5.713557e-09
   80    1      1      0    0   125  4.262637e-83 2.695020e-07 4.989044e-03 0.0009705387 0.010314342 0.0074162276 8.874523e-03 0.003518624 0.01802605 0.08219591 0.04634423 0.03019496 0.01388024 0.07015002 0.05751274 0.03484890 0.03632161 0.07234703 0.03780544 0.02250338 0.02630549 0.07303038 0.02324600 0.041220411 0.035124642 0.040790942 0.006903000 0.044418555 0.004329692 0.012270674 0.006902861 0.029424458 0.023049752 0.0210406089 0.0254108442 0.0084299586 4.426014e-03 9.416600e-03 2.222920e-03 2.938110e-03 8.384517e-06 1.708894e-07 8.106662e-04 6.406268e-05 7.252528e-07
   84    1      1      0    0   125 9.698493e-300 4.521352e-11 5.762450e-04 0.0120243559 0.016713033 0.0004180833 5.231424e-03 0.006201069 0.01648271 0.06609747 0.08584796 0.02796924 0.08080081 0.04395209 0.01981685 0.02927615 0.02192822 0.03572362 0.02428933 0.02759566 0.02724186 0.05805176 0.02264787 0.019087528 0.034525160 0.022915043 0.012977490 0.004922583 0.083593185 0.017413786 0.047961719 0.048252821 0.008428347 0.0169112678 0.0242169128 0.0004891082 3.576800e-03 3.195189e-04 6.614113e-03 1.091133e-02 3.167333e-04 6.137295e-03 1.475315e-03 6.813870e-05 4.525647e-11
   88    1      1      0    0   125  1.579594e-67 1.125693e-07 1.199840e-03 0.0068024769 0.001627899 0.0005514601 1.680968e-03 0.013811729 0.02690978 0.07212118 0.11733237 0.04013922 0.02145777 0.05484259 0.05337239 0.03712674 0.04369193 0.04899392 0.01279551 0.03205702 0.04698275 0.03707541 0.03205301 0.032120072 0.046513016 0.022359784 0.030445959 0.008969393 0.022827003 0.031266675 0.014682112 0.012967507 0.013848354 0.0002958551 0.0224437680 0.0045261080 2.267350e-02 1.730471e-03 4.663220e-03 4.712869e-03 2.797055e-04 4.126204e-05 7.289421e-06 2.322117e-12 1.106882e-08
   92    1      1      0    0   125 4.981946e-131 2.399937e-03 1.623248e-03 0.0193734811 0.019976736 0.0158407057 1.814218e-04 0.032796843 0.05061183 0.06230357 0.04060800 0.05058397 0.02198145 0.04109623 0.04538981 0.03149447 0.03730840 0.05961460 0.04701919 0.05940698 0.01650699 0.01001507 0.04588302 0.038925075 0.031851361 0.027295950 0.029160506 0.008619634 0.026324308 0.040683196 0.024836898 0.016233908 0.008135147 0.0220963264 0.0023360542 0.0053263578 3.889262e-03 1.101344e-03 7.762581e-05 2.843313e-06 3.637241e-05 1.078003e-05 1.040868e-03 2.304189e-07 1.063912e-12
   96    1      1      0    0   125  9.868199e-33 1.540086e-09 1.921490e-03 0.0005095364 0.002496861 0.0002613938 2.500858e-03 0.006661782 0.05605575 0.08162755 0.08154919 0.03366541 0.02808721 0.06554412 0.02377856 0.05352680 0.02704802 0.04370363 0.06054858 0.06370801 0.06759006 0.03338634 0.02444611 0.024293256 0.009477277 0.004158443 0.014047008 0.031702655 0.003574656 0.024891744 0.018476224 0.025164893 0.015126664 0.0210627678 0.0421252226 0.0015235680 2.796107e-03 1.144955e-03 1.291791e-04 1.445461e-04 2.237015e-05 1.497191e-04 9.289364e-14 6.413123e-04 7.301593e-04
  100    1      1      0    0   125  0.000000e+00 2.015045e-19 6.772828e-05 0.0028691038 0.014823213 0.0210895081 3.111077e-03 0.007688006 0.01739591 0.09077071 0.07290183 0.05229310 0.04006144 0.03790882 0.03876273 0.02561996 0.02474355 0.05203399 0.03964034 0.01506361 0.05898978 0.02291487 0.02759599 0.014658371 0.030009164 0.031628869 0.010067819 0.026142776 0.002157373 0.008073139 0.025268947 0.045562483 0.002896969 0.0189501903 0.0245673967 0.0234163409 2.072681e-03 3.533100e-03 6.113169e-03 4.830787e-03 7.212531e-04 1.156646e-02 2.810036e-02 4.981182e-08 1.331702e-02
   76    1      2      0    0   500  4.761519e-03 6.190750e-03 1.980953e-02 0.0526010942 0.042915230 0.0172384199 1.405857e-02 0.013850691 0.04627298 0.04853924 0.06767282 0.04439831 0.03461455 0.04115091 0.04833413 0.03375241 0.03920348 0.01742301 0.02929493 0.03307565 0.01771283 0.03871912 0.03187120 0.022222142 0.019122313 0.020335484 0.018410330 0.033411105 0.015976443 0.021561692 0.022031031 0.008719153 0.007500980 0.0222018370 0.0071423160 0.0123083197 9.534229e-03 1.264885e-03 4.472856e-03 3.432646e-03 2.643443e-04 9.845069e-04 3.238247e-03 6.550408e-04 1.748744e-03
   78    1      2      0    0   500  1.629822e-20 2.363687e-04 1.716755e-02 0.0596480543 0.043350755 0.0104070370 4.144488e-03 0.025502184 0.03681915 0.05215899 0.04883217 0.04405568 0.04736818 0.03482884 0.04394055 0.03714804 0.04718185 0.04063282 0.04906344 0.03693822 0.02932552 0.02520095 0.02258378 0.024832419 0.016653242 0.023206115 0.023578595 0.020847607 0.030970725 0.013005835 0.017642145 0.015801187 0.014308454 0.0097414755 0.0134222356 0.0077301138 4.645624e-03 2.892691e-03 3.315557e-03 2.105996e-04 1.648534e-04 3.547396e-04 1.299877e-04 1.102866e-05 1.475107e-07
   80    1      2      0    0   500  8.033240e-64 1.132743e-03 1.893785e-02 0.0509349592 0.044939459 0.0227321643 7.522244e-03 0.025886458 0.04101091 0.05718058 0.08229432 0.03398886 0.03737605 0.02786292 0.03718553 0.03807114 0.02734406 0.03057627 0.02923510 0.04348824 0.02435996 0.02837868 0.02434291 0.027620459 0.024195489 0.017325458 0.024781084 0.022884235 0.027622023 0.029837014 0.015921651 0.019514431 0.003152045 0.0165587105 0.0108805543 0.0047008428 3.974658e-03 5.368671e-03 5.512770e-03 1.186816e-03 8.939427e-04 2.570955e-04 1.513549e-03 1.167701e-04 1.400337e-03
   82    1      2      0    0   500  1.012422e-03 2.463031e-04 1.462576e-02 0.0492260889 0.058014519 0.0137849283 2.063158e-02 0.011229248 0.03744119 0.04965724 0.04618837 0.03867402 0.03467555 0.02907546 0.02952797 0.03070991 0.03744158 0.03332363 0.03841074 0.04651597 0.02689876 0.03295690 0.02392034 0.024518475 0.020024160 0.027013079 0.036089514 0.032676710 0.022859745 0.017177436 0.024689279 0.009250634 0.014491147 0.0094483201 0.0155401197 0.0219908839 7.300812e-03 4.430307e-03 2.909071e-03 2.755926e-03 1.577706e-04 8.850781e-04 1.600914e-03 1.020389e-08 2.133071e-06
   84    1      2      0    0   500  1.188495e-20 5.653583e-03 2.388564e-02 0.0459067026 0.035302699 0.0373458896 8.110071e-03 0.029026118 0.03748218 0.04623430 0.05881075 0.04259361 0.02720826 0.04398760 0.03200270 0.03457915 0.03640488 0.03151537 0.02942092 0.03142518 0.02664572 0.03325301 0.02192952 0.028247922 0.019791849 0.030875152 0.038962014 0.019379343 0.017098514 0.016148170 0.023821734 0.011930979 0.018755896 0.0238790609 0.0026437255 0.0062949311 3.940533e-03 7.698412e-03 2.003410e-03 2.603071e-03 2.178626e-03 7.331036e-04 3.882658e-03 4.063900e-04 6.544210e-07
   86    1      2      0    0   500  5.726156e-06 1.530689e-03 2.103939e-02 0.0423169595 0.048307716 0.0101169646 1.509759e-02 0.022711687 0.02906674 0.04862496 0.07185487 0.03593275 0.05170612 0.02383827 0.04052465 0.03392164 0.02875915 0.02759187 0.04118418 0.03214365 0.04079417 0.02453584 0.03804484 0.035954112 0.027047629 0.029596743 0.017249138 0.027564687 0.014876541 0.020681644 0.011119846 0.012498101 0.011054453 0.0076967793 0.0139350770 0.0117987279 6.092750e-03 9.059582e-03 8.314507e-03 1.945679e-03 1.053008e-03 2.420949e-03 4.434084e-06 3.440527e-04 4.113507e-05
   88    1      2      0    0   500  7.079563e-08 1.789408e-03 1.614028e-02 0.0596703512 0.051482734 0.0115249491 1.912644e-02 0.024245475 0.03904107 0.05655420 0.07002230 0.04164298 0.04237867 0.02844107 0.03161477 0.02550595 0.03991943 0.05032602 0.02337745 0.03251277 0.04105977 0.01620076 0.02580062 0.037849089 0.017664719 0.027565735 0.016704187 0.025403430 0.018725662 0.017363558 0.024605393 0.010943197 0.010214613 0.0096603664 0.0078334166 0.0067862976 7.252179e-03 6.517087e-03 1.167556e-03 2.036808e-03 2.428523e-03 5.501170e-04 2.796007e-05 1.834507e-05 3.042321e-04
   90    1      2      0    0   500  1.115102e-07 2.499726e-03 2.869203e-02 0.0445890520 0.055288521 0.0099302937 1.047702e-02 0.019579903 0.03913121 0.06112482 0.04753341 0.03570701 0.02695158 0.03971038 0.04270083 0.04440492 0.03695373 0.02522197 0.01992336 0.05315118 0.04256306 0.03461434 0.03296355 0.026747123 0.026317817 0.036777885 0.010192858 0.029268219 0.014441785 0.018925478 0.017869547 0.014930989 0.007662588 0.0071844202 0.0088180939 0.0049654600 4.657495e-03 6.707970e-03 4.702422e-03 2.832750e-03 6.733914e-04 6.567304e-04 1.167337e-03 6.236426e-04 1.640049e-04
   92    1      2      0    0   500  7.448348e-32 9.739805e-04 1.811627e-02 0.0501946279 0.059947318 0.0236013908 7.999134e-03 0.029255520 0.04988599 0.05361065 0.04677225 0.04435690 0.01768251 0.01732831 0.02864261 0.04525786 0.03306664 0.03642735 0.02255682 0.04332363 0.04384583 0.01945923 0.03016468 0.040178329 0.025323171 0.031612839 0.027411574 0.024335343 0.016934030 0.014112341 0.012150104 0.017077729 0.014541014 0.0209642925 0.0069735019 0.0081763996 8.616567e-04 7.731362e-03 1.495591e-03 3.452476e-03 7.584083e-04 3.378592e-03 5.444265e-05 1.664380e-06 5.639503e-06
   94    1      2      0    0   500  1.608516e-06 2.593051e-04 1.683095e-02 0.0542618173 0.042978349 0.0351916910 1.105688e-02 0.021261240 0.04672978 0.06978855 0.05320541 0.03085923 0.05246953 0.03472372 0.02812018 0.03702918 0.03833204 0.03092808 0.03185723 0.04351336 0.02805840 0.02021709 0.01453535 0.028819129 0.027356097 0.026219005 0.033593367 0.023701327 0.025713787 0.021426678 0.016419270 0.010813350 0.004597967 0.0065354717 0.0081991581 0.0078275637 7.897198e-03 3.053269e-03 2.139788e-03 2.199536e-03 6.234258e-05 6.263477e-04 4.396618e-04 4.465404e-06 1.462357e-04
   96    1      2      0    0   500  2.021950e-24 2.555279e-03 1.663550e-02 0.0284556876 0.046762129 0.0206603730 1.322084e-02 0.019587255 0.03617094 0.05243158 0.06384122 0.02697730 0.02218387 0.03008228 0.03387035 0.04945169 0.03704177 0.03955020 0.03766145 0.04987307 0.03353204 0.03623875 0.02386009 0.023891477 0.031697818 0.026718816 0.040469418 0.015696910 0.021598108 0.028206370 0.011152501 0.022646195 0.017644439 0.0039724526 0.0075649417 0.0068774202 5.503116e-03 5.103753e-03 3.855180e-03 4.264868e-03 1.583940e-03 2.525884e-04 5.799674e-04 4.495287e-05 3.109067e-05
   98    1      2      0    0   500  3.171723e-19 1.399765e-03 1.623878e-02 0.0663868226 0.056825999 0.0240837902 7.367023e-03 0.017252496 0.03017962 0.07805044 0.04160926 0.04002228 0.03314285 0.03880905 0.03275614 0.03782456 0.02958349 0.02942011 0.02676318 0.03642182 0.03701687 0.03307282 0.03747695 0.022127316 0.035705743 0.023123069 0.022792054 0.011987951 0.020990226 0.017020651 0.017512970 0.017163177 0.014496041 0.0126140580 0.0097070803 0.0056277523 3.908051e-03 2.744236e-03 2.252206e-03 6.081835e-03 1.409411e-03 9.410107e-04 1.118503e-05 2.676510e-05 5.311546e-05
  100    1      2      0    0   500  1.556727e-12 1.547724e-03 1.756130e-02 0.0686514038 0.041119034 0.0161633325 9.712453e-03 0.030665032 0.03008816 0.06952298 0.04677321 0.02967665 0.03524222 0.02611477 0.02538850 0.03365305 0.02917567 0.03777571 0.04625882 0.04659048 0.02722140 0.04381346 0.02124218 0.023228969 0.033039489 0.025554655 0.022595572 0.025927266 0.018592145 0.024781368 0.017434266 0.015404669 0.009116619 0.0089693658 0.0051314399 0.0098225706 6.861987e-03 7.315290e-03 1.297757e-03 5.046973e-03 2.342734e-03 2.430819e-03 7.577324e-04 3.898431e-04 9.183104e-07
15 #_N_agebins
#_agebin_vector
1 2 3 4 5 6 7 8 9 10 11 12 13 14 15
1 #_N_ageerror_definitions
 #_age0   age1   age2   age3   age4   age5   age6   age7   age8   age9  age10  age11  age12  age13  age14  age15  age16  age17  age18  age19  age20  age21  age22  age23  age24  age25
 -1.000 -1.000 -1.000 -1.000 -1.000 -1.000 -1.000 -1.000 -1.000 -1.000 -1.000 -1.000 -1.000 -1.000 -1.000 -1.000 -1.000 -1.000 -1.000 -1.000 -1.000 -1.000 -1.000 -1.000 -1.000 -1.000
  0.001  0.001  0.001  0.001  0.001  0.001  0.001  0.001  0.001  0.001  0.001  0.001  0.001  0.001  0.001  0.001  0.001  0.001  0.001  0.001  0.001  0.001  0.001  0.001  0.001  0.001
88 #_N_agecomp
1 #_Lbin_method: 1=poplenbins; 2=datalenbins; 3=lengths
-1 #_combine males into females at or below this bin number
 #_Yr Seas FltSvy Gender Part Ageerr Lbin_lo Lbin_hi Nsamp          a1        a2        a3         a4         a5         a6         a7         a8         a9         a10         a11         a12          a13          a14         a15
   26    1      1      0    0      1      -1      -1   125  0.02539320 0.1237130 0.1981329 0.11452730 0.09088350 0.06695984 0.05207185 0.02436220 0.07756498 0.039455571 0.043090037 0.010639110 0.0170362668 0.0382505588 0.077919760
   36    1      1      0    0      1      -1      -1   125  0.01315961 0.1867558 0.1764689 0.16812509 0.06570710 0.09464391 0.07911490 0.05509743 0.03305869 0.043347044 0.035310310 0.003705378 0.0248056858 0.0075046285 0.013195587
   46    1      1      0    0      1      -1      -1   125  0.02296161 0.2041386 0.1461705 0.10513667 0.12430191 0.11055492 0.08612729 0.04967929 0.05397956 0.013491516 0.019576201 0.021797312 0.0135055146 0.0011604918 0.027418622
   56    1      1      0    0      1      -1      -1   125  0.01592143 0.2218328 0.2056686 0.11674162 0.17118689 0.13334728 0.02555906 0.02679381 0.02267981 0.019116207 0.017942338 0.004976112 0.0134765668 0.0002490933 0.004508364
   60    1      1      0    0      1      -1      -1   125  0.04182567 0.2576388 0.1877821 0.11537709 0.15113429 0.04286117 0.04485548 0.02995299 0.02074525 0.055172805 0.020452310 0.023001920 0.0008122008 0.0003491301 0.008038831
   64    1      1      0    0      1      -1      -1   125  0.03077070 0.2189851 0.1674666 0.16837320 0.11596945 0.04903319 0.03627283 0.04284313 0.03507677 0.020175037 0.010036760 0.049044889 0.0223514441 0.0014031533 0.032197736
   68    1      1      0    0      1      -1      -1   125  0.07193617 0.2535637 0.1807428 0.12345794 0.07802066 0.07942621 0.03813077 0.05940777 0.03189642 0.013881317 0.026218630 0.011279625 0.0059133048 0.0070012523 0.019123485
   72    1      1      0    0      1      -1      -1   125  0.09638637 0.1891530 0.1601296 0.11161663 0.15836413 0.07345600 0.04572631 0.04475382 0.02783561 0.035006176 0.018482466 0.011051063 0.0015530642 0.0024180296 0.024067755
   76    1      1      0    0      1      -1      -1   125  0.02547088 0.1872482 0.1669752 0.14231872 0.13891244 0.11482744 0.04814481 0.03761281 0.02547939 0.005287892 0.058665343 0.005261481 0.0112063027 0.0087877152 0.023801394
   80    1      1      0    0      1      -1      -1   125  0.05110652 0.2888929 0.2036551 0.10090173 0.14609614 0.05673365 0.03445586 0.03552204 0.02003492 0.010717262 0.026831475 0.009893641 0.0027825283 0.0064323474 0.005943864
   84    1      1      0    0      1      -1      -1   125  0.02038503 0.2659345 0.1865491 0.17095773 0.08809692 0.06490321 0.04753270 0.02788560 0.04647762 0.010804227 0.038146871 0.005594038 0.0035903544 0.0064583478 0.016683782
   88    1      1      0    0      1      -1      -1   125  0.02987884 0.2969276 0.1764278 0.09981729 0.04559049 0.08558541 0.05415495 0.06657449 0.06167212 0.014985962 0.010547097 0.021958246 0.0175830212 0.0051625235 0.013134121
   92    1      1      0    0      1      -1      -1   125  0.03247627 0.2261650 0.2236198 0.11663912 0.11774481 0.06374321 0.07691424 0.04595444 0.02568717 0.019176576 0.024488968 0.003801908 0.0061694088 0.0064466748 0.010972380
   96    1      1      0    0      1      -1      -1   125  0.06068497 0.3022534 0.1824806 0.09318807 0.09684231 0.06735523 0.05323401 0.05565717 0.03010947 0.019624428 0.004328369 0.001419472 0.0000178228 0.0111222155 0.021682472
  100    1      1      0    0      1      -1      -1   125  0.08208187 0.2143661 0.1673050 0.17776146 0.11558880 0.04724623 0.05272201 0.02426947 0.02614456 0.054104252 0.011539262 0.008104862 0.0052644016 0.0054212114 0.008080526
   76    1      2      0    0      1      -1      -1   500  0.12626929 0.2277639 0.1825622 0.11816401 0.09928234 0.05829742 0.05980848 0.03312187 0.02401206 0.026553745 0.009844769 0.010484568 0.0039519588 0.0012541351 0.018629190
   78    1      2      0    0      1      -1      -1   500  0.15161304 0.2324411 0.1787434 0.13387114 0.08517259 0.05097345 0.05242858 0.03870131 0.03023681 0.006810745 0.014613952 0.006911680 0.0031156401 0.0088573479 0.005509193
   80    1      2      0    0      1      -1      -1   500  0.14238424 0.2390286 0.1649756 0.12947155 0.08645257 0.07847721 0.04273516 0.02703510 0.01706940 0.014687899 0.015495887 0.013236427 0.0047196487 0.0021511854 0.022079542
   82    1      2      0    0      1      -1      -1   500  0.14326430 0.2313917 0.1659765 0.14429484 0.07507625 0.07573394 0.04819159 0.04060610 0.02073384 0.006520414 0.014454562 0.009397824 0.0039286822 0.0042078044 0.016221586
   84    1      2      0    0      1      -1      -1   500  0.12956403 0.2328615 0.1512108 0.13506811 0.08724956 0.08090225 0.05085270 0.02745048 0.03153884 0.026819727 0.012810618 0.010030399 0.0068912406 0.0011270033 0.015622762
   86    1      2      0    0      1      -1      -1   500  0.13889123 0.2028788 0.1802361 0.11801751 0.10630378 0.07408263 0.04335036 0.03701955 0.01496856 0.021498449 0.012811165 0.019543527 0.0058697877 0.0066918261 0.017836739
   88    1      2      0    0      1      -1      -1   500  0.12867519 0.2312969 0.1558998 0.13066786 0.08620738 0.05247996 0.03780293 0.04724318 0.02415744 0.027279014 0.010901570 0.011113614 0.0173128480 0.0070839833 0.031878310
   90    1      2      0    0      1      -1      -1   500  0.17428776 0.2224196 0.1623954 0.13816199 0.06850354 0.06104827 0.04175110 0.04186586 0.02037082 0.022503907 0.009600890 0.010044244 0.0051199668 0.0011917736 0.020734918
   92    1      2      0    0      1      -1      -1   500  0.15698747 0.2460563 0.1414812 0.13494371 0.09896925 0.06891579 0.03848735 0.03332711 0.02463284 0.013655519 0.011497528 0.006788736 0.0110417500 0.0051280263 0.008087366
   94    1      2      0    0      1      -1      -1   500  0.14799460 0.2433436 0.1931303 0.08673680 0.07256421 0.06050373 0.06316304 0.02943021 0.02876555 0.012779559 0.016941701 0.020041483 0.0025029161 0.0058297346 0.016272538
   96    1      2      0    0      1      -1      -1   500  0.13168658 0.2340015 0.1676365 0.13562176 0.08859047 0.06154895 0.03374680 0.03588503 0.03690694 0.015241045 0.011881323 0.011788983 0.0121318711 0.0058052807 0.017526950
   98    1      2      0    0      1      -1      -1   500  0.12101826 0.2101427 0.1924281 0.12653232 0.10409826 0.05963174 0.05025023 0.03452888 0.02608252 0.012830616 0.015553273 0.018323079 0.0059772001 0.0109526488 0.011650164
  100    1      2      0    0      1      -1      -1   500  0.12945535 0.2207851 0.1690002 0.13414484 0.08886580 0.05469189 0.04875162 0.05303986 0.02549596 0.009047579 0.010957102 0.014866761 0.0103640220 0.0062447898 0.024289170
   26    1      1      0    0      1       5       5     1  1.00000000 0.0000000 0.0000000 0.00000000 0.00000000 0.00000000 0.00000000 0.00000000 0.00000000 0.000000000 0.000000000 0.000000000 0.0000000000 0.0000000000 0.000000000
   26    1      1      0    0      1       9       9     4  4.00000000 0.0000000 0.0000000 0.00000000 0.00000000 0.00000000 0.00000000 0.00000000 0.00000000 0.000000000 0.000000000 0.000000000 0.0000000000 0.0000000000 0.000000000
   26    1      1      0    0      1      10      10     3  3.00000000 0.0000000 0.0000000 0.00000000 0.00000000 0.00000000 0.00000000 0.00000000 0.00000000 0.000000000 0.000000000 0.000000000 0.0000000000 0.0000000000 0.000000000
   26    1      1      0    0      1      11      11     1  1.00000000 0.0000000 0.0000000 0.00000000 0.00000000 0.00000000 0.00000000 0.00000000 0.00000000 0.000000000 0.000000000 0.000000000 0.0000000000 0.0000000000 0.000000000
   26    1      1      0    0      1      12      12     3  3.00000000 0.0000000 0.0000000 0.00000000 0.00000000 0.00000000 0.00000000 0.00000000 0.00000000 0.000000000 0.000000000 0.000000000 0.0000000000 0.0000000000 0.000000000
   26    1      1      0    0      1      13      13     2  2.00000000 0.0000000 0.0000000 0.00000000 0.00000000 0.00000000 0.00000000 0.00000000 0.00000000 0.000000000 0.000000000 0.000000000 0.0000000000 0.0000000000 0.000000000
   26    1      1      0    0      1      14      14     7  7.00000000 0.0000000 0.0000000 0.00000000 0.00000000 0.00000000 0.00000000 0.00000000 0.00000000 0.000000000 0.000000000 0.000000000 0.0000000000 0.0000000000 0.000000000
   26    1      1      0    0      1      15      15     3  3.00000000 0.0000000 0.0000000 0.00000000 0.00000000 0.00000000 0.00000000 0.00000000 0.00000000 0.000000000 0.000000000 0.000000000 0.0000000000 0.0000000000 0.000000000
   26    1      1      0    0      1      16      16     4  4.00000000 0.0000000 0.0000000 0.00000000 0.00000000 0.00000000 0.00000000 0.00000000 0.00000000 0.000000000 0.000000000 0.000000000 0.0000000000 0.0000000000 0.000000000
   26    1      1      0    0      1      17      17     2  2.00000000 0.0000000 0.0000000 0.00000000 0.00000000 0.00000000 0.00000000 0.00000000 0.00000000 0.000000000 0.000000000 0.000000000 0.0000000000 0.0000000000 0.000000000
   26    1      1      0    0      1      19      19     5  5.00000000 0.0000000 0.0000000 0.00000000 0.00000000 0.00000000 0.00000000 0.00000000 0.00000000 0.000000000 0.000000000 0.000000000 0.0000000000 0.0000000000 0.000000000
   26    1      1      0    0      1      20      20     3  3.00000000 0.0000000 0.0000000 0.00000000 0.00000000 0.00000000 0.00000000 0.00000000 0.00000000 0.000000000 0.000000000 0.000000000 0.0000000000 0.0000000000 0.000000000
   26    1      1      0    0      1      21      21     2  2.00000000 0.0000000 0.0000000 0.00000000 0.00000000 0.00000000 0.00000000 0.00000000 0.00000000 0.000000000 0.000000000 0.000000000 0.0000000000 0.0000000000 0.000000000
   26    1      1      0    0      1      22      22     3  3.00000000 0.0000000 0.0000000 0.00000000 0.00000000 0.00000000 0.00000000 0.00000000 0.00000000 0.000000000 0.000000000 0.000000000 0.0000000000 0.0000000000 0.000000000
   26    1      1      0    0      1      23      23     4  4.00000000 0.0000000 0.0000000 0.00000000 0.00000000 0.00000000 0.00000000 0.00000000 0.00000000 0.000000000 0.000000000 0.000000000 0.0000000000 0.0000000000 0.000000000
   26    1      1      0    0      1      24      24     4  4.00000000 0.0000000 0.0000000 0.00000000 0.00000000 0.00000000 0.00000000 0.00000000 0.00000000 0.000000000 0.000000000 0.000000000 0.0000000000 0.0000000000 0.000000000
   26    1      1      0    0      1      25      25     1  1.00000000 0.0000000 0.0000000 0.00000000 0.00000000 0.00000000 0.00000000 0.00000000 0.00000000 0.000000000 0.000000000 0.000000000 0.0000000000 0.0000000000 0.000000000
   26    1      1      0    0      1      26      26     5  4.00000000 1.0000000 0.0000000 0.00000000 0.00000000 0.00000000 0.00000000 0.00000000 0.00000000 0.000000000 0.000000000 0.000000000 0.0000000000 0.0000000000 0.000000000
   26    1      1      0    0      1      27      27     2  2.00000000 0.0000000 0.0000000 0.00000000 0.00000000 0.00000000 0.00000000 0.00000000 0.00000000 0.000000000 0.000000000 0.000000000 0.0000000000 0.0000000000 0.000000000
   26    1      1      0    0      1      28      28     6  4.00000000 2.0000000 0.0000000 0.00000000 0.00000000 0.00000000 0.00000000 0.00000000 0.00000000 0.000000000 0.000000000 0.000000000 0.0000000000 0.0000000000 0.000000000
   26    1      1      0    0      1      29      29     3  2.00000000 1.0000000 0.0000000 0.00000000 0.00000000 0.00000000 0.00000000 0.00000000 0.00000000 0.000000000 0.000000000 0.000000000 0.0000000000 0.0000000000 0.000000000
   26    1      1      0    0      1      30      30     5  0.00000000 5.0000000 0.0000000 0.00000000 0.00000000 0.00000000 0.00000000 0.00000000 0.00000000 0.000000000 0.000000000 0.000000000 0.0000000000 0.0000000000 0.000000000
   26    1      1      0    0      1      31      31     6  0.00000000 6.0000000 0.0000000 0.00000000 0.00000000 0.00000000 0.00000000 0.00000000 0.00000000 0.000000000 0.000000000 0.000000000 0.0000000000 0.0000000000 0.000000000
   26    1      1      0    0      1      32      32     2  0.00000000 2.0000000 0.0000000 0.00000000 0.00000000 0.00000000 0.00000000 0.00000000 0.00000000 0.000000000 0.000000000 0.000000000 0.0000000000 0.0000000000 0.000000000
   26    1      1      0    0      1      33      33     2  0.00000000 2.0000000 0.0000000 0.00000000 0.00000000 0.00000000 0.00000000 0.00000000 0.00000000 0.000000000 0.000000000 0.000000000 0.0000000000 0.0000000000 0.000000000
   26    1      1      0    0      1      34      34     4  0.00000000 4.0000000 0.0000000 0.00000000 0.00000000 0.00000000 0.00000000 0.00000000 0.00000000 0.000000000 0.000000000 0.000000000 0.0000000000 0.0000000000 0.000000000
   26    1      1      0    0      1      35      35     6  0.00000000 6.0000000 0.0000000 0.00000000 0.00000000 0.00000000 0.00000000 0.00000000 0.00000000 0.000000000 0.000000000 0.000000000 0.0000000000 0.0000000000 0.000000000
   26    1      1      0    0      1      38      38     3  0.00000000 3.0000000 0.0000000 0.00000000 0.00000000 0.00000000 0.00000000 0.00000000 0.00000000 0.000000000 0.000000000 0.000000000 0.0000000000 0.0000000000 0.000000000
   26    1      1      0    0      1      39      39     4  0.00000000 4.0000000 0.0000000 0.00000000 0.00000000 0.00000000 0.00000000 0.00000000 0.00000000 0.000000000 0.000000000 0.000000000 0.0000000000 0.0000000000 0.000000000
   92    1      1      0    0      1       4       4     1  1.00000000 0.0000000 0.0000000 0.00000000 0.00000000 0.00000000 0.00000000 0.00000000 0.00000000 0.000000000 0.000000000 0.000000000 0.0000000000 0.0000000000 0.000000000
   92    1      1      0    0      1       5       5     3  3.00000000 0.0000000 0.0000000 0.00000000 0.00000000 0.00000000 0.00000000 0.00000000 0.00000000 0.000000000 0.000000000 0.000000000 0.0000000000 0.0000000000 0.000000000
   92    1      1      0    0      1       6       6     2  2.00000000 0.0000000 0.0000000 0.00000000 0.00000000 0.00000000 0.00000000 0.00000000 0.00000000 0.000000000 0.000000000 0.000000000 0.0000000000 0.0000000000 0.000000000
   92    1      1      0    0      1       8       8     6  6.00000000 0.0000000 0.0000000 0.00000000 0.00000000 0.00000000 0.00000000 0.00000000 0.00000000 0.000000000 0.000000000 0.000000000 0.0000000000 0.0000000000 0.000000000
   92    1      1      0    0      1       9       9     6  6.00000000 0.0000000 0.0000000 0.00000000 0.00000000 0.00000000 0.00000000 0.00000000 0.00000000 0.000000000 0.000000000 0.000000000 0.0000000000 0.0000000000 0.000000000
   92    1      1      0    0      1      10      10    10 10.00000000 0.0000000 0.0000000 0.00000000 0.00000000 0.00000000 0.00000000 0.00000000 0.00000000 0.000000000 0.000000000 0.000000000 0.0000000000 0.0000000000 0.000000000
   92    1      1      0    0      1      11      11     5  5.00000000 0.0000000 0.0000000 0.00000000 0.00000000 0.00000000 0.00000000 0.00000000 0.00000000 0.000000000 0.000000000 0.000000000 0.0000000000 0.0000000000 0.000000000
   92    1      1      0    0      1      12      12     7  7.00000000 0.0000000 0.0000000 0.00000000 0.00000000 0.00000000 0.00000000 0.00000000 0.00000000 0.000000000 0.000000000 0.000000000 0.0000000000 0.0000000000 0.000000000
   92    1      1      0    0      1      13      13     3  3.00000000 0.0000000 0.0000000 0.00000000 0.00000000 0.00000000 0.00000000 0.00000000 0.00000000 0.000000000 0.000000000 0.000000000 0.0000000000 0.0000000000 0.000000000
   92    1      1      0    0      1      14      14     3  3.00000000 0.0000000 0.0000000 0.00000000 0.00000000 0.00000000 0.00000000 0.00000000 0.00000000 0.000000000 0.000000000 0.000000000 0.0000000000 0.0000000000 0.000000000
   92    1      1      0    0      1      15      15     2  2.00000000 0.0000000 0.0000000 0.00000000 0.00000000 0.00000000 0.00000000 0.00000000 0.00000000 0.000000000 0.000000000 0.000000000 0.0000000000 0.0000000000 0.000000000
   92    1      1      0    0      1      16      16     1  1.00000000 0.0000000 0.0000000 0.00000000 0.00000000 0.00000000 0.00000000 0.00000000 0.00000000 0.000000000 0.000000000 0.000000000 0.0000000000 0.0000000000 0.000000000
   92    1      1      0    0      1      17      17     3  3.00000000 0.0000000 0.0000000 0.00000000 0.00000000 0.00000000 0.00000000 0.00000000 0.00000000 0.000000000 0.000000000 0.000000000 0.0000000000 0.0000000000 0.000000000
   92    1      1      0    0      1      18      18     7  7.00000000 0.0000000 0.0000000 0.00000000 0.00000000 0.00000000 0.00000000 0.00000000 0.00000000 0.000000000 0.000000000 0.000000000 0.0000000000 0.0000000000 0.000000000
   92    1      1      0    0      1      19      19     4  4.00000000 0.0000000 0.0000000 0.00000000 0.00000000 0.00000000 0.00000000 0.00000000 0.00000000 0.000000000 0.000000000 0.000000000 0.0000000000 0.0000000000 0.000000000
   92    1      1      0    0      1      20      20     6  6.00000000 0.0000000 0.0000000 0.00000000 0.00000000 0.00000000 0.00000000 0.00000000 0.00000000 0.000000000 0.000000000 0.000000000 0.0000000000 0.0000000000 0.000000000
   92    1      1      0    0      1      21      21     2  2.00000000 0.0000000 0.0000000 0.00000000 0.00000000 0.00000000 0.00000000 0.00000000 0.00000000 0.000000000 0.000000000 0.000000000 0.0000000000 0.0000000000 0.000000000
   92    1      1      0    0      1      23      23     3  3.00000000 0.0000000 0.0000000 0.00000000 0.00000000 0.00000000 0.00000000 0.00000000 0.00000000 0.000000000 0.000000000 0.000000000 0.0000000000 0.0000000000 0.000000000
   92    1      1      0    0      1      24      24     2  2.00000000 0.0000000 0.0000000 0.00000000 0.00000000 0.00000000 0.00000000 0.00000000 0.00000000 0.000000000 0.000000000 0.000000000 0.0000000000 0.0000000000 0.000000000
   92    1      1      0    0      1      25      25     2  2.00000000 0.0000000 0.0000000 0.00000000 0.00000000 0.00000000 0.00000000 0.00000000 0.00000000 0.000000000 0.000000000 0.000000000 0.0000000000 0.0000000000 0.000000000
   92    1      1      0    0      1      26      26     3  3.00000000 0.0000000 0.0000000 0.00000000 0.00000000 0.00000000 0.00000000 0.00000000 0.00000000 0.000000000 0.000000000 0.000000000 0.0000000000 0.0000000000 0.000000000
   92    1      1      0    0      1      27      27     4  3.00000000 1.0000000 0.0000000 0.00000000 0.00000000 0.00000000 0.00000000 0.00000000 0.00000000 0.000000000 0.000000000 0.000000000 0.0000000000 0.0000000000 0.000000000
   92    1      1      0    0      1      28      28     1  1.00000000 0.0000000 0.0000000 0.00000000 0.00000000 0.00000000 0.00000000 0.00000000 0.00000000 0.000000000 0.000000000 0.000000000 0.0000000000 0.0000000000 0.000000000
   92    1      1      0    0      1      29      29     2  0.00000000 2.0000000 0.0000000 0.00000000 0.00000000 0.00000000 0.00000000 0.00000000 0.00000000 0.000000000 0.000000000 0.000000000 0.0000000000 0.0000000000 0.000000000
   92    1      1      0    0      1      30      30     4  1.00000000 3.0000000 0.0000000 0.00000000 0.00000000 0.00000000 0.00000000 0.00000000 0.00000000 0.000000000 0.000000000 0.000000000 0.0000000000 0.0000000000 0.000000000
   92    1      1      0    0      1      31      31     2  0.00000000 2.0000000 0.0000000 0.00000000 0.00000000 0.00000000 0.00000000 0.00000000 0.00000000 0.000000000 0.000000000 0.000000000 0.0000000000 0.0000000000 0.000000000
   92    1      1      0    0      1      32      32     1  0.00000000 1.0000000 0.0000000 0.00000000 0.00000000 0.00000000 0.00000000 0.00000000 0.00000000 0.000000000 0.000000000 0.000000000 0.0000000000 0.0000000000 0.000000000
   92    1      1      0    0      1      33      33     2  0.00000000 2.0000000 0.0000000 0.00000000 0.00000000 0.00000000 0.00000000 0.00000000 0.00000000 0.000000000 0.000000000 0.000000000 0.0000000000 0.0000000000 0.000000000
   92    1      1      0    0      1      34      34     1  0.00000000 1.0000000 0.0000000 0.00000000 0.00000000 0.00000000 0.00000000 0.00000000 0.00000000 0.000000000 0.000000000 0.000000000 0.0000000000 0.0000000000 0.000000000
   92    1      1      0    0      1      36      36     1  0.00000000 1.0000000 0.0000000 0.00000000 0.00000000 0.00000000 0.00000000 0.00000000 0.00000000 0.000000000 0.000000000 0.000000000 0.0000000000 0.0000000000 0.000000000
   92    1      1      0    0      1      39      39     1  0.00000000 1.0000000 0.0000000 0.00000000 0.00000000 0.00000000 0.00000000 0.00000000 0.00000000 0.000000000 0.000000000 0.000000000 0.0000000000 0.0000000000 0.000000000
0 #_N_MeanSize_at_Age_obs
0 #_N_environ_variables
0 #_N_environ_obs
0 #_N_sizefreq_methods
0 #_do_tags
0 #_morphcomp_data
#
999
