#C data file created using the SS_writedat function in the R package r4ss
#C should work with SS version: 
#C file write time: 2015-02-11 17:59:43
#
1 #_styr
100 #_endyr
1 #_nseas
12 #_months_per_seas
1 #_spawn_seas
1 #_Nfleet
2 #_Nsurveys
1 #_N_areas
Fishery%Survey%CPUE #_fleetnames
0.5 0.5 0.5 #_surveytiming_in_season
1 1 1 #_area_assignments_for_each_fishery_and_survey
1 #_units of catch:  1=bio; 2=num
0.01 #_se of log(catch) only used for init_eq_catch and for Fmethod 2 and 3
1 #_Ngenders
25 #_Nages
0 #_init_equil_catch_for_each_fishery
100 #_N_lines_of_catch_to_read
 #_Fishery year seas
         0    1    1
         0    2    1
         0    3    1
         0    4    1
         0    5    1
         0    6    1
         0    7    1
         0    8    1
         0    9    1
         0   10    1
         0   11    1
         0   12    1
         0   13    1
         0   14    1
         0   15    1
         0   16    1
         0   17    1
         0   18    1
         0   19    1
         0   20    1
         0   21    1
         0   22    1
         0   23    1
         0   24    1
         0   25    1
 444646000   26    1
 397608000   27    1
 357583000   28    1
 324161000   29    1
 296656000   30    1
 274240000   31    1
 256057000   32    1
 241314000   33    1
 229322000   34    1
 219511000   35    1
 211426000   36    1
 204710000   37    1
 199088000   38    1
 194347000   39    1
 190324000   40    1
 186891000   41    1
 183948000   42    1
 181416000   43    1
 179230000   44    1
 177337000   45    1
 175694000   46    1
 174266000   47    1
 173022000   48    1
 171937000   49    1
 170990000   50    1
 170161000   51    1
 169436000   52    1
 168801000   53    1
 168243000   54    1
 167755000   55    1
 167325000   56    1
 166948000   57    1
 166617000   58    1
 166326000   59    1
 166070000   60    1
 165844000   61    1
 165646000   62    1
 165471000   63    1
 165317000   64    1
 165182000   65    1
 165063000   66    1
 164958000   67    1
 164865000   68    1
 164784000   69    1
 164712000   70    1
 164649000   71    1
 164593000   72    1
 164544000   73    1
 164500000   74    1
 164462000   75    1
 164429000   76    1
 164399000   77    1
 164373000   78    1
 164350000   79    1
 164329000   80    1
 164311000   81    1
 164296000   82    1
 164282000   83    1
 164269000   84    1
 164258000   85    1
 164249000   86    1
 164240000   87    1
 164233000   88    1
 164227000   89    1
 164221000   90    1
 164216000   91    1
 164211000   92    1
 164207000   93    1
 164204000   94    1
 164201000   95    1
 164198000   96    1
 164195000   97    1
 164193000   98    1
 164192000   99    1
 164190000  100    1
13 #_N_cpue
 #_Fleet Units Errtype
       1     1       0
       2     1       0
       3     1       0
 #_year seas index        obs se_log
     76    1     2  902211514    0.2
     78    1     2 1936871712    0.2
     80    1     2 1513206509    0.2
     82    1     2 1036431895    0.2
     84    1     2 1325704283    0.2
     86    1     2 1360280792    0.2
     88    1     2 1023450856    0.2
     90    1     2 1136120137    0.2
     92    1     2 1009082826    0.2
     94    1     2 1239743457    0.2
     96    1     2 1056182149    0.2
     98    1     2 2156283761    0.2
    100    1     2 1226426871    0.2
0 #_N_discard_fleets
#_discard_units (1=same_as_catchunits(bio/num); 2=fraction; 3=numbers)
#_discard_errtype:  >0 for DF of T-dist(read CV below); 0 for normal with CV; -1 for normal with se; -2 for lognormal
0 #_N_discard
0 #_N_meanbodywt
1 #_DF_for_meanbodywt_T-distribution_like
2 # length bin method: 1=use databins; 2=generate from binwidth,min,max below; 3=read vector
1 # binwidth for population size comp
10 # minimum size in the population (lower edge of first bin and size at age 0.00)
200 # maximum size in the population (lower edge of last bin)
-0.001 #_comp_tail_compression
1e-05 #_add_to_comp
0 #_combine males into females at or below this bin number
45 #_N_lbins
#_lbin_vector
20 23 26 29 32 35 38 41 44 47 50 53 56 59 62 65 68 71 74 77 80 83 86 89 92 95 98 101 104 107 110 113 116 119 122 125 128 131 134 137 140 143 146 149 152
28 #_N_Length_comp_observations
 #_Yr Seas FltSvy Gender Part Nsamp           l20          l23          l26          l29          l32         l35          l38         l41        l44        l47        l50        l53        l56         l59        l62        l65        l68        l71        l74        l77        l80         l83        l86         l89         l92        l95         l98        l101        l104        l107        l110        l113         l116         l119        l122         l125         l128         l131         l134         l137         l140         l143         l146         l149         l152
   26    1      1      0    0   125  2.390540e-67 6.687921e-15 3.787222e-04 0.0007588112 0.0073139586 0.003140536 3.045685e-03 0.003377033 0.01019071 0.03229724 0.03617066 0.03970398 0.05295911 0.019879518 0.02568715 0.05535730 0.01376266 0.03219350 0.03011902 0.03595711 0.04341792 0.032690849 0.06099793 0.028197667 0.063648970 0.02742587 0.030500650 0.046282296 0.022824137 0.025121642 0.014062908 0.033811217 0.0275117674 0.0385346398 0.015886998 0.0212244852 0.0220306974 2.276831e-02 3.218078e-03 0.0043685591 1.032467e-02 7.971329e-04 9.275678e-04 8.588450e-04 2.734804e-04
   36    1      1      0    0   125 2.495994e-115 1.923256e-03 7.919526e-05 0.0079211241 0.0106500732 0.001644645 1.457213e-03 0.027153262 0.03362138 0.06446937 0.05714363 0.05228972 0.03067179 0.036516663 0.04421860 0.03343210 0.05790239 0.05399659 0.04765292 0.04865260 0.01552168 0.028932442 0.02984641 0.024514398 0.036201590 0.02041640 0.007194124 0.019112821 0.019395814 0.022677423 0.047638835 0.023066574 0.0221758210 0.0113277114 0.022451117 0.0091896791 0.0053330691 5.029284e-03 7.276915e-04 0.0038221430 9.772813e-03 4.691604e-04 1.189877e-03 2.769705e-08 2.596560e-03
   46    1      1      0    0   125  0.000000e+00 6.558787e-13 1.579935e-03 0.0004565049 0.0108281552 0.010861544 1.926378e-04 0.022954188 0.02273886 0.08071078 0.04274871 0.03639940 0.05075041 0.039716313 0.02072237 0.03904600 0.01805215 0.04592654 0.04857054 0.05395225 0.02202091 0.014457039 0.01876348 0.041102445 0.018002701 0.03672521 0.034769038 0.039113735 0.041009892 0.028675270 0.009358097 0.035226271 0.0256022153 0.0174021765 0.006992812 0.0016186870 0.0482592996 7.290232e-03 2.028692e-03 0.0032266934 8.142337e-04 6.422302e-12 7.971467e-05 1.107371e-03 1.464702e-04
   56    1      1      0    0   125 3.791644e-115 6.063340e-11 1.230670e-04 0.0018274982 0.0048361708 0.011841473 1.332805e-03 0.020475692 0.01534825 0.08300421 0.04457904 0.05688457 0.05762114 0.017449091 0.03751512 0.03468356 0.05926457 0.02737658 0.07618244 0.07493558 0.04227699 0.053408213 0.00653128 0.032426215 0.028121542 0.02083959 0.022623214 0.008303485 0.008820550 0.046717260 0.011860591 0.033902776 0.0104239097 0.0316219283 0.004275674 0.0009480073 0.0020177753 4.487741e-03 2.976573e-03 0.0015786936 1.010163e-06 1.737379e-07 5.558286e-04 1.308551e-07 1.284133e-09
   60    1      1      0    0   125 1.128604e-136 1.612917e-13 3.391560e-04 0.0096893147 0.0257166466 0.033964149 4.232271e-03 0.019704531 0.04039693 0.03989442 0.04406076 0.06556083 0.03550481 0.016951593 0.04359526 0.05367000 0.04790136 0.04217101 0.02768504 0.04967791 0.04741289 0.022241092 0.03186961 0.018768632 0.029456908 0.02241083 0.022103348 0.017146169 0.012207176 0.017452697 0.029410444 0.022129056 0.0153448029 0.0008532809 0.029087450 0.0111801799 0.0258615835 9.822457e-03 7.816936e-03 0.0001238887 1.159420e-03 5.380066e-03 1.415358e-14 4.510977e-05 8.948310e-12
   64    1      1      0    0   125  2.109305e-60 1.987748e-07 2.694001e-04 0.0193506500 0.0192480952 0.004364460 5.341201e-06 0.006598914 0.01997466 0.04373550 0.05303264 0.05290327 0.05820419 0.020063338 0.06560993 0.03430952 0.02958677 0.06678802 0.02786025 0.05461603 0.02452721 0.038214959 0.05503313 0.024641530 0.023577790 0.01760727 0.014027189 0.088914385 0.010987270 0.013335323 0.026691218 0.021091306 0.0134937223 0.0172990962 0.009570658 0.0046429063 0.0041947486 1.178872e-04 5.789842e-05 0.0131981527 6.448294e-13 6.472827e-05 1.816696e-03 3.737597e-04 1.504025e-11
   68    1      1      0    0   125 2.109495e-107 1.952430e-09 1.152248e-03 0.0081290242 0.0218591558 0.009028359 9.361270e-03 0.033303426 0.05774775 0.05280844 0.02702001 0.03287303 0.04741771 0.056517734 0.02323092 0.08212106 0.02907871 0.04288665 0.02840421 0.03495114 0.03176527 0.030944946 0.04172510 0.043874304 0.021438734 0.01583705 0.030198710 0.029146152 0.027146686 0.001503267 0.037552269 0.026014798 0.0094443513 0.0017622867 0.006232053 0.0176741604 0.0019656087 1.089455e-02 1.535038e-02 0.0002983251 2.522217e-05 1.164761e-03 3.324681e-08 3.483810e-13 1.501420e-04
   72    1      1      0    0   125  2.772654e-35 3.975840e-06 5.214214e-03 0.0019927003 0.0175760519 0.002023917 1.564704e-03 0.011113772 0.05494508 0.03835897 0.05463248 0.02468616 0.05714517 0.057591956 0.04340900 0.05702063 0.02857658 0.08541810 0.03550900 0.04012573 0.03277386 0.038325375 0.05732112 0.037660863 0.027657018 0.04396026 0.038272173 0.018328334 0.018554867 0.004456478 0.014956389 0.016182332 0.0113464004 0.0032826568 0.002819081 0.0020838350 0.0107436319 3.789662e-05 3.574278e-04 0.0010446625 2.852071e-03 4.311397e-05 5.363696e-13 7.735666e-09 3.195180e-05
   76    1      1      0    0   125  1.583655e-16 1.002664e-05 1.969592e-04 0.0233055654 0.0007566898 0.007748458 1.620558e-02 0.012086425 0.04615185 0.07587614 0.07129615 0.04756838 0.02742650 0.047213908 0.04460446 0.04548204 0.06095547 0.03249278 0.01039700 0.02207113 0.06047509 0.037912234 0.03224111 0.044034658 0.068018522 0.01734995 0.039768230 0.023324033 0.016799007 0.003675174 0.009921643 0.010441267 0.0114932762 0.0041725086 0.003476803 0.0003638366 0.0144394523 6.862160e-03 8.136691e-04 0.0005927069 4.185838e-08 6.772454e-04 1.424348e-07 1.301718e-03 4.730815e-15
   80    1      1      0    0   125  2.328971e-25 9.744796e-08 1.773496e-03 0.0025367991 0.0067010855 0.003505157 1.659741e-02 0.040828134 0.04871165 0.04573170 0.09894447 0.04974744 0.01694222 0.039030323 0.01643519 0.03798601 0.02370444 0.04764983 0.03075848 0.04888935 0.06131933 0.027192198 0.06526969 0.049166965 0.006045153 0.02941522 0.029829439 0.012184419 0.045852457 0.017026355 0.008154516 0.011234605 0.0008577173 0.0124261642 0.023879709 0.0046525689 0.0022813656 7.623155e-04 1.051862e-02 0.0006524330 7.894303e-04 3.381726e-06 3.374411e-03 5.223691e-04 1.158935e-04
   84    1      1      0    0   125  0.000000e+00 9.189226e-12 6.106996e-05 0.0052040704 0.0015596054 0.006145046 7.959644e-03 0.003998004 0.03904902 0.05768299 0.04983034 0.07386321 0.04084375 0.004131726 0.03042438 0.01701908 0.05033956 0.06270106 0.03331403 0.07141306 0.02276669 0.054357773 0.03204253 0.056499875 0.019713832 0.04960339 0.057389510 0.018273236 0.025905542 0.008586916 0.019980582 0.012105043 0.0181200602 0.0193987251 0.008145201 0.0050831591 0.0021390279 3.268531e-03 4.964408e-03 0.0045596527 2.822584e-11 1.346948e-03 4.051872e-11 2.055177e-04 4.184742e-06
   88    1      1      0    0   125  2.390107e-10 2.917425e-10 1.843842e-04 0.0103193851 0.0101904109 0.014548405 1.364509e-02 0.036439329 0.04669985 0.08504203 0.05451421 0.07286686 0.08030497 0.025026005 0.10224958 0.03212850 0.04114921 0.01652533 0.01485655 0.01983883 0.01374993 0.040691883 0.04380633 0.038053023 0.010930003 0.01945277 0.010377301 0.008896165 0.018683735 0.019661856 0.017783929 0.003478162 0.0268054346 0.0202014818 0.007668402 0.0018632769 0.0005711938 2.019397e-02 1.044339e-05 0.0004442119 1.181010e-07 1.168313e-04 2.138486e-06 2.406648e-05 4.423622e-06
   92    1      1      0    0   125  2.019468e-08 3.800977e-11 7.665880e-04 0.0230742449 0.0102593427 0.007884915 9.718140e-03 0.007192331 0.02671085 0.02983806 0.10393789 0.06272263 0.04223894 0.066346478 0.03109290 0.04420228 0.07110168 0.02094687 0.01861743 0.03245422 0.10331905 0.007286249 0.02329346 0.016091915 0.010924790 0.01732625 0.035234306 0.055096642 0.014142945 0.013254494 0.003757810 0.010396660 0.0040532000 0.0147622083 0.011263093 0.0071669322 0.0155718543 2.197726e-02 4.349606e-05 0.0002042061 1.216537e-04 2.923896e-03 2.681813e-03 6.141683e-23 7.251172e-10
   96    1      1      0    0   125  3.627286e-41 5.172161e-06 3.956920e-04 0.0309974342 0.0039998339 0.000605601 1.157671e-03 0.007676916 0.02815061 0.05657999 0.10298507 0.04151067 0.02508187 0.039093786 0.05303065 0.05447642 0.04974463 0.02990830 0.02769315 0.01943515 0.03339399 0.059789980 0.12094047 0.022772733 0.028413707 0.01098029 0.022538495 0.009870134 0.004813647 0.010499855 0.020558058 0.011727369 0.0075378881 0.0006234275 0.003070951 0.0163363349 0.0067023505 2.614369e-03 1.402055e-02 0.0074507904 5.863346e-03 2.207566e-04 1.621648e-05 6.679080e-03 3.659729e-05
  100    1      1      0    0   125  6.778180e-09 3.258539e-36 1.539873e-03 0.0016652730 0.0232162496 0.014869872 6.931091e-03 0.017246700 0.04643119 0.06326686 0.04603893 0.04056107 0.08221023 0.026436430 0.01750524 0.03555099 0.09036453 0.03974101 0.04893719 0.03570419 0.05677784 0.024232344 0.04452382 0.008498789 0.021614452 0.03331978 0.009713277 0.018252960 0.030762092 0.034087762 0.007929388 0.003909692 0.0054359688 0.0307918002 0.001676198 0.0030233477 0.0011064733 1.513461e-03 2.888206e-03 0.0030513448 1.859993e-02 2.855688e-06 7.097868e-05 1.906311e-08 2.781273e-07
   76    1      2      0    0   500  1.072311e-06 1.187712e-03 1.635153e-02 0.0490340628 0.0447089296 0.010547438 6.976851e-03 0.021731382 0.06712782 0.04426452 0.03681768 0.04498512 0.02535164 0.017390656 0.06975285 0.03435803 0.04406557 0.05737778 0.04344298 0.03495892 0.03143500 0.025570171 0.03498842 0.026163074 0.016083498 0.03092916 0.025966365 0.024438702 0.019681447 0.020458431 0.010051466 0.010083984 0.0083566698 0.0043053512 0.006157159 0.0088151352 0.0036811900 1.127503e-02 6.972500e-03 0.0002974137 2.567931e-04 7.178752e-04 5.435149e-04 1.336975e-03 1.002126e-03
   78    1      2      0    0   500  7.141572e-07 8.414458e-04 1.765731e-02 0.0513085795 0.0460825148 0.016132318 7.109599e-03 0.026925898 0.05984879 0.06061849 0.06165450 0.03773781 0.04572744 0.025212599 0.03581449 0.03626917 0.02978814 0.02357182 0.03200466 0.02846714 0.03012767 0.026566095 0.03751658 0.028637632 0.036548021 0.02924527 0.027756073 0.019484689 0.021487625 0.005603831 0.011978393 0.014021514 0.0215164846 0.0112992525 0.005284134 0.0078675693 0.0041516403 2.668599e-03 6.084818e-03 0.0016310193 1.981663e-03 3.600489e-03 8.184364e-04 7.778433e-07 1.348292e-03
   80    1      2      0    0   500  2.096746e-04 1.104426e-03 1.183853e-02 0.0572436928 0.0651017900 0.025688766 9.433700e-03 0.020300905 0.03440895 0.06348184 0.03392012 0.03189523 0.02875487 0.019898304 0.04074230 0.04375143 0.04234328 0.05266836 0.03740611 0.03820220 0.03941383 0.028874834 0.02824448 0.026885858 0.021246974 0.02016114 0.024575966 0.017553371 0.011128356 0.009694185 0.015503978 0.009729917 0.0120826115 0.0167618551 0.014354246 0.0028453097 0.0078823749 1.821135e-02 9.731701e-03 0.0017235697 4.301074e-03 1.068861e-04 5.078194e-05 1.665991e-04 3.742897e-04
   82    1      2      0    0   500  4.333315e-08 4.736479e-04 2.985926e-02 0.0408965183 0.0497977766 0.026427027 1.948770e-02 0.034093722 0.05039432 0.03536385 0.05463100 0.04970346 0.01405735 0.029877202 0.02994404 0.04004538 0.02694001 0.03758616 0.04701831 0.02265461 0.02777634 0.027258657 0.03476479 0.032827137 0.012616618 0.02756741 0.028932459 0.021924211 0.026576263 0.023583198 0.018975444 0.015496673 0.0059077685 0.0143804478 0.011887026 0.0046572854 0.0107600348 1.271008e-03 2.376166e-03 0.0010814988 4.493727e-04 2.772999e-03 2.084064e-03 1.878248e-06 4.819857e-03
   84    1      2      0    0   500  3.372000e-04 2.093056e-03 2.144844e-02 0.0526606290 0.0471329171 0.018035087 4.841858e-03 0.018734754 0.03585252 0.06753817 0.06209812 0.04297712 0.02766484 0.034693474 0.05396277 0.03016918 0.05746072 0.02623230 0.02123686 0.03613815 0.02683737 0.034926981 0.02075255 0.020555994 0.028999097 0.01913522 0.022115418 0.027581581 0.018696579 0.026212906 0.016259586 0.009990804 0.0164205766 0.0185878073 0.008637341 0.0047439370 0.0035221233 6.221054e-03 3.342908e-03 0.0013130755 2.667820e-03 8.670643e-04 1.511742e-04 3.288706e-06 1.495655e-04
   86    1      2      0    0   500  2.632974e-11 1.302010e-03 1.861021e-02 0.0381895252 0.0606002013 0.017205080 7.957599e-03 0.030127889 0.04948228 0.06011176 0.04486989 0.03528878 0.03977569 0.027275663 0.04456788 0.03433445 0.04329776 0.03200446 0.03114966 0.03575185 0.02487403 0.016484529 0.03671072 0.036443975 0.023009671 0.01761926 0.023043621 0.032519929 0.014544206 0.013490634 0.011210859 0.022289089 0.0170483087 0.0072398946 0.019866257 0.0035577556 0.0013120794 1.155418e-02 2.762786e-03 0.0010818124 5.853496e-05 5.383955e-03 1.168721e-03 3.633190e-03 1.189358e-03
   88    1      2      0    0   500  3.616362e-12 3.803342e-04 1.438061e-02 0.0498672801 0.0426729194 0.016311580 1.432763e-02 0.022309954 0.03071715 0.05651965 0.05772529 0.04822329 0.04047740 0.024147840 0.04501458 0.03255123 0.03309158 0.02353117 0.04929173 0.03792950 0.02891786 0.030178420 0.02276999 0.028307772 0.034647618 0.03173716 0.022021192 0.027901449 0.019050032 0.017118166 0.012735292 0.011371099 0.0227064044 0.0100710003 0.017227566 0.0021470970 0.0092929580 3.272407e-03 1.140870e-03 0.0014435682 3.937293e-03 1.042888e-04 2.045119e-05 2.396734e-03 1.259969e-05
   90    1      2      0    0   500  1.714540e-06 1.502446e-03 2.245355e-02 0.0443639758 0.0574596085 0.023183302 1.489985e-02 0.027378866 0.03377586 0.07292145 0.05139124 0.04578843 0.03829974 0.039551756 0.02865506 0.03586161 0.03385010 0.04098896 0.04209267 0.02833512 0.02810922 0.019632946 0.01347529 0.030057321 0.030961810 0.01974560 0.017010513 0.013714796 0.026450398 0.010884720 0.011410888 0.012457047 0.0184799588 0.0114667845 0.010079654 0.0057850333 0.0026498030 4.756394e-03 8.742421e-03 0.0024892183 1.106196e-03 1.414349e-02 3.745156e-04 8.736721e-07 3.259807e-03
   92    1      2      0    0   500  3.495674e-12 3.341611e-03 1.813918e-02 0.0499935659 0.0457703775 0.016142346 1.222902e-02 0.024314126 0.04005863 0.07505633 0.04165773 0.04616095 0.01784014 0.035650731 0.02580277 0.04144257 0.04503003 0.02821143 0.04363094 0.02093687 0.02173794 0.050208592 0.02087114 0.022111835 0.028432128 0.02073160 0.017921235 0.024405299 0.031821001 0.023669887 0.027735038 0.026309245 0.0094947658 0.0113254390 0.007574238 0.0050589896 0.0009333001 7.606063e-03 7.679070e-03 0.0021756702 3.315132e-04 5.302541e-05 3.129115e-06 6.135106e-05 3.391508e-04
   94    1      2      0    0   500  1.302147e-20 3.213804e-04 7.380143e-03 0.0364944040 0.0421399470 0.013097558 1.266870e-02 0.028942223 0.05058835 0.05276407 0.06159306 0.05322248 0.03262344 0.029878403 0.03127322 0.03884403 0.02411069 0.03803249 0.02777432 0.02630612 0.04016709 0.019057349 0.03120167 0.051849268 0.028516811 0.01970126 0.015312070 0.033358422 0.013363702 0.030395852 0.019731479 0.017124173 0.0095786109 0.0152003937 0.013557603 0.0079766947 0.0064091792 6.175564e-03 5.459990e-03 0.0017815563 2.540839e-03 4.970345e-04 9.710814e-05 2.620841e-03 2.703925e-04
   96    1      2      0    0   500  1.222741e-05 4.290386e-03 3.071079e-02 0.0456138336 0.0473806696 0.014048503 9.055270e-03 0.019925933 0.04395637 0.04620191 0.07050109 0.02753303 0.05297141 0.037528513 0.05130780 0.03299715 0.04599645 0.02934475 0.02948871 0.01848051 0.03335188 0.027846856 0.03554091 0.020206803 0.019965718 0.02361757 0.037097577 0.023452263 0.025631204 0.012796144 0.014100687 0.016029001 0.0118232731 0.0064429015 0.013676796 0.0071864005 0.0030536552 1.552273e-03 1.221756e-03 0.0021119549 7.995697e-04 8.204114e-04 2.722646e-07 1.778904e-03 2.549913e-03
   98    1      2      0    0   500  3.428866e-05 2.765774e-04 7.784070e-03 0.0337151215 0.0474959294 0.017156064 5.376972e-03 0.017724641 0.04995058 0.05310070 0.03730975 0.04390423 0.03706036 0.048712253 0.05748657 0.03931776 0.05188740 0.02933819 0.02887335 0.04398239 0.03138124 0.026520992 0.03308804 0.018098411 0.017114675 0.02772153 0.016250106 0.019115647 0.018367918 0.025305202 0.039423408 0.014900503 0.0082737522 0.0150183996 0.005828533 0.0139094752 0.0067288584 3.658934e-03 5.577575e-04 0.0005160689 6.300978e-03 4.944549e-04 3.573247e-04 1.061898e-04 4.744059e-04
  100    1      2      0    0   500  1.296289e-46 4.327268e-03 2.060028e-02 0.0513441047 0.0416286332 0.021804091 6.352297e-03 0.025557671 0.03940474 0.07339278 0.06273467 0.03879224 0.02563224 0.056033740 0.05669950 0.03458551 0.04147300 0.02687944 0.03118665 0.02425872 0.02863271 0.028264540 0.03518723 0.027197950 0.022114981 0.01090906 0.029660872 0.016480542 0.017211255 0.010720245 0.016370391 0.017202282 0.0127486249 0.0057235442 0.006877368 0.0074140206 0.0074467693 5.280550e-03 3.982157e-04 0.0005190511 6.584809e-03 1.072273e-03 5.965805e-05 3.132245e-03 1.032291e-04
15 #_N_agebins
#_agebin_vector
1 2 3 4 5 6 7 8 9 10 11 12 13 14 15
1 #_N_ageerror_definitions
 #_age0   age1   age2   age3   age4   age5   age6   age7   age8   age9  age10  age11  age12  age13  age14  age15  age16  age17  age18  age19  age20  age21  age22  age23  age24  age25
 -1.000 -1.000 -1.000 -1.000 -1.000 -1.000 -1.000 -1.000 -1.000 -1.000 -1.000 -1.000 -1.000 -1.000 -1.000 -1.000 -1.000 -1.000 -1.000 -1.000 -1.000 -1.000 -1.000 -1.000 -1.000 -1.000
  0.001  0.001  0.001  0.001  0.001  0.001  0.001  0.001  0.001  0.001  0.001  0.001  0.001  0.001  0.001  0.001  0.001  0.001  0.001  0.001  0.001  0.001  0.001  0.001  0.001  0.001
90 #_N_agecomp
1 #_Lbin_method: 1=poplenbins; 2=datalenbins; 3=lengths
-1 #_combine males into females at or below this bin number
 #_Yr Seas FltSvy Gender Part Ageerr Lbin_lo Lbin_hi Nsamp          a1        a2        a3         a4         a5         a6         a7         a8          a9         a10         a11         a12         a13          a14          a15
   26    1      1      0    0      1      -1      -1   125 0.028618124 0.1641245 0.1665219 0.10343963 0.05449961 0.08679340 0.04306291 0.13304493 0.044008480 0.012726595 0.021054399 0.014364517 0.029303726 0.0080287201 0.0904085531
   36    1      1      0    0      1      -1      -1   125 0.027930200 0.2147533 0.1538061 0.15460217 0.14400200 0.06289032 0.06270398 0.03399243 0.053795725 0.014984737 0.007864209 0.013268947 0.006223911 0.0017655068 0.0474164798
   46    1      1      0    0      1      -1      -1   125 0.081051085 0.1957814 0.2251434 0.12399707 0.09391055 0.06103321 0.03793497 0.04720674 0.027422474 0.011489500 0.038976804 0.018010243 0.013839638 0.0006208765 0.0235820290
   56    1      1      0    0      1      -1      -1   125 0.040248839 0.1362660 0.2575674 0.18126663 0.04591879 0.10337259 0.07378147 0.05883724 0.021772078 0.023263138 0.003902002 0.017825607 0.009982134 0.0084357751 0.0175602331
   60    1      1      0    0      1      -1      -1   125 0.018316401 0.2070445 0.2007843 0.15457983 0.09780058 0.08975381 0.08607441 0.03253110 0.022418237 0.026564564 0.010147137 0.001372089 0.002530067 0.0226225320 0.0274604687
   64    1      1      0    0      1      -1      -1   125 0.068053035 0.2891961 0.1367224 0.12104761 0.10133081 0.09818421 0.06345947 0.05926739 0.029336349 0.008504096 0.004485542 0.001770059 0.005489468 0.0002445809 0.0129089198
   68    1      1      0    0      1      -1      -1   125 0.023262871 0.2936230 0.2457823 0.08529069 0.10262030 0.11498731 0.03021619 0.02914819 0.034687917 0.008466155 0.008389154 0.002837495 0.001436538 0.0137137386 0.0055381339
   72    1      1      0    0      1      -1      -1   125 0.005161987 0.2123560 0.2160650 0.16371978 0.15018547 0.06206937 0.04923083 0.03251484 0.020417111 0.037402196 0.017647738 0.008597517 0.009217577 0.0088394488 0.0065751627
   76    1      1      0    0      1      -1      -1   125 0.031852299 0.2803171 0.2232297 0.08780120 0.14477907 0.06218848 0.03360679 0.03289313 0.026060039 0.018199099 0.012012602 0.039626153 0.002640141 0.0040231830 0.0007709771
   80    1      1      0    0      1      -1      -1   125 0.041039883 0.2768594 0.1530853 0.11994864 0.12165157 0.07796751 0.02414737 0.05600657 0.042508817 0.018878616 0.025412080 0.023822804 0.002485704 0.0138492283 0.0023364618
   84    1      1      0    0      1      -1      -1   125 0.008504292 0.2265347 0.1712976 0.10232808 0.14506137 0.10114224 0.04900657 0.04107174 0.052704674 0.018917383 0.006031968 0.025452590 0.004924804 0.0089308724 0.0380911427
   88    1      1      0    0      1      -1      -1   125 0.041288739 0.2351176 0.2285382 0.10195222 0.13165120 0.06291089 0.05187112 0.03000365 0.038259266 0.023584534 0.003586432 0.019692993 0.006016124 0.0073295946 0.0181974800
   92    1      1      0    0      1      -1      -1   125 0.042931039 0.2328766 0.1812641 0.17747235 0.14052161 0.04923937 0.07467990 0.01940036 0.029001052 0.005241636 0.009097936 0.011394820 0.005990982 0.0024352388 0.0184530401
   96    1      1      0    0      1      -1      -1   125 0.016454635 0.1667311 0.2506040 0.18231646 0.10522923 0.05868237 0.08301321 0.01470532 0.040500967 0.020528219 0.006501902 0.022595391 0.006764581 0.0184886767 0.0068838814
  100    1      1      0    0      1      -1      -1   125 0.056870346 0.1936903 0.2128321 0.15313298 0.10088931 0.05550776 0.04773385 0.02376686 0.011881262 0.036892875 0.018473717 0.050415243 0.005555093 0.0109430503 0.0214151876
   76    1      2      0    0      1      -1      -1   500 0.123101633 0.2469468 0.1758219 0.11559101 0.08382745 0.05105349 0.06101646 0.03977865 0.028101912 0.018063863 0.027304995 0.006781722 0.003086692 0.0045426544 0.0149807037
   78    1      2      0    0      1      -1      -1   500 0.135829659 0.1913540 0.1956431 0.10313370 0.12854403 0.07191315 0.04618000 0.03402767 0.029394233 0.012129495 0.013732624 0.008521310 0.018335917 0.0009616809 0.0102994226
   80    1      2      0    0      1      -1      -1   500 0.108009668 0.2182128 0.1753351 0.14183522 0.10728197 0.06393948 0.03192240 0.02969882 0.035825439 0.018207144 0.021782084 0.013268884 0.007948797 0.0045708253 0.0221613800
   82    1      2      0    0      1      -1      -1   500 0.136267056 0.2531936 0.1483565 0.10952590 0.11183090 0.07369497 0.03660672 0.03828382 0.014543216 0.018285534 0.008396743 0.013744182 0.014866194 0.0030366489 0.0193680428
   84    1      2      0    0      1      -1      -1   500 0.154826451 0.2208123 0.1972731 0.10633854 0.08948495 0.07675783 0.04049221 0.03352829 0.024098846 0.011528384 0.014623106 0.009014149 0.002672453 0.0045411316 0.0140083390
   86    1      2      0    0      1      -1      -1   500 0.166921590 0.2595530 0.1449220 0.12005194 0.07824222 0.06820717 0.05777474 0.03375432 0.005873873 0.009982874 0.013875567 0.005961025 0.005123468 0.0028801306 0.0268760919
   88    1      2      0    0      1      -1      -1   500 0.148304873 0.2362317 0.1780488 0.10291241 0.10708694 0.05597462 0.04225230 0.02429127 0.031069949 0.035874510 0.016893766 0.003428606 0.004074701 0.0046567953 0.0088987591
   90    1      2      0    0      1      -1      -1   500 0.167894313 0.2246386 0.2063130 0.10333285 0.08511238 0.05940018 0.04988129 0.02711159 0.020604620 0.014402034 0.012029641 0.007537635 0.007617850 0.0052820502 0.0088420279
   92    1      2      0    0      1      -1      -1   500 0.154308796 0.2384195 0.1464155 0.12354537 0.10039453 0.08406696 0.05623897 0.02670172 0.023958855 0.010299836 0.008369597 0.009256485 0.003629946 0.0022349816 0.0121589474
   94    1      2      0    0      1      -1      -1   500 0.153108558 0.2501993 0.1456543 0.13335536 0.07221031 0.06153492 0.03177423 0.04169537 0.026851676 0.017088517 0.020718088 0.019020448 0.005198418 0.0040937304 0.0174967576
   96    1      2      0    0      1      -1      -1   500 0.134700556 0.1947415 0.1458672 0.14447739 0.10597051 0.08418195 0.04782513 0.03166093 0.031870435 0.020515194 0.014265003 0.008850286 0.014181365 0.0061897913 0.0147027299
   98    1      2      0    0      1      -1      -1   500 0.147779367 0.2201272 0.1652648 0.12582568 0.09198060 0.05490966 0.04936506 0.04330536 0.022820371 0.029529210 0.019827297 0.004866465 0.002486082 0.0062833870 0.0156293993
  100    1      2      0    0      1      -1      -1   500 0.128356343 0.2587892 0.1730255 0.12314406 0.09131423 0.06932784 0.04820177 0.03762735 0.013746593 0.016098409 0.005177087 0.012129104 0.003110201 0.0086322027 0.0113201281
   60    1      1      0    0      1       4       4     2 2.000000000 0.0000000 0.0000000 0.00000000 0.00000000 0.00000000 0.00000000 0.00000000 0.000000000 0.000000000 0.000000000 0.000000000 0.000000000 0.0000000000 0.0000000000
   60    1      1      0    0      1       5       5     3 3.000000000 0.0000000 0.0000000 0.00000000 0.00000000 0.00000000 0.00000000 0.00000000 0.000000000 0.000000000 0.000000000 0.000000000 0.000000000 0.0000000000 0.0000000000
   60    1      1      0    0      1       6       6     8 8.000000000 0.0000000 0.0000000 0.00000000 0.00000000 0.00000000 0.00000000 0.00000000 0.000000000 0.000000000 0.000000000 0.000000000 0.000000000 0.0000000000 0.0000000000
   60    1      1      0    0      1       8       8     1 1.000000000 0.0000000 0.0000000 0.00000000 0.00000000 0.00000000 0.00000000 0.00000000 0.000000000 0.000000000 0.000000000 0.000000000 0.000000000 0.0000000000 0.0000000000
   60    1      1      0    0      1       9       9     2 2.000000000 0.0000000 0.0000000 0.00000000 0.00000000 0.00000000 0.00000000 0.00000000 0.000000000 0.000000000 0.000000000 0.000000000 0.000000000 0.0000000000 0.0000000000
   60    1      1      0    0      1      10      10     5 5.000000000 0.0000000 0.0000000 0.00000000 0.00000000 0.00000000 0.00000000 0.00000000 0.000000000 0.000000000 0.000000000 0.000000000 0.000000000 0.0000000000 0.0000000000
   60    1      1      0    0      1      11      11     5 5.000000000 0.0000000 0.0000000 0.00000000 0.00000000 0.00000000 0.00000000 0.00000000 0.000000000 0.000000000 0.000000000 0.000000000 0.000000000 0.0000000000 0.0000000000
   60    1      1      0    0      1      12      12     7 7.000000000 0.0000000 0.0000000 0.00000000 0.00000000 0.00000000 0.00000000 0.00000000 0.000000000 0.000000000 0.000000000 0.000000000 0.000000000 0.0000000000 0.0000000000
   60    1      1      0    0      1      13      13     3 3.000000000 0.0000000 0.0000000 0.00000000 0.00000000 0.00000000 0.00000000 0.00000000 0.000000000 0.000000000 0.000000000 0.000000000 0.000000000 0.0000000000 0.0000000000
   60    1      1      0    0      1      14      14     2 2.000000000 0.0000000 0.0000000 0.00000000 0.00000000 0.00000000 0.00000000 0.00000000 0.000000000 0.000000000 0.000000000 0.000000000 0.000000000 0.0000000000 0.0000000000
   60    1      1      0    0      1      15      15     1 1.000000000 0.0000000 0.0000000 0.00000000 0.00000000 0.00000000 0.00000000 0.00000000 0.000000000 0.000000000 0.000000000 0.000000000 0.000000000 0.0000000000 0.0000000000
   60    1      1      0    0      1      16      16     4 4.000000000 0.0000000 0.0000000 0.00000000 0.00000000 0.00000000 0.00000000 0.00000000 0.000000000 0.000000000 0.000000000 0.000000000 0.000000000 0.0000000000 0.0000000000
   60    1      1      0    0      1      17      17     4 4.000000000 0.0000000 0.0000000 0.00000000 0.00000000 0.00000000 0.00000000 0.00000000 0.000000000 0.000000000 0.000000000 0.000000000 0.000000000 0.0000000000 0.0000000000
   60    1      1      0    0      1      18      18     6 6.000000000 0.0000000 0.0000000 0.00000000 0.00000000 0.00000000 0.00000000 0.00000000 0.000000000 0.000000000 0.000000000 0.000000000 0.000000000 0.0000000000 0.0000000000
   60    1      1      0    0      1      19      19     2 2.000000000 0.0000000 0.0000000 0.00000000 0.00000000 0.00000000 0.00000000 0.00000000 0.000000000 0.000000000 0.000000000 0.000000000 0.000000000 0.0000000000 0.0000000000
   60    1      1      0    0      1      20      20     5 5.000000000 0.0000000 0.0000000 0.00000000 0.00000000 0.00000000 0.00000000 0.00000000 0.000000000 0.000000000 0.000000000 0.000000000 0.000000000 0.0000000000 0.0000000000
   60    1      1      0    0      1      21      21     4 4.000000000 0.0000000 0.0000000 0.00000000 0.00000000 0.00000000 0.00000000 0.00000000 0.000000000 0.000000000 0.000000000 0.000000000 0.000000000 0.0000000000 0.0000000000
   60    1      1      0    0      1      22      22     1 1.000000000 0.0000000 0.0000000 0.00000000 0.00000000 0.00000000 0.00000000 0.00000000 0.000000000 0.000000000 0.000000000 0.000000000 0.000000000 0.0000000000 0.0000000000
   60    1      1      0    0      1      23      23     2 2.000000000 0.0000000 0.0000000 0.00000000 0.00000000 0.00000000 0.00000000 0.00000000 0.000000000 0.000000000 0.000000000 0.000000000 0.000000000 0.0000000000 0.0000000000
   60    1      1      0    0      1      24      24     2 2.000000000 0.0000000 0.0000000 0.00000000 0.00000000 0.00000000 0.00000000 0.00000000 0.000000000 0.000000000 0.000000000 0.000000000 0.000000000 0.0000000000 0.0000000000
   60    1      1      0    0      1      25      25     5 5.000000000 0.0000000 0.0000000 0.00000000 0.00000000 0.00000000 0.00000000 0.00000000 0.000000000 0.000000000 0.000000000 0.000000000 0.000000000 0.0000000000 0.0000000000
   60    1      1      0    0      1      26      26     4 4.000000000 0.0000000 0.0000000 0.00000000 0.00000000 0.00000000 0.00000000 0.00000000 0.000000000 0.000000000 0.000000000 0.000000000 0.000000000 0.0000000000 0.0000000000
   60    1      1      0    0      1      27      27     1 1.000000000 0.0000000 0.0000000 0.00000000 0.00000000 0.00000000 0.00000000 0.00000000 0.000000000 0.000000000 0.000000000 0.000000000 0.000000000 0.0000000000 0.0000000000
   60    1      1      0    0      1      28      28     1 1.000000000 0.0000000 0.0000000 0.00000000 0.00000000 0.00000000 0.00000000 0.00000000 0.000000000 0.000000000 0.000000000 0.000000000 0.000000000 0.0000000000 0.0000000000
   60    1      1      0    0      1      29      29     1 1.000000000 0.0000000 0.0000000 0.00000000 0.00000000 0.00000000 0.00000000 0.00000000 0.000000000 0.000000000 0.000000000 0.000000000 0.000000000 0.0000000000 0.0000000000
   60    1      1      0    0      1      30      30     2 0.000000000 2.0000000 0.0000000 0.00000000 0.00000000 0.00000000 0.00000000 0.00000000 0.000000000 0.000000000 0.000000000 0.000000000 0.000000000 0.0000000000 0.0000000000
   60    1      1      0    0      1      31      31     4 1.000000000 3.0000000 0.0000000 0.00000000 0.00000000 0.00000000 0.00000000 0.00000000 0.000000000 0.000000000 0.000000000 0.000000000 0.000000000 0.0000000000 0.0000000000
   60    1      1      0    0      1      33      33     1 0.000000000 1.0000000 0.0000000 0.00000000 0.00000000 0.00000000 0.00000000 0.00000000 0.000000000 0.000000000 0.000000000 0.000000000 0.000000000 0.0000000000 0.0000000000
   60    1      1      0    0      1      35      35     6 0.000000000 6.0000000 0.0000000 0.00000000 0.00000000 0.00000000 0.00000000 0.00000000 0.000000000 0.000000000 0.000000000 0.000000000 0.000000000 0.0000000000 0.0000000000
   60    1      1      0    0      1      36      36     1 0.000000000 1.0000000 0.0000000 0.00000000 0.00000000 0.00000000 0.00000000 0.00000000 0.000000000 0.000000000 0.000000000 0.000000000 0.000000000 0.0000000000 0.0000000000
   60    1      1      0    0      1      37      37     3 0.000000000 3.0000000 0.0000000 0.00000000 0.00000000 0.00000000 0.00000000 0.00000000 0.000000000 0.000000000 0.000000000 0.000000000 0.000000000 0.0000000000 0.0000000000
   60    1      1      0    0      1      39      39     2 0.000000000 2.0000000 0.0000000 0.00000000 0.00000000 0.00000000 0.00000000 0.00000000 0.000000000 0.000000000 0.000000000 0.000000000 0.000000000 0.0000000000 0.0000000000
  100    1      1      0    0      1       4       4     2 2.000000000 0.0000000 0.0000000 0.00000000 0.00000000 0.00000000 0.00000000 0.00000000 0.000000000 0.000000000 0.000000000 0.000000000 0.000000000 0.0000000000 0.0000000000
  100    1      1      0    0      1       5       5     3 3.000000000 0.0000000 0.0000000 0.00000000 0.00000000 0.00000000 0.00000000 0.00000000 0.000000000 0.000000000 0.000000000 0.000000000 0.000000000 0.0000000000 0.0000000000
  100    1      1      0    0      1       6       6     3 3.000000000 0.0000000 0.0000000 0.00000000 0.00000000 0.00000000 0.00000000 0.00000000 0.000000000 0.000000000 0.000000000 0.000000000 0.000000000 0.0000000000 0.0000000000
  100    1      1      0    0      1       8       8     1 1.000000000 0.0000000 0.0000000 0.00000000 0.00000000 0.00000000 0.00000000 0.00000000 0.000000000 0.000000000 0.000000000 0.000000000 0.000000000 0.0000000000 0.0000000000
  100    1      1      0    0      1       9       9     7 7.000000000 0.0000000 0.0000000 0.00000000 0.00000000 0.00000000 0.00000000 0.00000000 0.000000000 0.000000000 0.000000000 0.000000000 0.000000000 0.0000000000 0.0000000000
  100    1      1      0    0      1      10      10     5 5.000000000 0.0000000 0.0000000 0.00000000 0.00000000 0.00000000 0.00000000 0.00000000 0.000000000 0.000000000 0.000000000 0.000000000 0.000000000 0.0000000000 0.0000000000
  100    1      1      0    0      1      11      11     7 7.000000000 0.0000000 0.0000000 0.00000000 0.00000000 0.00000000 0.00000000 0.00000000 0.000000000 0.000000000 0.000000000 0.000000000 0.000000000 0.0000000000 0.0000000000
  100    1      1      0    0      1      12      12     2 2.000000000 0.0000000 0.0000000 0.00000000 0.00000000 0.00000000 0.00000000 0.00000000 0.000000000 0.000000000 0.000000000 0.000000000 0.000000000 0.0000000000 0.0000000000
  100    1      1      0    0      1      13      13     7 7.000000000 0.0000000 0.0000000 0.00000000 0.00000000 0.00000000 0.00000000 0.00000000 0.000000000 0.000000000 0.000000000 0.000000000 0.000000000 0.0000000000 0.0000000000
  100    1      1      0    0      1      14      14     3 3.000000000 0.0000000 0.0000000 0.00000000 0.00000000 0.00000000 0.00000000 0.00000000 0.000000000 0.000000000 0.000000000 0.000000000 0.000000000 0.0000000000 0.0000000000
  100    1      1      0    0      1      16      16     7 7.000000000 0.0000000 0.0000000 0.00000000 0.00000000 0.00000000 0.00000000 0.00000000 0.000000000 0.000000000 0.000000000 0.000000000 0.000000000 0.0000000000 0.0000000000
  100    1      1      0    0      1      17      17     9 9.000000000 0.0000000 0.0000000 0.00000000 0.00000000 0.00000000 0.00000000 0.00000000 0.000000000 0.000000000 0.000000000 0.000000000 0.000000000 0.0000000000 0.0000000000
  100    1      1      0    0      1      18      18     1 1.000000000 0.0000000 0.0000000 0.00000000 0.00000000 0.00000000 0.00000000 0.00000000 0.000000000 0.000000000 0.000000000 0.000000000 0.000000000 0.0000000000 0.0000000000
  100    1      1      0    0      1      19      19     2 2.000000000 0.0000000 0.0000000 0.00000000 0.00000000 0.00000000 0.00000000 0.00000000 0.000000000 0.000000000 0.000000000 0.000000000 0.000000000 0.0000000000 0.0000000000
  100    1      1      0    0      1      20      20     1 1.000000000 0.0000000 0.0000000 0.00000000 0.00000000 0.00000000 0.00000000 0.00000000 0.000000000 0.000000000 0.000000000 0.000000000 0.000000000 0.0000000000 0.0000000000
  100    1      1      0    0      1      21      21     9 9.000000000 0.0000000 0.0000000 0.00000000 0.00000000 0.00000000 0.00000000 0.00000000 0.000000000 0.000000000 0.000000000 0.000000000 0.000000000 0.0000000000 0.0000000000
  100    1      1      0    0      1      22      22     2 2.000000000 0.0000000 0.0000000 0.00000000 0.00000000 0.00000000 0.00000000 0.00000000 0.000000000 0.000000000 0.000000000 0.000000000 0.000000000 0.0000000000 0.0000000000
  100    1      1      0    0      1      23      23     5 5.000000000 0.0000000 0.0000000 0.00000000 0.00000000 0.00000000 0.00000000 0.00000000 0.000000000 0.000000000 0.000000000 0.000000000 0.000000000 0.0000000000 0.0000000000
  100    1      1      0    0      1      24      24     1 1.000000000 0.0000000 0.0000000 0.00000000 0.00000000 0.00000000 0.00000000 0.00000000 0.000000000 0.000000000 0.000000000 0.000000000 0.000000000 0.0000000000 0.0000000000
  100    1      1      0    0      1      25      25     1 1.000000000 0.0000000 0.0000000 0.00000000 0.00000000 0.00000000 0.00000000 0.00000000 0.000000000 0.000000000 0.000000000 0.000000000 0.000000000 0.0000000000 0.0000000000
  100    1      1      0    0      1      26      26     2 2.000000000 0.0000000 0.0000000 0.00000000 0.00000000 0.00000000 0.00000000 0.00000000 0.000000000 0.000000000 0.000000000 0.000000000 0.000000000 0.0000000000 0.0000000000
  100    1      1      0    0      1      27      27     1 0.000000000 1.0000000 0.0000000 0.00000000 0.00000000 0.00000000 0.00000000 0.00000000 0.000000000 0.000000000 0.000000000 0.000000000 0.000000000 0.0000000000 0.0000000000
  100    1      1      0    0      1      28      28     1 1.000000000 0.0000000 0.0000000 0.00000000 0.00000000 0.00000000 0.00000000 0.00000000 0.000000000 0.000000000 0.000000000 0.000000000 0.000000000 0.0000000000 0.0000000000
  100    1      1      0    0      1      29      29     3 1.000000000 2.0000000 0.0000000 0.00000000 0.00000000 0.00000000 0.00000000 0.00000000 0.000000000 0.000000000 0.000000000 0.000000000 0.000000000 0.0000000000 0.0000000000
  100    1      1      0    0      1      30      30     6 2.000000000 4.0000000 0.0000000 0.00000000 0.00000000 0.00000000 0.00000000 0.00000000 0.000000000 0.000000000 0.000000000 0.000000000 0.000000000 0.0000000000 0.0000000000
  100    1      1      0    0      1      32      32     1 0.000000000 1.0000000 0.0000000 0.00000000 0.00000000 0.00000000 0.00000000 0.00000000 0.000000000 0.000000000 0.000000000 0.000000000 0.000000000 0.0000000000 0.0000000000
  100    1      1      0    0      1      33      33     1 0.000000000 1.0000000 0.0000000 0.00000000 0.00000000 0.00000000 0.00000000 0.00000000 0.000000000 0.000000000 0.000000000 0.000000000 0.000000000 0.0000000000 0.0000000000
  100    1      1      0    0      1      34      34     4 0.000000000 4.0000000 0.0000000 0.00000000 0.00000000 0.00000000 0.00000000 0.00000000 0.000000000 0.000000000 0.000000000 0.000000000 0.000000000 0.0000000000 0.0000000000
  100    1      1      0    0      1      35      35     1 0.000000000 1.0000000 0.0000000 0.00000000 0.00000000 0.00000000 0.00000000 0.00000000 0.000000000 0.000000000 0.000000000 0.000000000 0.000000000 0.0000000000 0.0000000000
  100    1      1      0    0      1      41      41     2 0.000000000 2.0000000 0.0000000 0.00000000 0.00000000 0.00000000 0.00000000 0.00000000 0.000000000 0.000000000 0.000000000 0.000000000 0.000000000 0.0000000000 0.0000000000
0 #_N_MeanSize_at_Age_obs
0 #_N_environ_variables
0 #_N_environ_obs
0 #_N_sizefreq_methods
0 #_do_tags
0 #_morphcomp_data
#
999
