#C data file created using the SS_writedat function in the R package r4ss
#C should work with SS version: 
#C file write time: 2015-02-11 18:30:57
#
1 #_styr
100 #_endyr
1 #_nseas
12 #_months_per_seas
1 #_spawn_seas
1 #_Nfleet
2 #_Nsurveys
1 #_N_areas
Fishery%Survey%CPUE #_fleetnames
0.5 0.5 0.5 #_surveytiming_in_season
1 1 1 #_area_assignments_for_each_fishery_and_survey
1 #_units of catch:  1=bio; 2=num
0.01 #_se of log(catch) only used for init_eq_catch and for Fmethod 2 and 3
1 #_Ngenders
25 #_Nages
0 #_init_equil_catch_for_each_fishery
100 #_N_lines_of_catch_to_read
 #_Fishery year seas
         0    1    1
         0    2    1
         0    3    1
         0    4    1
         0    5    1
         0    6    1
         0    7    1
         0    8    1
         0    9    1
         0   10    1
         0   11    1
         0   12    1
         0   13    1
         0   14    1
         0   15    1
         0   16    1
         0   17    1
         0   18    1
         0   19    1
         0   20    1
         0   21    1
         0   22    1
         0   23    1
         0   24    1
         0   25    1
 444646000   26    1
 397608000   27    1
 357583000   28    1
 324161000   29    1
 296656000   30    1
 274240000   31    1
 256057000   32    1
 241314000   33    1
 229322000   34    1
 219511000   35    1
 211426000   36    1
 204710000   37    1
 199088000   38    1
 194347000   39    1
 190324000   40    1
 186891000   41    1
 183948000   42    1
 181416000   43    1
 179230000   44    1
 177337000   45    1
 175694000   46    1
 174266000   47    1
 173022000   48    1
 171937000   49    1
 170990000   50    1
 170161000   51    1
 169436000   52    1
 168801000   53    1
 168243000   54    1
 167755000   55    1
 167325000   56    1
 166948000   57    1
 166617000   58    1
 166326000   59    1
 166070000   60    1
 165844000   61    1
 165646000   62    1
 165471000   63    1
 165317000   64    1
 165182000   65    1
 165063000   66    1
 164958000   67    1
 164865000   68    1
 164784000   69    1
 164712000   70    1
 164649000   71    1
 164593000   72    1
 164544000   73    1
 164500000   74    1
 164462000   75    1
 164429000   76    1
 164399000   77    1
 164373000   78    1
 164350000   79    1
 164329000   80    1
 164311000   81    1
 164296000   82    1
 164282000   83    1
 164269000   84    1
 164258000   85    1
 164249000   86    1
 164240000   87    1
 164233000   88    1
 164227000   89    1
 164221000   90    1
 164216000   91    1
 164211000   92    1
 164207000   93    1
 164204000   94    1
 164201000   95    1
 164198000   96    1
 164195000   97    1
 164193000   98    1
 164192000   99    1
 164190000  100    1
13 #_N_cpue
 #_Fleet Units Errtype
       1     1       0
       2     1       0
       3     1       0
 #_year seas index        obs se_log
     76    1     2 1635143834    0.2
     78    1     2 1373656967    0.2
     80    1     2 1216834116    0.2
     82    1     2 1338913649    0.2
     84    1     2 1085103312    0.2
     86    1     2 1556078740    0.2
     88    1     2 1515770527    0.2
     90    1     2 1131789763    0.2
     92    1     2 1047247370    0.2
     94    1     2 1253678653    0.2
     96    1     2 1341745678    0.2
     98    1     2 1663066877    0.2
    100    1     2 1847806521    0.2
0 #_N_discard_fleets
#_discard_units (1=same_as_catchunits(bio/num); 2=fraction; 3=numbers)
#_discard_errtype:  >0 for DF of T-dist(read CV below); 0 for normal with CV; -1 for normal with se; -2 for lognormal
0 #_N_discard
0 #_N_meanbodywt
1 #_DF_for_meanbodywt_T-distribution_like
2 # length bin method: 1=use databins; 2=generate from binwidth,min,max below; 3=read vector
1 # binwidth for population size comp
10 # minimum size in the population (lower edge of first bin and size at age 0.00)
200 # maximum size in the population (lower edge of last bin)
-0.001 #_comp_tail_compression
1e-05 #_add_to_comp
0 #_combine males into females at or below this bin number
45 #_N_lbins
#_lbin_vector
20 23 26 29 32 35 38 41 44 47 50 53 56 59 62 65 68 71 74 77 80 83 86 89 92 95 98 101 104 107 110 113 116 119 122 125 128 131 134 137 140 143 146 149 152
28 #_N_Length_comp_observations
 #_Yr Seas FltSvy Gender Part Nsamp           l20          l23          l26          l29         l32         l35          l38         l41        l44        l47        l50        l53        l56        l59        l62        l65        l68         l71         l74        l77        l80        l83        l86        l89         l92         l95        l98        l101        l104        l107        l110        l113        l116        l119        l122        l125         l128         l131         l134         l137         l140         l143         l146         l149         l152
   26    1      1      0    0   125  1.437711e-14 9.162015e-26 3.160322e-03 0.0006167364 0.015519642 0.002280710 0.0031600459 0.003939811 0.05480812 0.03618488 0.05606818 0.02940138 0.06395526 0.01872068 0.03080727 0.03790313 0.02269567 0.029496457 0.008267449 0.01501293 0.01824490 0.02923086 0.03250049 0.01849216 0.028657346 0.021388274 0.02741369 0.019176132 0.025588165 0.010210787 0.050343048 0.060150849 0.014539222 0.053599906 0.013274909 0.001308287 0.0406588063 3.030428e-02 9.137333e-03 4.392636e-02 3.187321e-03 1.476251e-02 1.777079e-05 5.800337e-04 1.307876e-03
   36    1      1      0    0   125  0.000000e+00 2.587787e-06 8.036479e-04 0.0236998170 0.005296457 0.001117382 0.0053956111 0.017836271 0.06925761 0.06049982 0.07641989 0.08281409 0.04783989 0.04958783 0.06425711 0.02926716 0.05580356 0.046535211 0.024805187 0.01621662 0.02308514 0.02509395 0.03751478 0.02371582 0.030385846 0.019071355 0.01617409 0.010932496 0.008332131 0.022400112 0.009129831 0.006213936 0.026158897 0.003945164 0.007547242 0.018045787 0.0092776230 1.616427e-02 1.161642e-03 4.748547e-04 4.344847e-03 1.430941e-03 1.090509e-03 2.900123e-04 5.629641e-04
   46    1      1      0    0   125  2.188182e-37 3.003034e-12 2.594635e-04 0.0080139952 0.009229031 0.002995425 0.0042925383 0.007524802 0.05441744 0.08054013 0.04096452 0.05142249 0.02559925 0.02438777 0.02708527 0.03803202 0.05950599 0.008936109 0.059790257 0.02796152 0.06394771 0.04180725 0.02415314 0.02669228 0.031991539 0.012215115 0.02418069 0.034771051 0.062793263 0.012572109 0.044382347 0.006303437 0.004011961 0.016620481 0.003310289 0.013788001 0.0055386201 1.337876e-02 4.997074e-03 4.113114e-05 5.030640e-03 7.992824e-06 1.395873e-02 6.946478e-06 2.541412e-03
   56    1      1      0    0   125  9.232077e-42 3.271928e-21 7.851626e-03 0.0082815755 0.006803563 0.014965170 0.0214626770 0.013778855 0.01783289 0.07977803 0.05083266 0.02709130 0.04322582 0.03879839 0.04759358 0.05063147 0.10816148 0.033395658 0.056723239 0.05788685 0.03107492 0.03719967 0.01342029 0.01942128 0.026357713 0.006834945 0.03705450 0.026538933 0.013319742 0.014850783 0.021090941 0.018033166 0.019917872 0.016708327 0.001284456 0.002085580 0.0012489951 3.048000e-03 4.191099e-03 4.236772e-06 4.655182e-06 1.191907e-03 1.199658e-05 1.115172e-05 7.999160e-09
   60    1      1      0    0   125  3.209080e-33 2.054980e-05 4.384677e-04 0.0024099237 0.029614468 0.003456713 0.0002781251 0.008051155 0.05829331 0.02951724 0.08554515 0.04872237 0.02612339 0.03288452 0.03631730 0.05317474 0.03584335 0.027624348 0.049654382 0.01741694 0.04686962 0.03720174 0.04385011 0.02977106 0.016614957 0.050950161 0.01773567 0.039226794 0.014584966 0.024253043 0.027432242 0.011957867 0.014869372 0.014570226 0.019075471 0.026654182 0.0002598903 4.206102e-03 1.310997e-02 1.723443e-04 2.048597e-04 8.122467e-05 2.563364e-04 2.057298e-04 4.996051e-04
   64    1      1      0    0   125  7.381558e-95 1.822160e-04 9.882197e-08 0.0069341045 0.002924371 0.002127655 0.0055228935 0.032445352 0.06106704 0.10578675 0.04609453 0.01998886 0.02768115 0.03401440 0.02180963 0.07851584 0.04289527 0.045212029 0.065123876 0.01349413 0.01262418 0.01408617 0.04216431 0.02578993 0.027078675 0.054483131 0.04596979 0.031975499 0.015220286 0.010364362 0.028461592 0.006401087 0.005392437 0.004024928 0.009939725 0.018813404 0.0211726060 9.623185e-03 1.773429e-03 1.734332e-03 3.330669e-04 7.158391e-04 1.176494e-08 1.462178e-06 3.637667e-05
   68    1      1      0    0   125  1.804525e-21 6.957586e-04 1.758158e-04 0.0012288659 0.033536763 0.007443068 0.0220924763 0.007717874 0.03811185 0.04839809 0.04551218 0.06654467 0.02414385 0.03328101 0.02740684 0.04557698 0.06898152 0.034129047 0.046803276 0.05091726 0.04015794 0.02521566 0.02497837 0.03867220 0.019439724 0.030796467 0.02485648 0.016880915 0.033181390 0.021254495 0.047262529 0.019225593 0.004455105 0.006430044 0.005954104 0.024773484 0.0037887075 5.267013e-03 2.209537e-04 2.568883e-03 8.711307e-06 1.799993e-04 1.489550e-16 1.734049e-03 7.384713e-10
   72    1      1      0    0   125  2.096058e-47 3.534883e-08 9.901805e-04 0.0197478522 0.022191169 0.005331828 0.0041299152 0.034889199 0.02875642 0.06490298 0.03733965 0.02545629 0.01570171 0.04217396 0.09470320 0.04158633 0.04087977 0.027161834 0.045100830 0.02440229 0.02420495 0.01670650 0.06197296 0.03786443 0.034013784 0.031339826 0.02573710 0.030939086 0.041197995 0.003992886 0.014762949 0.030467134 0.008928427 0.003965990 0.010532928 0.008196826 0.0033217094 2.794928e-02 2.771720e-03 3.582215e-03 2.862787e-07 1.013783e-04 5.512491e-04 1.208019e-03 2.449253e-04
   76    1      1      0    0   125  3.163462e-24 3.386478e-34 8.336031e-04 0.0004009872 0.005017910 0.015787655 0.0021731069 0.018618367 0.01679138 0.06322276 0.09037515 0.04525056 0.03735392 0.07305909 0.04321017 0.05272821 0.04191348 0.015305463 0.036729426 0.04824258 0.02430342 0.03355040 0.02583435 0.02799943 0.037520779 0.030919569 0.01448515 0.018998574 0.019817252 0.017511008 0.032156534 0.005527717 0.005503061 0.004144830 0.039627785 0.020910849 0.0058397440 1.867757e-02 2.901605e-04 3.694673e-04 1.254961e-04 8.481448e-03 2.061858e-04 4.872538e-05 1.366863e-04
   80    1      1      0    0   125  1.207600e-25 2.639321e-09 3.322118e-03 0.0052834649 0.026926006 0.008595168 0.0008427733 0.015273451 0.04359448 0.04068248 0.09970353 0.06412603 0.03869271 0.02922799 0.04392217 0.02332516 0.03751675 0.021241010 0.029680434 0.03704309 0.02514978 0.03275687 0.02422925 0.03783068 0.035577254 0.076823164 0.04832070 0.029297816 0.013023208 0.014728609 0.038239438 0.021137838 0.005670580 0.002211433 0.005195875 0.009077499 0.0025632334 1.122476e-04 4.881943e-05 9.738787e-05 5.667803e-04 1.744529e-03 7.390746e-06 4.202391e-03 2.388410e-03
   84    1      1      0    0   125  1.283096e-93 8.682259e-06 1.104804e-03 0.0204314400 0.028107976 0.034892400 0.0027344311 0.010746654 0.02213157 0.08476190 0.03967186 0.03517667 0.03662681 0.01815753 0.01938843 0.04746904 0.06560753 0.030419731 0.052659829 0.02007496 0.01883010 0.06068832 0.01752412 0.01875680 0.043588060 0.043718986 0.03173799 0.005590653 0.060862179 0.016270000 0.017817640 0.002109671 0.010313712 0.008516726 0.005819459 0.047479713 0.0016111035 9.487703e-03 6.484829e-03 7.242946e-06 1.468712e-08 2.929704e-05 2.067409e-03 2.767229e-08 5.160207e-04
   88    1      1      0    0   125  4.850425e-06 9.597249e-04 1.583282e-02 0.0128470037 0.022101270 0.004857671 0.0085066726 0.012422948 0.03623464 0.02773535 0.05217536 0.06048159 0.02679668 0.04486647 0.04676775 0.02325532 0.04433713 0.053321433 0.038989003 0.05011504 0.01733348 0.03185976 0.04207995 0.04501092 0.066984743 0.041478454 0.03742715 0.041463644 0.008392178 0.028907464 0.010383762 0.015328998 0.007667431 0.001496313 0.001003084 0.007788975 0.0002703130 5.679297e-03 1.466515e-05 6.187819e-03 5.629140e-04 3.047787e-05 1.008513e-07 3.939703e-05 1.785213e-13
   92    1      1      0    0   125  4.369951e-62 3.374173e-06 1.872592e-03 0.0224958211 0.020825388 0.007669466 0.0094349786 0.005026086 0.02131835 0.07788438 0.04887289 0.02077886 0.03547458 0.04368167 0.02599631 0.10333413 0.05696883 0.034199351 0.030532985 0.01629906 0.04138257 0.04617894 0.02175682 0.05692163 0.075046075 0.039757713 0.01081372 0.020884449 0.008078773 0.014581195 0.020297545 0.010857687 0.014039302 0.009166524 0.005149561 0.001840785 0.0110579397 6.773440e-03 2.346907e-03 1.550470e-06 1.121352e-04 1.635616e-08 2.856261e-04 1.917735e-28 3.707103e-24
   96    1      1      0    0   125  4.021004e-30 4.898175e-08 1.781670e-04 0.0045012760 0.003234629 0.004822958 0.0030747244 0.043183498 0.03113654 0.06445804 0.06321569 0.04214337 0.03491492 0.06355570 0.02706607 0.05773540 0.05221538 0.051391003 0.030062111 0.01717278 0.01847704 0.06552934 0.02304385 0.03342432 0.018282764 0.028547886 0.03644722 0.014106610 0.013708692 0.015958859 0.022238305 0.018769107 0.024350091 0.021717243 0.010033345 0.021364541 0.0047129249 4.587892e-05 1.770458e-03 4.264125e-03 2.400056e-07 1.160860e-04 9.028452e-03 6.575794e-10 2.927115e-07
  100    1      1      0    0   125 2.466016e-152 5.066702e-11 4.504775e-03 0.0127591081 0.016384742 0.001380679 0.0007043531 0.021532664 0.03546604 0.06069570 0.03514051 0.06192576 0.02772249 0.02964246 0.05000021 0.04882701 0.04391418 0.037144311 0.023257550 0.04191608 0.01755555 0.02267944 0.08727582 0.02688088 0.035623745 0.025184713 0.01636633 0.014812020 0.019125544 0.054771709 0.035422026 0.007847454 0.009683505 0.022111232 0.008746503 0.012705268 0.0109895508 1.247999e-02 2.148309e-04 5.065582e-03 5.820224e-07 9.092753e-04 1.484903e-10 6.298308e-04 2.923417e-21
   76    1      2      0    0   500  5.919838e-30 3.450200e-03 2.601760e-02 0.0399943178 0.056216536 0.021543479 0.0196468232 0.013520738 0.05149027 0.03608750 0.04346400 0.02844835 0.04059556 0.03064637 0.03064433 0.04562267 0.03877291 0.036252982 0.033348299 0.04165383 0.04698962 0.04211285 0.02402390 0.02819056 0.021427146 0.020120176 0.02997615 0.023543499 0.008605048 0.026764105 0.014000345 0.015897722 0.011315307 0.011170530 0.005824520 0.008778785 0.0030439530 5.267477e-03 1.407329e-03 6.501298e-03 6.207791e-04 6.529278e-03 4.220141e-04 5.354841e-06 4.547866e-05
   78    1      2      0    0   500  3.668936e-08 2.487472e-03 2.977452e-02 0.0630932486 0.040012591 0.033027502 0.0166363803 0.022618900 0.04096922 0.08787261 0.04443157 0.02976321 0.01901626 0.03354076 0.04151603 0.05855176 0.03557251 0.030024776 0.028344700 0.02823906 0.03588017 0.03360449 0.02580795 0.01690361 0.020688101 0.020249300 0.02235406 0.021953935 0.018944811 0.029430108 0.009493583 0.008072045 0.011845491 0.008372488 0.004357653 0.002051248 0.0015669697 1.385833e-02 3.072993e-03 9.472044e-04 2.053121e-03 1.145691e-03 4.206827e-05 1.320105e-03 4.913586e-04
   80    1      2      0    0   500  5.756399e-36 5.371556e-03 8.544878e-03 0.0479683253 0.045476412 0.017895488 0.0052624757 0.016199315 0.04440170 0.06665839 0.07296760 0.03913049 0.02743218 0.03594359 0.04195943 0.04507590 0.03814351 0.039907534 0.018625130 0.03419417 0.02632986 0.02794782 0.02676851 0.02173266 0.034938113 0.030801121 0.01883018 0.022976971 0.018153928 0.019151962 0.021845297 0.013743407 0.010482725 0.016212287 0.005429717 0.014026444 0.0072766216 1.412466e-03 6.554313e-03 2.135426e-04 1.778048e-03 1.282663e-03 9.518319e-04 1.097197e-10 1.447205e-06
   82    1      2      0    0   500  1.130130e-08 1.394393e-03 1.992356e-02 0.0566758782 0.058024843 0.018956815 0.0072951671 0.024231279 0.02797815 0.07344468 0.05436099 0.02984021 0.03577518 0.02889562 0.03416832 0.03535642 0.04125318 0.024391301 0.022553945 0.03482265 0.03714688 0.02304766 0.03037444 0.04329671 0.018635110 0.021111380 0.02204266 0.024162575 0.014749827 0.020999858 0.023366245 0.022137189 0.006864012 0.021634115 0.010525189 0.006597129 0.0114838112 3.224172e-03 3.396507e-03 3.864527e-03 2.451212e-04 1.202896e-03 5.437340e-05 4.924422e-04 2.599837e-06
   84    1      2      0    0   500  1.580248e-13 3.389382e-03 2.717254e-02 0.0573685216 0.047384092 0.018613920 0.0112419118 0.027220801 0.04162000 0.05594850 0.05326414 0.04680750 0.05085482 0.03059038 0.04820147 0.02948111 0.02660673 0.022837791 0.014971917 0.03595128 0.03071923 0.03013771 0.03680001 0.01719339 0.017272702 0.030602724 0.02228379 0.023593259 0.021812906 0.014144667 0.014533822 0.008941441 0.008882074 0.018569401 0.016359193 0.006101491 0.0044265960 5.226175e-03 5.169725e-03 3.128852e-03 1.180448e-02 1.799704e-03 9.376147e-04 3.216751e-05 6.559585e-08
   86    1      2      0    0   500  2.517086e-09 3.161295e-03 2.889555e-02 0.0400591789 0.051302558 0.018911401 0.0131738442 0.027066259 0.04772302 0.06438148 0.04243362 0.03263562 0.04072854 0.02927830 0.04604391 0.03295804 0.03366549 0.030650995 0.039104219 0.03685420 0.02747090 0.03513424 0.02095542 0.02242868 0.022698313 0.026320805 0.02508821 0.024981672 0.020881267 0.017892330 0.021972540 0.011475282 0.010016581 0.012266954 0.007345442 0.008781104 0.0061958311 6.195450e-03 5.225568e-03 7.900735e-04 4.295375e-03 1.443588e-03 8.365966e-04 1.624648e-04 1.178080e-04
   88    1      2      0    0   500  2.498864e-45 5.122273e-03 3.099460e-02 0.0486154305 0.051497111 0.018034909 0.0086817652 0.025034935 0.05265943 0.05514411 0.04514632 0.05977513 0.02011241 0.03623167 0.03275789 0.03820173 0.04302213 0.032287190 0.030436426 0.02600011 0.03882732 0.03464539 0.03925552 0.02222079 0.012614122 0.019682269 0.02474224 0.020394662 0.020995029 0.009532330 0.020222914 0.013681491 0.022111496 0.013854198 0.002945756 0.008419417 0.0067708980 1.478666e-03 1.248099e-03 4.857128e-03 3.302051e-04 1.307422e-03 3.372537e-05 7.164684e-05 1.693995e-06
   90    1      2      0    0   500  3.388494e-04 5.038546e-04 1.133299e-02 0.0423739041 0.035297407 0.012431840 0.0153141803 0.014120796 0.04994504 0.05589579 0.06005029 0.04172265 0.03707993 0.02616795 0.03123576 0.03337316 0.03885051 0.042433799 0.039309351 0.04054039 0.02902478 0.02842388 0.03170296 0.02326362 0.023730282 0.039175285 0.02573754 0.023056356 0.027957381 0.013336101 0.017051437 0.016342229 0.015362312 0.011430877 0.008597618 0.015544179 0.0034516958 3.341899e-03 4.528280e-03 3.142548e-03 1.521705e-03 2.283436e-03 3.203174e-03 4.326855e-05 4.287092e-04
   92    1      2      0    0   500  1.514129e-06 7.260390e-04 2.642453e-02 0.0509808702 0.051933648 0.032103603 0.0068433409 0.015768797 0.04194867 0.06850105 0.06058788 0.04198020 0.03017556 0.03209721 0.03024829 0.05652568 0.05232988 0.023279856 0.024201433 0.01973868 0.01824359 0.03075951 0.03388877 0.02004436 0.025279646 0.025653355 0.01579892 0.022229373 0.030356005 0.015602573 0.009694112 0.020931412 0.011926127 0.010729238 0.007722239 0.007009272 0.0067950983 3.567549e-03 2.356952e-03 4.473210e-03 7.244631e-04 4.872352e-03 2.016810e-04 1.032668e-03 3.710795e-03
   94    1      2      0    0   500  3.264718e-10 1.868750e-03 1.155587e-02 0.0465600896 0.044204633 0.026069696 0.0094233400 0.018107350 0.05847439 0.05762471 0.07575264 0.05653885 0.02507089 0.04071136 0.02161177 0.04132798 0.03121671 0.028468017 0.018879664 0.03617192 0.02091608 0.03606726 0.03238301 0.02545822 0.018417797 0.029994253 0.02690037 0.018765732 0.013011816 0.011825574 0.017385337 0.033387715 0.009121436 0.009376807 0.006521503 0.004170977 0.0144159793 1.953274e-03 1.591888e-03 1.253102e-03 6.367890e-03 1.917032e-04 7.037280e-05 3.886545e-04 1.042465e-02
   96    1      2      0    0   500  1.324420e-07 2.156739e-03 1.330029e-02 0.0600577482 0.065301063 0.023734151 0.0319751979 0.028758078 0.03840369 0.04700170 0.05194645 0.04329575 0.03513703 0.01353472 0.02977554 0.04976794 0.04186851 0.028719582 0.037038540 0.03465109 0.03495516 0.03480579 0.02602437 0.03347747 0.027103791 0.023860623 0.01880810 0.024247779 0.018969346 0.014566011 0.010482624 0.006464852 0.010852152 0.008057049 0.006623273 0.007913856 0.0031314923 3.806482e-03 3.887008e-03 4.335870e-03 7.167823e-05 4.652904e-04 1.313061e-05 6.507702e-04 2.097067e-06
   98    1      2      0    0   500  4.528241e-20 1.708018e-03 2.457726e-02 0.0429207290 0.040461943 0.010833074 0.0112096706 0.022386346 0.05915931 0.05969062 0.04307116 0.04058331 0.03363862 0.04043976 0.03698751 0.05076737 0.05158599 0.029989571 0.028248634 0.04415270 0.03570288 0.03166786 0.03720466 0.01893553 0.009994739 0.014738545 0.03082889 0.020386693 0.022310510 0.011896051 0.024550117 0.011682047 0.013544961 0.008270655 0.009183290 0.004593512 0.0085724866 4.361268e-03 6.176620e-04 1.830959e-03 2.749099e-03 2.950366e-03 3.283318e-04 4.365945e-05 6.436031e-04
  100    1      2      0    0   500  2.534318e-16 6.105891e-04 2.103729e-02 0.0670913460 0.037102729 0.029720036 0.0055333029 0.017940741 0.05329747 0.06906984 0.04450256 0.04309404 0.03204219 0.03410943 0.03595823 0.04485362 0.04225647 0.019696487 0.033034983 0.02837617 0.02912466 0.03253678 0.03251254 0.03436529 0.022190827 0.015989537 0.02590401 0.017116542 0.032403801 0.004519084 0.014282414 0.021041319 0.008899098 0.009951033 0.014910188 0.010630193 0.0019975317 3.177446e-03 2.841619e-03 1.997037e-03 3.153408e-03 3.014648e-04 4.205217e-06 7.316330e-04 9.081359e-05
15 #_N_agebins
#_agebin_vector
1 2 3 4 5 6 7 8 9 10 11 12 13 14 15
1 #_N_ageerror_definitions
 #_age0   age1   age2   age3   age4   age5   age6   age7   age8   age9  age10  age11  age12  age13  age14  age15  age16  age17  age18  age19  age20  age21  age22  age23  age24  age25
 -1.000 -1.000 -1.000 -1.000 -1.000 -1.000 -1.000 -1.000 -1.000 -1.000 -1.000 -1.000 -1.000 -1.000 -1.000 -1.000 -1.000 -1.000 -1.000 -1.000 -1.000 -1.000 -1.000 -1.000 -1.000 -1.000
  0.001  0.001  0.001  0.001  0.001  0.001  0.001  0.001  0.001  0.001  0.001  0.001  0.001  0.001  0.001  0.001  0.001  0.001  0.001  0.001  0.001  0.001  0.001  0.001  0.001  0.001
84 #_N_agecomp
1 #_Lbin_method: 1=poplenbins; 2=datalenbins; 3=lengths
-1 #_combine males into females at or below this bin number
 #_Yr Seas FltSvy Gender Part Ageerr Lbin_lo Lbin_hi Nsamp          a1        a2        a3         a4         a5         a6         a7         a8          a9         a10         a11         a12         a13          a14         a15
   26    1      1      0    0      1      -1      -1   125 0.025185409 0.1745489 0.2351408 0.11026556 0.08645368 0.06334232 0.06804046 0.04883116 0.008469139 0.024211722 0.037213458 0.025004723 0.018352871 1.350836e-02 0.061431430
   36    1      1      0    0      1      -1      -1   125 0.022498007 0.2388997 0.1519296 0.11758752 0.09819814 0.12169669 0.07121914 0.03618299 0.041935787 0.008784207 0.021161754 0.007973889 0.030200448 2.285647e-02 0.008875601
   46    1      1      0    0      1      -1      -1   125 0.015570898 0.2177670 0.2522340 0.12613810 0.09507364 0.06040178 0.09589508 0.04714209 0.034478506 0.009414086 0.005208378 0.012982203 0.001144826 4.321170e-03 0.022228312
   56    1      1      0    0      1      -1      -1   125 0.014622755 0.1973357 0.3093353 0.14457945 0.12216516 0.05631454 0.04696622 0.01959304 0.042609731 0.004190904 0.004835161 0.007495417 0.004403678 7.786204e-05 0.025475095
   60    1      1      0    0      1      -1      -1   125 0.038019838 0.2726884 0.2075535 0.10663278 0.06380749 0.10724544 0.03625113 0.04932635 0.025798505 0.044337517 0.010165098 0.010512608 0.004232357 7.416668e-03 0.016012304
   64    1      1      0    0      1      -1      -1   125 0.009326954 0.2426484 0.1409494 0.14977722 0.10684858 0.04419954 0.08355766 0.06815486 0.023710178 0.051847166 0.024108300 0.012203619 0.006036293 6.190866e-03 0.030441027
   68    1      1      0    0      1      -1      -1   125 0.028154416 0.2328577 0.2818616 0.10338978 0.14423306 0.03099238 0.05692595 0.04350341 0.013335310 0.013538777 0.018361698 0.013746590 0.003150320 1.267365e-04 0.015822232
   72    1      1      0    0      1      -1      -1   125 0.022777401 0.2439752 0.2743936 0.08172891 0.10777938 0.07420445 0.05004853 0.05963430 0.032296581 0.006213789 0.009338747 0.002784404 0.011651083 7.374143e-03 0.015799545
   76    1      1      0    0      1      -1      -1   125 0.034381206 0.1906019 0.2161522 0.13969052 0.08974100 0.07484241 0.04410367 0.05047263 0.025488969 0.008622143 0.037326046 0.006533336 0.007970074 2.268978e-02 0.051384115
   80    1      1      0    0      1      -1      -1   125 0.028914832 0.2333535 0.2359068 0.15352402 0.12869034 0.04120769 0.04715902 0.03884105 0.029145971 0.028429875 0.010151841 0.008813607 0.001600921 5.497587e-04 0.013710753
   84    1      1      0    0      1      -1      -1   125 0.044243467 0.1962900 0.2561661 0.10228860 0.09467536 0.11175778 0.06485319 0.04068385 0.031535853 0.023142828 0.004100210 0.006260152 0.009410320 3.853950e-03 0.010738318
   88    1      1      0    0      1      -1      -1   125 0.045393254 0.3184877 0.1533388 0.13799633 0.06373203 0.05467637 0.05744673 0.04135465 0.022938691 0.010707336 0.012246657 0.008987783 0.008409474 2.068999e-02 0.043594283
   92    1      1      0    0      1      -1      -1   125 0.050164369 0.2720390 0.1530419 0.13299383 0.12220350 0.08934995 0.03742904 0.03625058 0.028159823 0.031281373 0.014696318 0.008398995 0.003182534 3.509484e-04 0.020457757
   96    1      1      0    0      1      -1      -1   125 0.036304221 0.2409315 0.2005900 0.13776530 0.08333578 0.07480470 0.09149632 0.03051208 0.047954995 0.037199808 0.001374590 0.002337455 0.002253668 1.320997e-05 0.013126308
  100    1      1      0    0      1      -1      -1   125 0.036255366 0.2486464 0.2168861 0.16626411 0.09420778 0.05729992 0.04971076 0.02220864 0.020933334 0.022897041 0.010275498 0.012006816 0.021631242 1.013848e-02 0.010638523
   76    1      2      0    0      1      -1      -1   500 0.127791220 0.2211103 0.1657551 0.14520170 0.07745274 0.05802271 0.06490751 0.04885137 0.024584938 0.016129344 0.017161821 0.006864255 0.010091786 3.702388e-03 0.012372815
   78    1      2      0    0      1      -1      -1   500 0.126209974 0.2385950 0.1538647 0.12539806 0.07430202 0.06667222 0.05369441 0.04010094 0.042089485 0.024499228 0.006848056 0.014989786 0.011618525 8.068696e-03 0.013048960
   80    1      2      0    0      1      -1      -1   500 0.151482643 0.2388534 0.1762009 0.11162371 0.08750872 0.06863944 0.05341769 0.03312757 0.030068657 0.018857162 0.009724842 0.006697061 0.002492378 3.091448e-03 0.008214385
   82    1      2      0    0      1      -1      -1   500 0.133988872 0.2040792 0.1530322 0.12203012 0.11466535 0.06043636 0.04587544 0.04064156 0.025138911 0.024026993 0.020634709 0.010903910 0.010164833 1.568331e-02 0.018698231
   84    1      2      0    0      1      -1      -1   500 0.109466412 0.2611396 0.1860526 0.13200307 0.07928703 0.06348123 0.04410193 0.03491425 0.022637275 0.015418766 0.022005662 0.006925204 0.007355712 5.796450e-03 0.009414779
   86    1      2      0    0      1      -1      -1   500 0.143227988 0.2377214 0.1547630 0.15076589 0.07255085 0.08101918 0.05170547 0.04026502 0.021812533 0.008770934 0.004057900 0.009481808 0.007620165 5.788967e-03 0.010448811
   88    1      2      0    0      1      -1      -1   500 0.105072796 0.2743171 0.1783947 0.11434339 0.08768738 0.06208139 0.03866031 0.03544587 0.035829977 0.015075279 0.008666189 0.019678609 0.012020765 5.026957e-03 0.007699223
   90    1      2      0    0      1      -1      -1   500 0.139241500 0.2169316 0.1829794 0.13605885 0.07222614 0.07169515 0.04571981 0.03344900 0.026018895 0.014496976 0.020815360 0.009169418 0.007629533 7.340414e-03 0.016227943
   92    1      2      0    0      1      -1      -1   500 0.161928054 0.2219453 0.1717046 0.12378781 0.09379927 0.05035685 0.05221920 0.03763452 0.025662708 0.012500300 0.018724814 0.007031962 0.003923787 5.666990e-03 0.013113849
   94    1      2      0    0      1      -1      -1   500 0.123646252 0.2294330 0.1745804 0.12920379 0.08096367 0.07798886 0.06126526 0.02609529 0.032163223 0.023174129 0.008643946 0.007811143 0.012277535 2.350318e-03 0.010403236
   96    1      2      0    0      1      -1      -1   500 0.156177299 0.2577039 0.1616969 0.10689033 0.10602530 0.06456643 0.03362410 0.03065862 0.018113008 0.022620633 0.009719148 0.007432587 0.005994309 6.039283e-03 0.012738131
   98    1      2      0    0      1      -1      -1   500 0.109492125 0.2225754 0.1650675 0.14621468 0.09857855 0.07841167 0.06552536 0.02681106 0.024288971 0.020095074 0.008088839 0.006168233 0.005783142 6.216440e-03 0.016682921
  100    1      2      0    0      1      -1      -1   500 0.125968130 0.2351891 0.1568110 0.13923073 0.09753133 0.06763624 0.04517801 0.04702745 0.022793285 0.022717817 0.007599589 0.007187914 0.008066575 7.658570e-03 0.009404260
   60    1      1      0    0      1       5       5     1 1.000000000 0.0000000 0.0000000 0.00000000 0.00000000 0.00000000 0.00000000 0.00000000 0.000000000 0.000000000 0.000000000 0.000000000 0.000000000 0.000000e+00 0.000000000
   60    1      1      0    0      1       8       8     1 1.000000000 0.0000000 0.0000000 0.00000000 0.00000000 0.00000000 0.00000000 0.00000000 0.000000000 0.000000000 0.000000000 0.000000000 0.000000000 0.000000e+00 0.000000000
   60    1      1      0    0      1       9       9     5 5.000000000 0.0000000 0.0000000 0.00000000 0.00000000 0.00000000 0.00000000 0.00000000 0.000000000 0.000000000 0.000000000 0.000000000 0.000000000 0.000000e+00 0.000000000
   60    1      1      0    0      1      10      10     5 5.000000000 0.0000000 0.0000000 0.00000000 0.00000000 0.00000000 0.00000000 0.00000000 0.000000000 0.000000000 0.000000000 0.000000000 0.000000000 0.000000e+00 0.000000000
   60    1      1      0    0      1      11      11     8 8.000000000 0.0000000 0.0000000 0.00000000 0.00000000 0.00000000 0.00000000 0.00000000 0.000000000 0.000000000 0.000000000 0.000000000 0.000000000 0.000000e+00 0.000000000
   60    1      1      0    0      1      12      12     3 3.000000000 0.0000000 0.0000000 0.00000000 0.00000000 0.00000000 0.00000000 0.00000000 0.000000000 0.000000000 0.000000000 0.000000000 0.000000000 0.000000e+00 0.000000000
   60    1      1      0    0      1      13      13     4 4.000000000 0.0000000 0.0000000 0.00000000 0.00000000 0.00000000 0.00000000 0.00000000 0.000000000 0.000000000 0.000000000 0.000000000 0.000000000 0.000000e+00 0.000000000
   60    1      1      0    0      1      14      14     3 3.000000000 0.0000000 0.0000000 0.00000000 0.00000000 0.00000000 0.00000000 0.00000000 0.000000000 0.000000000 0.000000000 0.000000000 0.000000000 0.000000e+00 0.000000000
   60    1      1      0    0      1      15      15     5 5.000000000 0.0000000 0.0000000 0.00000000 0.00000000 0.00000000 0.00000000 0.00000000 0.000000000 0.000000000 0.000000000 0.000000000 0.000000000 0.000000e+00 0.000000000
   60    1      1      0    0      1      16      16     8 8.000000000 0.0000000 0.0000000 0.00000000 0.00000000 0.00000000 0.00000000 0.00000000 0.000000000 0.000000000 0.000000000 0.000000000 0.000000000 0.000000e+00 0.000000000
   60    1      1      0    0      1      17      17     2 2.000000000 0.0000000 0.0000000 0.00000000 0.00000000 0.00000000 0.00000000 0.00000000 0.000000000 0.000000000 0.000000000 0.000000000 0.000000000 0.000000e+00 0.000000000
   60    1      1      0    0      1      18      18     4 4.000000000 0.0000000 0.0000000 0.00000000 0.00000000 0.00000000 0.00000000 0.00000000 0.000000000 0.000000000 0.000000000 0.000000000 0.000000000 0.000000e+00 0.000000000
   60    1      1      0    0      1      19      19     8 8.000000000 0.0000000 0.0000000 0.00000000 0.00000000 0.00000000 0.00000000 0.00000000 0.000000000 0.000000000 0.000000000 0.000000000 0.000000000 0.000000e+00 0.000000000
   60    1      1      0    0      1      20      20     4 4.000000000 0.0000000 0.0000000 0.00000000 0.00000000 0.00000000 0.00000000 0.00000000 0.000000000 0.000000000 0.000000000 0.000000000 0.000000000 0.000000e+00 0.000000000
   60    1      1      0    0      1      21      21     5 5.000000000 0.0000000 0.0000000 0.00000000 0.00000000 0.00000000 0.00000000 0.00000000 0.000000000 0.000000000 0.000000000 0.000000000 0.000000000 0.000000e+00 0.000000000
   60    1      1      0    0      1      22      22     6 6.000000000 0.0000000 0.0000000 0.00000000 0.00000000 0.00000000 0.00000000 0.00000000 0.000000000 0.000000000 0.000000000 0.000000000 0.000000000 0.000000e+00 0.000000000
   60    1      1      0    0      1      23      23     4 4.000000000 0.0000000 0.0000000 0.00000000 0.00000000 0.00000000 0.00000000 0.00000000 0.000000000 0.000000000 0.000000000 0.000000000 0.000000000 0.000000e+00 0.000000000
   60    1      1      0    0      1      24      24     5 5.000000000 0.0000000 0.0000000 0.00000000 0.00000000 0.00000000 0.00000000 0.00000000 0.000000000 0.000000000 0.000000000 0.000000000 0.000000000 0.000000e+00 0.000000000
   60    1      1      0    0      1      26      26     3 3.000000000 0.0000000 0.0000000 0.00000000 0.00000000 0.00000000 0.00000000 0.00000000 0.000000000 0.000000000 0.000000000 0.000000000 0.000000000 0.000000e+00 0.000000000
   60    1      1      0    0      1      28      28     1 1.000000000 0.0000000 0.0000000 0.00000000 0.00000000 0.00000000 0.00000000 0.00000000 0.000000000 0.000000000 0.000000000 0.000000000 0.000000000 0.000000e+00 0.000000000
   60    1      1      0    0      1      29      29     1 1.000000000 0.0000000 0.0000000 0.00000000 0.00000000 0.00000000 0.00000000 0.00000000 0.000000000 0.000000000 0.000000000 0.000000000 0.000000000 0.000000e+00 0.000000000
   60    1      1      0    0      1      30      30     2 1.000000000 1.0000000 0.0000000 0.00000000 0.00000000 0.00000000 0.00000000 0.00000000 0.000000000 0.000000000 0.000000000 0.000000000 0.000000000 0.000000e+00 0.000000000
   60    1      1      0    0      1      31      31     1 0.000000000 1.0000000 0.0000000 0.00000000 0.00000000 0.00000000 0.00000000 0.00000000 0.000000000 0.000000000 0.000000000 0.000000000 0.000000000 0.000000e+00 0.000000000
   60    1      1      0    0      1      32      32     1 0.000000000 1.0000000 0.0000000 0.00000000 0.00000000 0.00000000 0.00000000 0.00000000 0.000000000 0.000000000 0.000000000 0.000000000 0.000000000 0.000000e+00 0.000000000
   60    1      1      0    0      1      34      34     3 0.000000000 3.0000000 0.0000000 0.00000000 0.00000000 0.00000000 0.00000000 0.00000000 0.000000000 0.000000000 0.000000000 0.000000000 0.000000000 0.000000e+00 0.000000000
   60    1      1      0    0      1      35      35     1 0.000000000 1.0000000 0.0000000 0.00000000 0.00000000 0.00000000 0.00000000 0.00000000 0.000000000 0.000000000 0.000000000 0.000000000 0.000000000 0.000000e+00 0.000000000
   60    1      1      0    0      1      36      36     3 0.000000000 3.0000000 0.0000000 0.00000000 0.00000000 0.00000000 0.00000000 0.00000000 0.000000000 0.000000000 0.000000000 0.000000000 0.000000000 0.000000e+00 0.000000000
   60    1      1      0    0      1      39      39     3 0.000000000 3.0000000 0.0000000 0.00000000 0.00000000 0.00000000 0.00000000 0.00000000 0.000000000 0.000000000 0.000000000 0.000000000 0.000000000 0.000000e+00 0.000000000
  100    1      1      0    0      1       4       4     1 1.000000000 0.0000000 0.0000000 0.00000000 0.00000000 0.00000000 0.00000000 0.00000000 0.000000000 0.000000000 0.000000000 0.000000000 0.000000000 0.000000e+00 0.000000000
  100    1      1      0    0      1       5       5     3 3.000000000 0.0000000 0.0000000 0.00000000 0.00000000 0.00000000 0.00000000 0.00000000 0.000000000 0.000000000 0.000000000 0.000000000 0.000000000 0.000000e+00 0.000000000
  100    1      1      0    0      1       9       9     6 6.000000000 0.0000000 0.0000000 0.00000000 0.00000000 0.00000000 0.00000000 0.00000000 0.000000000 0.000000000 0.000000000 0.000000000 0.000000000 0.000000e+00 0.000000000
  100    1      1      0    0      1      10      10     5 5.000000000 0.0000000 0.0000000 0.00000000 0.00000000 0.00000000 0.00000000 0.00000000 0.000000000 0.000000000 0.000000000 0.000000000 0.000000000 0.000000e+00 0.000000000
  100    1      1      0    0      1      11      11     2 2.000000000 0.0000000 0.0000000 0.00000000 0.00000000 0.00000000 0.00000000 0.00000000 0.000000000 0.000000000 0.000000000 0.000000000 0.000000000 0.000000e+00 0.000000000
  100    1      1      0    0      1      12      12     7 7.000000000 0.0000000 0.0000000 0.00000000 0.00000000 0.00000000 0.00000000 0.00000000 0.000000000 0.000000000 0.000000000 0.000000000 0.000000000 0.000000e+00 0.000000000
  100    1      1      0    0      1      13      13     2 2.000000000 0.0000000 0.0000000 0.00000000 0.00000000 0.00000000 0.00000000 0.00000000 0.000000000 0.000000000 0.000000000 0.000000000 0.000000000 0.000000e+00 0.000000000
  100    1      1      0    0      1      14      14     3 3.000000000 0.0000000 0.0000000 0.00000000 0.00000000 0.00000000 0.00000000 0.00000000 0.000000000 0.000000000 0.000000000 0.000000000 0.000000000 0.000000e+00 0.000000000
  100    1      1      0    0      1      15      15     6 6.000000000 0.0000000 0.0000000 0.00000000 0.00000000 0.00000000 0.00000000 0.00000000 0.000000000 0.000000000 0.000000000 0.000000000 0.000000000 0.000000e+00 0.000000000
  100    1      1      0    0      1      16      16     3 3.000000000 0.0000000 0.0000000 0.00000000 0.00000000 0.00000000 0.00000000 0.00000000 0.000000000 0.000000000 0.000000000 0.000000000 0.000000000 0.000000e+00 0.000000000
  100    1      1      0    0      1      17      17     3 3.000000000 0.0000000 0.0000000 0.00000000 0.00000000 0.00000000 0.00000000 0.00000000 0.000000000 0.000000000 0.000000000 0.000000000 0.000000000 0.000000e+00 0.000000000
  100    1      1      0    0      1      18      18     5 5.000000000 0.0000000 0.0000000 0.00000000 0.00000000 0.00000000 0.00000000 0.00000000 0.000000000 0.000000000 0.000000000 0.000000000 0.000000000 0.000000e+00 0.000000000
  100    1      1      0    0      1      19      19     1 1.000000000 0.0000000 0.0000000 0.00000000 0.00000000 0.00000000 0.00000000 0.00000000 0.000000000 0.000000000 0.000000000 0.000000000 0.000000000 0.000000e+00 0.000000000
  100    1      1      0    0      1      20      20     5 5.000000000 0.0000000 0.0000000 0.00000000 0.00000000 0.00000000 0.00000000 0.00000000 0.000000000 0.000000000 0.000000000 0.000000000 0.000000000 0.000000e+00 0.000000000
  100    1      1      0    0      1      21      21     3 3.000000000 0.0000000 0.0000000 0.00000000 0.00000000 0.00000000 0.00000000 0.00000000 0.000000000 0.000000000 0.000000000 0.000000000 0.000000000 0.000000e+00 0.000000000
  100    1      1      0    0      1      23      23     9 9.000000000 0.0000000 0.0000000 0.00000000 0.00000000 0.00000000 0.00000000 0.00000000 0.000000000 0.000000000 0.000000000 0.000000000 0.000000000 0.000000e+00 0.000000000
  100    1      1      0    0      1      24      24     3 3.000000000 0.0000000 0.0000000 0.00000000 0.00000000 0.00000000 0.00000000 0.00000000 0.000000000 0.000000000 0.000000000 0.000000000 0.000000000 0.000000e+00 0.000000000
  100    1      1      0    0      1      25      25     2 2.000000000 0.0000000 0.0000000 0.00000000 0.00000000 0.00000000 0.00000000 0.00000000 0.000000000 0.000000000 0.000000000 0.000000000 0.000000000 0.000000e+00 0.000000000
  100    1      1      0    0      1      26      26     1 1.000000000 0.0000000 0.0000000 0.00000000 0.00000000 0.00000000 0.00000000 0.00000000 0.000000000 0.000000000 0.000000000 0.000000000 0.000000000 0.000000e+00 0.000000000
  100    1      1      0    0      1      27      27     1 1.000000000 0.0000000 0.0000000 0.00000000 0.00000000 0.00000000 0.00000000 0.00000000 0.000000000 0.000000000 0.000000000 0.000000000 0.000000000 0.000000e+00 0.000000000
  100    1      1      0    0      1      28      28     1 0.000000000 1.0000000 0.0000000 0.00000000 0.00000000 0.00000000 0.00000000 0.00000000 0.000000000 0.000000000 0.000000000 0.000000000 0.000000000 0.000000e+00 0.000000000
  100    1      1      0    0      1      29      29     6 4.000000000 2.0000000 0.0000000 0.00000000 0.00000000 0.00000000 0.00000000 0.00000000 0.000000000 0.000000000 0.000000000 0.000000000 0.000000000 0.000000e+00 0.000000000
  100    1      1      0    0      1      30      30     6 1.000000000 5.0000000 0.0000000 0.00000000 0.00000000 0.00000000 0.00000000 0.00000000 0.000000000 0.000000000 0.000000000 0.000000000 0.000000000 0.000000e+00 0.000000000
  100    1      1      0    0      1      34      34     6 0.000000000 6.0000000 0.0000000 0.00000000 0.00000000 0.00000000 0.00000000 0.00000000 0.000000000 0.000000000 0.000000000 0.000000000 0.000000000 0.000000e+00 0.000000000
  100    1      1      0    0      1      36      36     5 0.000000000 5.0000000 0.0000000 0.00000000 0.00000000 0.00000000 0.00000000 0.00000000 0.000000000 0.000000000 0.000000000 0.000000000 0.000000000 0.000000e+00 0.000000000
  100    1      1      0    0      1      37      37     2 0.000000000 2.0000000 0.0000000 0.00000000 0.00000000 0.00000000 0.00000000 0.00000000 0.000000000 0.000000000 0.000000000 0.000000000 0.000000000 0.000000e+00 0.000000000
  100    1      1      0    0      1      38      38     2 0.000000000 2.0000000 0.0000000 0.00000000 0.00000000 0.00000000 0.00000000 0.00000000 0.000000000 0.000000000 0.000000000 0.000000000 0.000000000 0.000000e+00 0.000000000
  100    1      1      0    0      1      40      40     1 0.000000000 1.0000000 0.0000000 0.00000000 0.00000000 0.00000000 0.00000000 0.00000000 0.000000000 0.000000000 0.000000000 0.000000000 0.000000000 0.000000e+00 0.000000000
0 #_N_MeanSize_at_Age_obs
0 #_N_environ_variables
0 #_N_environ_obs
0 #_N_sizefreq_methods
0 #_do_tags
0 #_morphcomp_data
#
999
