#C data file created using the SS_writedat function in the R package r4ss
#C should work with SS version: 
#C file write time: 2015-02-11 18:38:39
#
1 #_styr
100 #_endyr
1 #_nseas
12 #_months_per_seas
1 #_spawn_seas
1 #_Nfleet
2 #_Nsurveys
1 #_N_areas
Fishery%Survey%CPUE #_fleetnames
0.5 0.5 0.5 #_surveytiming_in_season
1 1 1 #_area_assignments_for_each_fishery_and_survey
1 #_units of catch:  1=bio; 2=num
0.01 #_se of log(catch) only used for init_eq_catch and for Fmethod 2 and 3
1 #_Ngenders
25 #_Nages
0 #_init_equil_catch_for_each_fishery
100 #_N_lines_of_catch_to_read
 #_Fishery year seas
         0    1    1
         0    2    1
         0    3    1
         0    4    1
         0    5    1
         0    6    1
         0    7    1
         0    8    1
         0    9    1
         0   10    1
         0   11    1
         0   12    1
         0   13    1
         0   14    1
         0   15    1
         0   16    1
         0   17    1
         0   18    1
         0   19    1
         0   20    1
         0   21    1
         0   22    1
         0   23    1
         0   24    1
         0   25    1
 444646000   26    1
 397608000   27    1
 357583000   28    1
 324161000   29    1
 296656000   30    1
 274240000   31    1
 256057000   32    1
 241314000   33    1
 229322000   34    1
 219511000   35    1
 211426000   36    1
 204710000   37    1
 199088000   38    1
 194347000   39    1
 190324000   40    1
 186891000   41    1
 183948000   42    1
 181416000   43    1
 179230000   44    1
 177337000   45    1
 175694000   46    1
 174266000   47    1
 173022000   48    1
 171937000   49    1
 170990000   50    1
 170161000   51    1
 169436000   52    1
 168801000   53    1
 168243000   54    1
 167755000   55    1
 167325000   56    1
 166948000   57    1
 166617000   58    1
 166326000   59    1
 166070000   60    1
 165844000   61    1
 165646000   62    1
 165471000   63    1
 165317000   64    1
 165182000   65    1
 165063000   66    1
 164958000   67    1
 164865000   68    1
 164784000   69    1
 164712000   70    1
 164649000   71    1
 164593000   72    1
 164544000   73    1
 164500000   74    1
 164462000   75    1
 164429000   76    1
 164399000   77    1
 164373000   78    1
 164350000   79    1
 164329000   80    1
 164311000   81    1
 164296000   82    1
 164282000   83    1
 164269000   84    1
 164258000   85    1
 164249000   86    1
 164240000   87    1
 164233000   88    1
 164227000   89    1
 164221000   90    1
 164216000   91    1
 164211000   92    1
 164207000   93    1
 164204000   94    1
 164201000   95    1
 164198000   96    1
 164195000   97    1
 164193000   98    1
 164192000   99    1
 164190000  100    1
13 #_N_cpue
 #_Fleet Units Errtype
       1     1       0
       2     1       0
       3     1       0
 #_year seas index        obs se_log
     76    1     2 1299915901    0.2
     78    1     2 1369256980    0.2
     80    1     2 1103931215    0.2
     82    1     2 1681997252    0.2
     84    1     2 1091329600    0.2
     86    1     2 1523666413    0.2
     88    1     2 1667420206    0.2
     90    1     2 1849111316    0.2
     92    1     2 1857637100    0.2
     94    1     2 1390763046    0.2
     96    1     2  872737619    0.2
     98    1     2 1711936120    0.2
    100    1     2 1676394647    0.2
0 #_N_discard_fleets
#_discard_units (1=same_as_catchunits(bio/num); 2=fraction; 3=numbers)
#_discard_errtype:  >0 for DF of T-dist(read CV below); 0 for normal with CV; -1 for normal with se; -2 for lognormal
0 #_N_discard
0 #_N_meanbodywt
1 #_DF_for_meanbodywt_T-distribution_like
2 # length bin method: 1=use databins; 2=generate from binwidth,min,max below; 3=read vector
1 # binwidth for population size comp
10 # minimum size in the population (lower edge of first bin and size at age 0.00)
200 # maximum size in the population (lower edge of last bin)
-0.001 #_comp_tail_compression
1e-05 #_add_to_comp
0 #_combine males into females at or below this bin number
45 #_N_lbins
#_lbin_vector
20 23 26 29 32 35 38 41 44 47 50 53 56 59 62 65 68 71 74 77 80 83 86 89 92 95 98 101 104 107 110 113 116 119 122 125 128 131 134 137 140 143 146 149 152
28 #_N_Length_comp_observations
 #_Yr Seas FltSvy Gender Part Nsamp           l20          l23          l26          l29         l32          l35          l38         l41        l44        l47        l50        l53         l56         l59        l62         l65        l68        l71        l74         l77        l80        l83         l86         l89         l92         l95         l98        l101        l104        l107        l110        l113        l116        l119        l122        l125         l128         l131         l134         l137         l140         l143         l146         l149         l152
   26    1      1      0    0   125 8.896558e-112 1.106523e-07 2.369180e-02 0.0135802387 0.004694496 2.736663e-03 2.698005e-04 0.005318572 0.02659384 0.04167965 0.07173340 0.02394078 0.007416631 0.013051420 0.11903271 0.027603469 0.04254160 0.03344014 0.01596685 0.020295879 0.04446524 0.02181928 0.017337570 0.011221589 0.008381222 0.029322405 0.048041263 0.029946107 0.024086757 0.030060149 0.036383625 0.021190517 0.031866374 0.008655150 0.019485632 0.024578803 0.0303430454 8.917488e-03 5.700961e-03 5.037662e-03 8.343752e-03 1.817084e-04 3.593618e-02 4.555276e-06 5.104894e-03
   36    1      1      0    0   125 1.865716e-140 1.937893e-05 2.702965e-05 0.0248311216 0.007600731 8.581912e-04 1.479596e-02 0.006474080 0.01771999 0.03886987 0.03644034 0.05129853 0.065130946 0.049472770 0.02625456 0.030533308 0.02737364 0.03518676 0.01794042 0.051047878 0.03943242 0.04006348 0.049050626 0.061986524 0.050543405 0.025819827 0.042675011 0.020642875 0.009896959 0.014417020 0.014435503 0.004138289 0.011202284 0.022584324 0.010158042 0.010129081 0.0257082129 2.542162e-02 1.269580e-02 8.862714e-05 2.137518e-03 3.021520e-04 4.440546e-03 1.857406e-05 1.357573e-04
   46    1      1      0    0   125 8.858061e-103 1.259161e-14 7.627557e-08 0.0067475909 0.015899445 1.482334e-02 6.316358e-04 0.014754844 0.05913749 0.06339462 0.04801996 0.07149451 0.018373660 0.020727434 0.02644371 0.009681173 0.05012664 0.02894646 0.02826314 0.028647153 0.06252186 0.07111482 0.010666218 0.020199194 0.036100933 0.033717738 0.036240210 0.037461592 0.019044213 0.038879847 0.004407443 0.015005395 0.043860117 0.003249078 0.019370206 0.002955442 0.0248407275 1.028545e-03 2.988129e-03 1.009338e-02 1.078621e-05 7.258450e-07 1.305156e-04 1.610196e-09 1.534872e-16
   56    1      1      0    0   125 4.132799e-143 5.120252e-19 4.813910e-04 0.0041642505 0.007555638 5.089000e-04 3.339988e-04 0.006366005 0.06212864 0.05352180 0.05318222 0.03916304 0.018104492 0.018560095 0.04869511 0.038172012 0.08951035 0.05941990 0.02475564 0.046775413 0.02279127 0.03341401 0.013008514 0.019161750 0.053455402 0.030198292 0.045064646 0.030318424 0.016649486 0.024589080 0.004979048 0.033673481 0.027346159 0.040350535 0.006245421 0.008125689 0.0008862552 1.628978e-04 1.772083e-02 2.667283e-05 1.223699e-06 3.087496e-06 4.288732e-04 2.945676e-08 2.980961e-08
   60    1      1      0    0   125  0.000000e+00 4.539682e-03 1.663641e-04 0.0152888001 0.005936189 1.058229e-02 1.040331e-02 0.014872668 0.05393584 0.04757122 0.03105837 0.04562563 0.031480853 0.018922674 0.04259977 0.034744348 0.05318098 0.07635016 0.03275997 0.050603272 0.01432953 0.02702395 0.036649258 0.032419823 0.038181689 0.030657898 0.028993910 0.019680088 0.036661097 0.015341989 0.025371962 0.021475806 0.019059494 0.008908318 0.019872516 0.004027597 0.0158239606 1.004568e-02 9.419373e-03 4.173372e-03 2.984961e-04 1.444092e-04 5.159879e-04 3.013665e-04 5.252213e-08
   64    1      1      0    0   125  0.000000e+00 2.717882e-03 1.565056e-02 0.0046798772 0.026511719 1.877969e-02 1.466871e-03 0.008319695 0.03197193 0.04834804 0.06772039 0.03559113 0.008174285 0.016624256 0.04433534 0.041005962 0.02926367 0.02011376 0.03232815 0.035615220 0.05131153 0.05873211 0.052911735 0.048337871 0.027244160 0.031996638 0.002415937 0.040448996 0.024860532 0.038322447 0.006942365 0.032871698 0.015256588 0.004130290 0.033692272 0.010277595 0.0102686162 3.390976e-03 5.964271e-03 1.822507e-03 3.142746e-05 2.272090e-03 7.278919e-03 2.089890e-24 1.668239e-23
   68    1      1      0    0   125  0.000000e+00 5.848933e-11 1.147162e-03 0.0005764519 0.006231159 4.680207e-03 1.746170e-02 0.038382202 0.03821967 0.03439276 0.06646257 0.04491860 0.023053431 0.048498884 0.02812886 0.031789259 0.03769306 0.06069979 0.04265053 0.005745603 0.04134041 0.04443735 0.076686180 0.029598138 0.038458891 0.022598855 0.016992295 0.004472451 0.021770381 0.036578815 0.006358181 0.065945415 0.003068493 0.030720250 0.006534734 0.009606084 0.0042177951 5.825208e-04 7.698497e-04 1.725602e-03 4.708178e-04 1.856565e-04 6.946039e-06 6.141998e-03 3.571290e-09
   72    1      1      0    0   125  7.658168e-04 4.201071e-30 1.788746e-05 0.0146272257 0.018316789 1.385530e-07 4.547054e-03 0.032225778 0.04269389 0.07266054 0.05814930 0.03452145 0.022888230 0.033769778 0.03304372 0.049796465 0.07614245 0.03040865 0.05056076 0.018523829 0.01883609 0.01865593 0.026202422 0.051351011 0.040458076 0.009818934 0.035269088 0.013601419 0.005422702 0.029036639 0.023665285 0.026326008 0.020273848 0.006671533 0.014150436 0.024383619 0.0056964084 1.341818e-03 9.690928e-04 2.899006e-02 8.720834e-05 2.762825e-05 4.088720e-03 9.720538e-04 4.420677e-05
   76    1      1      0    0   125  9.732798e-25 1.463141e-13 4.433442e-04 0.0168213435 0.015633035 7.331047e-03 2.972300e-02 0.006436075 0.04387594 0.04179395 0.06797043 0.06598821 0.037503821 0.033798406 0.04474439 0.039406533 0.03384052 0.01724960 0.02447687 0.059940478 0.04326517 0.01251808 0.033134542 0.083391235 0.007259317 0.033614715 0.021889527 0.043041795 0.023331477 0.052425650 0.011478444 0.015259738 0.005893736 0.004898795 0.005468173 0.001836930 0.0009396842 2.726751e-03 2.220396e-03 1.107383e-05 7.679698e-03 1.899804e-09 7.236475e-05 6.348783e-12 6.657318e-04
   80    1      1      0    0   125 3.479784e-180 1.013195e-14 5.755376e-04 0.0076096420 0.025694173 6.667933e-03 3.978340e-03 0.029981073 0.04945089 0.04845402 0.05795910 0.04305180 0.036990301 0.031914295 0.04579747 0.052666516 0.02597708 0.03360037 0.03373058 0.030576204 0.06933779 0.03412526 0.008254563 0.025265719 0.031664351 0.027341511 0.051542813 0.010471244 0.060971824 0.011574418 0.006464148 0.014558223 0.003357219 0.018978800 0.010710765 0.030354335 0.0022805831 1.018432e-03 1.456778e-02 1.198541e-04 1.009157e-03 1.353725e-03 2.121989e-06 4.020723e-08 2.836951e-09
   84    1      1      0    0   125  4.054595e-55 1.934338e-05 8.800955e-03 0.0125647924 0.025868148 9.331896e-04 2.348516e-02 0.011912820 0.06375418 0.05457825 0.04695149 0.02948893 0.028297662 0.013687335 0.06493820 0.038915470 0.05447564 0.01852869 0.04273407 0.033392883 0.05935457 0.04772100 0.029811566 0.041349650 0.017231671 0.051402713 0.005678923 0.017812359 0.021053003 0.040623377 0.011388434 0.023556594 0.021593779 0.001786355 0.012042208 0.010908649 0.0005634582 7.106628e-03 7.052614e-05 4.239616e-05 4.541084e-03 8.615992e-06 5.718929e-10 1.340171e-04 8.912304e-04
   88    1      1      0    0   125  4.711880e-72 2.955205e-29 6.692042e-03 0.0195788890 0.009922780 4.356122e-03 9.832134e-05 0.012910928 0.03352380 0.05974961 0.08952719 0.03838330 0.029406735 0.034210962 0.08165571 0.018571579 0.02205302 0.06120941 0.02501818 0.028984751 0.01096728 0.07600314 0.041777587 0.031531723 0.022984771 0.018322616 0.032717056 0.020770527 0.019857780 0.040827254 0.019996076 0.020738974 0.013378618 0.009268722 0.024548010 0.015088652 0.0043348231 4.901642e-06 5.396729e-04 4.290952e-04 5.409961e-05 4.277549e-10 2.639095e-13 3.342182e-06 1.944279e-06
   92    1      1      0    0   125 1.482197e-323 8.133609e-14 2.262023e-05 0.0068786153 0.018265803 1.225394e-03 7.179750e-03 0.014079411 0.01723777 0.03318648 0.06272013 0.03780798 0.016957293 0.051742859 0.02981057 0.111457466 0.02434419 0.02469749 0.02652821 0.029554187 0.01504638 0.05967265 0.085869926 0.049459222 0.041284049 0.028569654 0.021349703 0.070028739 0.014306700 0.006365196 0.012822560 0.035728416 0.008758185 0.005587506 0.010334375 0.012905235 0.0020980559 4.176178e-03 1.430088e-03 1.078877e-04 2.287007e-04 8.383108e-05 7.608193e-14 4.022709e-14 9.055718e-05
   96    1      1      0    0   125  1.416411e-71 1.487380e-09 7.405484e-05 0.0117836419 0.014175124 5.225963e-03 5.718024e-03 0.025215092 0.04658729 0.08517774 0.07836244 0.03627559 0.046338336 0.022868696 0.01026744 0.060208878 0.02445210 0.02277115 0.04073463 0.028874345 0.02969541 0.03015673 0.010933543 0.044566196 0.023461178 0.060749387 0.028564956 0.019663821 0.030544797 0.012893793 0.016665266 0.047434267 0.030119708 0.002626252 0.010419383 0.001180530 0.0160511640 5.028333e-03 1.232045e-02 9.885953e-05 4.571829e-04 2.554174e-05 1.738643e-05 1.193039e-03 2.227015e-05
  100    1      1      0    0   125  2.564199e-70 1.275874e-08 1.713610e-03 0.0139938180 0.004444646 2.846194e-02 9.992352e-03 0.014998866 0.09084572 0.06564004 0.06319180 0.04888574 0.041783487 0.009584699 0.02793762 0.031699185 0.02903919 0.04070887 0.03835680 0.038274195 0.01786955 0.06612017 0.038971636 0.009579367 0.035776387 0.044833080 0.017016110 0.017166982 0.020098067 0.053413005 0.010629349 0.009318865 0.003389612 0.015630729 0.002152527 0.023405681 0.0046244513 3.617195e-03 3.326969e-03 1.193186e-05 1.079914e-03 5.340526e-06 1.366422e-07 2.805734e-12 2.410357e-03
   76    1      2      0    0   500  2.568207e-05 9.199954e-04 1.397099e-02 0.0480372337 0.043056094 1.253596e-02 7.570741e-03 0.026014384 0.05842348 0.06053848 0.07747647 0.03853832 0.057131923 0.048397240 0.03449319 0.040606869 0.02779211 0.03068440 0.02683901 0.019426893 0.03115919 0.03531106 0.041466422 0.023230970 0.020325463 0.022212370 0.028060288 0.014911480 0.017575896 0.023250456 0.013473545 0.009790521 0.006645691 0.011476551 0.004079759 0.005656509 0.0065951454 4.875793e-03 2.016343e-03 2.460025e-03 4.819515e-04 8.383863e-04 3.588278e-04 1.672723e-05 1.251184e-03
   78    1      2      0    0   500  1.800628e-05 3.550882e-03 1.370310e-02 0.0355564843 0.044849725 2.048254e-02 8.151020e-03 0.024241737 0.04302071 0.06121108 0.06069168 0.05408824 0.038201579 0.025100607 0.05057213 0.028420204 0.02690678 0.03315646 0.02807217 0.033658563 0.04348150 0.02704968 0.027658789 0.023399366 0.023553942 0.025951345 0.021886953 0.019171596 0.021343423 0.022344208 0.033392381 0.013847515 0.009938815 0.010398341 0.009411600 0.013994778 0.0047362053 6.646335e-03 2.360725e-03 1.194565e-03 1.129666e-03 6.017491e-07 8.902329e-06 1.620360e-06 3.443454e-03
   80    1      2      0    0   500  1.011748e-54 9.201151e-04 2.234480e-02 0.0527838360 0.025229717 1.847084e-02 6.409866e-03 0.015395572 0.03652347 0.07062616 0.05706290 0.02803905 0.048031529 0.033772901 0.03886085 0.033667406 0.03362626 0.02903080 0.01685750 0.034086985 0.03860082 0.02439516 0.038600256 0.035873016 0.038659047 0.027182123 0.023586622 0.020537287 0.029559058 0.017632339 0.015664962 0.021259362 0.010200241 0.008408585 0.005551772 0.010558133 0.0060934650 3.846473e-03 8.376583e-03 1.921898e-03 5.126874e-03 3.713904e-03 7.640607e-06 2.827072e-05 2.875554e-03
   82    1      2      0    0   500  1.723002e-13 4.530818e-03 2.599400e-02 0.0545094605 0.050732923 1.501550e-02 9.822934e-03 0.024079550 0.04666164 0.04801406 0.05453795 0.05088486 0.035960133 0.040099954 0.04472588 0.043512549 0.03647682 0.03507978 0.02839114 0.028910894 0.03232032 0.02511414 0.017154734 0.014623942 0.023624595 0.025866345 0.019000364 0.009909292 0.017972729 0.021499154 0.017066576 0.017896122 0.011557777 0.024894070 0.019295096 0.002746778 0.0089284960 6.201034e-03 1.833091e-03 2.049696e-03 6.354176e-04 1.025941e-03 1.081321e-04 7.233054e-04 1.202056e-05
   84    1      2      0    0   500  3.355089e-29 3.139316e-03 2.373327e-02 0.0603708953 0.039395109 2.543901e-02 1.023833e-02 0.018807666 0.04961654 0.05366647 0.06551176 0.03826233 0.039057015 0.027853698 0.03457259 0.024781700 0.04339384 0.03677056 0.04762833 0.024358728 0.03320865 0.03017417 0.017828276 0.021295259 0.022922605 0.018669513 0.017241396 0.011612997 0.042978342 0.015766065 0.024752398 0.021656963 0.011490813 0.010568454 0.005339076 0.008449173 0.0027338263 1.930926e-03 3.816144e-03 2.776395e-03 1.262045e-03 4.005033e-03 2.439303e-03 4.696036e-04 1.542431e-05
   86    1      2      0    0   500  6.934982e-30 6.052309e-03 1.550696e-02 0.0504069765 0.054260819 2.704459e-02 5.521296e-03 0.015105378 0.06172255 0.04481437 0.04363648 0.04319868 0.046209940 0.023241778 0.02968698 0.031521075 0.03258887 0.03981941 0.02486053 0.021177440 0.02562715 0.02041490 0.030648385 0.032437752 0.040528846 0.031267158 0.026620962 0.034797386 0.021313397 0.017421033 0.010469797 0.013992050 0.012106234 0.009443664 0.009093255 0.019129647 0.0067961018 5.598378e-03 6.734565e-03 1.992085e-03 4.563746e-03 2.506830e-03 6.845286e-06 1.647098e-05 9.692660e-05
   88    1      2      0    0   500  3.505076e-40 9.070572e-04 2.537655e-02 0.0534992801 0.038746507 1.065193e-02 1.151169e-02 0.015967098 0.03592518 0.03631804 0.05551213 0.07019824 0.030551641 0.031328696 0.03601537 0.031533320 0.03399201 0.02958350 0.02652997 0.038135497 0.04191053 0.03387945 0.039639392 0.029687558 0.033099756 0.032231267 0.016890910 0.016088049 0.030841966 0.016759474 0.019152752 0.018170928 0.012852720 0.009088786 0.006297756 0.009562037 0.0092076512 8.810177e-04 5.987235e-03 1.732894e-03 1.042751e-03 8.616348e-04 4.804284e-05 6.567777e-05 1.736059e-03
   90    1      2      0    0   500  5.021697e-10 3.052665e-03 1.597518e-02 0.0558757855 0.048119183 2.313737e-02 9.740560e-03 0.022746094 0.04703370 0.04078874 0.06125609 0.05090752 0.031544209 0.035766308 0.03642833 0.043475934 0.03385000 0.02730178 0.04880763 0.033837227 0.02784859 0.03442779 0.029922707 0.023993574 0.032956474 0.023363484 0.012371261 0.024863102 0.014162215 0.028475176 0.015573922 0.011229220 0.004710554 0.006996915 0.009459617 0.015044526 0.0090093518 8.814052e-04 3.376900e-04 1.658333e-03 1.739517e-03 2.023336e-04 7.503290e-04 3.246981e-04 5.290839e-05
   92    1      2      0    0   500  1.601123e-09 6.534203e-03 1.080136e-02 0.0652071484 0.043606732 1.647650e-02 9.605010e-03 0.036862220 0.03114191 0.05491327 0.03803957 0.04338681 0.030472038 0.036365793 0.03480025 0.034257441 0.02727137 0.05651217 0.02826016 0.031336031 0.03980985 0.02632607 0.040834863 0.027750417 0.026830622 0.033298671 0.013613424 0.022199130 0.020326238 0.011666211 0.016083005 0.010356255 0.010297527 0.023480926 0.008285439 0.006769947 0.0051430559 9.590930e-03 6.847628e-03 2.054428e-03 1.002824e-03 2.404976e-04 1.550632e-04 1.160591e-03 2.638089e-05
   94    1      2      0    0   500  3.622645e-39 2.207940e-03 1.142660e-02 0.0348823180 0.061734143 2.036640e-02 1.103557e-02 0.040942818 0.04200011 0.05147801 0.05504362 0.04092180 0.036398423 0.051581954 0.03857713 0.034020313 0.02778943 0.02778415 0.02772235 0.030019545 0.03461749 0.01830084 0.037624638 0.030803358 0.024831857 0.018839821 0.026459393 0.026095147 0.037139277 0.021916524 0.013343539 0.011098551 0.012204017 0.006279145 0.006875442 0.008337007 0.0101427478 4.957038e-03 5.137495e-04 8.704215e-04 1.726179e-03 1.054116e-03 1.698284e-05 6.008204e-06 1.409073e-05
   96    1      2      0    0   500  1.324554e-11 2.085266e-03 3.189789e-02 0.0507630821 0.055816819 3.098846e-02 4.662630e-03 0.040048723 0.04292078 0.06040756 0.04630413 0.03274749 0.023122257 0.038992315 0.03582824 0.033384078 0.03430458 0.03819291 0.02256581 0.025252147 0.02930716 0.04210512 0.034339288 0.014229206 0.023965070 0.024730111 0.019831058 0.017299812 0.010542769 0.023006107 0.021406732 0.017346828 0.008250142 0.009860027 0.010612198 0.011777313 0.0090689930 9.948086e-03 8.080072e-04 3.800971e-03 6.090857e-04 3.994966e-04 1.755294e-03 4.007164e-03 7.087875e-04
   98    1      2      0    0   500  1.360773e-16 5.647869e-04 1.631981e-02 0.0605961598 0.051642007 1.833894e-02 1.427563e-02 0.027873307 0.02518493 0.04572820 0.05856141 0.04124966 0.031650764 0.033681758 0.05215879 0.030504532 0.04113296 0.03247353 0.03138148 0.022092655 0.04074734 0.03028293 0.031063550 0.030392245 0.025972583 0.031669804 0.016051662 0.025848066 0.015472278 0.014758832 0.027596746 0.012729541 0.013076629 0.006503272 0.011395656 0.003778610 0.0081572587 6.011537e-03 4.877179e-03 5.336100e-03 8.943950e-04 4.504959e-04 1.709539e-05 4.705198e-04 1.034389e-03
  100    1      2      0    0   500  2.629163e-05 2.917109e-03 2.475109e-02 0.0476303310 0.075146259 1.567041e-02 8.639019e-03 0.026948245 0.04195701 0.05907778 0.07135302 0.03838383 0.038147727 0.026273659 0.02089613 0.036265436 0.03733655 0.03943485 0.02349340 0.031958427 0.01721251 0.03193397 0.016738964 0.031936527 0.021993994 0.037141849 0.022412321 0.022196997 0.027566206 0.025264392 0.011437589 0.019054620 0.008693361 0.009301731 0.005135387 0.011840170 0.0033475637 2.669072e-03 3.239428e-03 5.220000e-04 3.288694e-03 4.105622e-04 3.198333e-04 5.641852e-06 3.004150e-05
15 #_N_agebins
#_agebin_vector
1 2 3 4 5 6 7 8 9 10 11 12 13 14 15
1 #_N_ageerror_definitions
 #_age0   age1   age2   age3   age4   age5   age6   age7   age8   age9  age10  age11  age12  age13  age14  age15  age16  age17  age18  age19  age20  age21  age22  age23  age24  age25
 -1.000 -1.000 -1.000 -1.000 -1.000 -1.000 -1.000 -1.000 -1.000 -1.000 -1.000 -1.000 -1.000 -1.000 -1.000 -1.000 -1.000 -1.000 -1.000 -1.000 -1.000 -1.000 -1.000 -1.000 -1.000 -1.000
  0.001  0.001  0.001  0.001  0.001  0.001  0.001  0.001  0.001  0.001  0.001  0.001  0.001  0.001  0.001  0.001  0.001  0.001  0.001  0.001  0.001  0.001  0.001  0.001  0.001  0.001
89 #_N_agecomp
1 #_Lbin_method: 1=poplenbins; 2=datalenbins; 3=lengths
-1 #_combine males into females at or below this bin number
 #_Yr Seas FltSvy Gender Part Ageerr Lbin_lo Lbin_hi Nsamp          a1        a2        a3         a4         a5         a6         a7         a8         a9         a10         a11         a12          a13          a14         a15
   26    1      1      0    0      1      -1      -1   125  0.01360120 0.1408599 0.1674287 0.17724390 0.07231539 0.09662309 0.03816435 0.03584317 0.04184125 0.055139211 0.015507402 0.045755530 0.0170043878 1.772937e-02 0.064943166
   36    1      1      0    0      1      -1      -1   125  0.03397850 0.2068222 0.1648920 0.10741707 0.09601004 0.10397656 0.05179300 0.03630866 0.06451754 0.013966346 0.017113476 0.012447165 0.0033400714 1.132917e-02 0.076088187
   46    1      1      0    0      1      -1      -1   125  0.01706824 0.2685551 0.2330494 0.15592727 0.05910985 0.04777391 0.03684189 0.02419957 0.02717395 0.057991882 0.012951030 0.005382582 0.0063044094 3.120822e-02 0.016462692
   56    1      1      0    0      1      -1      -1   125  0.06290416 0.2650008 0.1725247 0.09769793 0.13276098 0.09027691 0.03379108 0.03249814 0.01755573 0.029683367 0.026952414 0.009899953 0.0062479132 1.290523e-02 0.009300676
   60    1      1      0    0      1      -1      -1   125  0.03461470 0.1874208 0.2211350 0.13935231 0.11522035 0.08189264 0.03791307 0.02261071 0.07627523 0.019998917 0.018788090 0.009316126 0.0035979353 4.829648e-04 0.031381192
   64    1      1      0    0      1      -1      -1   125  0.02107406 0.2302397 0.1906031 0.15965016 0.10570017 0.10881925 0.06146235 0.02374545 0.03701026 0.022771667 0.010001284 0.004078518 0.0121289998 6.419958e-03 0.006295067
   68    1      1      0    0      1      -1      -1   125  0.01467271 0.2228160 0.2089233 0.15748320 0.11295808 0.05643465 0.14264986 0.02473212 0.01747150 0.010538659 0.005647849 0.005066681 0.0078873936 4.462310e-03 0.008255740
   72    1      1      0    0      1      -1      -1   125  0.02419672 0.2337795 0.2272853 0.15215768 0.15566370 0.05344099 0.06092238 0.01318455 0.02223972 0.015499535 0.014237002 0.012056141 0.0042161536 7.123746e-04 0.010408291
   76    1      1      0    0      1      -1      -1   125  0.02451482 0.2606278 0.1906100 0.12296540 0.10537282 0.07249620 0.08152376 0.05564387 0.01329469 0.015664748 0.013185382 0.011635406 0.0143969455 8.121712e-03 0.009946428
   80    1      1      0    0      1      -1      -1   125  0.05010359 0.1912461 0.1907507 0.17247073 0.12731108 0.07518753 0.07301645 0.02676056 0.02479207 0.026168246 0.014765767 0.005599892 0.0029232260 4.083801e-03 0.014820294
   84    1      1      0    0      1      -1      -1   125  0.02884861 0.1709003 0.2419264 0.12871758 0.11892154 0.04444920 0.07691974 0.03812324 0.02233170 0.060700779 0.028230498 0.003580235 0.0019540921 7.072404e-03 0.027323697
   88    1      1      0    0      1      -1      -1   125  0.02774119 0.2185641 0.2392052 0.16708429 0.10282373 0.06831415 0.04436449 0.03123229 0.02662876 0.006271280 0.017633110 0.008710569 0.0105473782 1.284715e-02 0.018032406
   92    1      1      0    0      1      -1      -1   125  0.02490560 0.1852592 0.2762716 0.12601218 0.07739906 0.05978540 0.02516463 0.05699374 0.06222229 0.017906598 0.016282618 0.045705731 0.0090859718 6.354846e-05 0.016941772
   96    1      1      0    0      1      -1      -1   125  0.02227780 0.2328906 0.1775193 0.19381875 0.07948493 0.04110618 0.08377558 0.04302694 0.02994091 0.013366218 0.016201237 0.017877301 0.0088786428 1.138845e-03 0.038696824
  100    1      1      0    0      1      -1      -1   125  0.02770673 0.2231325 0.1994315 0.17972604 0.09127583 0.10727486 0.04226076 0.02038456 0.01612081 0.018463712 0.016008453 0.025964322 0.0088368590 6.062271e-04 0.022806834
   76    1      2      0    0      1      -1      -1   500  0.15619059 0.2321981 0.1747158 0.10931542 0.07600117 0.06135929 0.06058773 0.02126608 0.02462854 0.025124481 0.014252228 0.009482806 0.0137075936 8.846168e-03 0.012324012
   78    1      2      0    0      1      -1      -1   500  0.16753610 0.2229377 0.1686981 0.11835280 0.09796614 0.03956770 0.06072732 0.03901431 0.03181948 0.013472043 0.019886747 0.007045691 0.0034147553 4.494455e-04 0.009111671
   80    1      2      0    0      1      -1      -1   500  0.13174504 0.1891755 0.1772122 0.10509098 0.10610456 0.07320526 0.06589313 0.04884339 0.02647673 0.008611079 0.010387387 0.026782139 0.0057810001 2.744376e-03 0.021947294
   82    1      2      0    0      1      -1      -1   500  0.13858677 0.2751962 0.1623869 0.10920557 0.09145966 0.06560964 0.04207420 0.03176456 0.02147092 0.015378546 0.009285317 0.006002276 0.0109102909 2.405820e-03 0.018263293
   84    1      2      0    0      1      -1      -1   500  0.11620285 0.2335250 0.1515920 0.12983461 0.08973250 0.07150678 0.05119527 0.03002328 0.05035159 0.025739799 0.019854031 0.011258453 0.0031551439 2.577612e-03 0.013451023
   86    1      2      0    0      1      -1      -1   500  0.11142551 0.2413098 0.1626423 0.10886873 0.08756488 0.09487316 0.06051577 0.03690232 0.02740632 0.026311650 0.008714814 0.016215117 0.0005525388 1.516660e-03 0.015180432
   88    1      2      0    0      1      -1      -1   500  0.14008819 0.2139342 0.1382682 0.12464555 0.10351550 0.07007267 0.04999130 0.04137150 0.02660557 0.031394459 0.009824021 0.010985055 0.0103750611 7.206221e-03 0.021722506
   90    1      2      0    0      1      -1      -1   500  0.13897689 0.1885901 0.1542433 0.15844328 0.08880349 0.06128751 0.05192288 0.04008122 0.03865341 0.011277954 0.016074751 0.019683387 0.0118732844 3.858215e-03 0.016230329
   92    1      2      0    0      1      -1      -1   500  0.12300677 0.2491591 0.1573266 0.12290404 0.11027156 0.06160111 0.03425334 0.03171142 0.04673574 0.017073856 0.012169472 0.007552354 0.0033916924 3.004266e-03 0.019838668
   94    1      2      0    0      1      -1      -1   500  0.14266104 0.2030049 0.1980234 0.12650872 0.08853147 0.08234222 0.04677150 0.02624376 0.02647108 0.017954474 0.017246098 0.004870692 0.0067819118 4.098688e-03 0.008490054
   96    1      2      0    0      1      -1      -1   500  0.12822541 0.2552100 0.1558736 0.14255005 0.08563498 0.04621693 0.05409982 0.03935335 0.01909181 0.023036183 0.015381403 0.009333094 0.0094030739 4.911433e-03 0.011678888
   98    1      2      0    0      1      -1      -1   500  0.13268032 0.1949440 0.1659801 0.14748623 0.11544717 0.08927225 0.04784329 0.01861660 0.01954634 0.017204180 0.012502151 0.010353394 0.0058584181 1.215826e-02 0.010107341
  100    1      2      0    0      1      -1      -1   500  0.14227952 0.2193759 0.1708538 0.12485094 0.08581806 0.06373634 0.06023552 0.04388834 0.01679625 0.012930270 0.015468373 0.019660016 0.0055393204 3.631476e-03 0.014935815
   60    1      1      0    0      1       4       4     1  1.00000000 0.0000000 0.0000000 0.00000000 0.00000000 0.00000000 0.00000000 0.00000000 0.00000000 0.000000000 0.000000000 0.000000000 0.0000000000 0.000000e+00 0.000000000
   60    1      1      0    0      1       5       5     1  1.00000000 0.0000000 0.0000000 0.00000000 0.00000000 0.00000000 0.00000000 0.00000000 0.00000000 0.000000000 0.000000000 0.000000000 0.0000000000 0.000000e+00 0.000000000
   60    1      1      0    0      1       6       6     2  2.00000000 0.0000000 0.0000000 0.00000000 0.00000000 0.00000000 0.00000000 0.00000000 0.00000000 0.000000000 0.000000000 0.000000000 0.0000000000 0.000000e+00 0.000000000
   60    1      1      0    0      1       8       8     3  3.00000000 0.0000000 0.0000000 0.00000000 0.00000000 0.00000000 0.00000000 0.00000000 0.00000000 0.000000000 0.000000000 0.000000000 0.0000000000 0.000000e+00 0.000000000
   60    1      1      0    0      1       9       9    10 10.00000000 0.0000000 0.0000000 0.00000000 0.00000000 0.00000000 0.00000000 0.00000000 0.00000000 0.000000000 0.000000000 0.000000000 0.0000000000 0.000000e+00 0.000000000
   60    1      1      0    0      1      10      10     2  2.00000000 0.0000000 0.0000000 0.00000000 0.00000000 0.00000000 0.00000000 0.00000000 0.00000000 0.000000000 0.000000000 0.000000000 0.0000000000 0.000000e+00 0.000000000
   60    1      1      0    0      1      11      11     7  7.00000000 0.0000000 0.0000000 0.00000000 0.00000000 0.00000000 0.00000000 0.00000000 0.00000000 0.000000000 0.000000000 0.000000000 0.0000000000 0.000000e+00 0.000000000
   60    1      1      0    0      1      12      12     3  3.00000000 0.0000000 0.0000000 0.00000000 0.00000000 0.00000000 0.00000000 0.00000000 0.00000000 0.000000000 0.000000000 0.000000000 0.0000000000 0.000000e+00 0.000000000
   60    1      1      0    0      1      13      13     1  1.00000000 0.0000000 0.0000000 0.00000000 0.00000000 0.00000000 0.00000000 0.00000000 0.00000000 0.000000000 0.000000000 0.000000000 0.0000000000 0.000000e+00 0.000000000
   60    1      1      0    0      1      14      14     2  2.00000000 0.0000000 0.0000000 0.00000000 0.00000000 0.00000000 0.00000000 0.00000000 0.00000000 0.000000000 0.000000000 0.000000000 0.0000000000 0.000000e+00 0.000000000
   60    1      1      0    0      1      15      15     3  3.00000000 0.0000000 0.0000000 0.00000000 0.00000000 0.00000000 0.00000000 0.00000000 0.00000000 0.000000000 0.000000000 0.000000000 0.0000000000 0.000000e+00 0.000000000
   60    1      1      0    0      1      16      16     2  2.00000000 0.0000000 0.0000000 0.00000000 0.00000000 0.00000000 0.00000000 0.00000000 0.00000000 0.000000000 0.000000000 0.000000000 0.0000000000 0.000000e+00 0.000000000
   60    1      1      0    0      1      17      17     7  7.00000000 0.0000000 0.0000000 0.00000000 0.00000000 0.00000000 0.00000000 0.00000000 0.00000000 0.000000000 0.000000000 0.000000000 0.0000000000 0.000000e+00 0.000000000
   60    1      1      0    0      1      18      18    16 16.00000000 0.0000000 0.0000000 0.00000000 0.00000000 0.00000000 0.00000000 0.00000000 0.00000000 0.000000000 0.000000000 0.000000000 0.0000000000 0.000000e+00 0.000000000
   60    1      1      0    0      1      20      20     4  4.00000000 0.0000000 0.0000000 0.00000000 0.00000000 0.00000000 0.00000000 0.00000000 0.00000000 0.000000000 0.000000000 0.000000000 0.0000000000 0.000000e+00 0.000000000
   60    1      1      0    0      1      21      21     2  2.00000000 0.0000000 0.0000000 0.00000000 0.00000000 0.00000000 0.00000000 0.00000000 0.00000000 0.000000000 0.000000000 0.000000000 0.0000000000 0.000000e+00 0.000000000
   60    1      1      0    0      1      22      22     6  6.00000000 0.0000000 0.0000000 0.00000000 0.00000000 0.00000000 0.00000000 0.00000000 0.00000000 0.000000000 0.000000000 0.000000000 0.0000000000 0.000000e+00 0.000000000
   60    1      1      0    0      1      23      23     3  3.00000000 0.0000000 0.0000000 0.00000000 0.00000000 0.00000000 0.00000000 0.00000000 0.00000000 0.000000000 0.000000000 0.000000000 0.0000000000 0.000000e+00 0.000000000
   60    1      1      0    0      1      25      25     6  6.00000000 0.0000000 0.0000000 0.00000000 0.00000000 0.00000000 0.00000000 0.00000000 0.00000000 0.000000000 0.000000000 0.000000000 0.0000000000 0.000000e+00 0.000000000
   60    1      1      0    0      1      26      26     1  1.00000000 0.0000000 0.0000000 0.00000000 0.00000000 0.00000000 0.00000000 0.00000000 0.00000000 0.000000000 0.000000000 0.000000000 0.0000000000 0.000000e+00 0.000000000
   60    1      1      0    0      1      27      27     2  2.00000000 0.0000000 0.0000000 0.00000000 0.00000000 0.00000000 0.00000000 0.00000000 0.00000000 0.000000000 0.000000000 0.000000000 0.0000000000 0.000000e+00 0.000000000
   60    1      1      0    0      1      28      28     3  3.00000000 0.0000000 0.0000000 0.00000000 0.00000000 0.00000000 0.00000000 0.00000000 0.00000000 0.000000000 0.000000000 0.000000000 0.0000000000 0.000000e+00 0.000000000
   60    1      1      0    0      1      29      29     1  1.00000000 0.0000000 0.0000000 0.00000000 0.00000000 0.00000000 0.00000000 0.00000000 0.00000000 0.000000000 0.000000000 0.000000000 0.0000000000 0.000000e+00 0.000000000
   60    1      1      0    0      1      30      30     1  1.00000000 0.0000000 0.0000000 0.00000000 0.00000000 0.00000000 0.00000000 0.00000000 0.00000000 0.000000000 0.000000000 0.000000000 0.0000000000 0.000000e+00 0.000000000
   60    1      1      0    0      1      32      32     4  0.00000000 4.0000000 0.0000000 0.00000000 0.00000000 0.00000000 0.00000000 0.00000000 0.00000000 0.000000000 0.000000000 0.000000000 0.0000000000 0.000000e+00 0.000000000
   60    1      1      0    0      1      33      33     1  0.00000000 1.0000000 0.0000000 0.00000000 0.00000000 0.00000000 0.00000000 0.00000000 0.00000000 0.000000000 0.000000000 0.000000000 0.0000000000 0.000000e+00 0.000000000
   60    1      1      0    0      1      34      34     2  0.00000000 2.0000000 0.0000000 0.00000000 0.00000000 0.00000000 0.00000000 0.00000000 0.00000000 0.000000000 0.000000000 0.000000000 0.0000000000 0.000000e+00 0.000000000
   60    1      1      0    0      1      35      35     3  0.00000000 3.0000000 0.0000000 0.00000000 0.00000000 0.00000000 0.00000000 0.00000000 0.00000000 0.000000000 0.000000000 0.000000000 0.0000000000 0.000000e+00 0.000000000
   60    1      1      0    0      1      38      38     1  0.00000000 1.0000000 0.0000000 0.00000000 0.00000000 0.00000000 0.00000000 0.00000000 0.00000000 0.000000000 0.000000000 0.000000000 0.0000000000 0.000000e+00 0.000000000
  100    1      1      0    0      1       3       3     1  1.00000000 0.0000000 0.0000000 0.00000000 0.00000000 0.00000000 0.00000000 0.00000000 0.00000000 0.000000000 0.000000000 0.000000000 0.0000000000 0.000000e+00 0.000000000
  100    1      1      0    0      1       4       4     3  3.00000000 0.0000000 0.0000000 0.00000000 0.00000000 0.00000000 0.00000000 0.00000000 0.00000000 0.000000000 0.000000000 0.000000000 0.0000000000 0.000000e+00 0.000000000
  100    1      1      0    0      1       6       6     4  4.00000000 0.0000000 0.0000000 0.00000000 0.00000000 0.00000000 0.00000000 0.00000000 0.00000000 0.000000000 0.000000000 0.000000000 0.0000000000 0.000000e+00 0.000000000
  100    1      1      0    0      1       7       7     1  1.00000000 0.0000000 0.0000000 0.00000000 0.00000000 0.00000000 0.00000000 0.00000000 0.00000000 0.000000000 0.000000000 0.000000000 0.0000000000 0.000000e+00 0.000000000
  100    1      1      0    0      1       8       8     2  2.00000000 0.0000000 0.0000000 0.00000000 0.00000000 0.00000000 0.00000000 0.00000000 0.00000000 0.000000000 0.000000000 0.000000000 0.0000000000 0.000000e+00 0.000000000
  100    1      1      0    0      1       9       9    10 10.00000000 0.0000000 0.0000000 0.00000000 0.00000000 0.00000000 0.00000000 0.00000000 0.00000000 0.000000000 0.000000000 0.000000000 0.0000000000 0.000000e+00 0.000000000
  100    1      1      0    0      1      10      10     4  4.00000000 0.0000000 0.0000000 0.00000000 0.00000000 0.00000000 0.00000000 0.00000000 0.00000000 0.000000000 0.000000000 0.000000000 0.0000000000 0.000000e+00 0.000000000
  100    1      1      0    0      1      11      11     5  5.00000000 0.0000000 0.0000000 0.00000000 0.00000000 0.00000000 0.00000000 0.00000000 0.00000000 0.000000000 0.000000000 0.000000000 0.0000000000 0.000000e+00 0.000000000
  100    1      1      0    0      1      12      12     5  5.00000000 0.0000000 0.0000000 0.00000000 0.00000000 0.00000000 0.00000000 0.00000000 0.00000000 0.000000000 0.000000000 0.000000000 0.0000000000 0.000000e+00 0.000000000
  100    1      1      0    0      1      13      13     5  5.00000000 0.0000000 0.0000000 0.00000000 0.00000000 0.00000000 0.00000000 0.00000000 0.00000000 0.000000000 0.000000000 0.000000000 0.0000000000 0.000000e+00 0.000000000
  100    1      1      0    0      1      14      14     1  1.00000000 0.0000000 0.0000000 0.00000000 0.00000000 0.00000000 0.00000000 0.00000000 0.00000000 0.000000000 0.000000000 0.000000000 0.0000000000 0.000000e+00 0.000000000
  100    1      1      0    0      1      15      15     1  1.00000000 0.0000000 0.0000000 0.00000000 0.00000000 0.00000000 0.00000000 0.00000000 0.00000000 0.000000000 0.000000000 0.000000000 0.0000000000 0.000000e+00 0.000000000
  100    1      1      0    0      1      16      16     1  1.00000000 0.0000000 0.0000000 0.00000000 0.00000000 0.00000000 0.00000000 0.00000000 0.00000000 0.000000000 0.000000000 0.000000000 0.0000000000 0.000000e+00 0.000000000
  100    1      1      0    0      1      17      17     3  3.00000000 0.0000000 0.0000000 0.00000000 0.00000000 0.00000000 0.00000000 0.00000000 0.00000000 0.000000000 0.000000000 0.000000000 0.0000000000 0.000000e+00 0.000000000
  100    1      1      0    0      1      18      18     6  6.00000000 0.0000000 0.0000000 0.00000000 0.00000000 0.00000000 0.00000000 0.00000000 0.00000000 0.000000000 0.000000000 0.000000000 0.0000000000 0.000000e+00 0.000000000
  100    1      1      0    0      1      19      19     3  3.00000000 0.0000000 0.0000000 0.00000000 0.00000000 0.00000000 0.00000000 0.00000000 0.00000000 0.000000000 0.000000000 0.000000000 0.0000000000 0.000000e+00 0.000000000
  100    1      1      0    0      1      20      20     5  5.00000000 0.0000000 0.0000000 0.00000000 0.00000000 0.00000000 0.00000000 0.00000000 0.00000000 0.000000000 0.000000000 0.000000000 0.0000000000 0.000000e+00 0.000000000
  100    1      1      0    0      1      21      21     2  2.00000000 0.0000000 0.0000000 0.00000000 0.00000000 0.00000000 0.00000000 0.00000000 0.00000000 0.000000000 0.000000000 0.000000000 0.0000000000 0.000000e+00 0.000000000
  100    1      1      0    0      1      22      22     8  8.00000000 0.0000000 0.0000000 0.00000000 0.00000000 0.00000000 0.00000000 0.00000000 0.00000000 0.000000000 0.000000000 0.000000000 0.0000000000 0.000000e+00 0.000000000
  100    1      1      0    0      1      23      23     6  6.00000000 0.0000000 0.0000000 0.00000000 0.00000000 0.00000000 0.00000000 0.00000000 0.00000000 0.000000000 0.000000000 0.000000000 0.0000000000 0.000000e+00 0.000000000
  100    1      1      0    0      1      24      24     1  1.00000000 0.0000000 0.0000000 0.00000000 0.00000000 0.00000000 0.00000000 0.00000000 0.00000000 0.000000000 0.000000000 0.000000000 0.0000000000 0.000000e+00 0.000000000
  100    1      1      0    0      1      25      25     1  1.00000000 0.0000000 0.0000000 0.00000000 0.00000000 0.00000000 0.00000000 0.00000000 0.00000000 0.000000000 0.000000000 0.000000000 0.0000000000 0.000000e+00 0.000000000
  100    1      1      0    0      1      26      26     4  4.00000000 0.0000000 0.0000000 0.00000000 0.00000000 0.00000000 0.00000000 0.00000000 0.00000000 0.000000000 0.000000000 0.000000000 0.0000000000 0.000000e+00 0.000000000
  100    1      1      0    0      1      27      27     1  1.00000000 0.0000000 0.0000000 0.00000000 0.00000000 0.00000000 0.00000000 0.00000000 0.00000000 0.000000000 0.000000000 0.000000000 0.0000000000 0.000000e+00 0.000000000
  100    1      1      0    0      1      28      28     1  1.00000000 0.0000000 0.0000000 0.00000000 0.00000000 0.00000000 0.00000000 0.00000000 0.00000000 0.000000000 0.000000000 0.000000000 0.0000000000 0.000000e+00 0.000000000
  100    1      1      0    0      1      29      29     2  1.00000000 1.0000000 0.0000000 0.00000000 0.00000000 0.00000000 0.00000000 0.00000000 0.00000000 0.000000000 0.000000000 0.000000000 0.0000000000 0.000000e+00 0.000000000
  100    1      1      0    0      1      30      30     6  1.00000000 5.0000000 0.0000000 0.00000000 0.00000000 0.00000000 0.00000000 0.00000000 0.00000000 0.000000000 0.000000000 0.000000000 0.0000000000 0.000000e+00 0.000000000
  100    1      1      0    0      1      32      32     2  0.00000000 2.0000000 0.0000000 0.00000000 0.00000000 0.00000000 0.00000000 0.00000000 0.00000000 0.000000000 0.000000000 0.000000000 0.0000000000 0.000000e+00 0.000000000
  100    1      1      0    0      1      33      33     1  0.00000000 1.0000000 0.0000000 0.00000000 0.00000000 0.00000000 0.00000000 0.00000000 0.00000000 0.000000000 0.000000000 0.000000000 0.0000000000 0.000000e+00 0.000000000
  100    1      1      0    0      1      34      34     3  0.00000000 3.0000000 0.0000000 0.00000000 0.00000000 0.00000000 0.00000000 0.00000000 0.00000000 0.000000000 0.000000000 0.000000000 0.0000000000 0.000000e+00 0.000000000
  100    1      1      0    0      1      38      38     1  0.00000000 1.0000000 0.0000000 0.00000000 0.00000000 0.00000000 0.00000000 0.00000000 0.00000000 0.000000000 0.000000000 0.000000000 0.0000000000 0.000000e+00 0.000000000
  100    1      1      0    0      1      39      39     1  0.00000000 1.0000000 0.0000000 0.00000000 0.00000000 0.00000000 0.00000000 0.00000000 0.00000000 0.000000000 0.000000000 0.000000000 0.0000000000 0.000000e+00 0.000000000
0 #_N_MeanSize_at_Age_obs
0 #_N_environ_variables
0 #_N_environ_obs
0 #_N_sizefreq_methods
0 #_do_tags
0 #_morphcomp_data
#
999
