#C data file created using the SS_writedat function in the R package r4ss
#C should work with SS version: 
#C file write time: 2015-02-11 18:04:39
#
1 #_styr
100 #_endyr
1 #_nseas
12 #_months_per_seas
1 #_spawn_seas
1 #_Nfleet
2 #_Nsurveys
1 #_N_areas
Fishery%Survey%CPUE #_fleetnames
0.5 0.5 0.5 #_surveytiming_in_season
1 1 1 #_area_assignments_for_each_fishery_and_survey
1 #_units of catch:  1=bio; 2=num
0.01 #_se of log(catch) only used for init_eq_catch and for Fmethod 2 and 3
1 #_Ngenders
25 #_Nages
0 #_init_equil_catch_for_each_fishery
100 #_N_lines_of_catch_to_read
 #_Fishery year seas
         0    1    1
         0    2    1
         0    3    1
         0    4    1
         0    5    1
         0    6    1
         0    7    1
         0    8    1
         0    9    1
         0   10    1
         0   11    1
         0   12    1
         0   13    1
         0   14    1
         0   15    1
         0   16    1
         0   17    1
         0   18    1
         0   19    1
         0   20    1
         0   21    1
         0   22    1
         0   23    1
         0   24    1
         0   25    1
 444646000   26    1
 397608000   27    1
 357583000   28    1
 324161000   29    1
 296656000   30    1
 274240000   31    1
 256057000   32    1
 241314000   33    1
 229322000   34    1
 219511000   35    1
 211426000   36    1
 204710000   37    1
 199088000   38    1
 194347000   39    1
 190324000   40    1
 186891000   41    1
 183948000   42    1
 181416000   43    1
 179230000   44    1
 177337000   45    1
 175694000   46    1
 174266000   47    1
 173022000   48    1
 171937000   49    1
 170990000   50    1
 170161000   51    1
 169436000   52    1
 168801000   53    1
 168243000   54    1
 167755000   55    1
 167325000   56    1
 166948000   57    1
 166617000   58    1
 166326000   59    1
 166070000   60    1
 165844000   61    1
 165646000   62    1
 165471000   63    1
 165317000   64    1
 165182000   65    1
 165063000   66    1
 164958000   67    1
 164865000   68    1
 164784000   69    1
 164712000   70    1
 164649000   71    1
 164593000   72    1
 164544000   73    1
 164500000   74    1
 164462000   75    1
 164429000   76    1
 164399000   77    1
 164373000   78    1
 164350000   79    1
 164329000   80    1
 164311000   81    1
 164296000   82    1
 164282000   83    1
 164269000   84    1
 164258000   85    1
 164249000   86    1
 164240000   87    1
 164233000   88    1
 164227000   89    1
 164221000   90    1
 164216000   91    1
 164211000   92    1
 164207000   93    1
 164204000   94    1
 164201000   95    1
 164198000   96    1
 164195000   97    1
 164193000   98    1
 164192000   99    1
 164190000  100    1
13 #_N_cpue
 #_Fleet Units Errtype
       1     1       0
       2     1       0
       3     1       0
 #_year seas index        obs se_log
     76    1     2 2037727514    0.2
     78    1     2 1186348361    0.2
     80    1     2 1220474089    0.2
     82    1     2 1118919295    0.2
     84    1     2 1605861042    0.2
     86    1     2 1661051489    0.2
     88    1     2 1617499513    0.2
     90    1     2 1601508589    0.2
     92    1     2 1256968394    0.2
     94    1     2  877727372    0.2
     96    1     2 1512477972    0.2
     98    1     2 1594796860    0.2
    100    1     2 1668810671    0.2
0 #_N_discard_fleets
#_discard_units (1=same_as_catchunits(bio/num); 2=fraction; 3=numbers)
#_discard_errtype:  >0 for DF of T-dist(read CV below); 0 for normal with CV; -1 for normal with se; -2 for lognormal
0 #_N_discard
0 #_N_meanbodywt
1 #_DF_for_meanbodywt_T-distribution_like
2 # length bin method: 1=use databins; 2=generate from binwidth,min,max below; 3=read vector
1 # binwidth for population size comp
10 # minimum size in the population (lower edge of first bin and size at age 0.00)
200 # maximum size in the population (lower edge of last bin)
-0.001 #_comp_tail_compression
1e-05 #_add_to_comp
0 #_combine males into females at or below this bin number
45 #_N_lbins
#_lbin_vector
20 23 26 29 32 35 38 41 44 47 50 53 56 59 62 65 68 71 74 77 80 83 86 89 92 95 98 101 104 107 110 113 116 119 122 125 128 131 134 137 140 143 146 149 152
28 #_N_Length_comp_observations
 #_Yr Seas FltSvy Gender Part Nsamp           l20          l23          l26          l29          l32          l35          l38         l41        l44        l47        l50        l53        l56        l59        l62        l65        l68        l71        l74        l77        l80        l83         l86        l89         l92         l95         l98        l101        l104        l107        l110        l113        l116        l119        l122         l125         l128         l131         l134         l137         l140         l143         l146         l149         l152
   26    1      1      0    0   125  1.266280e-27 1.186482e-11 4.023964e-03 0.0086416133 0.0003566911 2.094570e-04 0.0086373317 0.005009277 0.02738670 0.06328684 0.03135909 0.03446624 0.01900698 0.03986637 0.01617483 0.01424519 0.03096937 0.03386596 0.03208574 0.03165663 0.03931823 0.03507753 0.011457145 0.05315217 0.035903449 0.035319465 0.036121870 0.045675822 0.013838140 0.068940431 0.034871939 0.021077990 0.021229392 0.017909922 0.009934437 0.0416450266 0.0100768239 0.0066862918 1.549353e-02 2.331187e-02 1.490254e-02 3.857907e-03 2.558007e-03 5.681217e-05 3.349724e-04
   36    1      1      0    0   125  5.096891e-72 2.447388e-10 2.463792e-03 0.0080933458 0.0102906427 7.103778e-03 0.0021492049 0.031307281 0.05698316 0.07196779 0.04780159 0.01843974 0.01385233 0.02729205 0.02718863 0.05085983 0.02739152 0.07224023 0.05245926 0.04748115 0.03485031 0.02619772 0.039605499 0.08051137 0.005326591 0.018869875 0.011760128 0.018560614 0.019475754 0.034346171 0.018593618 0.009161731 0.008441105 0.007315948 0.001964878 0.0596568262 0.0107306109 0.0058568705 4.486697e-03 3.586289e-03 7.854001e-05 4.729964e-04 4.134994e-03 6.495278e-04 3.546133e-13
   46    1      1      0    0   125  8.892267e-44 1.756482e-08 3.654702e-04 0.0193803484 0.0078398945 3.877727e-03 0.0049747039 0.018176302 0.05361824 0.06982510 0.04199575 0.01518683 0.04141693 0.05304595 0.02999465 0.02258503 0.06336061 0.09119704 0.04155451 0.03475249 0.02349479 0.02913128 0.026693247 0.05150300 0.038933067 0.009358537 0.013955762 0.006730095 0.037422229 0.021998985 0.025170539 0.009540020 0.049640363 0.005295992 0.007215875 0.0058599236 0.0004744501 0.0008556943 7.166720e-03 1.721470e-04 6.382269e-04 4.531076e-04 1.493964e-02 2.025162e-19 2.086999e-04
   56    1      1      0    0   125  5.301684e-92 1.031247e-04 1.259044e-04 0.0132714335 0.0110454428 1.564839e-02 0.0051993161 0.017048316 0.02404470 0.04789917 0.06261575 0.03133222 0.03347358 0.04718597 0.03352971 0.03899640 0.07082578 0.02948223 0.04481886 0.06511551 0.02204826 0.01355774 0.036239591 0.01626537 0.035241501 0.060838088 0.013088141 0.040209828 0.008032486 0.008785077 0.015608642 0.017446998 0.016210430 0.014042911 0.051361307 0.0066145881 0.0007377223 0.0007751124 1.391962e-02 1.587776e-02 8.077786e-06 8.086647e-04 2.663832e-05 1.931664e-06 4.917075e-04
   60    1      1      0    0   125  2.018204e-64 1.954837e-11 3.708559e-04 0.0099637501 0.0302996219 3.145865e-03 0.0082828038 0.016300661 0.01506754 0.06522790 0.04608403 0.05103226 0.03838173 0.02042538 0.06214345 0.02332862 0.03465391 0.03907430 0.03085416 0.07815340 0.01964956 0.03447531 0.032564315 0.02408269 0.013923187 0.023305098 0.064256878 0.054151317 0.008358615 0.035366962 0.035648126 0.006873813 0.005639028 0.010104108 0.011087826 0.0182981223 0.0149201061 0.0081596877 3.425335e-03 1.385089e-04 2.623021e-03 1.572749e-04 8.508954e-07 2.594045e-08 8.163151e-17
   64    1      1      0    0   125  0.000000e+00 1.678295e-11 1.563791e-04 0.0025316974 0.0090053406 2.785008e-03 0.0152044278 0.017213758 0.02545475 0.06279842 0.08279041 0.07542960 0.01849820 0.03784904 0.03689811 0.04858420 0.06173708 0.03629934 0.03579257 0.03640047 0.02948413 0.04527366 0.036915565 0.03227966 0.033234532 0.035335230 0.007162152 0.012120379 0.020586474 0.024720783 0.009975687 0.028598526 0.003440823 0.031450640 0.002000640 0.0110524909 0.0085023825 0.0093662465 8.635620e-03 3.924833e-04 4.022968e-03 1.601700e-08 4.509480e-06 1.561998e-05 5.792634e-09
   68    1      1      0    0   125 1.191182e-183 8.815909e-21 5.393264e-04 0.0074789872 0.0044670405 2.153597e-02 0.0147328862 0.011790026 0.02803444 0.05708517 0.04674839 0.05913946 0.02517598 0.02705397 0.03353092 0.06308103 0.06752235 0.07812829 0.02433324 0.04631895 0.01740332 0.03037527 0.067958450 0.03420037 0.019207130 0.035534829 0.029796721 0.001439084 0.036297044 0.006215983 0.007524019 0.024504358 0.011916021 0.005805195 0.010531316 0.0173422198 0.0103559405 0.0123304729 6.018697e-07 2.705217e-03 1.177612e-04 4.324403e-04 7.344895e-05 3.957913e-23 1.236369e-03
   72    1      1      0    0   125 3.016835e-276 1.815394e-30 2.218878e-05 0.0076020294 0.0068298920 9.777119e-05 0.0028558131 0.012829282 0.04866645 0.05925693 0.04944313 0.09066691 0.05573653 0.05322767 0.04878356 0.04406148 0.04438183 0.07535213 0.03157293 0.01400470 0.04656433 0.07045201 0.009867238 0.02138224 0.015281635 0.028101259 0.020312227 0.011589146 0.009553702 0.022529693 0.011430590 0.011670213 0.013143226 0.015311283 0.013967957 0.0140158980 0.0009643568 0.0050781095 1.070580e-02 1.575907e-05 2.418031e-03 2.415904e-04 1.792155e-17 1.248881e-05 2.236504e-10
   76    1      1      0    0   125  4.163220e-18 1.424389e-16 2.883533e-03 0.0029761401 0.0091881001 1.328434e-02 0.0053375029 0.032873115 0.04231677 0.10496268 0.06716472 0.03561515 0.07668247 0.02273708 0.03844854 0.04636927 0.01950775 0.03766347 0.02984702 0.05456639 0.03576616 0.04702735 0.042108559 0.02776262 0.028069477 0.014286257 0.051057388 0.030484003 0.010635679 0.010915831 0.012193201 0.004377269 0.015104896 0.001751070 0.008253820 0.0003324731 0.0026412901 0.0009508563 8.484040e-04 3.810021e-04 1.256958e-02 4.080160e-05 4.769497e-24 2.469719e-12 1.798105e-05
   80    1      1      0    0   125 1.826264e-319 9.487459e-16 1.644218e-02 0.0073290593 0.0055023253 8.067960e-03 0.0173959958 0.010535007 0.06246030 0.05276147 0.07138028 0.02713642 0.04460468 0.03151262 0.02268001 0.07499585 0.03965298 0.03726127 0.03681973 0.01700188 0.02118527 0.01289649 0.074742632 0.03534204 0.024414049 0.049117600 0.019157364 0.005261028 0.009339113 0.022031319 0.015665052 0.008851456 0.027395267 0.007361333 0.016336585 0.0056683348 0.0209390614 0.0007751951 3.057496e-02 1.918524e-03 5.026256e-03 3.093717e-09 1.205957e-04 4.855357e-06 2.335580e-03
   84    1      1      0    0   125 6.432224e-220 3.469470e-03 2.758762e-03 0.0105213834 0.0345301883 1.091855e-02 0.0104930354 0.025673521 0.06284144 0.04166837 0.06616187 0.04512275 0.02764485 0.04114236 0.05853797 0.05479840 0.02614573 0.03528688 0.01469299 0.05160559 0.02250349 0.01375346 0.018122297 0.04524514 0.037901293 0.019666573 0.055392064 0.016074614 0.023422769 0.012977934 0.013360612 0.002385680 0.009037446 0.009399497 0.016214658 0.0332081841 0.0239295211 0.0006747573 3.519101e-05 1.255570e-03 5.803313e-04 8.017803e-04 4.008207e-14 6.322225e-21 4.300366e-05
   88    1      1      0    0   125 2.683047e-159 5.896724e-03 2.333324e-05 0.0136479291 0.0187699283 8.526842e-03 0.0005570371 0.024696585 0.04877068 0.04889768 0.07004411 0.03333850 0.06114859 0.01825025 0.04176212 0.03267358 0.07170151 0.04834151 0.02345228 0.05630705 0.02276641 0.05133224 0.018469083 0.01553446 0.019673436 0.033249693 0.021940496 0.027898660 0.015987149 0.007927493 0.012732613 0.013013266 0.036391299 0.003261788 0.003794881 0.0134322410 0.0287602333 0.0151698860 7.437761e-04 4.907827e-03 6.171102e-03 2.899891e-06 3.327903e-06 2.949987e-05 3.017813e-20
   92    1      1      0    0   125  2.325747e-71 1.162093e-03 1.685024e-03 0.0003344498 0.0141691406 5.947876e-04 0.0265827658 0.017396270 0.09568346 0.02901391 0.01910736 0.02064339 0.01967609 0.07903864 0.03130078 0.02373289 0.06072683 0.03448210 0.03264408 0.03592099 0.03840132 0.03570877 0.050848803 0.05703497 0.013480290 0.030152089 0.013247122 0.025483038 0.042691267 0.009412447 0.025135639 0.012497483 0.002740006 0.005024895 0.009850291 0.0065104107 0.0428380151 0.0001152431 2.878286e-02 8.059007e-04 4.802275e-03 5.413881e-04 4.192606e-07 6.999440e-10 4.969899e-11
   96    1      1      0    0   125  7.801411e-77 1.448638e-36 2.205133e-05 0.0022669046 0.0064121206 5.391960e-03 0.0013928004 0.010303511 0.06811838 0.05901986 0.08723759 0.09104225 0.01488983 0.01017957 0.03858036 0.04871492 0.08445234 0.03267143 0.04259365 0.02651848 0.04545880 0.03153696 0.016102811 0.02028053 0.061333057 0.017634847 0.020780171 0.012726029 0.049063524 0.035001635 0.006237867 0.004690971 0.004839479 0.005535793 0.014350144 0.0025703201 0.0039482100 0.0096089122 7.587312e-03 4.060506e-05 1.004267e-06 3.255516e-07 5.265077e-09 3.503858e-05 8.276365e-04
  100    1      1      0    0   125 9.155706e-245 3.317651e-09 7.432491e-04 0.0067548482 0.0062227935 1.762826e-02 0.0002032944 0.015075925 0.03296185 0.07580203 0.05709436 0.02067809 0.04385034 0.03694755 0.05887285 0.04215563 0.05309488 0.04420524 0.10519117 0.04341599 0.04924882 0.01132291 0.029021870 0.02935054 0.019414032 0.024010557 0.002209534 0.025964269 0.022193472 0.028875995 0.016097948 0.022787975 0.010621497 0.014621217 0.003890948 0.0104930216 0.0144460648 0.0025367059 6.961055e-04 3.340812e-05 2.484863e-04 1.013129e-03 3.143910e-06 8.427052e-20 1.689026e-13
   76    1      2      0    0   500  1.232696e-05 1.789626e-03 2.439682e-02 0.0624631913 0.0693691780 2.014310e-02 0.0094469128 0.029742867 0.04149677 0.05645749 0.05240218 0.04428096 0.03566828 0.03275709 0.03408378 0.03628278 0.03812152 0.04051317 0.02221812 0.03003275 0.02388840 0.03028528 0.017292152 0.02601267 0.012882188 0.024855552 0.015268340 0.024720567 0.030038540 0.018925193 0.008540416 0.011413262 0.021582918 0.011816096 0.003895000 0.0106121926 0.0036282817 0.0028621032 8.879030e-03 3.169226e-03 2.743773e-03 4.535154e-03 4.179967e-05 1.057045e-06 4.318894e-04
   78    1      2      0    0   500  7.688193e-06 3.683645e-03 2.371161e-02 0.0394766893 0.0573078455 1.881585e-02 0.0125104458 0.021617108 0.04343307 0.06421824 0.04909826 0.03375616 0.04123573 0.03940087 0.02273612 0.02183569 0.04830973 0.03327745 0.03520127 0.02139514 0.02972985 0.02330221 0.030437575 0.02564383 0.023525879 0.025231960 0.028403967 0.018967747 0.020527686 0.024838049 0.021706533 0.030003054 0.018533063 0.015418818 0.011824789 0.0051402191 0.0034836621 0.0032031375 3.991392e-03 1.581883e-03 2.789589e-03 1.526874e-04 2.283674e-04 1.026919e-05 2.951794e-04
   80    1      2      0    0   500  2.196616e-07 3.324833e-03 3.549518e-02 0.0575552804 0.0393270460 1.363211e-02 0.0124818600 0.016008758 0.03863034 0.04288181 0.05197493 0.04400175 0.03637056 0.04415499 0.04881960 0.04614043 0.03026376 0.03993233 0.02973562 0.03454961 0.02293667 0.03477256 0.034403046 0.01928999 0.020674020 0.035925774 0.024661962 0.019654757 0.018739286 0.013853490 0.016163437 0.016710856 0.015435738 0.006623133 0.005601776 0.0073110175 0.0041271367 0.0050980506 2.202939e-03 5.236559e-03 2.566665e-03 8.571255e-04 4.245758e-05 1.821708e-03 8.833949e-06
   82    1      2      0    0   500  8.063417e-09 1.738994e-03 1.463920e-02 0.0441057693 0.0341689098 2.317380e-02 0.0185036077 0.018211307 0.05187031 0.05354289 0.06956158 0.02959667 0.04133263 0.02564406 0.03424953 0.03910686 0.02607498 0.04271112 0.04131659 0.03960703 0.04777564 0.03546660 0.024323589 0.02124038 0.020413358 0.022292423 0.027690028 0.021369041 0.016491415 0.024344354 0.018324130 0.012974462 0.013632592 0.007389204 0.007752083 0.0105020812 0.0070173718 0.0050640965 1.762016e-03 2.357350e-03 1.169522e-03 1.001524e-03 6.690679e-05 1.929214e-04 2.310842e-04
   84    1      2      0    0   500  4.603429e-40 4.477646e-03 1.515169e-02 0.0477494353 0.0477719712 9.652131e-03 0.0140342943 0.024822839 0.03866040 0.06022420 0.06370233 0.02707652 0.03306523 0.04124109 0.03358227 0.03228878 0.02929971 0.02175392 0.01938148 0.03388788 0.04268573 0.02508478 0.026791315 0.02668321 0.020391303 0.032883684 0.029323785 0.025495369 0.025368021 0.025480576 0.037415551 0.010160136 0.012076121 0.012577890 0.010086538 0.0152643346 0.0103012086 0.0051933380 2.035345e-03 3.584702e-03 3.177891e-03 6.575443e-05 2.255163e-05 2.364083e-07 2.683395e-05
   86    1      2      0    0   500  1.729788e-26 3.182993e-04 2.255660e-02 0.0702186543 0.0436553225 1.537121e-02 0.0070122859 0.019041565 0.04561609 0.05848079 0.05144746 0.03336855 0.03202944 0.03015544 0.04376934 0.03328223 0.03918674 0.03278782 0.04130135 0.03018989 0.04118826 0.02929760 0.030547955 0.01696640 0.017678171 0.023813031 0.022663095 0.041825034 0.015092685 0.022186690 0.013706148 0.014910000 0.010665522 0.005707064 0.010779303 0.0101100828 0.0017537721 0.0063357146 7.857760e-03 1.609639e-03 5.054866e-03 1.719358e-04 1.298784e-04 7.782538e-07 1.595316e-04
   88    1      2      0    0   500  1.370145e-06 2.783174e-03 2.228158e-02 0.0496957591 0.0452908899 2.399588e-02 0.0072363817 0.033073547 0.03603935 0.06240713 0.04867303 0.03650216 0.03309782 0.03154501 0.03199687 0.05930770 0.03235693 0.04058650 0.03287962 0.04248704 0.03407781 0.02060143 0.034513352 0.02648572 0.030090587 0.024179162 0.021592856 0.010444483 0.012046229 0.014318174 0.012465667 0.016643791 0.024214564 0.012112360 0.005485424 0.0065005786 0.0076226938 0.0048155574 1.222086e-03 2.992765e-03 3.720123e-03 1.466878e-04 2.712923e-04 7.940188e-04 4.048668e-04
   90    1      2      0    0   500  9.364498e-21 9.115606e-04 1.636654e-02 0.0445796595 0.0539074748 1.236508e-02 0.0037380198 0.019881453 0.04099435 0.05632296 0.06517834 0.03288476 0.03709466 0.02830675 0.04405527 0.03734371 0.03558064 0.02651323 0.03650575 0.04941772 0.03304019 0.04474571 0.029798130 0.02788537 0.021318219 0.019045945 0.022412641 0.011767926 0.017130755 0.029811661 0.021312666 0.018473571 0.006268997 0.010588925 0.010535377 0.0034043648 0.0117489261 0.0079380428 3.830004e-03 3.279159e-03 1.096946e-03 3.173414e-05 7.839102e-04 1.215281e-04 1.681390e-03
   92    1      2      0    0   500  9.366181e-12 3.089357e-03 1.644009e-02 0.0368128617 0.0383782605 1.243205e-02 0.0121854129 0.026715698 0.05748164 0.06449735 0.05741654 0.04121531 0.03188985 0.03119810 0.02282015 0.06175853 0.03157603 0.02828429 0.03052195 0.04192819 0.03099869 0.02145580 0.019093779 0.02278242 0.022191298 0.031823599 0.029225709 0.020650047 0.028810917 0.025492857 0.018593446 0.019973126 0.013197776 0.012885210 0.003021602 0.0037228404 0.0111439569 0.0005825163 5.460907e-03 8.747125e-03 1.978271e-03 8.653737e-04 4.288797e-04 1.835716e-04 4.863011e-05
   94    1      2      0    0   500  8.606835e-15 2.308885e-03 1.848951e-02 0.0511047745 0.0450760156 1.348524e-02 0.0132388905 0.019787309 0.03333174 0.07402065 0.07964703 0.03956146 0.02831598 0.02241017 0.04089499 0.04494510 0.04554435 0.02835947 0.03112079 0.03073859 0.03797682 0.02142442 0.031495991 0.03384865 0.017093570 0.028025281 0.039199505 0.017837361 0.012835052 0.022645312 0.008245770 0.013144114 0.012976341 0.006964175 0.006509717 0.0018706106 0.0028195319 0.0053045358 5.673398e-03 5.338042e-03 2.312786e-03 2.575169e-03 7.334484e-04 6.557610e-06 7.628856e-04
   96    1      2      0    0   500  9.182690e-09 8.932128e-04 1.820661e-02 0.0622494395 0.0424547602 1.881399e-02 0.0050571355 0.013232244 0.05803248 0.06252472 0.05369520 0.04516715 0.03425121 0.04983236 0.03487952 0.04674527 0.03626935 0.02929040 0.03230247 0.03245914 0.02502842 0.02922556 0.034692206 0.01993073 0.021219895 0.016851058 0.019170237 0.024074233 0.017590577 0.031801288 0.015433743 0.013870614 0.011279964 0.001648308 0.013385918 0.0060242948 0.0124965652 0.0045287455 2.395822e-03 4.928148e-04 1.205795e-03 1.293107e-03 9.520524e-07 1.359529e-06 1.120285e-06
   98    1      2      0    0   500  1.193179e-14 1.120953e-03 3.110732e-02 0.0492835553 0.0450471264 2.003827e-02 0.0062537902 0.026984968 0.05384480 0.05988297 0.05405978 0.01730469 0.03011672 0.03504530 0.03542414 0.04197199 0.02855381 0.02778936 0.01874147 0.04004607 0.02410211 0.01793487 0.023899866 0.02938345 0.024592671 0.032575477 0.027398895 0.019050400 0.016338830 0.026119384 0.012592252 0.023136558 0.025167100 0.012879486 0.021050234 0.0228548412 0.0095297425 0.0033005936 1.223203e-03 9.705045e-04 4.744473e-04 1.038041e-03 3.619481e-04 1.830990e-04 1.224919e-03
  100    1      2      0    0   500  2.490865e-12 8.559740e-04 7.708886e-03 0.0424879332 0.0520929384 3.039513e-02 0.0104395183 0.021128336 0.03930085 0.06580029 0.04818095 0.02719060 0.03526625 0.02606350 0.03642773 0.04930291 0.03524222 0.01634274 0.03262467 0.03684822 0.03541933 0.03785873 0.038824505 0.02825858 0.024289272 0.035264853 0.023108628 0.016391892 0.028102998 0.027264670 0.021119899 0.009497681 0.011872645 0.008215043 0.019214517 0.0053508665 0.0060736843 0.0067227101 4.610297e-04 2.329347e-03 2.376581e-06 3.674363e-04 3.922507e-06 5.692809e-05 2.287944e-04
15 #_N_agebins
#_agebin_vector
1 2 3 4 5 6 7 8 9 10 11 12 13 14 15
1 #_N_ageerror_definitions
 #_age0   age1   age2   age3   age4   age5   age6   age7   age8   age9  age10  age11  age12  age13  age14  age15  age16  age17  age18  age19  age20  age21  age22  age23  age24  age25
 -1.000 -1.000 -1.000 -1.000 -1.000 -1.000 -1.000 -1.000 -1.000 -1.000 -1.000 -1.000 -1.000 -1.000 -1.000 -1.000 -1.000 -1.000 -1.000 -1.000 -1.000 -1.000 -1.000 -1.000 -1.000 -1.000
  0.001  0.001  0.001  0.001  0.001  0.001  0.001  0.001  0.001  0.001  0.001  0.001  0.001  0.001  0.001  0.001  0.001  0.001  0.001  0.001  0.001  0.001  0.001  0.001  0.001  0.001
83 #_N_agecomp
1 #_Lbin_method: 1=poplenbins; 2=datalenbins; 3=lengths
-1 #_combine males into females at or below this bin number
 #_Yr Seas FltSvy Gender Part Ageerr Lbin_lo Lbin_hi Nsamp          a1        a2         a3         a4         a5         a6         a7         a8         a9         a10         a11         a12         a13          a14         a15
   26    1      1      0    0      1      -1      -1   125  0.05298452 0.1057385 0.09128331 0.15391796 0.09314610 0.11711733 0.08082041 0.04986014 0.03123060 0.026789186 0.027958019 0.031953168 0.022131604 3.017459e-02 0.084894533
   36    1      1      0    0      1      -1      -1   125  0.02523933 0.2079923 0.16509649 0.11453538 0.10468530 0.07348312 0.07941126 0.06634329 0.03929597 0.016672854 0.012183304 0.002363521 0.024291247 4.371618e-04 0.067969432
   46    1      1      0    0      1      -1      -1   125  0.04224119 0.1843727 0.21303150 0.15214894 0.12626904 0.09126443 0.03417079 0.04428326 0.03928664 0.016476692 0.014762922 0.008765770 0.018448743 6.629575e-04 0.013814469
   56    1      1      0    0      1      -1      -1   125  0.02727882 0.2771938 0.20149107 0.13765605 0.09691278 0.04864496 0.06684143 0.04080514 0.03261210 0.007056143 0.008504572 0.036768336 0.006638474 3.103556e-03 0.008492787
   60    1      1      0    0      1      -1      -1   125  0.02414221 0.2422184 0.25349119 0.12923146 0.12572656 0.05798545 0.03251100 0.03693931 0.04072111 0.034491313 0.009879687 0.005878279 0.001802387 6.657445e-05 0.004915050
   64    1      1      0    0      1      -1      -1   125  0.02732355 0.2279689 0.19948868 0.17335785 0.12544187 0.06934460 0.05946027 0.03166996 0.04139049 0.014885378 0.005388029 0.003931845 0.005134883 7.279747e-03 0.007933927
   68    1      1      0    0      1      -1      -1   125  0.03961938 0.2432468 0.19221622 0.11266507 0.10344412 0.13466966 0.02685499 0.02163548 0.01426140 0.051583590 0.030692776 0.012667701 0.007882693 1.998775e-04 0.008360194
   72    1      1      0    0      1      -1      -1   125  0.03492592 0.2588269 0.19778386 0.15232541 0.11190999 0.05843970 0.09452862 0.03219038 0.02075286 0.012407046 0.010400470 0.003294147 0.001955500 5.708350e-03 0.004550881
   76    1      1      0    0      1      -1      -1   125  0.01097716 0.2961385 0.16861842 0.17631130 0.08680817 0.06655599 0.03299571 0.04624095 0.02312034 0.004333518 0.034336956 0.007263726 0.016741340 1.834451e-04 0.029374456
   80    1      1      0    0      1      -1      -1   125  0.06405580 0.1768490 0.20217577 0.16293873 0.08231972 0.07538115 0.07232378 0.04600073 0.03764405 0.022007746 0.007152559 0.008105320 0.014863536 5.520284e-04 0.027630051
   84    1      1      0    0      1      -1      -1   125  0.02888051 0.2226801 0.20429667 0.14863421 0.08249576 0.11218211 0.05201675 0.01777384 0.05490079 0.021431981 0.021086420 0.007779555 0.003668753 8.124569e-03 0.014047956
   88    1      1      0    0      1      -1      -1   125  0.02104636 0.2528217 0.19010072 0.11635934 0.10581657 0.12812666 0.04803344 0.02140961 0.02562278 0.019215654 0.001787360 0.012243801 0.026021931 6.730275e-04 0.030721062
   92    1      1      0    0      1      -1      -1   125  0.05236587 0.2068842 0.19759667 0.11917550 0.12900298 0.08432659 0.04019374 0.03801769 0.04130047 0.021045328 0.028774476 0.007524528 0.007503388 1.725806e-02 0.009030510
   96    1      1      0    0      1      -1      -1   125  0.07125940 0.2263041 0.20417723 0.10075243 0.14198234 0.07763891 0.02991883 0.06929001 0.02894585 0.018400459 0.013055620 0.004782853 0.010537787 1.603759e-03 0.001350408
  100    1      1      0    0      1      -1      -1   125  0.05280144 0.2345534 0.16215617 0.15966700 0.10517104 0.07581190 0.07845242 0.06581592 0.02589214 0.011194352 0.002314035 0.016450115 0.004179187 1.839567e-03 0.003701317
   76    1      2      0    0      1      -1      -1   500  0.13231174 0.2318535 0.15474998 0.12613723 0.10267610 0.07916961 0.04340773 0.06468743 0.01405116 0.015848606 0.006978623 0.009576290 0.002813589 3.990717e-03 0.011747732
   78    1      2      0    0      1      -1      -1   500  0.15127477 0.2022040 0.16587330 0.11706353 0.09523301 0.08663620 0.04717530 0.04167431 0.01470038 0.020408697 0.017590645 0.019872110 0.008708983 1.018048e-03 0.010566674
   80    1      2      0    0      1      -1      -1   500  0.17654560 0.2307944 0.14950617 0.12805712 0.08554887 0.05862263 0.03940799 0.03006524 0.02380124 0.014142641 0.013368090 0.010077283 0.012703724 1.347881e-02 0.013880159
   82    1      2      0    0      1      -1      -1   500  0.11691773 0.2079434 0.20645315 0.11494975 0.08607524 0.07998916 0.07554794 0.03603516 0.02545362 0.014317849 0.009103003 0.006025918 0.007197817 7.562375e-03 0.006427894
   84    1      2      0    0      1      -1      -1   500  0.13775356 0.2267068 0.17164383 0.11881186 0.07480844 0.07756070 0.05534633 0.03019899 0.02209197 0.013898477 0.027168021 0.015500775 0.010661978 2.356004e-03 0.015492284
   86    1      2      0    0      1      -1      -1   500  0.12740336 0.2321614 0.20609375 0.10091189 0.09757140 0.06539362 0.04644665 0.03442580 0.02442063 0.014413125 0.012599515 0.010885733 0.008383608 6.180905e-03 0.012708629
   88    1      2      0    0      1      -1      -1   500  0.10481288 0.2391934 0.17473871 0.13044981 0.10112060 0.05276738 0.05477246 0.05161627 0.02752969 0.012278752 0.008880281 0.007410012 0.001741804 9.555902e-03 0.023132011
   90    1      2      0    0      1      -1      -1   500  0.12483206 0.2599931 0.18288926 0.09065313 0.08785098 0.06820573 0.03640472 0.04911642 0.02250653 0.020614789 0.010830394 0.012713915 0.004706236 1.038389e-02 0.018298874
   92    1      2      0    0      1      -1      -1   500  0.13207611 0.2177678 0.16293115 0.14259251 0.08522306 0.05506668 0.06152596 0.04197619 0.03020637 0.012864071 0.007528844 0.011548533 0.015539703 1.505127e-02 0.008101813
   94    1      2      0    0      1      -1      -1   500  0.12727001 0.2367885 0.16800590 0.11163673 0.07981484 0.06271310 0.05028925 0.05087102 0.03524055 0.018170982 0.009065174 0.008455785 0.008184985 7.703794e-03 0.025789387
   96    1      2      0    0      1      -1      -1   500  0.12746393 0.2168817 0.21341310 0.11625066 0.12087738 0.06350176 0.04742308 0.02321479 0.01710056 0.013258377 0.007592071 0.011470900 0.007950699 2.386418e-03 0.011214626
   98    1      2      0    0      1      -1      -1   500  0.13547685 0.2205796 0.15428627 0.12828129 0.07437448 0.08839762 0.04161352 0.04646860 0.02215336 0.028303245 0.012894857 0.014008834 0.015486507 6.912654e-03 0.010762365
  100    1      2      0    0      1      -1      -1   500  0.12982453 0.2037008 0.19493136 0.11961344 0.08838747 0.06972245 0.03963429 0.03894722 0.04661198 0.023531285 0.007290704 0.011569264 0.005736848 7.345928e-03 0.013152443
   60    1      1      0    0      1       4       4     2  2.00000000 0.0000000 0.00000000 0.00000000 0.00000000 0.00000000 0.00000000 0.00000000 0.00000000 0.000000000 0.000000000 0.000000000 0.000000000 0.000000e+00 0.000000000
   60    1      1      0    0      1       5       5     3  3.00000000 0.0000000 0.00000000 0.00000000 0.00000000 0.00000000 0.00000000 0.00000000 0.00000000 0.000000000 0.000000000 0.000000000 0.000000000 0.000000e+00 0.000000000
   60    1      1      0    0      1      10      10     4  4.00000000 0.0000000 0.00000000 0.00000000 0.00000000 0.00000000 0.00000000 0.00000000 0.00000000 0.000000000 0.000000000 0.000000000 0.000000000 0.000000e+00 0.000000000
   60    1      1      0    0      1      11      11     7  7.00000000 0.0000000 0.00000000 0.00000000 0.00000000 0.00000000 0.00000000 0.00000000 0.00000000 0.000000000 0.000000000 0.000000000 0.000000000 0.000000e+00 0.000000000
   60    1      1      0    0      1      12      12     3  3.00000000 0.0000000 0.00000000 0.00000000 0.00000000 0.00000000 0.00000000 0.00000000 0.00000000 0.000000000 0.000000000 0.000000000 0.000000000 0.000000e+00 0.000000000
   60    1      1      0    0      1      13      13     6  6.00000000 0.0000000 0.00000000 0.00000000 0.00000000 0.00000000 0.00000000 0.00000000 0.00000000 0.000000000 0.000000000 0.000000000 0.000000000 0.000000e+00 0.000000000
   60    1      1      0    0      1      15      15     7  7.00000000 0.0000000 0.00000000 0.00000000 0.00000000 0.00000000 0.00000000 0.00000000 0.00000000 0.000000000 0.000000000 0.000000000 0.000000000 0.000000e+00 0.000000000
   60    1      1      0    0      1      16      16     2  2.00000000 0.0000000 0.00000000 0.00000000 0.00000000 0.00000000 0.00000000 0.00000000 0.00000000 0.000000000 0.000000000 0.000000000 0.000000000 0.000000e+00 0.000000000
   60    1      1      0    0      1      17      17     5  5.00000000 0.0000000 0.00000000 0.00000000 0.00000000 0.00000000 0.00000000 0.00000000 0.00000000 0.000000000 0.000000000 0.000000000 0.000000000 0.000000e+00 0.000000000
   60    1      1      0    0      1      18      18     3  3.00000000 0.0000000 0.00000000 0.00000000 0.00000000 0.00000000 0.00000000 0.00000000 0.00000000 0.000000000 0.000000000 0.000000000 0.000000000 0.000000e+00 0.000000000
   60    1      1      0    0      1      19      19     3  3.00000000 0.0000000 0.00000000 0.00000000 0.00000000 0.00000000 0.00000000 0.00000000 0.00000000 0.000000000 0.000000000 0.000000000 0.000000000 0.000000e+00 0.000000000
   60    1      1      0    0      1      20      20     7  7.00000000 0.0000000 0.00000000 0.00000000 0.00000000 0.00000000 0.00000000 0.00000000 0.00000000 0.000000000 0.000000000 0.000000000 0.000000000 0.000000e+00 0.000000000
   60    1      1      0    0      1      21      21     2  2.00000000 0.0000000 0.00000000 0.00000000 0.00000000 0.00000000 0.00000000 0.00000000 0.00000000 0.000000000 0.000000000 0.000000000 0.000000000 0.000000e+00 0.000000000
   60    1      1      0    0      1      22      22     7  7.00000000 0.0000000 0.00000000 0.00000000 0.00000000 0.00000000 0.00000000 0.00000000 0.00000000 0.000000000 0.000000000 0.000000000 0.000000000 0.000000e+00 0.000000000
   60    1      1      0    0      1      24      24     6  6.00000000 0.0000000 0.00000000 0.00000000 0.00000000 0.00000000 0.00000000 0.00000000 0.00000000 0.000000000 0.000000000 0.000000000 0.000000000 0.000000e+00 0.000000000
   60    1      1      0    0      1      25      25     1  1.00000000 0.0000000 0.00000000 0.00000000 0.00000000 0.00000000 0.00000000 0.00000000 0.00000000 0.000000000 0.000000000 0.000000000 0.000000000 0.000000e+00 0.000000000
   60    1      1      0    0      1      26      26     4  3.00000000 1.0000000 0.00000000 0.00000000 0.00000000 0.00000000 0.00000000 0.00000000 0.00000000 0.000000000 0.000000000 0.000000000 0.000000000 0.000000e+00 0.000000000
   60    1      1      0    0      1      27      27     5  5.00000000 0.0000000 0.00000000 0.00000000 0.00000000 0.00000000 0.00000000 0.00000000 0.00000000 0.000000000 0.000000000 0.000000000 0.000000000 0.000000e+00 0.000000000
   60    1      1      0    0      1      28      28     4  3.00000000 1.0000000 0.00000000 0.00000000 0.00000000 0.00000000 0.00000000 0.00000000 0.00000000 0.000000000 0.000000000 0.000000000 0.000000000 0.000000e+00 0.000000000
   60    1      1      0    0      1      30      30     5  0.00000000 5.0000000 0.00000000 0.00000000 0.00000000 0.00000000 0.00000000 0.00000000 0.00000000 0.000000000 0.000000000 0.000000000 0.000000000 0.000000e+00 0.000000000
   60    1      1      0    0      1      31      31     4  0.00000000 4.0000000 0.00000000 0.00000000 0.00000000 0.00000000 0.00000000 0.00000000 0.00000000 0.000000000 0.000000000 0.000000000 0.000000000 0.000000e+00 0.000000000
   60    1      1      0    0      1      32      32     1  0.00000000 1.0000000 0.00000000 0.00000000 0.00000000 0.00000000 0.00000000 0.00000000 0.00000000 0.000000000 0.000000000 0.000000000 0.000000000 0.000000e+00 0.000000000
   60    1      1      0    0      1      33      33     3  0.00000000 3.0000000 0.00000000 0.00000000 0.00000000 0.00000000 0.00000000 0.00000000 0.00000000 0.000000000 0.000000000 0.000000000 0.000000000 0.000000e+00 0.000000000
   60    1      1      0    0      1      34      34     1  0.00000000 1.0000000 0.00000000 0.00000000 0.00000000 0.00000000 0.00000000 0.00000000 0.00000000 0.000000000 0.000000000 0.000000000 0.000000000 0.000000e+00 0.000000000
   60    1      1      0    0      1      36      36     2  0.00000000 2.0000000 0.00000000 0.00000000 0.00000000 0.00000000 0.00000000 0.00000000 0.00000000 0.000000000 0.000000000 0.000000000 0.000000000 0.000000e+00 0.000000000
   60    1      1      0    0      1      37      37     1  0.00000000 1.0000000 0.00000000 0.00000000 0.00000000 0.00000000 0.00000000 0.00000000 0.00000000 0.000000000 0.000000000 0.000000000 0.000000000 0.000000e+00 0.000000000
   60    1      1      0    0      1      38      38     1  0.00000000 1.0000000 0.00000000 0.00000000 0.00000000 0.00000000 0.00000000 0.00000000 0.00000000 0.000000000 0.000000000 0.000000000 0.000000000 0.000000e+00 0.000000000
   60    1      1      0    0      1      42      42     1  0.00000000 1.0000000 0.00000000 0.00000000 0.00000000 0.00000000 0.00000000 0.00000000 0.00000000 0.000000000 0.000000000 0.000000000 0.000000000 0.000000e+00 0.000000000
  100    1      1      0    0      1       4       4     1  1.00000000 0.0000000 0.00000000 0.00000000 0.00000000 0.00000000 0.00000000 0.00000000 0.00000000 0.000000000 0.000000000 0.000000000 0.000000000 0.000000e+00 0.000000000
  100    1      1      0    0      1       5       5     1  1.00000000 0.0000000 0.00000000 0.00000000 0.00000000 0.00000000 0.00000000 0.00000000 0.00000000 0.000000000 0.000000000 0.000000000 0.000000000 0.000000e+00 0.000000000
  100    1      1      0    0      1       8       8     4  4.00000000 0.0000000 0.00000000 0.00000000 0.00000000 0.00000000 0.00000000 0.00000000 0.00000000 0.000000000 0.000000000 0.000000000 0.000000000 0.000000e+00 0.000000000
  100    1      1      0    0      1       9       9     2  2.00000000 0.0000000 0.00000000 0.00000000 0.00000000 0.00000000 0.00000000 0.00000000 0.00000000 0.000000000 0.000000000 0.000000000 0.000000000 0.000000e+00 0.000000000
  100    1      1      0    0      1      10      10     5  5.00000000 0.0000000 0.00000000 0.00000000 0.00000000 0.00000000 0.00000000 0.00000000 0.00000000 0.000000000 0.000000000 0.000000000 0.000000000 0.000000e+00 0.000000000
  100    1      1      0    0      1      11      11     6  6.00000000 0.0000000 0.00000000 0.00000000 0.00000000 0.00000000 0.00000000 0.00000000 0.00000000 0.000000000 0.000000000 0.000000000 0.000000000 0.000000e+00 0.000000000
  100    1      1      0    0      1      13      13     9  9.00000000 0.0000000 0.00000000 0.00000000 0.00000000 0.00000000 0.00000000 0.00000000 0.00000000 0.000000000 0.000000000 0.000000000 0.000000000 0.000000e+00 0.000000000
  100    1      1      0    0      1      14      14     4  4.00000000 0.0000000 0.00000000 0.00000000 0.00000000 0.00000000 0.00000000 0.00000000 0.00000000 0.000000000 0.000000000 0.000000000 0.000000000 0.000000e+00 0.000000000
  100    1      1      0    0      1      15      15     4  4.00000000 0.0000000 0.00000000 0.00000000 0.00000000 0.00000000 0.00000000 0.00000000 0.00000000 0.000000000 0.000000000 0.000000000 0.000000000 0.000000e+00 0.000000000
  100    1      1      0    0      1      16      16     2  2.00000000 0.0000000 0.00000000 0.00000000 0.00000000 0.00000000 0.00000000 0.00000000 0.00000000 0.000000000 0.000000000 0.000000000 0.000000000 0.000000e+00 0.000000000
  100    1      1      0    0      1      17      17     6  6.00000000 0.0000000 0.00000000 0.00000000 0.00000000 0.00000000 0.00000000 0.00000000 0.00000000 0.000000000 0.000000000 0.000000000 0.000000000 0.000000e+00 0.000000000
  100    1      1      0    0      1      18      18     6  6.00000000 0.0000000 0.00000000 0.00000000 0.00000000 0.00000000 0.00000000 0.00000000 0.00000000 0.000000000 0.000000000 0.000000000 0.000000000 0.000000e+00 0.000000000
  100    1      1      0    0      1      19      19    14 14.00000000 0.0000000 0.00000000 0.00000000 0.00000000 0.00000000 0.00000000 0.00000000 0.00000000 0.000000000 0.000000000 0.000000000 0.000000000 0.000000e+00 0.000000000
  100    1      1      0    0      1      20      20     5  5.00000000 0.0000000 0.00000000 0.00000000 0.00000000 0.00000000 0.00000000 0.00000000 0.00000000 0.000000000 0.000000000 0.000000000 0.000000000 0.000000e+00 0.000000000
  100    1      1      0    0      1      21      21     4  4.00000000 0.0000000 0.00000000 0.00000000 0.00000000 0.00000000 0.00000000 0.00000000 0.00000000 0.000000000 0.000000000 0.000000000 0.000000000 0.000000e+00 0.000000000
  100    1      1      0    0      1      23      23     4  4.00000000 0.0000000 0.00000000 0.00000000 0.00000000 0.00000000 0.00000000 0.00000000 0.00000000 0.000000000 0.000000000 0.000000000 0.000000000 0.000000e+00 0.000000000
  100    1      1      0    0      1      24      24     2  2.00000000 0.0000000 0.00000000 0.00000000 0.00000000 0.00000000 0.00000000 0.00000000 0.00000000 0.000000000 0.000000000 0.000000000 0.000000000 0.000000e+00 0.000000000
  100    1      1      0    0      1      25      25     2  2.00000000 0.0000000 0.00000000 0.00000000 0.00000000 0.00000000 0.00000000 0.00000000 0.00000000 0.000000000 0.000000000 0.000000000 0.000000000 0.000000e+00 0.000000000
  100    1      1      0    0      1      26      26     3  3.00000000 0.0000000 0.00000000 0.00000000 0.00000000 0.00000000 0.00000000 0.00000000 0.00000000 0.000000000 0.000000000 0.000000000 0.000000000 0.000000e+00 0.000000000
  100    1      1      0    0      1      27      27     2  2.00000000 0.0000000 0.00000000 0.00000000 0.00000000 0.00000000 0.00000000 0.00000000 0.00000000 0.000000000 0.000000000 0.000000000 0.000000000 0.000000e+00 0.000000000
  100    1      1      0    0      1      28      28     2  2.00000000 0.0000000 0.00000000 0.00000000 0.00000000 0.00000000 0.00000000 0.00000000 0.00000000 0.000000000 0.000000000 0.000000000 0.000000000 0.000000e+00 0.000000000
  100    1      1      0    0      1      29      29     1  0.00000000 1.0000000 0.00000000 0.00000000 0.00000000 0.00000000 0.00000000 0.00000000 0.00000000 0.000000000 0.000000000 0.000000000 0.000000000 0.000000e+00 0.000000000
  100    1      1      0    0      1      30      30     2  0.00000000 2.0000000 0.00000000 0.00000000 0.00000000 0.00000000 0.00000000 0.00000000 0.00000000 0.000000000 0.000000000 0.000000000 0.000000000 0.000000e+00 0.000000000
  100    1      1      0    0      1      32      32     3  0.00000000 3.0000000 0.00000000 0.00000000 0.00000000 0.00000000 0.00000000 0.00000000 0.00000000 0.000000000 0.000000000 0.000000000 0.000000000 0.000000e+00 0.000000000
  100    1      1      0    0      1      33      33     2  0.00000000 2.0000000 0.00000000 0.00000000 0.00000000 0.00000000 0.00000000 0.00000000 0.00000000 0.000000000 0.000000000 0.000000000 0.000000000 0.000000e+00 0.000000000
  100    1      1      0    0      1      34      34     2  0.00000000 2.0000000 0.00000000 0.00000000 0.00000000 0.00000000 0.00000000 0.00000000 0.00000000 0.000000000 0.000000000 0.000000000 0.000000000 0.000000e+00 0.000000000
  100    1      1      0    0      1      37      37     2  0.00000000 2.0000000 0.00000000 0.00000000 0.00000000 0.00000000 0.00000000 0.00000000 0.00000000 0.000000000 0.000000000 0.000000000 0.000000000 0.000000e+00 0.000000000
0 #_N_MeanSize_at_Age_obs
0 #_N_environ_variables
0 #_N_environ_obs
0 #_N_sizefreq_methods
0 #_do_tags
0 #_morphcomp_data
#
999
