#C data file created using the SS_writedat function in the R package r4ss
#C should work with SS version: 
#C file write time: 2015-02-11 18:01:04
#
1 #_styr
100 #_endyr
1 #_nseas
12 #_months_per_seas
1 #_spawn_seas
1 #_Nfleet
2 #_Nsurveys
1 #_N_areas
Fishery%Survey%CPUE #_fleetnames
0.5 0.5 0.5 #_surveytiming_in_season
1 1 1 #_area_assignments_for_each_fishery_and_survey
1 #_units of catch:  1=bio; 2=num
0.01 #_se of log(catch) only used for init_eq_catch and for Fmethod 2 and 3
1 #_Ngenders
25 #_Nages
0 #_init_equil_catch_for_each_fishery
100 #_N_lines_of_catch_to_read
 #_Fishery year seas
         0    1    1
         0    2    1
         0    3    1
         0    4    1
         0    5    1
         0    6    1
         0    7    1
         0    8    1
         0    9    1
         0   10    1
         0   11    1
         0   12    1
         0   13    1
         0   14    1
         0   15    1
         0   16    1
         0   17    1
         0   18    1
         0   19    1
         0   20    1
         0   21    1
         0   22    1
         0   23    1
         0   24    1
         0   25    1
 444646000   26    1
 397608000   27    1
 357583000   28    1
 324161000   29    1
 296656000   30    1
 274240000   31    1
 256057000   32    1
 241314000   33    1
 229322000   34    1
 219511000   35    1
 211426000   36    1
 204710000   37    1
 199088000   38    1
 194347000   39    1
 190324000   40    1
 186891000   41    1
 183948000   42    1
 181416000   43    1
 179230000   44    1
 177337000   45    1
 175694000   46    1
 174266000   47    1
 173022000   48    1
 171937000   49    1
 170990000   50    1
 170161000   51    1
 169436000   52    1
 168801000   53    1
 168243000   54    1
 167755000   55    1
 167325000   56    1
 166948000   57    1
 166617000   58    1
 166326000   59    1
 166070000   60    1
 165844000   61    1
 165646000   62    1
 165471000   63    1
 165317000   64    1
 165182000   65    1
 165063000   66    1
 164958000   67    1
 164865000   68    1
 164784000   69    1
 164712000   70    1
 164649000   71    1
 164593000   72    1
 164544000   73    1
 164500000   74    1
 164462000   75    1
 164429000   76    1
 164399000   77    1
 164373000   78    1
 164350000   79    1
 164329000   80    1
 164311000   81    1
 164296000   82    1
 164282000   83    1
 164269000   84    1
 164258000   85    1
 164249000   86    1
 164240000   87    1
 164233000   88    1
 164227000   89    1
 164221000   90    1
 164216000   91    1
 164211000   92    1
 164207000   93    1
 164204000   94    1
 164201000   95    1
 164198000   96    1
 164195000   97    1
 164193000   98    1
 164192000   99    1
 164190000  100    1
13 #_N_cpue
 #_Fleet Units Errtype
       1     1       0
       2     1       0
       3     1       0
 #_year seas index        obs se_log
     76    1     2 1175616564    0.2
     78    1     2 1381185303    0.2
     80    1     2 1167346427    0.2
     82    1     2 1456126630    0.2
     84    1     2 1266142310    0.2
     86    1     2 1428418348    0.2
     88    1     2 1176389959    0.2
     90    1     2 1426820095    0.2
     92    1     2 1629020740    0.2
     94    1     2  952364557    0.2
     96    1     2 1363238935    0.2
     98    1     2 1343112573    0.2
    100    1     2 1936257803    0.2
0 #_N_discard_fleets
#_discard_units (1=same_as_catchunits(bio/num); 2=fraction; 3=numbers)
#_discard_errtype:  >0 for DF of T-dist(read CV below); 0 for normal with CV; -1 for normal with se; -2 for lognormal
0 #_N_discard
0 #_N_meanbodywt
1 #_DF_for_meanbodywt_T-distribution_like
2 # length bin method: 1=use databins; 2=generate from binwidth,min,max below; 3=read vector
1 # binwidth for population size comp
10 # minimum size in the population (lower edge of first bin and size at age 0.00)
200 # maximum size in the population (lower edge of last bin)
-0.001 #_comp_tail_compression
1e-05 #_add_to_comp
0 #_combine males into females at or below this bin number
45 #_N_lbins
#_lbin_vector
20 23 26 29 32 35 38 41 44 47 50 53 56 59 62 65 68 71 74 77 80 83 86 89 92 95 98 101 104 107 110 113 116 119 122 125 128 131 134 137 140 143 146 149 152
28 #_N_Length_comp_observations
 #_Yr Seas FltSvy Gender Part Nsamp           l20          l23          l26         l29         l32         l35          l38          l41        l44         l47        l50        l53        l56         l59        l62        l65        l68        l71        l74        l77        l80        l83        l86        l89         l92        l95         l98        l101        l104        l107        l110        l113        l116        l119         l122         l125         l128         l131         l134         l137         l140         l143         l146         l149         l152
   26    1      1      0    0   125 2.182410e-114 2.692207e-18 5.467856e-03 0.006101986 0.001727347 0.010491997 0.0110930350 0.0184123413 0.01603179 0.008645852 0.02822111 0.01121400 0.02026877 0.031290591 0.03156103 0.07035819 0.04378355 0.05765324 0.07008710 0.03388463 0.01562121 0.05373889 0.04385146 0.01683686 0.021165360 0.02338381 0.028279436 0.021959517 0.028341740 0.017180875 0.026988103 0.010519860 0.049028604 0.016272778 0.0213569999 0.0146322072 0.0222078696 0.0063394530 0.0454435720 9.117341e-03 2.715514e-03 6.248573e-04 9.845006e-03 8.263185e-04 1.742792e-02
   36    1      1      0    0   125 3.719665e-249 1.329395e-08 5.143121e-05 0.016786496 0.012790625 0.013649500 0.0061928241 0.0097418753 0.05327691 0.042670452 0.12301498 0.06918645 0.03649014 0.008889687 0.01243207 0.04208076 0.04226879 0.03312415 0.02750671 0.01319970 0.05084338 0.01227041 0.01977713 0.02042687 0.034184631 0.01762910 0.022188675 0.055963788 0.028964301 0.010744345 0.004749568 0.019485451 0.037865940 0.008013255 0.0128154338 0.0330280565 0.0071512445 0.0044653615 0.0053532526 6.670946e-03 1.491968e-03 1.582915e-06 2.232201e-02 2.390990e-04 6.146015e-07
   46    1      1      0    0   125  1.144969e-27 2.667041e-10 2.179360e-05 0.010659981 0.008316384 0.001238537 0.0020637199 0.0106436034 0.04585680 0.053164443 0.04952888 0.02093886 0.06724673 0.038479230 0.04561429 0.03473260 0.03171154 0.02875949 0.01596345 0.02507364 0.04161417 0.03907451 0.06243041 0.05746952 0.042058590 0.04221575 0.059095389 0.010723107 0.017324545 0.034544304 0.032435716 0.016892038 0.010023838 0.004703742 0.0063634288 0.0019076798 0.0017431248 0.0130702830 0.0053945867 1.384255e-03 1.334561e-08 8.213576e-03 1.298586e-03 5.669279e-17 4.856943e-06
   56    1      1      0    0   125 6.608339e-317 3.013207e-10 2.156961e-02 0.021625787 0.017938570 0.001909078 0.0001586925 0.0546128223 0.02161647 0.056219768 0.05460260 0.04614556 0.06368067 0.031214016 0.03133446 0.04278231 0.02796904 0.03244301 0.04476058 0.01904420 0.03584940 0.02125628 0.03037295 0.02915505 0.027388354 0.03795420 0.009503018 0.010457272 0.050721489 0.017549187 0.013511000 0.019286906 0.028971013 0.037902018 0.0163363901 0.0124795281 0.0004214630 0.0027726414 0.0078920184 2.465013e-04 2.997650e-04 7.659223e-06 3.833105e-05 1.294022e-08 3.292889e-07
   60    1      1      0    0   125  1.697135e-32 1.028333e-04 1.583098e-04 0.009084443 0.005679725 0.008939598 0.0005072575 0.0098353231 0.03272412 0.078833372 0.03981505 0.08989598 0.01391360 0.030357131 0.04363206 0.02250749 0.01320012 0.03362133 0.02283147 0.05744624 0.02696918 0.02568888 0.06986842 0.01204400 0.032541580 0.01919781 0.038363935 0.016274030 0.040833928 0.091404174 0.013731258 0.054137842 0.004648453 0.001382718 0.0013058240 0.0103558823 0.0044826412 0.0063542232 0.0070204090 6.537291e-04 5.507136e-03 1.494878e-03 2.652074e-03 1.083195e-06 4.698532e-07
   64    1      1      0    0   125  0.000000e+00 1.281738e-14 2.667072e-02 0.019696942 0.034859792 0.001773366 0.0016281585 0.0182368704 0.03720909 0.035346837 0.06382138 0.07925689 0.04295307 0.029658038 0.02194802 0.00978262 0.04014898 0.04071371 0.05149393 0.04908238 0.04796574 0.05239467 0.03017510 0.03733119 0.016538262 0.02113437 0.043180226 0.025459214 0.031562020 0.008181240 0.006927024 0.030857590 0.016925678 0.002392233 0.0049612297 0.0137810269 0.0003321792 0.0002368151 0.0002662019 3.786376e-03 2.058768e-04 9.884684e-04 5.993974e-12 1.364734e-04 2.468002e-10
   68    1      1      0    0   125 2.994612e-179 1.509419e-23 1.849357e-03 0.001269465 0.005641148 0.002983690 0.0144046655 0.0137747965 0.05068272 0.069353549 0.05360164 0.03432865 0.05758983 0.042830177 0.09642057 0.02956186 0.02246849 0.02211616 0.04819566 0.02533609 0.03889909 0.04642920 0.01294160 0.04968214 0.011831139 0.04226111 0.038847360 0.012774866 0.017585038 0.030289009 0.021785712 0.010040778 0.012213023 0.003888985 0.0347613189 0.0043452118 0.0048939336 0.0003445618 0.0049147512 8.964895e-05 8.818493e-05 1.183149e-03 9.336496e-04 5.122439e-03 1.445583e-03
   72    1      1      0    0   125  4.295206e-83 3.416181e-05 1.219709e-03 0.001889830 0.002964051 0.005106539 0.0062237395 0.0183579027 0.08389270 0.075138878 0.06323214 0.07540984 0.04509899 0.011750823 0.06962272 0.02519629 0.03386925 0.02713957 0.01970703 0.02735823 0.04485410 0.07188696 0.02090498 0.04300970 0.010036744 0.02257183 0.015409824 0.021928749 0.002221686 0.046789051 0.007247972 0.026628253 0.012969285 0.023522553 0.0077869025 0.0076501497 0.0033787702 0.0029436640 0.0070247482 6.273503e-04 7.586472e-04 3.458969e-05 2.874557e-03 3.555135e-03 1.713972e-04
   76    1      1      0    0   125 1.336504e-104 1.665779e-05 3.419896e-03 0.024485326 0.009645404 0.002068753 0.0214474546 0.0248926145 0.05738505 0.031298553 0.08767846 0.07368767 0.02021936 0.049310123 0.06157387 0.01518188 0.08681048 0.04513328 0.01758981 0.03554445 0.02074790 0.01492039 0.04232689 0.01044190 0.030973230 0.02039385 0.022438357 0.027614114 0.034282660 0.005720571 0.014720304 0.026362175 0.003767468 0.005101899 0.0170140827 0.0005243472 0.0123250125 0.0097302124 0.0001835368 9.158528e-08 2.907487e-03 2.643908e-03 8.841483e-04 2.082846e-03 4.503525e-03
   80    1      1      0    0   125  0.000000e+00 2.422022e-14 9.451230e-04 0.008211718 0.011046618 0.005907558 0.0027230363 0.0326218868 0.02944342 0.063141485 0.05591771 0.04727765 0.02275988 0.059158315 0.05994663 0.06139249 0.03408904 0.06127407 0.01876776 0.02018225 0.02063157 0.04798143 0.04028586 0.01333994 0.057654111 0.03630710 0.023778436 0.030580758 0.026831137 0.006426116 0.009910243 0.007516562 0.004329563 0.014675481 0.0230511440 0.0117866185 0.0007817387 0.0091560631 0.0039199383 1.190722e-02 1.993866e-03 2.348205e-03 9.678652e-22 1.041174e-07 1.539787e-07
   84    1      1      0    0   125 1.046801e-230 1.177337e-02 9.744851e-03 0.009238370 0.020656074 0.008715724 0.0068823333 0.0212558056 0.09763018 0.053049821 0.02990267 0.05379328 0.05413891 0.031692923 0.05274556 0.03168642 0.02943552 0.03711540 0.02640302 0.03714298 0.03985992 0.04490730 0.01048535 0.05285653 0.008289257 0.01491710 0.044666843 0.010961743 0.004222200 0.020086309 0.026513676 0.010935070 0.005737612 0.011210360 0.0277467742 0.0188493587 0.0042362437 0.0057924977 0.0001744682 9.550047e-03 2.853505e-03 1.551817e-05 2.023641e-05 2.108641e-03 2.360397e-07
   88    1      1      0    0   125  1.471962e-85 2.584810e-10 3.084098e-06 0.016242484 0.020129931 0.002823016 0.0095267701 0.0006513735 0.02715458 0.078787809 0.09420449 0.04101366 0.05107634 0.021028817 0.03641091 0.05404666 0.08019930 0.06368766 0.02914715 0.01732724 0.02420665 0.01261491 0.03334715 0.02989846 0.035226283 0.04679256 0.006884079 0.007093898 0.038111990 0.010758028 0.025867131 0.012471002 0.018622486 0.010649428 0.0008403202 0.0105605797 0.0201263210 0.0100847802 0.0009168998 4.411571e-04 1.212799e-04 6.464245e-10 9.577828e-15 5.222888e-04 3.810410e-04
   92    1      1      0    0   125  8.322403e-31 5.104621e-05 2.467487e-03 0.007196353 0.035265175 0.003742734 0.0046589034 0.0351828983 0.03896969 0.047518161 0.06075181 0.02538967 0.02069409 0.027431484 0.03408394 0.02496606 0.05685375 0.04413870 0.04848350 0.05218287 0.03038484 0.04319782 0.03663987 0.03882614 0.043115239 0.02559169 0.034563626 0.024893343 0.016709066 0.018781576 0.011617140 0.017403514 0.005759438 0.014384400 0.0269035114 0.0153627419 0.0009546953 0.0146501854 0.0010375978 8.299677e-03 6.767110e-04 6.712360e-05 1.517088e-04 9.819645e-09 1.833115e-11
   96    1      1      0    0   125  1.693370e-24 8.464026e-05 7.047360e-05 0.001958664 0.043907740 0.004421115 0.0028064744 0.0084474471 0.05687664 0.086040494 0.09085489 0.06871614 0.03000872 0.014521145 0.08116777 0.06385854 0.02710093 0.01495442 0.02454971 0.02547277 0.01421619 0.02011150 0.03682322 0.04396496 0.029957154 0.02523650 0.045263813 0.025832677 0.008079768 0.022892476 0.021277137 0.007754324 0.010407147 0.012105853 0.0027182974 0.0052574004 0.0166433214 0.0001466332 0.0020556890 7.877773e-04 8.907196e-04 2.442719e-06 7.059875e-05 9.600966e-04 7.255673e-04
  100    1      1      0    0   125 2.403908e-179 5.964629e-12 1.755008e-04 0.003130686 0.021320383 0.013356964 0.0095248356 0.0106470999 0.02810159 0.066791568 0.04511947 0.05048893 0.02841065 0.085898200 0.03227975 0.05779877 0.05564934 0.01746983 0.05747701 0.01772969 0.04737546 0.02946130 0.04505003 0.02275737 0.064392221 0.02477838 0.054747848 0.004926521 0.007502248 0.005601857 0.014736612 0.016604658 0.011872335 0.010706317 0.0161430428 0.0042347858 0.0004446375 0.0068834775 0.0019482680 2.228511e-03 1.614415e-05 6.161374e-03 1.439603e-08 8.322233e-07 5.549493e-05
   76    1      2      0    0   500  1.954519e-06 5.984021e-03 1.939551e-02 0.048438820 0.057386762 0.007869742 0.0082088606 0.0207191242 0.05137094 0.046839738 0.04654933 0.03428766 0.02907362 0.043883609 0.03912790 0.02728912 0.05666942 0.03019804 0.03729395 0.04933112 0.02291087 0.02379190 0.02581543 0.03015751 0.027618530 0.03326714 0.015826266 0.016584313 0.022604474 0.023944088 0.024567969 0.010963741 0.009256108 0.014073072 0.0144560487 0.0039390685 0.0051647738 0.0046494659 0.0048797375 4.574076e-03 2.094251e-04 7.088677e-04 5.560376e-05 8.823091e-06 5.343171e-05
   78    1      2      0    0   500  4.736786e-26 4.802360e-04 1.250452e-02 0.055247387 0.049654583 0.032154198 0.0068634155 0.0233830804 0.05386961 0.040244604 0.04542279 0.05616296 0.03022568 0.037036011 0.02820800 0.04731273 0.04038934 0.03682721 0.05263845 0.02854554 0.02720429 0.03774647 0.02680614 0.02246192 0.013965656 0.02362775 0.026533523 0.021303456 0.027288757 0.015819564 0.011445893 0.026523047 0.006635704 0.009849783 0.0055765619 0.0042178077 0.0054621373 0.0034918615 0.0038050461 2.918097e-04 6.820273e-05 1.046429e-03 7.540691e-04 6.678456e-04 2.359623e-04
   80    1      2      0    0   500  3.531770e-14 3.164661e-03 3.018277e-02 0.056117716 0.048359126 0.013704222 0.0151258235 0.0219918973 0.03998348 0.064587768 0.06016543 0.04847944 0.01889907 0.033046625 0.03325984 0.03054245 0.03797709 0.03369402 0.03108301 0.03068232 0.03053410 0.03215362 0.02683469 0.01556288 0.018173654 0.04121471 0.023504592 0.019905572 0.020424636 0.027847414 0.012066534 0.015537637 0.010190008 0.006233499 0.0066155141 0.0031932325 0.0116599464 0.0063901424 0.0037704516 1.047789e-02 1.774092e-03 4.696179e-03 1.380155e-04 5.407057e-06 4.884539e-05
   82    1      2      0    0   500  1.551091e-07 3.829593e-03 2.370454e-02 0.059581640 0.037747304 0.011095262 0.0112268653 0.0240336752 0.02871859 0.054334081 0.05734829 0.03461803 0.03265212 0.040388453 0.03133807 0.03510721 0.02091811 0.03578013 0.04294022 0.03341494 0.03585988 0.02987618 0.01926772 0.03098265 0.029075787 0.02738375 0.026528438 0.028720841 0.022631979 0.015505533 0.030372759 0.011473881 0.013241517 0.006254345 0.0174643266 0.0189209411 0.0095997132 0.0018338420 0.0016381135 6.555046e-04 1.018430e-03 4.722620e-04 1.420018e-03 1.663818e-05 1.007675e-03
   84    1      2      0    0   500  7.773435e-10 1.607399e-03 1.877195e-02 0.051731267 0.057205920 0.017741079 0.0094105001 0.0417671758 0.04452128 0.060534517 0.07847421 0.03354641 0.02559532 0.031130568 0.02757493 0.04543540 0.04625155 0.05287603 0.02449807 0.02499190 0.02155615 0.02220760 0.01788214 0.03106053 0.036564198 0.02002622 0.017680039 0.022765703 0.023333126 0.017743347 0.011500047 0.005656290 0.008437320 0.017227321 0.0046762008 0.0030190985 0.0092446566 0.0029066960 0.0025564658 3.848654e-03 2.027548e-03 9.303506e-04 2.530793e-03 5.875410e-04 3.664931e-04
   86    1      2      0    0   500  9.182840e-05 9.844873e-04 2.357612e-02 0.053490250 0.036561942 0.017061351 0.0091878369 0.0230649211 0.04068171 0.055609048 0.05139427 0.02777921 0.04102815 0.020752015 0.04592033 0.02789938 0.03421884 0.04527001 0.05396962 0.02795933 0.02606759 0.03269577 0.04102888 0.03045830 0.027556972 0.03147900 0.016963760 0.016674603 0.021603210 0.012558679 0.022688914 0.016343321 0.019107251 0.014902445 0.0094546030 0.0046023028 0.0029539087 0.0055259569 0.0062203116 1.286072e-03 3.162798e-04 8.186900e-04 1.040155e-03 1.223500e-04 1.030028e-03
   88    1      2      0    0   500  5.129968e-09 2.579162e-03 1.558729e-02 0.054841453 0.049701244 0.012998797 0.0104807065 0.0284842805 0.04751929 0.065617372 0.04306934 0.03433235 0.03918460 0.027011436 0.02302254 0.04549507 0.05990046 0.04133555 0.02426375 0.02218295 0.03554310 0.04153429 0.02898001 0.02676707 0.021199927 0.02656786 0.029564446 0.017435282 0.018887149 0.016788963 0.012408430 0.016711466 0.021004765 0.006771832 0.0024784294 0.0078305676 0.0126213977 0.0013601414 0.0033606327 2.418680e-04 1.888129e-03 2.181498e-03 2.603186e-04 4.750211e-06 2.828280e-08
   90    1      2      0    0   500  4.399852e-13 6.801372e-03 1.707055e-02 0.043930007 0.055297524 0.018352504 0.0027292447 0.0251892566 0.05227148 0.052965366 0.04963229 0.05809599 0.02507539 0.034444946 0.03339590 0.03803174 0.02148203 0.03076360 0.03572046 0.05462367 0.02272595 0.02818621 0.03878001 0.02701883 0.026952695 0.02770481 0.034773086 0.022032997 0.010911818 0.017821884 0.012828007 0.016609135 0.019955999 0.009084738 0.0089154094 0.0066669569 0.0063564603 0.0016550569 0.0026073763 9.454958e-04 7.348427e-04 1.488980e-04 1.237177e-04 6.842031e-09 5.862800e-04
   92    1      2      0    0   500  7.670998e-14 2.338610e-03 2.052026e-02 0.056860736 0.048770171 0.015745509 0.0141992330 0.0165947293 0.04596540 0.067398691 0.05981744 0.04153073 0.04384141 0.050630948 0.03362899 0.04058264 0.03371403 0.02763876 0.02685761 0.02901195 0.02935785 0.02877274 0.04577931 0.02885091 0.028101037 0.01445906 0.024452391 0.015816529 0.011945778 0.013181625 0.009996287 0.013526259 0.015313353 0.008076951 0.0087254884 0.0032072706 0.0055807884 0.0028479451 0.0051942740 7.957620e-03 8.437832e-04 2.287956e-03 4.902116e-06 5.892067e-05 1.312527e-05
   94    1      2      0    0   500  3.260589e-05 2.359164e-04 1.301527e-02 0.044698265 0.065111107 0.010174967 0.0090107504 0.0239473836 0.04507519 0.059706516 0.06408353 0.04131213 0.04215435 0.032247996 0.03365722 0.04356974 0.05287024 0.01779806 0.04412705 0.02703631 0.03731193 0.03317389 0.02394486 0.02806074 0.019087140 0.02857639 0.014875636 0.014580765 0.010430650 0.016863795 0.009827454 0.020445849 0.006544550 0.013336315 0.0148792435 0.0061545337 0.0120493509 0.0029525902 0.0037370091 1.057264e-02 1.664484e-03 7.457792e-04 2.002729e-04 4.537084e-05 7.417154e-05
   96    1      2      0    0   500  1.013914e-16 1.339983e-03 1.808309e-02 0.050626497 0.056293778 0.011115802 0.0092814941 0.0252744984 0.06506068 0.042690874 0.05084966 0.03886379 0.04109425 0.043413346 0.02557801 0.03373449 0.05358836 0.03962620 0.02207231 0.03627182 0.04791426 0.02113569 0.02328914 0.01792518 0.028434322 0.01539695 0.021997313 0.017900501 0.022252436 0.023924815 0.017365604 0.009128529 0.022764874 0.005069762 0.0114758968 0.0120406589 0.0016123239 0.0096665922 0.0025163053 1.825014e-03 7.641230e-04 2.378321e-05 5.786983e-04 1.151044e-06 1.371291e-04
   98    1      2      0    0   500  6.029336e-11 2.843217e-03 2.555741e-02 0.035463518 0.041460346 0.026317989 0.0203224558 0.0190236779 0.04263122 0.054428275 0.06321701 0.03778059 0.02577249 0.033496135 0.04456698 0.03602704 0.03046149 0.04011335 0.02454645 0.03556963 0.02896088 0.03455759 0.03687127 0.02515148 0.021609542 0.01817590 0.015898782 0.020944415 0.029180936 0.022327302 0.020452854 0.008895119 0.014338211 0.016032257 0.0171250991 0.0183722102 0.0040365599 0.0027158535 0.0008261502 9.710296e-04 1.403482e-03 9.680094e-05 8.852607e-04 2.014416e-05 5.515923e-04
  100    1      2      0    0   500  1.720334e-08 3.140744e-03 1.498850e-02 0.032440722 0.040265746 0.022523565 0.0109192856 0.0176006684 0.04645847 0.071780839 0.06500287 0.04699296 0.03696204 0.033810673 0.03644310 0.03939785 0.04697702 0.04409635 0.02562183 0.02572120 0.03814325 0.02826082 0.02819934 0.02972444 0.044222269 0.02168926 0.018821224 0.012432986 0.019902753 0.009988344 0.018048047 0.012472979 0.017059512 0.007581885 0.0047048160 0.0031411287 0.0090774411 0.0027263111 0.0047272491 5.886653e-04 3.178556e-03 3.660618e-04 6.885722e-04 1.969564e-03 1.140083e-03
15 #_N_agebins
#_agebin_vector
1 2 3 4 5 6 7 8 9 10 11 12 13 14 15
1 #_N_ageerror_definitions
 #_age0   age1   age2   age3   age4   age5   age6   age7   age8   age9  age10  age11  age12  age13  age14  age15  age16  age17  age18  age19  age20  age21  age22  age23  age24  age25
 -1.000 -1.000 -1.000 -1.000 -1.000 -1.000 -1.000 -1.000 -1.000 -1.000 -1.000 -1.000 -1.000 -1.000 -1.000 -1.000 -1.000 -1.000 -1.000 -1.000 -1.000 -1.000 -1.000 -1.000 -1.000 -1.000
  0.001  0.001  0.001  0.001  0.001  0.001  0.001  0.001  0.001  0.001  0.001  0.001  0.001  0.001  0.001  0.001  0.001  0.001  0.001  0.001  0.001  0.001  0.001  0.001  0.001  0.001
81 #_N_agecomp
1 #_Lbin_method: 1=poplenbins; 2=datalenbins; 3=lengths
-1 #_combine males into females at or below this bin number
 #_Yr Seas FltSvy Gender Part Ageerr Lbin_lo Lbin_hi Nsamp          a1         a2        a3         a4         a5         a6         a7         a8          a9         a10          a11         a12          a13          a14         a15
   26    1      1      0    0      1      -1      -1   125  0.01099104  0.1923874 0.1543358 0.09688138 0.08039278 0.08959470 0.07617967 0.05089843 0.012330917 0.042816480 0.0220626215 0.052058828 0.0076346903 0.0319802956 0.079454866
   36    1      1      0    0      1      -1      -1   125  0.05075249  0.2308814 0.1804605 0.09466950 0.10781327 0.06015458 0.08546151 0.03069167 0.028249372 0.013643488 0.0029386158 0.047239300 0.0204677836 0.0112237870 0.035352754
   46    1      1      0    0      1      -1      -1   125  0.02006791  0.2862350 0.1976504 0.11070235 0.10037222 0.08039644 0.06381409 0.04697575 0.032055230 0.029417043 0.0070759956 0.001951496 0.0054335176 0.0041294427 0.013723112
   56    1      1      0    0      1      -1      -1   125  0.08647620  0.2286043 0.1987905 0.13170920 0.08980361 0.04331964 0.07537163 0.04143637 0.028692938 0.020004569 0.0009551336 0.001694766 0.0085381192 0.0036438768 0.040959106
   60    1      1      0    0      1      -1      -1   125  0.01253702  0.2625287 0.1851552 0.12048628 0.09210292 0.10344683 0.06558130 0.04028216 0.029478519 0.029787080 0.0060313985 0.015747862 0.0033317789 0.0004200363 0.033082904
   64    1      1      0    0      1      -1      -1   125  0.03031575  0.2691070 0.2267581 0.11147947 0.09293774 0.09263110 0.02136178 0.05729553 0.027773212 0.010970987 0.0114244531 0.030087113 0.0032679715 0.0088190445 0.005770703
   68    1      1      0    0      1      -1      -1   125  0.01800882  0.2002450 0.2116591 0.12883553 0.06908523 0.07747103 0.05737350 0.04431377 0.084197599 0.025046514 0.0308545990 0.003082573 0.0402936371 0.0047822695 0.004750895
   72    1      1      0    0      1      -1      -1   125  0.03354906  0.1951046 0.1741279 0.15782593 0.15285149 0.05385576 0.08932527 0.04607489 0.031904338 0.008196844 0.0188130303 0.017369176 0.0001993277 0.0053259902 0.015476438
   76    1      1      0    0      1      -1      -1   125  0.07499761  0.2664819 0.1572022 0.13138322 0.08862609 0.05089557 0.05112915 0.02487970 0.033096598 0.043721249 0.0353167634 0.015561543 0.0040208103 0.0101260225 0.012561636
   80    1      1      0    0      1      -1      -1   125  0.02110386  0.2487901 0.2395828 0.19888416 0.06515980 0.05025226 0.02828463 0.05512960 0.017714663 0.014682430 0.0118651445 0.016800530 0.0070547274 0.0111349088 0.013560356
   84    1      1      0    0      1      -1      -1   125  0.04895142  0.2522026 0.1505338 0.18976356 0.09128458 0.09880556 0.03196725 0.04364977 0.013622447 0.029917130 0.0152452908 0.013126109 0.0016063329 0.0035832735 0.015740918
   88    1      1      0    0      1      -1      -1   125  0.03712483  0.2342314 0.1758248 0.12226020 0.13040977 0.09502837 0.03446567 0.07298075 0.009672227 0.014051573 0.0443671358 0.014385310 0.0046192583 0.0056025314 0.004976149
   92    1      1      0    0      1      -1      -1   125  0.01759116  0.2315064 0.2324567 0.11152247 0.14202955 0.05988292 0.04690166 0.03505816 0.073789842 0.025947143 0.0030346338 0.005405745 0.0063018205 0.0022330124 0.006338835
   96    1      1      0    0      1      -1      -1   125  0.02062772  0.2690949 0.1448102 0.14290943 0.10856997 0.12618315 0.05499641 0.01101443 0.015535366 0.052752794 0.0119352755 0.003576865 0.0060405706 0.0159772279 0.015975688
  100    1      1      0    0      1      -1      -1   125  0.02660926  0.2358504 0.1882886 0.09918652 0.10786199 0.11419343 0.05693492 0.03849453 0.047779663 0.011918619 0.0411861474 0.010629492 0.0067001295 0.0071979083 0.007168381
   76    1      2      0    0      1      -1      -1   500  0.12386724  0.2457147 0.2015761 0.08486495 0.07435518 0.08426406 0.06257431 0.03028981 0.017510265 0.024620573 0.0142215204 0.012498360 0.0042005123 0.0058183308 0.013624055
   78    1      2      0    0      1      -1      -1   500  0.12586728  0.2297103 0.1544342 0.08542512 0.11636017 0.08915994 0.04306362 0.03656422 0.034140668 0.036826433 0.0151160410 0.008115214 0.0108581967 0.0038428381 0.010515746
   80    1      2      0    0      1      -1      -1   500  0.13625887  0.2716115 0.1627921 0.10121469 0.06891559 0.05813314 0.06137245 0.03034884 0.024872346 0.034151382 0.0051256796 0.010553184 0.0129550792 0.0048889406 0.016806186
   82    1      2      0    0      1      -1      -1   500  0.14498995  0.2419171 0.1362140 0.11663823 0.13769602 0.06246713 0.05057538 0.02804028 0.024631372 0.006170729 0.0149425400 0.004005955 0.0059488255 0.0098672744 0.015895214
   84    1      2      0    0      1      -1      -1   500  0.14208022  0.2286447 0.1390318 0.13457727 0.08553009 0.08986107 0.04717182 0.03446483 0.030946030 0.010021263 0.0129107452 0.015891548 0.0044039306 0.0039000862 0.020564547
   86    1      2      0    0      1      -1      -1   500  0.13701917  0.2185513 0.1564877 0.13444098 0.10538811 0.06099938 0.03642597 0.04419743 0.040282948 0.019239341 0.0077803783 0.011369995 0.0067370302 0.0098603160 0.011220007
   88    1      2      0    0      1      -1      -1   500  0.14878592  0.2163145 0.1563311 0.12298684 0.06809075 0.05843288 0.06528881 0.03642141 0.034036326 0.021262489 0.0208867023 0.011326303 0.0095045603 0.0155844664 0.014746934
   90    1      2      0    0      1      -1      -1   500  0.16295251  0.2041946 0.1780093 0.11086481 0.09181850 0.06445833 0.04935979 0.04479285 0.030230103 0.014873470 0.0127894136 0.021802332 0.0036853604 0.0014620782 0.008706541
   92    1      2      0    0      1      -1      -1   500  0.11324103  0.2437648 0.1735879 0.11443137 0.11741140 0.05982824 0.04370785 0.03658819 0.038352037 0.020899708 0.0038427127 0.009861083 0.0016597087 0.0081118010 0.014712155
   94    1      2      0    0      1      -1      -1   500  0.13055253  0.2436361 0.1651609 0.12010617 0.09093386 0.05926935 0.05270607 0.04478899 0.016338748 0.028093063 0.0262429877 0.010134725 0.0056845132 0.0013324330 0.005019550
   96    1      2      0    0      1      -1      -1   500  0.12510000  0.2690367 0.1564782 0.08567293 0.09957921 0.07552436 0.04245644 0.05607557 0.027245748 0.013355212 0.0108705015 0.013624785 0.0041476121 0.0018697587 0.018962941
   98    1      2      0    0      1      -1      -1   500  0.13552526  0.2634170 0.1584635 0.10416006 0.08592590 0.06583835 0.04562691 0.03224021 0.035737278 0.018234495 0.0174762409 0.003751900 0.0171107573 0.0049766183 0.011515549
  100    1      2      0    0      1      -1      -1   500  0.15083601  0.2334852 0.1596235 0.13626719 0.10346439 0.06920555 0.03966943 0.03553923 0.020163758 0.017648116 0.0127732986 0.004730570 0.0024810682 0.0027082974 0.011404329
   60    1      1      0    0      1       5       5     1  1.00000000  0.0000000 0.0000000 0.00000000 0.00000000 0.00000000 0.00000000 0.00000000 0.000000000 0.000000000 0.0000000000 0.000000000 0.0000000000 0.0000000000 0.000000000
   60    1      1      0    0      1       6       6     2  2.00000000  0.0000000 0.0000000 0.00000000 0.00000000 0.00000000 0.00000000 0.00000000 0.000000000 0.000000000 0.0000000000 0.000000000 0.0000000000 0.0000000000 0.000000000
   60    1      1      0    0      1       9       9     6  6.00000000  0.0000000 0.0000000 0.00000000 0.00000000 0.00000000 0.00000000 0.00000000 0.000000000 0.000000000 0.0000000000 0.000000000 0.0000000000 0.0000000000 0.000000000
   60    1      1      0    0      1      10      10     5  5.00000000  0.0000000 0.0000000 0.00000000 0.00000000 0.00000000 0.00000000 0.00000000 0.000000000 0.000000000 0.0000000000 0.000000000 0.0000000000 0.0000000000 0.000000000
   60    1      1      0    0      1      12      12    11 11.00000000  0.0000000 0.0000000 0.00000000 0.00000000 0.00000000 0.00000000 0.00000000 0.000000000 0.000000000 0.0000000000 0.000000000 0.0000000000 0.0000000000 0.000000000
   60    1      1      0    0      1      14      14     1  1.00000000  0.0000000 0.0000000 0.00000000 0.00000000 0.00000000 0.00000000 0.00000000 0.000000000 0.000000000 0.0000000000 0.000000000 0.0000000000 0.0000000000 0.000000000
   60    1      1      0    0      1      15      15     5  5.00000000  0.0000000 0.0000000 0.00000000 0.00000000 0.00000000 0.00000000 0.00000000 0.000000000 0.000000000 0.0000000000 0.000000000 0.0000000000 0.0000000000 0.000000000
   60    1      1      0    0      1      16      16     2  2.00000000  0.0000000 0.0000000 0.00000000 0.00000000 0.00000000 0.00000000 0.00000000 0.000000000 0.000000000 0.0000000000 0.000000000 0.0000000000 0.0000000000 0.000000000
   60    1      1      0    0      1      17      17     1  1.00000000  0.0000000 0.0000000 0.00000000 0.00000000 0.00000000 0.00000000 0.00000000 0.000000000 0.000000000 0.0000000000 0.000000000 0.0000000000 0.0000000000 0.000000000
   60    1      1      0    0      1      18      18     1  1.00000000  0.0000000 0.0000000 0.00000000 0.00000000 0.00000000 0.00000000 0.00000000 0.000000000 0.000000000 0.0000000000 0.000000000 0.0000000000 0.0000000000 0.000000000
   60    1      1      0    0      1      19      19     2  2.00000000  0.0000000 0.0000000 0.00000000 0.00000000 0.00000000 0.00000000 0.00000000 0.000000000 0.000000000 0.0000000000 0.000000000 0.0000000000 0.0000000000 0.000000000
   60    1      1      0    0      1      20      20     8  8.00000000  0.0000000 0.0000000 0.00000000 0.00000000 0.00000000 0.00000000 0.00000000 0.000000000 0.000000000 0.0000000000 0.000000000 0.0000000000 0.0000000000 0.000000000
   60    1      1      0    0      1      21      21     5  5.00000000  0.0000000 0.0000000 0.00000000 0.00000000 0.00000000 0.00000000 0.00000000 0.000000000 0.000000000 0.0000000000 0.000000000 0.0000000000 0.0000000000 0.000000000
   60    1      1      0    0      1      22      22     2  2.00000000  0.0000000 0.0000000 0.00000000 0.00000000 0.00000000 0.00000000 0.00000000 0.000000000 0.000000000 0.0000000000 0.000000000 0.0000000000 0.0000000000 0.000000000
   60    1      1      0    0      1      23      23     9  9.00000000  0.0000000 0.0000000 0.00000000 0.00000000 0.00000000 0.00000000 0.00000000 0.000000000 0.000000000 0.0000000000 0.000000000 0.0000000000 0.0000000000 0.000000000
   60    1      1      0    0      1      25      25     3  3.00000000  0.0000000 0.0000000 0.00000000 0.00000000 0.00000000 0.00000000 0.00000000 0.000000000 0.000000000 0.0000000000 0.000000000 0.0000000000 0.0000000000 0.000000000
   60    1      1      0    0      1      26      26     1  1.00000000  0.0000000 0.0000000 0.00000000 0.00000000 0.00000000 0.00000000 0.00000000 0.000000000 0.000000000 0.0000000000 0.000000000 0.0000000000 0.0000000000 0.000000000
   60    1      1      0    0      1      27      27     3  3.00000000  0.0000000 0.0000000 0.00000000 0.00000000 0.00000000 0.00000000 0.00000000 0.000000000 0.000000000 0.0000000000 0.000000000 0.0000000000 0.0000000000 0.000000000
   60    1      1      0    0      1      28      28     1  1.00000000  0.0000000 0.0000000 0.00000000 0.00000000 0.00000000 0.00000000 0.00000000 0.000000000 0.000000000 0.0000000000 0.000000000 0.0000000000 0.0000000000 0.000000000
   60    1      1      0    0      1      29      29     5  2.00000000  3.0000000 0.0000000 0.00000000 0.00000000 0.00000000 0.00000000 0.00000000 0.000000000 0.000000000 0.0000000000 0.000000000 0.0000000000 0.0000000000 0.000000000
   60    1      1      0    0      1      30      30    13  1.00000000 12.0000000 0.0000000 0.00000000 0.00000000 0.00000000 0.00000000 0.00000000 0.000000000 0.000000000 0.0000000000 0.000000000 0.0000000000 0.0000000000 0.000000000
   60    1      1      0    0      1      31      31     3  0.00000000  3.0000000 0.0000000 0.00000000 0.00000000 0.00000000 0.00000000 0.00000000 0.000000000 0.000000000 0.0000000000 0.000000000 0.0000000000 0.0000000000 0.000000000
   60    1      1      0    0      1      32      32     5  0.00000000  5.0000000 0.0000000 0.00000000 0.00000000 0.00000000 0.00000000 0.00000000 0.000000000 0.000000000 0.0000000000 0.000000000 0.0000000000 0.0000000000 0.000000000
   60    1      1      0    0      1      33      33     1  0.00000000  1.0000000 0.0000000 0.00000000 0.00000000 0.00000000 0.00000000 0.00000000 0.000000000 0.000000000 0.0000000000 0.000000000 0.0000000000 0.0000000000 0.000000000
   60    1      1      0    0      1      37      37     2  0.00000000  2.0000000 0.0000000 0.00000000 0.00000000 0.00000000 0.00000000 0.00000000 0.000000000 0.000000000 0.0000000000 0.000000000 0.0000000000 0.0000000000 0.000000000
   60    1      1      0    0      1      38      38     1  0.00000000  1.0000000 0.0000000 0.00000000 0.00000000 0.00000000 0.00000000 0.00000000 0.000000000 0.000000000 0.0000000000 0.000000000 0.0000000000 0.0000000000 0.000000000
   60    1      1      0    0      1      39      39     1  0.00000000  1.0000000 0.0000000 0.00000000 0.00000000 0.00000000 0.00000000 0.00000000 0.000000000 0.000000000 0.0000000000 0.000000000 0.0000000000 0.0000000000 0.000000000
  100    1      1      0    0      1       8       8     1  1.00000000  0.0000000 0.0000000 0.00000000 0.00000000 0.00000000 0.00000000 0.00000000 0.000000000 0.000000000 0.0000000000 0.000000000 0.0000000000 0.0000000000 0.000000000
  100    1      1      0    0      1       9       9     3  3.00000000  0.0000000 0.0000000 0.00000000 0.00000000 0.00000000 0.00000000 0.00000000 0.000000000 0.000000000 0.0000000000 0.000000000 0.0000000000 0.0000000000 0.000000000
  100    1      1      0    0      1      10      10     4  4.00000000  0.0000000 0.0000000 0.00000000 0.00000000 0.00000000 0.00000000 0.00000000 0.000000000 0.000000000 0.0000000000 0.000000000 0.0000000000 0.0000000000 0.000000000
  100    1      1      0    0      1      11      11     9  9.00000000  0.0000000 0.0000000 0.00000000 0.00000000 0.00000000 0.00000000 0.00000000 0.000000000 0.000000000 0.0000000000 0.000000000 0.0000000000 0.0000000000 0.000000000
  100    1      1      0    0      1      12      12     2  2.00000000  0.0000000 0.0000000 0.00000000 0.00000000 0.00000000 0.00000000 0.00000000 0.000000000 0.000000000 0.0000000000 0.000000000 0.0000000000 0.0000000000 0.000000000
  100    1      1      0    0      1      13      13     2  2.00000000  0.0000000 0.0000000 0.00000000 0.00000000 0.00000000 0.00000000 0.00000000 0.000000000 0.000000000 0.0000000000 0.000000000 0.0000000000 0.0000000000 0.000000000
  100    1      1      0    0      1      14      14     9  9.00000000  0.0000000 0.0000000 0.00000000 0.00000000 0.00000000 0.00000000 0.00000000 0.000000000 0.000000000 0.0000000000 0.000000000 0.0000000000 0.0000000000 0.000000000
  100    1      1      0    0      1      16      16     7  7.00000000  0.0000000 0.0000000 0.00000000 0.00000000 0.00000000 0.00000000 0.00000000 0.000000000 0.000000000 0.0000000000 0.000000000 0.0000000000 0.0000000000 0.000000000
  100    1      1      0    0      1      17      17     2  2.00000000  0.0000000 0.0000000 0.00000000 0.00000000 0.00000000 0.00000000 0.00000000 0.000000000 0.000000000 0.0000000000 0.000000000 0.0000000000 0.0000000000 0.000000000
  100    1      1      0    0      1      19      19     6  6.00000000  0.0000000 0.0000000 0.00000000 0.00000000 0.00000000 0.00000000 0.00000000 0.000000000 0.000000000 0.0000000000 0.000000000 0.0000000000 0.0000000000 0.000000000
  100    1      1      0    0      1      20      20     3  3.00000000  0.0000000 0.0000000 0.00000000 0.00000000 0.00000000 0.00000000 0.00000000 0.000000000 0.000000000 0.0000000000 0.000000000 0.0000000000 0.0000000000 0.000000000
  100    1      1      0    0      1      21      21    11 11.00000000  0.0000000 0.0000000 0.00000000 0.00000000 0.00000000 0.00000000 0.00000000 0.000000000 0.000000000 0.0000000000 0.000000000 0.0000000000 0.0000000000 0.000000000
  100    1      1      0    0      1      22      22     2  2.00000000  0.0000000 0.0000000 0.00000000 0.00000000 0.00000000 0.00000000 0.00000000 0.000000000 0.000000000 0.0000000000 0.000000000 0.0000000000 0.0000000000 0.000000000
  100    1      1      0    0      1      23      23     2  2.00000000  0.0000000 0.0000000 0.00000000 0.00000000 0.00000000 0.00000000 0.00000000 0.000000000 0.000000000 0.0000000000 0.000000000 0.0000000000 0.0000000000 0.000000000
  100    1      1      0    0      1      24      24     2  2.00000000  0.0000000 0.0000000 0.00000000 0.00000000 0.00000000 0.00000000 0.00000000 0.000000000 0.000000000 0.0000000000 0.000000000 0.0000000000 0.0000000000 0.000000000
  100    1      1      0    0      1      25      25     8  8.00000000  0.0000000 0.0000000 0.00000000 0.00000000 0.00000000 0.00000000 0.00000000 0.000000000 0.000000000 0.0000000000 0.000000000 0.0000000000 0.0000000000 0.000000000
  100    1      1      0    0      1      26      26     3  3.00000000  0.0000000 0.0000000 0.00000000 0.00000000 0.00000000 0.00000000 0.00000000 0.000000000 0.000000000 0.0000000000 0.000000000 0.0000000000 0.0000000000 0.000000000
  100    1      1      0    0      1      27      27     6  6.00000000  0.0000000 0.0000000 0.00000000 0.00000000 0.00000000 0.00000000 0.00000000 0.000000000 0.000000000 0.0000000000 0.000000000 0.0000000000 0.0000000000 0.000000000
  100    1      1      0    0      1      28      28     1  1.00000000  0.0000000 0.0000000 0.00000000 0.00000000 0.00000000 0.00000000 0.00000000 0.000000000 0.000000000 0.0000000000 0.000000000 0.0000000000 0.0000000000 0.000000000
  100    1      1      0    0      1      31      31     4  1.00000000  3.0000000 0.0000000 0.00000000 0.00000000 0.00000000 0.00000000 0.00000000 0.000000000 0.000000000 0.0000000000 0.000000000 0.0000000000 0.0000000000 0.000000000
  100    1      1      0    0      1      32      32     3  0.00000000  3.0000000 0.0000000 0.00000000 0.00000000 0.00000000 0.00000000 0.00000000 0.000000000 0.000000000 0.0000000000 0.000000000 0.0000000000 0.0000000000 0.000000000
  100    1      1      0    0      1      34      34     2  0.00000000  2.0000000 0.0000000 0.00000000 0.00000000 0.00000000 0.00000000 0.00000000 0.000000000 0.000000000 0.0000000000 0.000000000 0.0000000000 0.0000000000 0.000000000
  100    1      1      0    0      1      35      35     4  0.00000000  4.0000000 0.0000000 0.00000000 0.00000000 0.00000000 0.00000000 0.00000000 0.000000000 0.000000000 0.0000000000 0.000000000 0.0000000000 0.0000000000 0.000000000
  100    1      1      0    0      1      36      36     1  0.00000000  1.0000000 0.0000000 0.00000000 0.00000000 0.00000000 0.00000000 0.00000000 0.000000000 0.000000000 0.0000000000 0.000000000 0.0000000000 0.0000000000 0.000000000
  100    1      1      0    0      1      38      38     2  0.00000000  2.0000000 0.0000000 0.00000000 0.00000000 0.00000000 0.00000000 0.00000000 0.000000000 0.000000000 0.0000000000 0.000000000 0.0000000000 0.0000000000 0.000000000
  100    1      1      0    0      1      42      42     1  0.00000000  1.0000000 0.0000000 0.00000000 0.00000000 0.00000000 0.00000000 0.00000000 0.000000000 0.000000000 0.0000000000 0.000000000 0.0000000000 0.0000000000 0.000000000
0 #_N_MeanSize_at_Age_obs
0 #_N_environ_variables
0 #_N_environ_obs
0 #_N_sizefreq_methods
0 #_do_tags
0 #_morphcomp_data
#
999
