#C data file created using the SS_writedat function in the R package r4ss
#C should work with SS version: 
#C file write time: 2015-02-11 18:05:33
#
1 #_styr
100 #_endyr
1 #_nseas
12 #_months_per_seas
1 #_spawn_seas
1 #_Nfleet
2 #_Nsurveys
1 #_N_areas
Fishery%Survey%CPUE #_fleetnames
0.5 0.5 0.5 #_surveytiming_in_season
1 1 1 #_area_assignments_for_each_fishery_and_survey
1 #_units of catch:  1=bio; 2=num
0.01 #_se of log(catch) only used for init_eq_catch and for Fmethod 2 and 3
1 #_Ngenders
25 #_Nages
0 #_init_equil_catch_for_each_fishery
100 #_N_lines_of_catch_to_read
 #_Fishery year seas
         0    1    1
         0    2    1
         0    3    1
         0    4    1
         0    5    1
         0    6    1
         0    7    1
         0    8    1
         0    9    1
         0   10    1
         0   11    1
         0   12    1
         0   13    1
         0   14    1
         0   15    1
         0   16    1
         0   17    1
         0   18    1
         0   19    1
         0   20    1
         0   21    1
         0   22    1
         0   23    1
         0   24    1
         0   25    1
 444646000   26    1
 397608000   27    1
 357583000   28    1
 324161000   29    1
 296656000   30    1
 274240000   31    1
 256057000   32    1
 241314000   33    1
 229322000   34    1
 219511000   35    1
 211426000   36    1
 204710000   37    1
 199088000   38    1
 194347000   39    1
 190324000   40    1
 186891000   41    1
 183948000   42    1
 181416000   43    1
 179230000   44    1
 177337000   45    1
 175694000   46    1
 174266000   47    1
 173022000   48    1
 171937000   49    1
 170990000   50    1
 170161000   51    1
 169436000   52    1
 168801000   53    1
 168243000   54    1
 167755000   55    1
 167325000   56    1
 166948000   57    1
 166617000   58    1
 166326000   59    1
 166070000   60    1
 165844000   61    1
 165646000   62    1
 165471000   63    1
 165317000   64    1
 165182000   65    1
 165063000   66    1
 164958000   67    1
 164865000   68    1
 164784000   69    1
 164712000   70    1
 164649000   71    1
 164593000   72    1
 164544000   73    1
 164500000   74    1
 164462000   75    1
 164429000   76    1
 164399000   77    1
 164373000   78    1
 164350000   79    1
 164329000   80    1
 164311000   81    1
 164296000   82    1
 164282000   83    1
 164269000   84    1
 164258000   85    1
 164249000   86    1
 164240000   87    1
 164233000   88    1
 164227000   89    1
 164221000   90    1
 164216000   91    1
 164211000   92    1
 164207000   93    1
 164204000   94    1
 164201000   95    1
 164198000   96    1
 164195000   97    1
 164193000   98    1
 164192000   99    1
 164190000  100    1
13 #_N_cpue
 #_Fleet Units Errtype
       1     1       0
       2     1       0
       3     1       0
 #_year seas index        obs se_log
     76    1     2 1876970244    0.2
     78    1     2 1438753287    0.2
     80    1     2 1212270228    0.2
     82    1     2 1524019783    0.2
     84    1     2 1292268299    0.2
     86    1     2 1736979581    0.2
     88    1     2 1767807562    0.2
     90    1     2 1004189011    0.2
     92    1     2 2306472866    0.2
     94    1     2 1661280157    0.2
     96    1     2 1537180947    0.2
     98    1     2 1156868619    0.2
    100    1     2 1417408275    0.2
0 #_N_discard_fleets
#_discard_units (1=same_as_catchunits(bio/num); 2=fraction; 3=numbers)
#_discard_errtype:  >0 for DF of T-dist(read CV below); 0 for normal with CV; -1 for normal with se; -2 for lognormal
0 #_N_discard
0 #_N_meanbodywt
1 #_DF_for_meanbodywt_T-distribution_like
2 # length bin method: 1=use databins; 2=generate from binwidth,min,max below; 3=read vector
1 # binwidth for population size comp
10 # minimum size in the population (lower edge of first bin and size at age 0.00)
200 # maximum size in the population (lower edge of last bin)
-0.001 #_comp_tail_compression
1e-05 #_add_to_comp
0 #_combine males into females at or below this bin number
45 #_N_lbins
#_lbin_vector
20 23 26 29 32 35 38 41 44 47 50 53 56 59 62 65 68 71 74 77 80 83 86 89 92 95 98 101 104 107 110 113 116 119 122 125 128 131 134 137 140 143 146 149 152
28 #_N_Length_comp_observations
 #_Yr Seas FltSvy Gender Part Nsamp           l20          l23          l26          l29          l32          l35          l38         l41        l44        l47        l50        l53         l56         l59        l62        l65        l68        l71         l74         l77        l80         l83         l86         l89         l92         l95         l98        l101        l104       l107        l110        l113        l116         l119         l122         l125         l128         l131         l134         l137         l140         l143         l146         l149         l152
   26    1      1      0    0   125 1.227397e-240 2.905463e-14 1.339555e-04 0.0185221791 0.0060823911 1.577805e-03 1.493443e-06 0.011030587 0.02758783 0.03606109 0.02605157 0.03799177 0.023663132 0.036040765 0.03157532 0.03276136 0.03195004 0.04627345 0.083770604 0.037294718 0.03859068 0.008855914 0.024130768 0.032538218 0.052299312 0.036879001 0.008148141 0.009180533 0.016818522 0.04615571 0.053322774 0.024470166 0.013475119 0.0367267388 0.0114063378 0.0294273805 0.0230584950 0.0095362700 6.489013e-03 1.098389e-02 7.690338e-03 5.524536e-03 1.517084e-04 2.680765e-05 5.743563e-03
   36    1      1      0    0   125  2.092304e-18 2.014803e-23 1.826180e-02 0.0282971893 0.0203564473 6.968969e-03 4.532792e-04 0.013811592 0.08098463 0.08148275 0.04269966 0.03032242 0.073888064 0.025503986 0.02851561 0.03580007 0.04508300 0.02432223 0.013777374 0.030479665 0.01650463 0.015140757 0.031714168 0.018379347 0.060108388 0.024229390 0.013255547 0.024945446 0.007012794 0.04405649 0.004593404 0.015905870 0.039659294 0.0006678424 0.0040987026 0.0005084188 0.0101094056 0.0003371900 5.480766e-02 1.233892e-03 7.222226e-03 4.485890e-03 3.342087e-07 2.343557e-07 1.394985e-05
   46    1      1      0    0   125  7.584636e-57 6.282205e-20 5.854184e-04 0.0001284648 0.0007239799 1.495703e-03 2.302422e-03 0.004460967 0.06370586 0.05738503 0.04015455 0.07829586 0.037252778 0.031788763 0.06072420 0.03844499 0.03850374 0.04519832 0.021694574 0.006360150 0.02705376 0.047691713 0.040975080 0.017196396 0.025841394 0.027045543 0.031772175 0.025339351 0.039032405 0.04921525 0.004460838 0.019093614 0.030455381 0.0074293153 0.0114904721 0.0020174736 0.0003191065 0.0101030748 3.027290e-02 1.110089e-03 1.637164e-02 1.721405e-04 6.335116e-03 7.531446e-09 6.365806e-14
   56    1      1      0    0   125  0.000000e+00 3.152253e-18 2.031318e-03 0.0032467316 0.0356449724 2.781177e-05 1.466865e-02 0.039523356 0.01732612 0.04449045 0.04942602 0.07057803 0.039117940 0.023831585 0.03899476 0.03173278 0.02589261 0.05617391 0.043262301 0.013138094 0.03874171 0.029970330 0.086064047 0.023124587 0.003392207 0.052838748 0.032389186 0.010968738 0.021829436 0.02261600 0.019719251 0.014738554 0.007365465 0.0310931719 0.0074786589 0.0298022295 0.0055593919 0.0013641056 6.869381e-03 1.850971e-03 1.937203e-03 3.694135e-05 1.539583e-04 1.150595e-08 9.882773e-04
   60    1      1      0    0   125  1.260469e-95 2.230899e-03 1.812553e-03 0.0131379716 0.0211732059 1.139417e-03 1.437485e-02 0.057179837 0.03905545 0.09272046 0.05831163 0.02466101 0.035575630 0.031344217 0.03228183 0.03262543 0.03602743 0.06990658 0.073399524 0.050973958 0.03395701 0.035205953 0.009474563 0.019117007 0.016112911 0.007842347 0.020916267 0.032889801 0.024451033 0.01319606 0.008614037 0.026788876 0.004625534 0.0234640970 0.0178233933 0.0029272078 0.0094859097 0.0014942634 3.283987e-03 1.310975e-04 6.634713e-06 2.594751e-04 1.041505e-07 5.241396e-07 2.233158e-08
   64    1      1      0    0   125  2.916649e-67 1.371952e-13 1.102621e-02 0.0043443917 0.0260557741 6.061114e-04 8.987570e-04 0.007583620 0.01724535 0.04215570 0.07289627 0.01327300 0.020880516 0.052478585 0.05507295 0.04607142 0.06052631 0.02264373 0.036417451 0.060917138 0.04414251 0.048681941 0.032866471 0.037549500 0.034479258 0.036109449 0.008284250 0.042810091 0.009231994 0.01090348 0.010540147 0.018559148 0.027996123 0.0350336474 0.0076379581 0.0173710813 0.0160521905 0.0026443177 8.216771e-04 1.441868e-08 4.831329e-07 7.189851e-03 3.002571e-07 2.032862e-07 6.313349e-07
   68    1      1      0    0   125  8.207497e-62 8.397320e-38 6.325128e-03 0.0020374312 0.0047460625 6.480401e-03 7.401704e-05 0.012786509 0.04398351 0.08903257 0.04295186 0.02918907 0.046151682 0.057177064 0.03287056 0.05187821 0.04570695 0.05237151 0.014704863 0.056426131 0.07386248 0.038908753 0.008835389 0.052980652 0.024310013 0.015373126 0.021345625 0.017674493 0.004427387 0.03571065 0.012239240 0.023571633 0.013557682 0.0050738683 0.0195804322 0.0074872176 0.0002452858 0.0099440677 6.670725e-03 1.090029e-02 1.868015e-03 3.269608e-04 2.124607e-04 2.370857e-17 2.032761e-23
   72    1      1      0    0   125 8.074816e-254 2.086355e-51 3.016958e-03 0.0169620611 0.0080226049 4.118540e-02 3.785658e-03 0.017708528 0.03515033 0.04467825 0.09311293 0.02519559 0.029440978 0.009102114 0.05260809 0.06876335 0.01981077 0.05022907 0.051839403 0.051635503 0.03956215 0.019548735 0.045798880 0.009818055 0.044107625 0.023519642 0.026805291 0.019393535 0.011806102 0.01293773 0.030054087 0.013871972 0.010480093 0.0078408950 0.0037195546 0.0234475577 0.0043548683 0.0014273066 1.295495e-02 5.700406e-06 4.547828e-05 6.297796e-04 1.413383e-07 1.562231e-02 6.403462e-13
   76    1      1      0    0   125 7.233578e-103 2.620240e-14 7.573018e-03 0.0044156207 0.0156100480 1.540369e-02 1.044078e-04 0.026148103 0.03265773 0.03497509 0.07607308 0.03951378 0.024637263 0.020356081 0.02661267 0.05092241 0.07704984 0.03192923 0.034163860 0.032262144 0.05755659 0.030725968 0.044800911 0.029612512 0.051320466 0.045896988 0.007028487 0.021200789 0.054003425 0.02450844 0.023261600 0.005159910 0.011303021 0.0169860040 0.0178870157 0.0018556966 0.0003399995 0.0012620583 2.187681e-05 2.522010e-03 2.102501e-03 3.134653e-05 1.793268e-04 2.499720e-05 4.140558e-20
   80    1      1      0    0   125  0.000000e+00 3.750445e-05 1.877343e-05 0.0143784970 0.0118510898 1.816288e-02 3.749106e-03 0.050720267 0.04764436 0.02069191 0.06904417 0.04426718 0.011622759 0.014394530 0.06114968 0.02395910 0.02844953 0.05369771 0.050919418 0.031780334 0.02963799 0.027326471 0.055378214 0.029671192 0.030211911 0.044965677 0.040221608 0.009678942 0.038498234 0.01462673 0.006823933 0.039962545 0.022144484 0.0119672807 0.0111673971 0.0178126508 0.0013034898 0.0003200039 7.273834e-03 1.305347e-07 2.854500e-03 1.613124e-03 8.555603e-07 4.313885e-12 6.092627e-10
   84    1      1      0    0   125 2.479687e-235 4.856082e-04 2.966078e-03 0.0008999539 0.0153274574 9.110234e-05 1.528357e-02 0.011515384 0.03243108 0.07121419 0.07963993 0.03889521 0.009801132 0.030873772 0.04006848 0.03959104 0.04961511 0.03951795 0.065757322 0.015886731 0.02517994 0.033316183 0.064297050 0.007781962 0.030643523 0.031163103 0.021936574 0.028055004 0.035557216 0.03164020 0.031738958 0.008463685 0.005163777 0.0415873994 0.0102720126 0.0048136526 0.0137278629 0.0084928045 5.089009e-03 9.809146e-05 8.650636e-04 3.910474e-05 5.002090e-10 2.167083e-04 1.034901e-11
   88    1      1      0    0   125  1.811969e-91 2.345302e-06 1.266983e-03 0.0028436799 0.0089372771 8.567170e-04 2.219327e-03 0.012601073 0.01711935 0.09000503 0.02768728 0.04848977 0.061733772 0.064827449 0.04542244 0.04485884 0.04870521 0.06265742 0.041437050 0.026828338 0.02728268 0.064600173 0.021596873 0.032832010 0.027914940 0.035080884 0.058155121 0.020864491 0.007835183 0.01436829 0.003221078 0.003659398 0.006262786 0.0064320645 0.0250289473 0.0189782182 0.0012486359 0.0129629978 2.421803e-03 1.165537e-05 4.844833e-04 2.715955e-07 3.263513e-10 2.244376e-04 3.322132e-05
   92    1      1      0    0   125 3.482080e-182 1.447921e-05 9.515683e-04 0.0053153845 0.0166686738 2.632732e-03 5.128489e-03 0.011064199 0.07367200 0.03511763 0.07217619 0.04668696 0.037125121 0.031227283 0.04991663 0.04344227 0.03638947 0.07241572 0.007298759 0.026367388 0.05577734 0.041464767 0.049228710 0.044351202 0.012623723 0.004762822 0.047105219 0.029773790 0.019906242 0.02076564 0.008054973 0.026112819 0.016403722 0.0248731451 0.0091727637 0.0002500253 0.0024933207 0.0022697641 6.831624e-03 1.064338e-04 5.020690e-04 6.919957e-04 1.838447e-08 2.816112e-03 5.080681e-05
   96    1      1      0    0   125 1.508881e-283 1.047151e-36 6.265217e-06 0.0182880143 0.0102264675 2.635628e-04 1.124996e-03 0.032103547 0.06070935 0.03991995 0.06132561 0.05363972 0.033581051 0.059088639 0.03078996 0.01996417 0.04921400 0.05584940 0.039380777 0.009607685 0.04045821 0.071927513 0.032878910 0.014650764 0.029496737 0.016846592 0.020065468 0.018100511 0.011902032 0.04815156 0.063438522 0.010102687 0.007023715 0.0100506793 0.0004602445 0.0064524140 0.0002253799 0.0035632225 7.755497e-05 5.519249e-05 5.065464e-03 1.023508e-04 1.370602e-02 4.940374e-10 1.151163e-04
  100    1      1      0    0   125  4.830246e-28 2.263598e-09 5.683910e-03 0.0184317304 0.0170096531 4.325116e-03 1.680958e-02 0.008452637 0.02582113 0.05197438 0.05439988 0.05932987 0.044919437 0.010325183 0.02542536 0.05846115 0.02223692 0.06445438 0.053172026 0.050647312 0.04736604 0.033600063 0.020463148 0.022647723 0.038680630 0.049487243 0.027024486 0.024915298 0.036805368 0.01041342 0.018836528 0.001824783 0.011792896 0.0198764052 0.0142604547 0.0112590000 0.0151823346 0.0029355176 2.012884e-05 2.203704e-05 1.666592e-05 6.895966e-04 2.099625e-11 8.696340e-08 4.881769e-07
   76    1      2      0    0   500  2.712223e-07 9.083414e-04 1.646649e-02 0.0521547100 0.0474942515 3.048778e-02 1.794225e-02 0.012140083 0.05771974 0.03748756 0.05064660 0.03750529 0.029348249 0.038247983 0.02923946 0.03068106 0.03224136 0.02946422 0.038812268 0.018697493 0.03065519 0.026918338 0.032403738 0.029889012 0.039795250 0.029486847 0.015367096 0.015874230 0.030361335 0.01714580 0.022181392 0.020655629 0.018663833 0.0133697857 0.0176446728 0.0138413214 0.0037309962 0.0056041460 5.240571e-04 3.225031e-03 9.595973e-04 3.892920e-03 1.152548e-04 4.526852e-06 4.556748e-06
   78    1      2      0    0   500  8.376087e-05 8.869835e-04 1.924394e-02 0.0497153385 0.0351309236 1.188867e-02 1.101164e-02 0.022528443 0.06143466 0.05964446 0.04800796 0.03602882 0.031811153 0.027130983 0.04365690 0.03444650 0.03593574 0.02662048 0.042094792 0.027404585 0.04060864 0.026310210 0.026367869 0.028360727 0.017868404 0.038413902 0.030940406 0.020734768 0.022344775 0.01712571 0.023402529 0.010474158 0.010665855 0.0084339961 0.0062816398 0.0239330846 0.0043237800 0.0041323366 9.626377e-03 4.333820e-04 8.836094e-04 3.021412e-03 5.823732e-04 1.061382e-05 1.271810e-05
   80    1      2      0    0   500  2.427030e-07 1.384478e-03 1.174222e-02 0.0696896392 0.0414340116 1.864278e-02 8.608373e-03 0.019465155 0.03071687 0.04617344 0.07180077 0.03586389 0.030671683 0.032139896 0.04807601 0.02400003 0.02810223 0.03729745 0.040225792 0.022856303 0.02206480 0.025969551 0.034546860 0.032229547 0.030528453 0.022199235 0.034358011 0.024213458 0.020349085 0.01310833 0.037270141 0.016428805 0.014567939 0.0068726284 0.0124352453 0.0140351810 0.0085767024 0.0077420052 6.660980e-04 1.097096e-03 9.991906e-04 1.725751e-04 5.175256e-04 5.043618e-05 1.098361e-04
   82    1      2      0    0   500  3.519141e-23 2.510057e-03 1.535421e-02 0.0525241078 0.0583402156 1.655262e-02 1.669736e-02 0.031139490 0.03651013 0.03769543 0.06044869 0.03803346 0.033787033 0.028422997 0.03605021 0.04423510 0.04118496 0.03317671 0.039329049 0.027508692 0.02775499 0.024761775 0.023378604 0.027531645 0.037460947 0.021360981 0.025087314 0.015399651 0.014953916 0.01939203 0.015267125 0.023705829 0.008170662 0.0103566833 0.0171719989 0.0070957079 0.0098545398 0.0030187528 3.354175e-03 6.648845e-04 8.834900e-03 1.612626e-03 1.315305e-07 9.179189e-04 3.391682e-03
   84    1      2      0    0   500  1.005840e-23 1.156277e-04 1.187424e-02 0.0566036403 0.0398217973 2.232108e-02 1.406392e-02 0.023081225 0.04177241 0.06181006 0.03629726 0.04727070 0.026511093 0.035949674 0.04105433 0.03884667 0.02328153 0.02714473 0.029286224 0.029496117 0.02141464 0.048424108 0.028466053 0.051927420 0.041249956 0.020771560 0.017914604 0.023148180 0.029635739 0.02234562 0.019679737 0.016459981 0.008804733 0.0093202558 0.0111319321 0.0095412169 0.0076708836 0.0028694777 7.163257e-04 2.228677e-04 1.768594e-04 2.473552e-04 6.873716e-05 7.139697e-04 4.754562e-04
   86    1      2      0    0   500  8.410188e-17 7.290627e-04 2.339387e-02 0.0496321484 0.0520405086 2.386317e-02 8.421737e-03 0.024051152 0.03154602 0.06182486 0.05436286 0.05447560 0.022327933 0.038050475 0.03787695 0.05556003 0.02945822 0.04387475 0.035529454 0.025847896 0.02927931 0.029692834 0.037383862 0.015983437 0.031279949 0.021908759 0.012220954 0.021655713 0.023144016 0.01757409 0.021067732 0.012670481 0.012909234 0.0096401503 0.0066942690 0.0051877027 0.0063364138 0.0027146310 6.984148e-03 5.757738e-04 1.090906e-03 1.118457e-03 1.647973e-05 1.772790e-06 2.233489e-06
   88    1      2      0    0   500  6.261849e-09 3.657473e-03 2.307438e-02 0.0547722242 0.0634220783 2.010980e-02 2.038834e-02 0.020435031 0.04621887 0.06303009 0.04654068 0.03291345 0.035423436 0.036151889 0.03894451 0.03607318 0.03676758 0.03360694 0.037799930 0.029791928 0.03434515 0.032493695 0.019022921 0.025862889 0.023277319 0.014891047 0.021786711 0.022951164 0.011639143 0.01231293 0.009432320 0.031190677 0.014974047 0.0100131572 0.0099195338 0.0064099394 0.0041864501 0.0055500266 4.597394e-03 3.003255e-03 6.895347e-04 1.140245e-03 1.125373e-03 1.734034e-05 4.591326e-05
   90    1      2      0    0   500  1.777893e-12 1.854464e-03 1.331426e-02 0.0422343946 0.0520270675 2.052830e-02 1.787868e-02 0.017442093 0.03986150 0.06796338 0.05578343 0.02784262 0.040173230 0.046221611 0.03628987 0.04120997 0.04080791 0.03897124 0.038942657 0.025646184 0.03287035 0.024387502 0.023876397 0.027226166 0.032979354 0.026641374 0.020083855 0.019566771 0.013762811 0.02586744 0.010484338 0.010015782 0.015308281 0.0103764796 0.0066382385 0.0138240394 0.0100693027 0.0041070494 3.366584e-03 1.153240e-03 1.093661e-03 1.033293e-03 2.252550e-04 4.905536e-05 5.216633e-07
   92    1      2      0    0   500  3.911971e-13 2.354213e-04 1.762536e-02 0.0634866147 0.0558698476 2.730320e-02 5.341150e-03 0.025557217 0.04879360 0.05503889 0.03950085 0.05199013 0.035791208 0.036038091 0.03352721 0.02350787 0.03469240 0.03393140 0.017577511 0.030588127 0.02363194 0.060339882 0.026471030 0.021037299 0.024879654 0.014932032 0.021049479 0.025633999 0.051848693 0.02111625 0.010414024 0.014751346 0.009483507 0.0051628122 0.0108293310 0.0054174653 0.0036494546 0.0037256453 2.858779e-03 4.492755e-03 1.095086e-03 1.130192e-05 7.697252e-05 3.109912e-05 6.640637e-04
   94    1      2      0    0   500  2.963494e-30 6.816564e-03 2.360116e-02 0.0565191262 0.0485276987 1.418971e-02 6.949077e-03 0.027525629 0.04017025 0.06517988 0.03627197 0.02734882 0.024306390 0.026151420 0.03458752 0.05966347 0.03568669 0.02741488 0.032947722 0.030067530 0.03683890 0.040624001 0.039824513 0.022733315 0.038769523 0.018973983 0.020701014 0.027734737 0.014461342 0.01958096 0.014951806 0.012924996 0.008999177 0.0098915325 0.0134006885 0.0058933740 0.0047068183 0.0053548664 1.098792e-02 2.562320e-03 2.052485e-03 3.136864e-03 2.277093e-04 7.386611e-04 2.989123e-06
   96    1      2      0    0   500  1.555139e-05 5.047012e-03 2.227798e-02 0.0572246837 0.0469870020 9.719573e-03 7.190977e-03 0.028648004 0.04951990 0.04546033 0.06852226 0.03765496 0.031510119 0.040110451 0.04443169 0.02693390 0.05721315 0.03293580 0.039779914 0.022417246 0.01589645 0.031969711 0.032700138 0.027501316 0.032022304 0.025233044 0.018503937 0.021997752 0.011892570 0.01853750 0.016824032 0.010804704 0.013222904 0.0110491787 0.0058467047 0.0028092124 0.0077613150 0.0075234384 5.896159e-03 1.459093e-03 2.076423e-03 2.357633e-03 1.868954e-05 2.494967e-03 3.116116e-07
   98    1      2      0    0   500  7.250969e-06 1.176694e-03 2.786842e-02 0.0483817013 0.0460990157 1.405085e-02 9.426986e-03 0.027763581 0.04092661 0.06926994 0.05784152 0.03115803 0.030489591 0.034487396 0.02957736 0.03404189 0.03304605 0.03345349 0.022631109 0.052890112 0.03575176 0.020527462 0.031903625 0.027990853 0.021640168 0.023805783 0.010214266 0.015902087 0.011786671 0.01658348 0.032818768 0.015847089 0.018031280 0.0153206347 0.0134836510 0.0091426349 0.0072692431 0.0132857489 9.089593e-04 7.492700e-03 4.802116e-04 7.724226e-06 1.781530e-04 1.401447e-06 5.038046e-03
  100    1      2      0    0   500  1.603142e-07 1.698418e-03 1.540846e-02 0.0562010168 0.0575223897 1.974549e-02 7.906073e-03 0.020050950 0.06047527 0.07384909 0.04256514 0.04028225 0.029009629 0.031439113 0.03425642 0.03530925 0.03709824 0.03108403 0.032074492 0.036057845 0.02730184 0.025020382 0.023825960 0.020449112 0.026486289 0.019850730 0.021970207 0.018175937 0.035715396 0.01823892 0.010501461 0.019498045 0.016478589 0.0120292356 0.0125706957 0.0051803420 0.0067140973 0.0036485773 8.239970e-03 1.288313e-03 1.404923e-03 1.222787e-03 2.052751e-03 1.277891e-07 1.015985e-04
15 #_N_agebins
#_agebin_vector
1 2 3 4 5 6 7 8 9 10 11 12 13 14 15
1 #_N_ageerror_definitions
 #_age0   age1   age2   age3   age4   age5   age6   age7   age8   age9  age10  age11  age12  age13  age14  age15  age16  age17  age18  age19  age20  age21  age22  age23  age24  age25
 -1.000 -1.000 -1.000 -1.000 -1.000 -1.000 -1.000 -1.000 -1.000 -1.000 -1.000 -1.000 -1.000 -1.000 -1.000 -1.000 -1.000 -1.000 -1.000 -1.000 -1.000 -1.000 -1.000 -1.000 -1.000 -1.000
  0.001  0.001  0.001  0.001  0.001  0.001  0.001  0.001  0.001  0.001  0.001  0.001  0.001  0.001  0.001  0.001  0.001  0.001  0.001  0.001  0.001  0.001  0.001  0.001  0.001  0.001
88 #_N_agecomp
1 #_Lbin_method: 1=poplenbins; 2=datalenbins; 3=lengths
-1 #_combine males into females at or below this bin number
 #_Yr Seas FltSvy Gender Part Ageerr Lbin_lo Lbin_hi Nsamp          a1        a2        a3         a4         a5         a6         a7         a8         a9         a10         a11          a12          a13          a14         a15
   26    1      1      0    0      1      -1      -1   125 0.009222127 0.2067955 0.1856602 0.14200777 0.10257704 0.06648161 0.05624965 0.04041171 0.03113483 0.025512433 0.025129331 0.0240691531 0.0161090975 0.0200664951 0.048572998
   36    1      1      0    0      1      -1      -1   125 0.042326505 0.2544350 0.1920557 0.09516940 0.10792096 0.09225162 0.07292752 0.02165852 0.01975139 0.017774671 0.021485251 0.0137220162 0.0080947546 0.0044811900 0.035945504
   46    1      1      0    0      1      -1      -1   125 0.030561887 0.2329867 0.1557178 0.12979481 0.16577840 0.07057529 0.03720713 0.03521999 0.07039905 0.017457274 0.022825319 0.0151105312 0.0073494264 0.0049327224 0.004083674
   56    1      1      0    0      1      -1      -1   125 0.042383071 0.1684608 0.1817283 0.20693651 0.09462907 0.11496483 0.05524986 0.02327289 0.01746111 0.019462501 0.017786472 0.0406100738 0.0055265582 0.0029124479 0.008615426
   60    1      1      0    0      1      -1      -1   125 0.031635015 0.1784614 0.2152003 0.14390191 0.08735093 0.07465476 0.10971960 0.02764149 0.03319402 0.036740010 0.012153189 0.0043490413 0.0007863142 0.0008512490 0.043360778
   64    1      1      0    0      1      -1      -1   125 0.062795860 0.2321104 0.2088232 0.10197755 0.12900139 0.06949328 0.04927807 0.04530412 0.03087115 0.012958246 0.044446052 0.0050655303 0.0056874176 0.0011805935 0.001007145
   68    1      1      0    0      1      -1      -1   125 0.023710652 0.2008735 0.2533984 0.15474608 0.06238064 0.05488489 0.09038440 0.05779703 0.03057677 0.027296510 0.003104132 0.0060293904 0.0014389978 0.0067771385 0.026601533
   72    1      1      0    0      1      -1      -1   125 0.037628591 0.2131625 0.2624216 0.09337707 0.09247376 0.09924928 0.06082135 0.04228993 0.04048869 0.012393989 0.016295188 0.0077731484 0.0028907310 0.0003533476 0.018380844
   76    1      1      0    0      1      -1      -1   125 0.051883647 0.2938983 0.2054151 0.11713216 0.07290278 0.05989690 0.03842242 0.02349647 0.01222291 0.026628458 0.069627799 0.0001586617 0.0074803280 0.0038818405 0.016952162
   80    1      1      0    0      1      -1      -1   125 0.006713479 0.2629106 0.1928483 0.12983183 0.11819098 0.08105233 0.05542891 0.07050288 0.02590389 0.008708375 0.006678882 0.0084022490 0.0129565010 0.0072863630 0.012584463
   84    1      1      0    0      1      -1      -1   125 0.034220577 0.2440434 0.2004879 0.13703633 0.09794798 0.13356408 0.03233726 0.02599048 0.02033170 0.017331609 0.042234639 0.0016378179 0.0063779346 0.0020451527 0.004413141
   88    1      1      0    0      1      -1      -1   125 0.032312450 0.2257749 0.2157795 0.10873416 0.12407143 0.07012520 0.02929673 0.09414279 0.03931527 0.017573085 0.010560992 0.0033862271 0.0113751325 0.0063558822 0.011196267
   92    1      1      0    0      1      -1      -1   125 0.025824165 0.2271227 0.2101733 0.17242033 0.10267363 0.06105262 0.04105021 0.02802574 0.01708744 0.040051448 0.011235190 0.0160340759 0.0017596340 0.0186229531 0.026866503
   96    1      1      0    0      1      -1      -1   125 0.052871805 0.2792718 0.2093732 0.12124811 0.08555815 0.06498466 0.03881618 0.05565310 0.03673845 0.032786688 0.005555788 0.0080054801 0.0024619246 0.0012509010 0.005423802
  100    1      1      0    0      1      -1      -1   125 0.044579037 0.1861897 0.1885710 0.14882522 0.12787721 0.07849698 0.08435839 0.05682438 0.01733255 0.018174195 0.007539306 0.0276242893 0.0066964989 0.0025748373 0.004336410
   76    1      2      0    0      1      -1      -1   500 0.107524790 0.2376063 0.1866609 0.14893974 0.08980797 0.05644613 0.03129783 0.03614330 0.03162244 0.019235996 0.011965803 0.0092570930 0.0146901921 0.0027859589 0.016015560
   78    1      2      0    0      1      -1      -1   500 0.146666602 0.2376208 0.1545327 0.14436095 0.09138424 0.06683423 0.03058803 0.03296389 0.03428636 0.021421791 0.010842670 0.0067457273 0.0074827827 0.0044408347 0.009828346
   80    1      2      0    0      1      -1      -1   500 0.163811733 0.2192226 0.1548988 0.11910409 0.09838432 0.06431934 0.04727183 0.03033860 0.02484518 0.022353654 0.019302667 0.0147969964 0.0054046504 0.0046927288 0.011252758
   82    1      2      0    0      1      -1      -1   500 0.181033910 0.2288771 0.1804965 0.10922693 0.07157998 0.05715355 0.05268234 0.03814851 0.01986705 0.025721046 0.003747593 0.0151298097 0.0023564050 0.0068459600 0.007133350
   84    1      2      0    0      1      -1      -1   500 0.171194347 0.2563403 0.1173558 0.12785996 0.09464120 0.06192087 0.05031925 0.03542743 0.01990654 0.026963421 0.013759474 0.0083846784 0.0049766703 0.0032268660 0.007723216
   86    1      2      0    0      1      -1      -1   500 0.121809216 0.2793806 0.1576700 0.10437417 0.08487289 0.07407862 0.05353175 0.02881125 0.02145085 0.020000526 0.006184701 0.0223965313 0.0049466413 0.0071591889 0.013333033
   88    1      2      0    0      1      -1      -1   500 0.143100598 0.2049619 0.1706380 0.10799015 0.10184546 0.06846048 0.05111793 0.04344452 0.01623469 0.037017506 0.011353709 0.0134134520 0.0109500960 0.0024752229 0.016996273
   90    1      2      0    0      1      -1      -1   500 0.141745525 0.2266823 0.1641381 0.11668510 0.10726507 0.05908806 0.04497104 0.03151716 0.02679578 0.020684211 0.014751250 0.0065980238 0.0037183364 0.0049072430 0.030452816
   92    1      2      0    0      1      -1      -1   500 0.155362924 0.2186004 0.1746749 0.11175534 0.08990536 0.05857001 0.06595710 0.02601261 0.02665932 0.008995821 0.021753708 0.0112427497 0.0094057939 0.0071372365 0.013966689
   94    1      2      0    0      1      -1      -1   500 0.158827259 0.2222365 0.1868683 0.11772675 0.07139729 0.07201041 0.03813080 0.02934203 0.02910998 0.027036538 0.010451539 0.0152212985 0.0043646510 0.0075272685 0.009749380
   96    1      2      0    0      1      -1      -1   500 0.140170953 0.2326633 0.1906380 0.11249038 0.06842872 0.05997605 0.04831598 0.03943005 0.02273477 0.021011499 0.034622460 0.0098673900 0.0042572206 0.0110633833 0.004329867
   98    1      2      0    0      1      -1      -1   500 0.128774641 0.2130360 0.1919207 0.12354719 0.09232905 0.07222878 0.04576769 0.03441783 0.02257233 0.017518389 0.017362350 0.0064055215 0.0037984404 0.0072505559 0.023070475
  100    1      2      0    0      1      -1      -1   500 0.143075169 0.2355096 0.1769850 0.11226790 0.08864408 0.07252044 0.02633830 0.03297297 0.02988172 0.021335472 0.017528131 0.0170116560 0.0073706512 0.0057710857 0.012787769
   60    1      1      0    0      1       5       5     5 5.000000000 0.0000000 0.0000000 0.00000000 0.00000000 0.00000000 0.00000000 0.00000000 0.00000000 0.000000000 0.000000000 0.0000000000 0.0000000000 0.0000000000 0.000000000
   60    1      1      0    0      1       8       8     6 6.000000000 0.0000000 0.0000000 0.00000000 0.00000000 0.00000000 0.00000000 0.00000000 0.00000000 0.000000000 0.000000000 0.0000000000 0.0000000000 0.0000000000 0.000000000
   60    1      1      0    0      1       9       9     6 6.000000000 0.0000000 0.0000000 0.00000000 0.00000000 0.00000000 0.00000000 0.00000000 0.00000000 0.000000000 0.000000000 0.0000000000 0.0000000000 0.0000000000 0.000000000
   60    1      1      0    0      1      10      10     8 8.000000000 0.0000000 0.0000000 0.00000000 0.00000000 0.00000000 0.00000000 0.00000000 0.00000000 0.000000000 0.000000000 0.0000000000 0.0000000000 0.0000000000 0.000000000
   60    1      1      0    0      1      11      11     7 7.000000000 0.0000000 0.0000000 0.00000000 0.00000000 0.00000000 0.00000000 0.00000000 0.00000000 0.000000000 0.000000000 0.0000000000 0.0000000000 0.0000000000 0.000000000
   60    1      1      0    0      1      12      12     2 2.000000000 0.0000000 0.0000000 0.00000000 0.00000000 0.00000000 0.00000000 0.00000000 0.00000000 0.000000000 0.000000000 0.0000000000 0.0000000000 0.0000000000 0.000000000
   60    1      1      0    0      1      13      13     5 5.000000000 0.0000000 0.0000000 0.00000000 0.00000000 0.00000000 0.00000000 0.00000000 0.00000000 0.000000000 0.000000000 0.0000000000 0.0000000000 0.0000000000 0.000000000
   60    1      1      0    0      1      14      14     3 3.000000000 0.0000000 0.0000000 0.00000000 0.00000000 0.00000000 0.00000000 0.00000000 0.00000000 0.000000000 0.000000000 0.0000000000 0.0000000000 0.0000000000 0.000000000
   60    1      1      0    0      1      15      15     1 1.000000000 0.0000000 0.0000000 0.00000000 0.00000000 0.00000000 0.00000000 0.00000000 0.00000000 0.000000000 0.000000000 0.0000000000 0.0000000000 0.0000000000 0.000000000
   60    1      1      0    0      1      16      16     3 3.000000000 0.0000000 0.0000000 0.00000000 0.00000000 0.00000000 0.00000000 0.00000000 0.00000000 0.000000000 0.000000000 0.0000000000 0.0000000000 0.0000000000 0.000000000
   60    1      1      0    0      1      17      17     2 2.000000000 0.0000000 0.0000000 0.00000000 0.00000000 0.00000000 0.00000000 0.00000000 0.00000000 0.000000000 0.000000000 0.0000000000 0.0000000000 0.0000000000 0.000000000
   60    1      1      0    0      1      18      18     4 4.000000000 0.0000000 0.0000000 0.00000000 0.00000000 0.00000000 0.00000000 0.00000000 0.00000000 0.000000000 0.000000000 0.0000000000 0.0000000000 0.0000000000 0.000000000
   60    1      1      0    0      1      19      19     7 7.000000000 0.0000000 0.0000000 0.00000000 0.00000000 0.00000000 0.00000000 0.00000000 0.00000000 0.000000000 0.000000000 0.0000000000 0.0000000000 0.0000000000 0.000000000
   60    1      1      0    0      1      20      20     7 7.000000000 0.0000000 0.0000000 0.00000000 0.00000000 0.00000000 0.00000000 0.00000000 0.00000000 0.000000000 0.000000000 0.0000000000 0.0000000000 0.0000000000 0.000000000
   60    1      1      0    0      1      21      21     6 6.000000000 0.0000000 0.0000000 0.00000000 0.00000000 0.00000000 0.00000000 0.00000000 0.00000000 0.000000000 0.000000000 0.0000000000 0.0000000000 0.0000000000 0.000000000
   60    1      1      0    0      1      22      22     4 4.000000000 0.0000000 0.0000000 0.00000000 0.00000000 0.00000000 0.00000000 0.00000000 0.00000000 0.000000000 0.000000000 0.0000000000 0.0000000000 0.0000000000 0.000000000
   60    1      1      0    0      1      24      24     3 3.000000000 0.0000000 0.0000000 0.00000000 0.00000000 0.00000000 0.00000000 0.00000000 0.00000000 0.000000000 0.000000000 0.0000000000 0.0000000000 0.0000000000 0.000000000
   60    1      1      0    0      1      25      25     1 1.000000000 0.0000000 0.0000000 0.00000000 0.00000000 0.00000000 0.00000000 0.00000000 0.00000000 0.000000000 0.000000000 0.0000000000 0.0000000000 0.0000000000 0.000000000
   60    1      1      0    0      1      27      27     2 2.000000000 0.0000000 0.0000000 0.00000000 0.00000000 0.00000000 0.00000000 0.00000000 0.00000000 0.000000000 0.000000000 0.0000000000 0.0000000000 0.0000000000 0.000000000
   60    1      1      0    0      1      28      28     1 1.000000000 0.0000000 0.0000000 0.00000000 0.00000000 0.00000000 0.00000000 0.00000000 0.00000000 0.000000000 0.000000000 0.0000000000 0.0000000000 0.0000000000 0.000000000
   60    1      1      0    0      1      29      29     2 1.000000000 1.0000000 0.0000000 0.00000000 0.00000000 0.00000000 0.00000000 0.00000000 0.00000000 0.000000000 0.000000000 0.0000000000 0.0000000000 0.0000000000 0.000000000
   60    1      1      0    0      1      31      31     2 0.000000000 2.0000000 0.0000000 0.00000000 0.00000000 0.00000000 0.00000000 0.00000000 0.00000000 0.000000000 0.000000000 0.0000000000 0.0000000000 0.0000000000 0.000000000
   60    1      1      0    0      1      32      32     4 0.000000000 4.0000000 0.0000000 0.00000000 0.00000000 0.00000000 0.00000000 0.00000000 0.00000000 0.000000000 0.000000000 0.0000000000 0.0000000000 0.0000000000 0.000000000
   60    1      1      0    0      1      33      33     2 0.000000000 2.0000000 0.0000000 0.00000000 0.00000000 0.00000000 0.00000000 0.00000000 0.00000000 0.000000000 0.000000000 0.0000000000 0.0000000000 0.0000000000 0.000000000
   60    1      1      0    0      1      34      34     2 0.000000000 2.0000000 0.0000000 0.00000000 0.00000000 0.00000000 0.00000000 0.00000000 0.00000000 0.000000000 0.000000000 0.0000000000 0.0000000000 0.0000000000 0.000000000
   60    1      1      0    0      1      35      35     2 0.000000000 2.0000000 0.0000000 0.00000000 0.00000000 0.00000000 0.00000000 0.00000000 0.00000000 0.000000000 0.000000000 0.0000000000 0.0000000000 0.0000000000 0.000000000
   60    1      1      0    0      1      36      36     1 0.000000000 1.0000000 0.0000000 0.00000000 0.00000000 0.00000000 0.00000000 0.00000000 0.00000000 0.000000000 0.000000000 0.0000000000 0.0000000000 0.0000000000 0.000000000
   60    1      1      0    0      1      37      37     2 0.000000000 2.0000000 0.0000000 0.00000000 0.00000000 0.00000000 0.00000000 0.00000000 0.00000000 0.000000000 0.000000000 0.0000000000 0.0000000000 0.0000000000 0.000000000
  100    1      1      0    0      1       3       3     1 1.000000000 0.0000000 0.0000000 0.00000000 0.00000000 0.00000000 0.00000000 0.00000000 0.00000000 0.000000000 0.000000000 0.0000000000 0.0000000000 0.0000000000 0.000000000
  100    1      1      0    0      1       4       4     3 3.000000000 0.0000000 0.0000000 0.00000000 0.00000000 0.00000000 0.00000000 0.00000000 0.00000000 0.000000000 0.000000000 0.0000000000 0.0000000000 0.0000000000 0.000000000
  100    1      1      0    0      1       5       5     3 3.000000000 0.0000000 0.0000000 0.00000000 0.00000000 0.00000000 0.00000000 0.00000000 0.00000000 0.000000000 0.000000000 0.0000000000 0.0000000000 0.0000000000 0.000000000
  100    1      1      0    0      1       7       7     3 3.000000000 0.0000000 0.0000000 0.00000000 0.00000000 0.00000000 0.00000000 0.00000000 0.00000000 0.000000000 0.000000000 0.0000000000 0.0000000000 0.0000000000 0.000000000
  100    1      1      0    0      1       8       8     2 2.000000000 0.0000000 0.0000000 0.00000000 0.00000000 0.00000000 0.00000000 0.00000000 0.00000000 0.000000000 0.000000000 0.0000000000 0.0000000000 0.0000000000 0.000000000
  100    1      1      0    0      1       9       9     2 2.000000000 0.0000000 0.0000000 0.00000000 0.00000000 0.00000000 0.00000000 0.00000000 0.00000000 0.000000000 0.000000000 0.0000000000 0.0000000000 0.0000000000 0.000000000
  100    1      1      0    0      1      10      10     4 4.000000000 0.0000000 0.0000000 0.00000000 0.00000000 0.00000000 0.00000000 0.00000000 0.00000000 0.000000000 0.000000000 0.0000000000 0.0000000000 0.0000000000 0.000000000
  100    1      1      0    0      1      11      11     9 9.000000000 0.0000000 0.0000000 0.00000000 0.00000000 0.00000000 0.00000000 0.00000000 0.00000000 0.000000000 0.000000000 0.0000000000 0.0000000000 0.0000000000 0.000000000
  100    1      1      0    0      1      12      12     1 1.000000000 0.0000000 0.0000000 0.00000000 0.00000000 0.00000000 0.00000000 0.00000000 0.00000000 0.000000000 0.000000000 0.0000000000 0.0000000000 0.0000000000 0.000000000
  100    1      1      0    0      1      13      13     6 6.000000000 0.0000000 0.0000000 0.00000000 0.00000000 0.00000000 0.00000000 0.00000000 0.00000000 0.000000000 0.000000000 0.0000000000 0.0000000000 0.0000000000 0.000000000
  100    1      1      0    0      1      15      15     2 2.000000000 0.0000000 0.0000000 0.00000000 0.00000000 0.00000000 0.00000000 0.00000000 0.00000000 0.000000000 0.000000000 0.0000000000 0.0000000000 0.0000000000 0.000000000
  100    1      1      0    0      1      16      16     7 7.000000000 0.0000000 0.0000000 0.00000000 0.00000000 0.00000000 0.00000000 0.00000000 0.00000000 0.000000000 0.000000000 0.0000000000 0.0000000000 0.0000000000 0.000000000
  100    1      1      0    0      1      17      17     1 1.000000000 0.0000000 0.0000000 0.00000000 0.00000000 0.00000000 0.00000000 0.00000000 0.00000000 0.000000000 0.000000000 0.0000000000 0.0000000000 0.0000000000 0.000000000
  100    1      1      0    0      1      18      18     9 9.000000000 0.0000000 0.0000000 0.00000000 0.00000000 0.00000000 0.00000000 0.00000000 0.00000000 0.000000000 0.000000000 0.0000000000 0.0000000000 0.0000000000 0.000000000
  100    1      1      0    0      1      19      19     9 9.000000000 0.0000000 0.0000000 0.00000000 0.00000000 0.00000000 0.00000000 0.00000000 0.00000000 0.000000000 0.000000000 0.0000000000 0.0000000000 0.0000000000 0.000000000
  100    1      1      0    0      1      20      20     5 5.000000000 0.0000000 0.0000000 0.00000000 0.00000000 0.00000000 0.00000000 0.00000000 0.00000000 0.000000000 0.000000000 0.0000000000 0.0000000000 0.0000000000 0.000000000
  100    1      1      0    0      1      21      21     2 2.000000000 0.0000000 0.0000000 0.00000000 0.00000000 0.00000000 0.00000000 0.00000000 0.00000000 0.000000000 0.000000000 0.0000000000 0.0000000000 0.0000000000 0.000000000
  100    1      1      0    0      1      22      22     1 1.000000000 0.0000000 0.0000000 0.00000000 0.00000000 0.00000000 0.00000000 0.00000000 0.00000000 0.000000000 0.000000000 0.0000000000 0.0000000000 0.0000000000 0.000000000
  100    1      1      0    0      1      23      23     2 2.000000000 0.0000000 0.0000000 0.00000000 0.00000000 0.00000000 0.00000000 0.00000000 0.00000000 0.000000000 0.000000000 0.0000000000 0.0000000000 0.0000000000 0.000000000
  100    1      1      0    0      1      24      24     3 3.000000000 0.0000000 0.0000000 0.00000000 0.00000000 0.00000000 0.00000000 0.00000000 0.00000000 0.000000000 0.000000000 0.0000000000 0.0000000000 0.0000000000 0.000000000
  100    1      1      0    0      1      25      25     6 6.000000000 0.0000000 0.0000000 0.00000000 0.00000000 0.00000000 0.00000000 0.00000000 0.00000000 0.000000000 0.000000000 0.0000000000 0.0000000000 0.0000000000 0.000000000
  100    1      1      0    0      1      26      26     1 1.000000000 0.0000000 0.0000000 0.00000000 0.00000000 0.00000000 0.00000000 0.00000000 0.00000000 0.000000000 0.000000000 0.0000000000 0.0000000000 0.0000000000 0.000000000
  100    1      1      0    0      1      27      27     1 1.000000000 0.0000000 0.0000000 0.00000000 0.00000000 0.00000000 0.00000000 0.00000000 0.00000000 0.000000000 0.000000000 0.0000000000 0.0000000000 0.0000000000 0.000000000
  100    1      1      0    0      1      28      28     3 3.000000000 0.0000000 0.0000000 0.00000000 0.00000000 0.00000000 0.00000000 0.00000000 0.00000000 0.000000000 0.000000000 0.0000000000 0.0000000000 0.0000000000 0.000000000
  100    1      1      0    0      1      29      29     1 0.000000000 1.0000000 0.0000000 0.00000000 0.00000000 0.00000000 0.00000000 0.00000000 0.00000000 0.000000000 0.000000000 0.0000000000 0.0000000000 0.0000000000 0.000000000
  100    1      1      0    0      1      30      30     2 1.000000000 1.0000000 0.0000000 0.00000000 0.00000000 0.00000000 0.00000000 0.00000000 0.00000000 0.000000000 0.000000000 0.0000000000 0.0000000000 0.0000000000 0.000000000
  100    1      1      0    0      1      31      31     5 0.000000000 5.0000000 0.0000000 0.00000000 0.00000000 0.00000000 0.00000000 0.00000000 0.00000000 0.000000000 0.000000000 0.0000000000 0.0000000000 0.0000000000 0.000000000
  100    1      1      0    0      1      32      32     1 0.000000000 1.0000000 0.0000000 0.00000000 0.00000000 0.00000000 0.00000000 0.00000000 0.00000000 0.000000000 0.000000000 0.0000000000 0.0000000000 0.0000000000 0.000000000
  100    1      1      0    0      1      33      33     1 0.000000000 1.0000000 0.0000000 0.00000000 0.00000000 0.00000000 0.00000000 0.00000000 0.00000000 0.000000000 0.000000000 0.0000000000 0.0000000000 0.0000000000 0.000000000
  100    1      1      0    0      1      34      34     1 0.000000000 1.0000000 0.0000000 0.00000000 0.00000000 0.00000000 0.00000000 0.00000000 0.00000000 0.000000000 0.000000000 0.0000000000 0.0000000000 0.0000000000 0.000000000
  100    1      1      0    0      1      37      37     2 0.000000000 2.0000000 0.0000000 0.00000000 0.00000000 0.00000000 0.00000000 0.00000000 0.00000000 0.000000000 0.000000000 0.0000000000 0.0000000000 0.0000000000 0.000000000
  100    1      1      0    0      1      38      38     1 0.000000000 1.0000000 0.0000000 0.00000000 0.00000000 0.00000000 0.00000000 0.00000000 0.00000000 0.000000000 0.000000000 0.0000000000 0.0000000000 0.0000000000 0.000000000
0 #_N_MeanSize_at_Age_obs
0 #_N_environ_variables
0 #_N_environ_obs
0 #_N_sizefreq_methods
0 #_do_tags
0 #_morphcomp_data
#
999
