#C data file created using the SS_writedat function in the R package r4ss
#C should work with SS version: 
#C file write time: 2015-02-11 18:41:49
#
1 #_styr
100 #_endyr
1 #_nseas
12 #_months_per_seas
1 #_spawn_seas
1 #_Nfleet
2 #_Nsurveys
1 #_N_areas
Fishery%Survey%CPUE #_fleetnames
0.5 0.5 0.5 #_surveytiming_in_season
1 1 1 #_area_assignments_for_each_fishery_and_survey
1 #_units of catch:  1=bio; 2=num
0.01 #_se of log(catch) only used for init_eq_catch and for Fmethod 2 and 3
1 #_Ngenders
25 #_Nages
0 #_init_equil_catch_for_each_fishery
100 #_N_lines_of_catch_to_read
 #_Fishery year seas
         0    1    1
         0    2    1
         0    3    1
         0    4    1
         0    5    1
         0    6    1
         0    7    1
         0    8    1
         0    9    1
         0   10    1
         0   11    1
         0   12    1
         0   13    1
         0   14    1
         0   15    1
         0   16    1
         0   17    1
         0   18    1
         0   19    1
         0   20    1
         0   21    1
         0   22    1
         0   23    1
         0   24    1
         0   25    1
 444646000   26    1
 397608000   27    1
 357583000   28    1
 324161000   29    1
 296656000   30    1
 274240000   31    1
 256057000   32    1
 241314000   33    1
 229322000   34    1
 219511000   35    1
 211426000   36    1
 204710000   37    1
 199088000   38    1
 194347000   39    1
 190324000   40    1
 186891000   41    1
 183948000   42    1
 181416000   43    1
 179230000   44    1
 177337000   45    1
 175694000   46    1
 174266000   47    1
 173022000   48    1
 171937000   49    1
 170990000   50    1
 170161000   51    1
 169436000   52    1
 168801000   53    1
 168243000   54    1
 167755000   55    1
 167325000   56    1
 166948000   57    1
 166617000   58    1
 166326000   59    1
 166070000   60    1
 165844000   61    1
 165646000   62    1
 165471000   63    1
 165317000   64    1
 165182000   65    1
 165063000   66    1
 164958000   67    1
 164865000   68    1
 164784000   69    1
 164712000   70    1
 164649000   71    1
 164593000   72    1
 164544000   73    1
 164500000   74    1
 164462000   75    1
 164429000   76    1
 164399000   77    1
 164373000   78    1
 164350000   79    1
 164329000   80    1
 164311000   81    1
 164296000   82    1
 164282000   83    1
 164269000   84    1
 164258000   85    1
 164249000   86    1
 164240000   87    1
 164233000   88    1
 164227000   89    1
 164221000   90    1
 164216000   91    1
 164211000   92    1
 164207000   93    1
 164204000   94    1
 164201000   95    1
 164198000   96    1
 164195000   97    1
 164193000   98    1
 164192000   99    1
 164190000  100    1
13 #_N_cpue
 #_Fleet Units Errtype
       1     1       0
       2     1       0
       3     1       0
 #_year seas index        obs se_log
     76    1     2 1008547295    0.2
     78    1     2 1882051045    0.2
     80    1     2  987795151    0.2
     82    1     2 1094253020    0.2
     84    1     2 1598964659    0.2
     86    1     2 1602900009    0.2
     88    1     2 1367032715    0.2
     90    1     2 1193383846    0.2
     92    1     2 1609834520    0.2
     94    1     2 1736600333    0.2
     96    1     2 1054561428    0.2
     98    1     2 2085793309    0.2
    100    1     2  929071657    0.2
0 #_N_discard_fleets
#_discard_units (1=same_as_catchunits(bio/num); 2=fraction; 3=numbers)
#_discard_errtype:  >0 for DF of T-dist(read CV below); 0 for normal with CV; -1 for normal with se; -2 for lognormal
0 #_N_discard
0 #_N_meanbodywt
1 #_DF_for_meanbodywt_T-distribution_like
2 # length bin method: 1=use databins; 2=generate from binwidth,min,max below; 3=read vector
1 # binwidth for population size comp
10 # minimum size in the population (lower edge of first bin and size at age 0.00)
200 # maximum size in the population (lower edge of last bin)
-0.001 #_comp_tail_compression
1e-05 #_add_to_comp
0 #_combine males into females at or below this bin number
45 #_N_lbins
#_lbin_vector
20 23 26 29 32 35 38 41 44 47 50 53 56 59 62 65 68 71 74 77 80 83 86 89 92 95 98 101 104 107 110 113 116 119 122 125 128 131 134 137 140 143 146 149 152
28 #_N_Length_comp_observations
 #_Yr Seas FltSvy Gender Part Nsamp           l20          l23          l26         l29         l32          l35          l38         l41        l44        l47        l50        l53        l56        l59        l62        l65        l68        l71        l74        l77        l80        l83        l86        l89         l92        l95         l98        l101        l104        l107        l110        l113        l116        l119         l122         l125         l128         l131         l134         l137         l140         l143         l146         l149         l152
   26    1      1      0    0   125  0.000000e+00 9.897779e-22 4.945522e-04 0.018741324 0.014718573 0.0105180845 6.536944e-05 0.031860057 0.02742857 0.03297489 0.05621879 0.02729348 0.02799808 0.03380965 0.02115260 0.02477523 0.06606020 0.02808945 0.03354556 0.04725804 0.04197118 0.01303009 0.03822799 0.01677945 0.018667915 0.01063004 0.014470189 0.051844208 0.056563959 0.020814912 0.028455207 0.016107136 0.028073849 0.038459375 0.0181391893 0.0266359105 0.0094602594 0.0117005443 0.0021230402 2.668626e-03 4.272624e-03 5.924944e-03 2.774673e-03 1.781052e-03 1.742115e-02
   36    1      1      0    0   125  1.760928e-44 1.483841e-08 4.939766e-03 0.006239112 0.001145382 0.0145678762 4.018762e-04 0.020776132 0.02554827 0.06601119 0.07116768 0.03749687 0.03443625 0.02250018 0.02072405 0.07334309 0.06805893 0.05103737 0.01750718 0.04010960 0.01769142 0.04792808 0.07337843 0.02675085 0.017165922 0.05404345 0.019124547 0.008933167 0.013453683 0.029773312 0.001445494 0.024124827 0.017842774 0.017750793 0.0008480436 0.0130100220 0.0307204772 0.0013624771 0.0059923292 3.771920e-04 2.180801e-05 1.907229e-03 8.381206e-05 2.229727e-04 3.607144e-05
   46    1      1      0    0   125  7.107810e-44 3.844008e-08 1.496863e-03 0.012527618 0.008309296 0.0201185125 4.877694e-03 0.051685777 0.03194877 0.13736937 0.05909131 0.04286593 0.01798650 0.02611250 0.02950633 0.02108703 0.04039829 0.02491700 0.02064928 0.03256538 0.04591034 0.04688631 0.04286676 0.03145069 0.010324600 0.02152154 0.019189032 0.008507447 0.019222617 0.022111806 0.051706956 0.010820386 0.007857379 0.017127653 0.0462322365 0.0028074919 0.0020436196 0.0041318540 0.0000183557 2.273128e-03 2.234002e-03 1.190685e-03 3.601897e-07 4.265964e-05 8.593535e-06
   56    1      1      0    0   125  2.765714e-19 1.552331e-21 2.948989e-07 0.033683747 0.006732484 0.0073006137 1.971157e-04 0.004782708 0.05200650 0.04502078 0.06778402 0.03423202 0.03949635 0.03048900 0.03703709 0.03847679 0.03712464 0.08065168 0.03521854 0.03776308 0.06246560 0.03257472 0.07118800 0.04148818 0.032941553 0.01361725 0.020819826 0.010487804 0.025365862 0.010075102 0.008998118 0.025952039 0.013349215 0.007180977 0.0131774043 0.0054910656 0.0033862729 0.0100996380 0.0002152796 2.861457e-03 8.318287e-07 7.524636e-14 2.279406e-11 2.663428e-04 4.991870e-11
   60    1      1      0    0   125  0.000000e+00 2.778747e-13 6.365758e-04 0.005066240 0.014881974 0.0188608474 3.932633e-03 0.036342797 0.03873130 0.09078950 0.03625833 0.06666787 0.02960992 0.02567958 0.04625759 0.02992153 0.03713554 0.03080880 0.04041755 0.05220498 0.01860935 0.03778804 0.05491859 0.02581550 0.055142053 0.01787220 0.023272795 0.013834666 0.020353193 0.020701240 0.024888082 0.014166228 0.009378879 0.003751913 0.0029107042 0.0161109289 0.0021580961 0.0134274974 0.0109937942 8.082277e-04 4.959319e-04 8.725605e-07 8.334299e-03 6.960123e-07 6.268334e-05
   64    1      1      0    0   125 5.920227e-132 1.752690e-05 5.862015e-03 0.006156854 0.010277222 0.0056478449 1.094562e-02 0.006985388 0.02750044 0.03081735 0.09117875 0.05577864 0.04516453 0.03848322 0.04737264 0.04249918 0.04833113 0.03377699 0.06956267 0.03338133 0.03562950 0.02818938 0.03290900 0.03184431 0.021297293 0.02967016 0.033549577 0.019259910 0.014818475 0.006990864 0.045658292 0.003352308 0.008941586 0.009124901 0.0143762829 0.0074091934 0.0006169207 0.0321854562 0.0018207403 1.051595e-02 6.416662e-07 4.015948e-05 4.443479e-05 1.708153e-03 3.071609e-04
   68    1      1      0    0   125 9.726510e-307 4.266313e-11 2.533458e-04 0.095771618 0.010878913 0.0083791225 3.116536e-05 0.007033408 0.03701980 0.01308462 0.07368492 0.06148795 0.03624162 0.03309684 0.05357162 0.03830013 0.05845145 0.07070253 0.02485048 0.04151574 0.02907125 0.02759890 0.04781475 0.01219487 0.030016400 0.01724040 0.024407299 0.011062154 0.012558675 0.029935444 0.015787757 0.022712237 0.008239618 0.003338241 0.0052865173 0.0091293077 0.0089994770 0.0079943798 0.0017036783 7.607643e-03 2.757219e-03 2.596428e-11 1.880615e-04 4.576885e-07 3.222634e-11
   72    1      1      0    0   125  3.272771e-23 6.576458e-14 9.263916e-03 0.001346315 0.017790047 0.0004593551 9.908278e-03 0.014378193 0.05393758 0.08947872 0.05480908 0.04155244 0.04295483 0.04106527 0.01903609 0.03156761 0.06493702 0.04046712 0.02717294 0.03592586 0.02797998 0.04586696 0.02228692 0.02163690 0.038141044 0.03892553 0.030751732 0.053422675 0.021935752 0.016477701 0.012302711 0.006907079 0.024988755 0.004871794 0.0113808735 0.0136101403 0.0045729651 0.0007286096 0.0065047396 6.070463e-04 4.940775e-05 2.883266e-09 7.816307e-10 1.000474e-09 7.058142e-09
   76    1      1      0    0   125  1.281959e-29 1.380198e-10 8.559074e-03 0.017390477 0.002371750 0.0001516772 3.597179e-04 0.022109142 0.04287135 0.09576440 0.08850349 0.02965196 0.02146510 0.05448314 0.05470017 0.02631700 0.03147853 0.05855659 0.02505021 0.07306133 0.06717755 0.01462392 0.01258078 0.02098359 0.046720462 0.01811252 0.004960639 0.031890515 0.012566078 0.031161854 0.013762996 0.009153057 0.020876360 0.014018992 0.0020900271 0.0026414074 0.0039040846 0.0003529103 0.0021207315 1.077766e-02 5.277257e-04 5.710648e-03 2.050681e-08 6.361509e-09 4.403615e-04
   80    1      1      0    0   125  0.000000e+00 2.139181e-08 1.893378e-03 0.005831577 0.010224387 0.0033149694 1.107601e-03 0.011713141 0.04544531 0.07084440 0.05987332 0.06095407 0.02950034 0.04485986 0.02260214 0.05362365 0.02882536 0.04259851 0.06914827 0.03492357 0.01733589 0.02848966 0.04936061 0.02701139 0.024365107 0.01667227 0.015533518 0.048463392 0.016572801 0.034577445 0.023452333 0.015946491 0.036471128 0.006247874 0.0118218738 0.0205665552 0.0033696526 0.0006559304 0.0028007421 8.370359e-07 1.121537e-04 1.617742e-05 1.326857e-11 5.088049e-06 2.867168e-03
   84    1      1      0    0   125 3.377841e-140 3.423053e-07 8.763255e-04 0.001509074 0.033022323 0.0008165025 3.390093e-03 0.010848053 0.05209507 0.02272726 0.05831283 0.02606776 0.01232154 0.05524424 0.04587746 0.06113349 0.04215320 0.02693594 0.06926388 0.02018988 0.05189360 0.02294286 0.03836431 0.01021069 0.020536992 0.02644824 0.044082287 0.027230970 0.045902414 0.008914560 0.063722193 0.024075065 0.016800170 0.008376599 0.0148244185 0.0023492275 0.0042860061 0.0153958358 0.0107235358 6.457016e-05 1.096353e-06 3.351397e-10 4.117672e-19 6.910318e-05 4.626713e-13
   88    1      1      0    0   125 3.849724e-274 2.803620e-14 9.094427e-04 0.010584566 0.027010646 0.0009309865 1.098095e-02 0.038454323 0.02908843 0.07749677 0.05998757 0.04747920 0.06286131 0.07389873 0.03843387 0.02426241 0.05264176 0.07251127 0.03379696 0.01801650 0.05626151 0.02226559 0.01165705 0.03181087 0.009653491 0.01752150 0.015889616 0.042617642 0.019575915 0.009740918 0.008968929 0.020059292 0.006195623 0.009510327 0.0041622741 0.0079756681 0.0055346124 0.0072189224 0.0004481620 1.219212e-03 1.655079e-03 5.060071e-03 5.367111e-14 2.859370e-03 2.792673e-03
   92    1      1      0    0   125  7.863299e-13 2.824076e-03 1.800744e-03 0.001839874 0.005106184 0.0005732046 1.135978e-02 0.014515713 0.01231997 0.04627225 0.05785088 0.09155507 0.04595849 0.02340801 0.07477569 0.03138746 0.04650885 0.03045578 0.02102885 0.01781393 0.03139529 0.05523100 0.03689821 0.04735933 0.053343590 0.03439642 0.018957929 0.019558987 0.034866607 0.011848581 0.033174949 0.012745912 0.036576385 0.006260647 0.0050122206 0.0004027604 0.0056553836 0.0013595282 0.0018953064 1.793288e-09 2.596800e-05 4.547216e-05 8.581142e-05 1.554891e-02 5.778242e-12
   96    1      1      0    0   125  0.000000e+00 1.822040e-39 8.075249e-04 0.001663293 0.007056845 0.0136409272 6.449816e-03 0.022657201 0.05171861 0.11302201 0.03691714 0.04914478 0.03437691 0.02778039 0.03615417 0.02659711 0.04520234 0.03879744 0.05534428 0.01633064 0.05465943 0.04407944 0.02686939 0.04252842 0.030024465 0.02305457 0.037624941 0.022922624 0.017435618 0.014141643 0.019251401 0.008944644 0.005695840 0.007995263 0.0033121693 0.0039796661 0.0016501548 0.0109849789 0.0088735263 8.167444e-04 1.947878e-02 1.110511e-02 1.924512e-08 4.368376e-13 9.097110e-04
  100    1      1      0    0   125 1.281630e-136 6.166998e-10 3.334434e-03 0.002841969 0.010868552 0.0054035503 8.184044e-03 0.033946115 0.04943545 0.04012860 0.06445699 0.03479634 0.03015403 0.02932474 0.04257191 0.03038696 0.04366543 0.05866723 0.04263533 0.04689207 0.04208928 0.03806429 0.05092490 0.03847645 0.043651929 0.05908881 0.022755985 0.028689245 0.005342209 0.011081310 0.013979415 0.029101341 0.004093340 0.023106882 0.0029471636 0.0032321824 0.0015535672 0.0008027777 0.0001472356 1.683080e-06 3.615549e-05 3.136464e-03 4.593578e-10 3.656557e-06 9.353834e-17
   76    1      2      0    0   500  9.830008e-19 1.254857e-03 1.537425e-02 0.056039990 0.060362022 0.0215934426 1.387093e-02 0.030345363 0.04923399 0.06466141 0.05503785 0.03652124 0.02597112 0.03149695 0.03069245 0.04990121 0.03967238 0.02657141 0.02394100 0.02075785 0.02937807 0.02335130 0.02229126 0.02383425 0.028601207 0.04022067 0.010305074 0.020224769 0.012328218 0.029978174 0.016967472 0.022236461 0.009890247 0.024735633 0.0087016687 0.0040109577 0.0064867894 0.0020762951 0.0005105302 5.175433e-03 1.279742e-03 3.127666e-03 3.183878e-04 3.768487e-05 6.323196e-04
   78    1      2      0    0   500  2.950153e-62 2.916729e-03 1.260628e-02 0.047978772 0.067136853 0.0201690745 8.603221e-03 0.020580338 0.06888738 0.05097095 0.05262287 0.03523796 0.01747492 0.02866457 0.01789664 0.02529466 0.04057590 0.03260200 0.02714491 0.02858581 0.02607040 0.04807775 0.02601973 0.01855916 0.029745801 0.03345745 0.033235575 0.021943748 0.027544020 0.019518543 0.013273973 0.013120142 0.018394802 0.023310656 0.0100998819 0.0023562444 0.0086907392 0.0042488529 0.0077210293 3.767337e-03 5.584111e-04 2.463515e-04 1.648476e-03 2.320515e-03 1.205944e-04
   80    1      2      0    0   500  6.222519e-19 4.407635e-03 2.380115e-02 0.058360318 0.054565596 0.0245015034 1.113563e-02 0.025684932 0.03487978 0.05732860 0.05270687 0.03556825 0.04129339 0.03361834 0.03802617 0.02654075 0.03394921 0.03001622 0.02362394 0.03155555 0.04123338 0.02937803 0.03052394 0.02920964 0.013496420 0.03847427 0.031146581 0.021560958 0.013707258 0.022132093 0.016133224 0.007721946 0.017012934 0.004080666 0.0028994781 0.0127304385 0.0192315653 0.0025970755 0.0007869173 1.076051e-03 2.394909e-03 6.580887e-04 6.576166e-06 2.437328e-04 6.680662e-10
   82    1      2      0    0   500  1.511427e-09 1.423502e-03 2.375304e-02 0.045066970 0.047530303 0.0256592235 1.761204e-02 0.020299145 0.04407044 0.05144344 0.05712117 0.03865672 0.02491823 0.02433447 0.02778909 0.03838638 0.03601933 0.03263384 0.02770725 0.04460031 0.04421553 0.03717149 0.02018649 0.03355535 0.036037860 0.02268381 0.022387621 0.019158175 0.026606078 0.022919694 0.007548083 0.012723741 0.014461718 0.014641824 0.0095014698 0.0056211215 0.0075490292 0.0073388245 0.0024848560 1.834804e-03 1.001543e-03 9.131613e-04 4.860911e-06 4.279984e-06 4.236871e-04
   84    1      2      0    0   500  1.449378e-06 2.244695e-03 3.046959e-02 0.043371221 0.054874886 0.0193883829 1.333000e-02 0.025709143 0.05915225 0.04541971 0.04767014 0.03845796 0.03737157 0.03555101 0.03450524 0.04146151 0.02837055 0.04565164 0.04288878 0.03191533 0.03206193 0.03496597 0.02258082 0.02285362 0.023199547 0.03053820 0.015416338 0.016719922 0.012553268 0.017312534 0.007832568 0.015452420 0.012785948 0.006129312 0.0075873629 0.0096835028 0.0088336848 0.0126795712 0.0045360306 4.228366e-04 4.230904e-03 6.851404e-04 3.132693e-03 1.004443e-07 7.089657e-07
   86    1      2      0    0   500  9.709159e-09 3.118469e-03 1.584494e-02 0.051872410 0.031563582 0.0230578458 1.187519e-02 0.017961397 0.04584454 0.05116325 0.05436862 0.06099972 0.03374298 0.03656987 0.04268561 0.03529450 0.02539214 0.04115242 0.03780778 0.02883724 0.04316671 0.03355947 0.02309026 0.02921822 0.018352539 0.02297961 0.028471278 0.022829278 0.009599117 0.022005865 0.010368609 0.017298650 0.015486603 0.020135330 0.0086042484 0.0074732338 0.0046309682 0.0026207575 0.0023268143 1.058444e-03 2.224241e-03 2.026936e-03 2.771060e-03 1.450518e-04 4.041875e-04
   88    1      2      0    0   500  1.849949e-11 4.385204e-03 1.964801e-02 0.050652476 0.052282417 0.0115513624 8.927491e-03 0.029146656 0.03908107 0.04373999 0.04875679 0.04641920 0.03044662 0.05484569 0.02657066 0.04020363 0.03339913 0.04007621 0.02935483 0.03595109 0.04395575 0.03135136 0.03066407 0.02230513 0.028032085 0.02726182 0.015415278 0.022094854 0.016973738 0.010729791 0.016972266 0.029024864 0.009964349 0.004422085 0.0153312806 0.0096631178 0.0049437106 0.0048486841 0.0059262110 2.286645e-03 7.119799e-04 9.452369e-04 2.066541e-04 3.733527e-04 1.571644e-04
   90    1      2      0    0   500  8.045756e-09 9.296432e-04 1.417211e-02 0.057312492 0.043598007 0.0162841464 7.601914e-03 0.032687626 0.04447245 0.05556434 0.05162547 0.04064395 0.04389178 0.02754413 0.03710875 0.03503334 0.02491475 0.04357456 0.02135757 0.03462467 0.02774583 0.02466951 0.02201731 0.02333720 0.030698080 0.02714542 0.033307820 0.022917300 0.011819640 0.013595895 0.019502926 0.032807406 0.013673421 0.007910733 0.0146362240 0.0142170759 0.0055584022 0.0070825676 0.0088423401 1.455429e-03 1.715234e-03 1.072513e-03 5.123012e-04 1.276783e-06 8.164086e-04
   92    1      2      0    0   500  9.458688e-17 2.638404e-03 1.560786e-02 0.040643410 0.040418631 0.0176363474 9.659893e-03 0.025826496 0.03998701 0.04294007 0.06525294 0.05101258 0.03391408 0.03536290 0.03422072 0.04910444 0.05816778 0.02749726 0.03658212 0.04561601 0.02754765 0.03014164 0.02548330 0.02620755 0.029723857 0.02064936 0.014958726 0.015055246 0.025153285 0.015343662 0.022720352 0.013220081 0.020059579 0.004419549 0.0137157398 0.0071632516 0.0015976866 0.0074115562 0.0013175029 8.775467e-04 7.441254e-04 2.071936e-03 3.788151e-04 7.973203e-04 1.151716e-03
   94    1      2      0    0   500  2.333158e-37 4.327728e-04 1.810146e-02 0.050749932 0.050511637 0.0185792743 1.383271e-02 0.025979141 0.05358899 0.05262710 0.04618911 0.03175516 0.03264543 0.04171584 0.03777500 0.05239353 0.02402906 0.02935323 0.02508242 0.03282629 0.02875808 0.04706827 0.03436665 0.01974144 0.027950178 0.01654238 0.027164445 0.022062079 0.029499962 0.010741059 0.014276735 0.016663310 0.017020501 0.011849922 0.0078152681 0.0048097362 0.0070789715 0.0089196430 0.0019853798 3.551750e-03 9.215351e-04 8.089237e-06 1.040833e-03 1.991220e-03 4.469730e-06
   96    1      2      0    0   500  6.209466e-06 1.111937e-03 2.639169e-02 0.043651908 0.029017418 0.0099489865 1.528950e-02 0.020960298 0.02957452 0.06951082 0.04456427 0.04328876 0.03030020 0.04102492 0.04263263 0.03546308 0.03271166 0.04192496 0.04015076 0.04114303 0.03546831 0.03583232 0.02512590 0.02602378 0.018638457 0.02913595 0.024640007 0.026458859 0.016613263 0.021276933 0.009074271 0.009611657 0.014342997 0.008248463 0.0236203834 0.0059207665 0.0083429347 0.0053081270 0.0006429185 2.152036e-04 2.195683e-03 5.456303e-03 2.236650e-04 1.264325e-03 7.650982e-03
   98    1      2      0    0   500  2.832498e-30 3.581420e-04 1.909906e-02 0.071214781 0.061766523 0.0239238055 1.491722e-02 0.014757927 0.03836230 0.05538606 0.05129063 0.03288112 0.05019382 0.02621003 0.03161751 0.04272966 0.03067416 0.02861621 0.02988364 0.03835998 0.03109416 0.03758500 0.02131239 0.02848392 0.023245795 0.02396268 0.021582355 0.029131494 0.026369875 0.013536455 0.013654552 0.004642521 0.012642215 0.015141694 0.0065631754 0.0090872612 0.0021788398 0.0080385676 0.0067618498 8.253710e-04 3.134080e-04 7.278597e-04 6.896296e-04 2.414022e-05 1.622059e-04
  100    1      2      0    0   500  1.233898e-07 1.957945e-04 2.324782e-02 0.047584158 0.050243992 0.0216133989 1.269206e-02 0.027590075 0.03783982 0.07196618 0.04686196 0.04548581 0.02827024 0.02740725 0.02498974 0.03247801 0.03076534 0.02101714 0.05418714 0.04018107 0.01876031 0.02970431 0.02344332 0.04085448 0.028483806 0.03338762 0.018181356 0.021996674 0.015058072 0.022036021 0.012064374 0.034021965 0.013023389 0.011895837 0.0069184338 0.0055274827 0.0064161170 0.0069577203 0.0044118064 1.172308e-03 2.360805e-04 4.740060e-04 1.647062e-05 2.540222e-06 3.383681e-04
15 #_N_agebins
#_agebin_vector
1 2 3 4 5 6 7 8 9 10 11 12 13 14 15
1 #_N_ageerror_definitions
 #_age0   age1   age2   age3   age4   age5   age6   age7   age8   age9  age10  age11  age12  age13  age14  age15  age16  age17  age18  age19  age20  age21  age22  age23  age24  age25
 -1.000 -1.000 -1.000 -1.000 -1.000 -1.000 -1.000 -1.000 -1.000 -1.000 -1.000 -1.000 -1.000 -1.000 -1.000 -1.000 -1.000 -1.000 -1.000 -1.000 -1.000 -1.000 -1.000 -1.000 -1.000 -1.000
  0.001  0.001  0.001  0.001  0.001  0.001  0.001  0.001  0.001  0.001  0.001  0.001  0.001  0.001  0.001  0.001  0.001  0.001  0.001  0.001  0.001  0.001  0.001  0.001  0.001  0.001
86 #_N_agecomp
1 #_Lbin_method: 1=poplenbins; 2=datalenbins; 3=lengths
-1 #_combine males into females at or below this bin number
 #_Yr Seas FltSvy Gender Part Ageerr Lbin_lo Lbin_hi Nsamp          a1        a2        a3         a4         a5         a6         a7         a8          a9         a10         a11          a12         a13          a14          a15
   26    1      1      0    0      1      -1      -1   125  0.03157578 0.1448864 0.1673610 0.09065493 0.10658296 0.06945767 0.05735695 0.04656276 0.051181816 0.044687913 0.031603217 0.0550475632 0.032043120 0.0156829932 0.0553149560
   36    1      1      0    0      1      -1      -1   125  0.03816140 0.1974032 0.1598778 0.19054961 0.13114285 0.04325537 0.09819473 0.03815731 0.027645508 0.014817440 0.014418851 0.0271949164 0.003050058 0.0009232919 0.0152076736
   46    1      1      0    0      1      -1      -1   125  0.03976941 0.2112753 0.1683836 0.17631799 0.09040419 0.07813138 0.05641190 0.07905783 0.018851103 0.020252204 0.006883444 0.0091396614 0.021180486 0.0212095868 0.0027320016
   56    1      1      0    0      1      -1      -1   125  0.05628487 0.2006942 0.2358879 0.12854526 0.08655426 0.11909824 0.01729595 0.01939930 0.042372572 0.045623107 0.016207687 0.0115670681 0.002440015 0.0021106194 0.0159190054
   60    1      1      0    0      1      -1      -1   125  0.05601228 0.2183075 0.1344453 0.14471370 0.14654423 0.07608454 0.05393014 0.03598978 0.009125175 0.041602607 0.044074236 0.0008890851 0.008613634 0.0046881703 0.0249796858
   64    1      1      0    0      1      -1      -1   125  0.04202644 0.2282540 0.1878523 0.17958531 0.11666485 0.07981930 0.02010560 0.02471332 0.021071465 0.012109867 0.018783811 0.0027063729 0.034136077 0.0081539807 0.0240172796
   68    1      1      0    0      1      -1      -1   125  0.05437813 0.2019546 0.2572193 0.13807257 0.10006402 0.06575311 0.06346521 0.03484846 0.029042143 0.013287898 0.002084623 0.0149720845 0.001549288 0.0059794824 0.0173291402
   72    1      1      0    0      1      -1      -1   125  0.02439300 0.1899426 0.2669895 0.17720738 0.06801472 0.05738541 0.08203825 0.01026166 0.036289244 0.027529559 0.026929903 0.0069482205 0.005190430 0.0141515566 0.0067286038
   76    1      1      0    0      1      -1      -1   125  0.01816038 0.2370772 0.2169902 0.14542927 0.08228124 0.07820851 0.02757221 0.08362389 0.022337197 0.029317693 0.030797850 0.0032714860 0.002256725 0.0069329777 0.0157431843
   80    1      1      0    0      1      -1      -1   125  0.04622945 0.2861308 0.2177598 0.11694459 0.07395034 0.06328617 0.04783686 0.04148813 0.023854804 0.014300869 0.005069187 0.0053590721 0.003016426 0.0325130760 0.0222603817
   84    1      1      0    0      1      -1      -1   125  0.04133552 0.1989437 0.1402427 0.15141416 0.07441092 0.15912084 0.05315060 0.07898817 0.027505078 0.009543924 0.010566105 0.0100883054 0.042470564 0.0017420013 0.0004773928
   88    1      1      0    0      1      -1      -1   125  0.04883225 0.3636880 0.1643192 0.07807710 0.07713340 0.07510716 0.05125530 0.04321482 0.032377721 0.009639579 0.022185134 0.0066689831 0.017422581 0.0007782503 0.0093005348
   92    1      1      0    0      1      -1      -1   125  0.04326113 0.2772649 0.1924437 0.12762085 0.07024230 0.08347705 0.06998462 0.03648150 0.012333025 0.025172387 0.015694462 0.0177388273 0.003841640 0.0005370927 0.0239064868
   96    1      1      0    0      1      -1      -1   125  0.02759158 0.2162286 0.2209321 0.13909386 0.08824236 0.07937039 0.07427519 0.03410832 0.051262556 0.018400794 0.027569262 0.0031519277 0.012453309 0.0021442305 0.0051755063
  100    1      1      0    0      1      -1      -1   125  0.01960761 0.3044099 0.2064186 0.16098988 0.07185698 0.11530018 0.02560853 0.01904132 0.022312526 0.019039875 0.008220585 0.0025113941 0.004542745 0.0066520088 0.0134879286
   76    1      2      0    0      1      -1      -1   500  0.11142552 0.2244776 0.1927028 0.11489665 0.12933266 0.06112405 0.04101545 0.04920411 0.015618391 0.013681076 0.011645132 0.0099716409 0.006993069 0.0024173981 0.0154944610
   78    1      2      0    0      1      -1      -1   500  0.15934356 0.2321353 0.1508812 0.13164084 0.09975342 0.05489617 0.04341505 0.03689198 0.028598563 0.027074710 0.012182949 0.0026496424 0.004735144 0.0020705017 0.0137309522
   80    1      2      0    0      1      -1      -1   500  0.13619875 0.1923444 0.1839742 0.12930503 0.08918324 0.08478638 0.05459349 0.02512295 0.028187056 0.013753051 0.020994910 0.0100501521 0.004141086 0.0069462911 0.0204190648
   82    1      2      0    0      1      -1      -1   500  0.17893433 0.2358320 0.1511713 0.11212828 0.07458022 0.07620151 0.04598776 0.04242216 0.027033494 0.011883960 0.010201061 0.0125808950 0.003790580 0.0020870919 0.0151653249
   84    1      2      0    0      1      -1      -1   500  0.13763508 0.2078710 0.1563882 0.12304147 0.12370289 0.07584303 0.04571326 0.02745552 0.013102775 0.024745657 0.013545495 0.0119993556 0.025325704 0.0030684155 0.0105622213
   86    1      2      0    0      1      -1      -1   500  0.13660359 0.2411756 0.1935913 0.09831511 0.06809984 0.05192605 0.06381909 0.05525941 0.018470797 0.021651400 0.014447426 0.0073119064 0.006014889 0.0107257513 0.0125877711
   88    1      2      0    0      1      -1      -1   500  0.12975327 0.2257183 0.1902701 0.10505777 0.10537613 0.07905254 0.04759066 0.02224841 0.030420747 0.012317332 0.016956995 0.0086316568 0.009236341 0.0042298865 0.0131399389
   90    1      2      0    0      1      -1      -1   500  0.14257823 0.2341027 0.1670009 0.12206592 0.10607127 0.06145183 0.04161721 0.02252447 0.028977482 0.014686646 0.014561017 0.0143133019 0.008662930 0.0052456677 0.0161404109
   92    1      2      0    0      1      -1      -1   500  0.14513884 0.2230108 0.1499510 0.13970296 0.08537921 0.06722858 0.05098504 0.03101604 0.024384123 0.022273896 0.011551965 0.0098202825 0.007566772 0.0158609285 0.0161296004
   94    1      2      0    0      1      -1      -1   500  0.15573339 0.2173382 0.1631089 0.14620122 0.07704957 0.06879616 0.04739627 0.03005727 0.033562300 0.020033379 0.006495302 0.0063499908 0.009708079 0.0011136270 0.0170563899
   96    1      2      0    0      1      -1      -1   500  0.13422396 0.2138343 0.1966253 0.12186120 0.07965063 0.07620249 0.03004886 0.03231443 0.027151563 0.021275285 0.013517978 0.0143919469 0.008015847 0.0005609078 0.0303252379
   98    1      2      0    0      1      -1      -1   500  0.12975100 0.2137983 0.1909652 0.13675825 0.10856909 0.06239425 0.04201425 0.04631550 0.025888579 0.014627855 0.002599697 0.0095580282 0.005193717 0.0017183777 0.0098479340
  100    1      2      0    0      1      -1      -1   500  0.13790545 0.2115255 0.1739150 0.11800694 0.11669410 0.06389866 0.04814094 0.03693997 0.028813025 0.019609731 0.008795045 0.0086655009 0.004037806 0.0029079444 0.0201443423
   60    1      1      0    0      1       5       5     1  1.00000000 0.0000000 0.0000000 0.00000000 0.00000000 0.00000000 0.00000000 0.00000000 0.000000000 0.000000000 0.000000000 0.0000000000 0.000000000 0.0000000000 0.0000000000
   60    1      1      0    0      1       6       6     2  2.00000000 0.0000000 0.0000000 0.00000000 0.00000000 0.00000000 0.00000000 0.00000000 0.000000000 0.000000000 0.000000000 0.0000000000 0.000000000 0.0000000000 0.0000000000
   60    1      1      0    0      1       7       7     2  2.00000000 0.0000000 0.0000000 0.00000000 0.00000000 0.00000000 0.00000000 0.00000000 0.000000000 0.000000000 0.000000000 0.0000000000 0.000000000 0.0000000000 0.0000000000
   60    1      1      0    0      1       8       8     5  5.00000000 0.0000000 0.0000000 0.00000000 0.00000000 0.00000000 0.00000000 0.00000000 0.000000000 0.000000000 0.000000000 0.0000000000 0.000000000 0.0000000000 0.0000000000
   60    1      1      0    0      1       9       9     1  1.00000000 0.0000000 0.0000000 0.00000000 0.00000000 0.00000000 0.00000000 0.00000000 0.000000000 0.000000000 0.000000000 0.0000000000 0.000000000 0.0000000000 0.0000000000
   60    1      1      0    0      1      10      10    13 13.00000000 0.0000000 0.0000000 0.00000000 0.00000000 0.00000000 0.00000000 0.00000000 0.000000000 0.000000000 0.000000000 0.0000000000 0.000000000 0.0000000000 0.0000000000
   60    1      1      0    0      1      11      11     2  2.00000000 0.0000000 0.0000000 0.00000000 0.00000000 0.00000000 0.00000000 0.00000000 0.000000000 0.000000000 0.000000000 0.0000000000 0.000000000 0.0000000000 0.0000000000
   60    1      1      0    0      1      12      12    10 10.00000000 0.0000000 0.0000000 0.00000000 0.00000000 0.00000000 0.00000000 0.00000000 0.000000000 0.000000000 0.000000000 0.0000000000 0.000000000 0.0000000000 0.0000000000
   60    1      1      0    0      1      13      13     4  4.00000000 0.0000000 0.0000000 0.00000000 0.00000000 0.00000000 0.00000000 0.00000000 0.000000000 0.000000000 0.000000000 0.0000000000 0.000000000 0.0000000000 0.0000000000
   60    1      1      0    0      1      14      14     2  2.00000000 0.0000000 0.0000000 0.00000000 0.00000000 0.00000000 0.00000000 0.00000000 0.000000000 0.000000000 0.000000000 0.0000000000 0.000000000 0.0000000000 0.0000000000
   60    1      1      0    0      1      15      15     4  4.00000000 0.0000000 0.0000000 0.00000000 0.00000000 0.00000000 0.00000000 0.00000000 0.000000000 0.000000000 0.000000000 0.0000000000 0.000000000 0.0000000000 0.0000000000
   60    1      1      0    0      1      16      16     1  1.00000000 0.0000000 0.0000000 0.00000000 0.00000000 0.00000000 0.00000000 0.00000000 0.000000000 0.000000000 0.000000000 0.0000000000 0.000000000 0.0000000000 0.0000000000
   60    1      1      0    0      1      17      17     3  3.00000000 0.0000000 0.0000000 0.00000000 0.00000000 0.00000000 0.00000000 0.00000000 0.000000000 0.000000000 0.000000000 0.0000000000 0.000000000 0.0000000000 0.0000000000
   60    1      1      0    0      1      18      18     2  2.00000000 0.0000000 0.0000000 0.00000000 0.00000000 0.00000000 0.00000000 0.00000000 0.000000000 0.000000000 0.000000000 0.0000000000 0.000000000 0.0000000000 0.0000000000
   60    1      1      0    0      1      19      19     5  5.00000000 0.0000000 0.0000000 0.00000000 0.00000000 0.00000000 0.00000000 0.00000000 0.000000000 0.000000000 0.000000000 0.0000000000 0.000000000 0.0000000000 0.0000000000
   60    1      1      0    0      1      20      20     6  6.00000000 0.0000000 0.0000000 0.00000000 0.00000000 0.00000000 0.00000000 0.00000000 0.000000000 0.000000000 0.000000000 0.0000000000 0.000000000 0.0000000000 0.0000000000
   60    1      1      0    0      1      22      22     4  4.00000000 0.0000000 0.0000000 0.00000000 0.00000000 0.00000000 0.00000000 0.00000000 0.000000000 0.000000000 0.000000000 0.0000000000 0.000000000 0.0000000000 0.0000000000
   60    1      1      0    0      1      23      23     9  9.00000000 0.0000000 0.0000000 0.00000000 0.00000000 0.00000000 0.00000000 0.00000000 0.000000000 0.000000000 0.000000000 0.0000000000 0.000000000 0.0000000000 0.0000000000
   60    1      1      0    0      1      24      24     3  3.00000000 0.0000000 0.0000000 0.00000000 0.00000000 0.00000000 0.00000000 0.00000000 0.000000000 0.000000000 0.000000000 0.0000000000 0.000000000 0.0000000000 0.0000000000
   60    1      1      0    0      1      25      25     2  2.00000000 0.0000000 0.0000000 0.00000000 0.00000000 0.00000000 0.00000000 0.00000000 0.000000000 0.000000000 0.000000000 0.0000000000 0.000000000 0.0000000000 0.0000000000
   60    1      1      0    0      1      26      26     2  2.00000000 0.0000000 0.0000000 0.00000000 0.00000000 0.00000000 0.00000000 0.00000000 0.000000000 0.000000000 0.000000000 0.0000000000 0.000000000 0.0000000000 0.0000000000
   60    1      1      0    0      1      27      27     1  1.00000000 0.0000000 0.0000000 0.00000000 0.00000000 0.00000000 0.00000000 0.00000000 0.000000000 0.000000000 0.000000000 0.0000000000 0.000000000 0.0000000000 0.0000000000
   60    1      1      0    0      1      28      28     1  1.00000000 0.0000000 0.0000000 0.00000000 0.00000000 0.00000000 0.00000000 0.00000000 0.000000000 0.000000000 0.000000000 0.0000000000 0.000000000 0.0000000000 0.0000000000
   60    1      1      0    0      1      29      29     1  0.00000000 1.0000000 0.0000000 0.00000000 0.00000000 0.00000000 0.00000000 0.00000000 0.000000000 0.000000000 0.000000000 0.0000000000 0.000000000 0.0000000000 0.0000000000
   60    1      1      0    0      1      30      30     1  0.00000000 1.0000000 0.0000000 0.00000000 0.00000000 0.00000000 0.00000000 0.00000000 0.000000000 0.000000000 0.000000000 0.0000000000 0.000000000 0.0000000000 0.0000000000
   60    1      1      0    0      1      31      31     2  0.00000000 2.0000000 0.0000000 0.00000000 0.00000000 0.00000000 0.00000000 0.00000000 0.000000000 0.000000000 0.000000000 0.0000000000 0.000000000 0.0000000000 0.0000000000
   60    1      1      0    0      1      32      32     3  0.00000000 2.0000000 1.0000000 0.00000000 0.00000000 0.00000000 0.00000000 0.00000000 0.000000000 0.000000000 0.000000000 0.0000000000 0.000000000 0.0000000000 0.0000000000
   60    1      1      0    0      1      33      33     2  0.00000000 2.0000000 0.0000000 0.00000000 0.00000000 0.00000000 0.00000000 0.00000000 0.000000000 0.000000000 0.000000000 0.0000000000 0.000000000 0.0000000000 0.0000000000
   60    1      1      0    0      1      36      36     4  0.00000000 4.0000000 0.0000000 0.00000000 0.00000000 0.00000000 0.00000000 0.00000000 0.000000000 0.000000000 0.000000000 0.0000000000 0.000000000 0.0000000000 0.0000000000
   60    1      1      0    0      1      38      38     1  0.00000000 1.0000000 0.0000000 0.00000000 0.00000000 0.00000000 0.00000000 0.00000000 0.000000000 0.000000000 0.000000000 0.0000000000 0.000000000 0.0000000000 0.0000000000
   60    1      1      0    0      1      43      43     1  0.00000000 1.0000000 0.0000000 0.00000000 0.00000000 0.00000000 0.00000000 0.00000000 0.000000000 0.000000000 0.000000000 0.0000000000 0.000000000 0.0000000000 0.0000000000
  100    1      1      0    0      1       5       5     1  1.00000000 0.0000000 0.0000000 0.00000000 0.00000000 0.00000000 0.00000000 0.00000000 0.000000000 0.000000000 0.000000000 0.0000000000 0.000000000 0.0000000000 0.0000000000
  100    1      1      0    0      1       6       6     1  1.00000000 0.0000000 0.0000000 0.00000000 0.00000000 0.00000000 0.00000000 0.00000000 0.000000000 0.000000000 0.000000000 0.0000000000 0.000000000 0.0000000000 0.0000000000
  100    1      1      0    0      1       7       7     1  1.00000000 0.0000000 0.0000000 0.00000000 0.00000000 0.00000000 0.00000000 0.00000000 0.000000000 0.000000000 0.000000000 0.0000000000 0.000000000 0.0000000000 0.0000000000
  100    1      1      0    0      1       9       9     6  6.00000000 0.0000000 0.0000000 0.00000000 0.00000000 0.00000000 0.00000000 0.00000000 0.000000000 0.000000000 0.000000000 0.0000000000 0.000000000 0.0000000000 0.0000000000
  100    1      1      0    0      1      10      10     6  6.00000000 0.0000000 0.0000000 0.00000000 0.00000000 0.00000000 0.00000000 0.00000000 0.000000000 0.000000000 0.000000000 0.0000000000 0.000000000 0.0000000000 0.0000000000
  100    1      1      0    0      1      11      11     5  5.00000000 0.0000000 0.0000000 0.00000000 0.00000000 0.00000000 0.00000000 0.00000000 0.000000000 0.000000000 0.000000000 0.0000000000 0.000000000 0.0000000000 0.0000000000
  100    1      1      0    0      1      12      12     2  2.00000000 0.0000000 0.0000000 0.00000000 0.00000000 0.00000000 0.00000000 0.00000000 0.000000000 0.000000000 0.000000000 0.0000000000 0.000000000 0.0000000000 0.0000000000
  100    1      1      0    0      1      13      13     1  1.00000000 0.0000000 0.0000000 0.00000000 0.00000000 0.00000000 0.00000000 0.00000000 0.000000000 0.000000000 0.000000000 0.0000000000 0.000000000 0.0000000000 0.0000000000
  100    1      1      0    0      1      14      14     4  4.00000000 0.0000000 0.0000000 0.00000000 0.00000000 0.00000000 0.00000000 0.00000000 0.000000000 0.000000000 0.000000000 0.0000000000 0.000000000 0.0000000000 0.0000000000
  100    1      1      0    0      1      15      15     8  8.00000000 0.0000000 0.0000000 0.00000000 0.00000000 0.00000000 0.00000000 0.00000000 0.000000000 0.000000000 0.000000000 0.0000000000 0.000000000 0.0000000000 0.0000000000
  100    1      1      0    0      1      16      16     4  4.00000000 0.0000000 0.0000000 0.00000000 0.00000000 0.00000000 0.00000000 0.00000000 0.000000000 0.000000000 0.000000000 0.0000000000 0.000000000 0.0000000000 0.0000000000
  100    1      1      0    0      1      17      17     5  5.00000000 0.0000000 0.0000000 0.00000000 0.00000000 0.00000000 0.00000000 0.00000000 0.000000000 0.000000000 0.000000000 0.0000000000 0.000000000 0.0000000000 0.0000000000
  100    1      1      0    0      1      18      18     2  2.00000000 0.0000000 0.0000000 0.00000000 0.00000000 0.00000000 0.00000000 0.00000000 0.000000000 0.000000000 0.000000000 0.0000000000 0.000000000 0.0000000000 0.0000000000
  100    1      1      0    0      1      19      19     6  6.00000000 0.0000000 0.0000000 0.00000000 0.00000000 0.00000000 0.00000000 0.00000000 0.000000000 0.000000000 0.000000000 0.0000000000 0.000000000 0.0000000000 0.0000000000
  100    1      1      0    0      1      20      20     9  9.00000000 0.0000000 0.0000000 0.00000000 0.00000000 0.00000000 0.00000000 0.00000000 0.000000000 0.000000000 0.000000000 0.0000000000 0.000000000 0.0000000000 0.0000000000
  100    1      1      0    0      1      21      21     5  5.00000000 0.0000000 0.0000000 0.00000000 0.00000000 0.00000000 0.00000000 0.00000000 0.000000000 0.000000000 0.000000000 0.0000000000 0.000000000 0.0000000000 0.0000000000
  100    1      1      0    0      1      22      22     4  4.00000000 0.0000000 0.0000000 0.00000000 0.00000000 0.00000000 0.00000000 0.00000000 0.000000000 0.000000000 0.000000000 0.0000000000 0.000000000 0.0000000000 0.0000000000
  100    1      1      0    0      1      23      23     4  4.00000000 0.0000000 0.0000000 0.00000000 0.00000000 0.00000000 0.00000000 0.00000000 0.000000000 0.000000000 0.000000000 0.0000000000 0.000000000 0.0000000000 0.0000000000
  100    1      1      0    0      1      24      24     5  5.00000000 0.0000000 0.0000000 0.00000000 0.00000000 0.00000000 0.00000000 0.00000000 0.000000000 0.000000000 0.000000000 0.0000000000 0.000000000 0.0000000000 0.0000000000
  100    1      1      0    0      1      25      25     2  2.00000000 0.0000000 0.0000000 0.00000000 0.00000000 0.00000000 0.00000000 0.00000000 0.000000000 0.000000000 0.000000000 0.0000000000 0.000000000 0.0000000000 0.0000000000
  100    1      1      0    0      1      26      26     6  5.00000000 1.0000000 0.0000000 0.00000000 0.00000000 0.00000000 0.00000000 0.00000000 0.000000000 0.000000000 0.000000000 0.0000000000 0.000000000 0.0000000000 0.0000000000
  100    1      1      0    0      1      27      27     2  2.00000000 0.0000000 0.0000000 0.00000000 0.00000000 0.00000000 0.00000000 0.00000000 0.000000000 0.000000000 0.000000000 0.0000000000 0.000000000 0.0000000000 0.0000000000
  100    1      1      0    0      1      28      28     1  0.00000000 1.0000000 0.0000000 0.00000000 0.00000000 0.00000000 0.00000000 0.00000000 0.000000000 0.000000000 0.000000000 0.0000000000 0.000000000 0.0000000000 0.0000000000
  100    1      1      0    0      1      31      31     2  0.00000000 2.0000000 0.0000000 0.00000000 0.00000000 0.00000000 0.00000000 0.00000000 0.000000000 0.000000000 0.000000000 0.0000000000 0.000000000 0.0000000000 0.0000000000
  100    1      1      0    0      1      32      32     4  0.00000000 4.0000000 0.0000000 0.00000000 0.00000000 0.00000000 0.00000000 0.00000000 0.000000000 0.000000000 0.000000000 0.0000000000 0.000000000 0.0000000000 0.0000000000
  100    1      1      0    0      1      34      34     3  0.00000000 3.0000000 0.0000000 0.00000000 0.00000000 0.00000000 0.00000000 0.00000000 0.000000000 0.000000000 0.000000000 0.0000000000 0.000000000 0.0000000000 0.0000000000
  100    1      1      0    0      1      37      37     1  0.00000000 1.0000000 0.0000000 0.00000000 0.00000000 0.00000000 0.00000000 0.00000000 0.000000000 0.000000000 0.000000000 0.0000000000 0.000000000 0.0000000000 0.0000000000
0 #_N_MeanSize_at_Age_obs
0 #_N_environ_variables
0 #_N_environ_obs
0 #_N_sizefreq_methods
0 #_do_tags
0 #_morphcomp_data
#
999
