#C data file created using the SS_writedat function in the R package r4ss
#C should work with SS version: 
#C file write time: 2015-02-11 18:29:36
#
1 #_styr
100 #_endyr
1 #_nseas
12 #_months_per_seas
1 #_spawn_seas
1 #_Nfleet
2 #_Nsurveys
1 #_N_areas
Fishery%Survey%CPUE #_fleetnames
0.5 0.5 0.5 #_surveytiming_in_season
1 1 1 #_area_assignments_for_each_fishery_and_survey
1 #_units of catch:  1=bio; 2=num
0.01 #_se of log(catch) only used for init_eq_catch and for Fmethod 2 and 3
1 #_Ngenders
25 #_Nages
0 #_init_equil_catch_for_each_fishery
100 #_N_lines_of_catch_to_read
 #_Fishery year seas
         0    1    1
         0    2    1
         0    3    1
         0    4    1
         0    5    1
         0    6    1
         0    7    1
         0    8    1
         0    9    1
         0   10    1
         0   11    1
         0   12    1
         0   13    1
         0   14    1
         0   15    1
         0   16    1
         0   17    1
         0   18    1
         0   19    1
         0   20    1
         0   21    1
         0   22    1
         0   23    1
         0   24    1
         0   25    1
 444646000   26    1
 397608000   27    1
 357583000   28    1
 324161000   29    1
 296656000   30    1
 274240000   31    1
 256057000   32    1
 241314000   33    1
 229322000   34    1
 219511000   35    1
 211426000   36    1
 204710000   37    1
 199088000   38    1
 194347000   39    1
 190324000   40    1
 186891000   41    1
 183948000   42    1
 181416000   43    1
 179230000   44    1
 177337000   45    1
 175694000   46    1
 174266000   47    1
 173022000   48    1
 171937000   49    1
 170990000   50    1
 170161000   51    1
 169436000   52    1
 168801000   53    1
 168243000   54    1
 167755000   55    1
 167325000   56    1
 166948000   57    1
 166617000   58    1
 166326000   59    1
 166070000   60    1
 165844000   61    1
 165646000   62    1
 165471000   63    1
 165317000   64    1
 165182000   65    1
 165063000   66    1
 164958000   67    1
 164865000   68    1
 164784000   69    1
 164712000   70    1
 164649000   71    1
 164593000   72    1
 164544000   73    1
 164500000   74    1
 164462000   75    1
 164429000   76    1
 164399000   77    1
 164373000   78    1
 164350000   79    1
 164329000   80    1
 164311000   81    1
 164296000   82    1
 164282000   83    1
 164269000   84    1
 164258000   85    1
 164249000   86    1
 164240000   87    1
 164233000   88    1
 164227000   89    1
 164221000   90    1
 164216000   91    1
 164211000   92    1
 164207000   93    1
 164204000   94    1
 164201000   95    1
 164198000   96    1
 164195000   97    1
 164193000   98    1
 164192000   99    1
 164190000  100    1
13 #_N_cpue
 #_Fleet Units Errtype
       1     1       0
       2     1       0
       3     1       0
 #_year seas index        obs se_log
     76    1     2 1278354879    0.2
     78    1     2 1864897156    0.2
     80    1     2  957847260    0.2
     82    1     2 1858337355    0.2
     84    1     2 1637254931    0.2
     86    1     2 1316696201    0.2
     88    1     2 1488146753    0.2
     90    1     2 2192243084    0.2
     92    1     2 1448236725    0.2
     94    1     2 1242876871    0.2
     96    1     2 1307002134    0.2
     98    1     2 1599168780    0.2
    100    1     2 1071391398    0.2
0 #_N_discard_fleets
#_discard_units (1=same_as_catchunits(bio/num); 2=fraction; 3=numbers)
#_discard_errtype:  >0 for DF of T-dist(read CV below); 0 for normal with CV; -1 for normal with se; -2 for lognormal
0 #_N_discard
0 #_N_meanbodywt
1 #_DF_for_meanbodywt_T-distribution_like
2 # length bin method: 1=use databins; 2=generate from binwidth,min,max below; 3=read vector
1 # binwidth for population size comp
10 # minimum size in the population (lower edge of first bin and size at age 0.00)
200 # maximum size in the population (lower edge of last bin)
-0.001 #_comp_tail_compression
1e-05 #_add_to_comp
0 #_combine males into females at or below this bin number
45 #_N_lbins
#_lbin_vector
20 23 26 29 32 35 38 41 44 47 50 53 56 59 62 65 68 71 74 77 80 83 86 89 92 95 98 101 104 107 110 113 116 119 122 125 128 131 134 137 140 143 146 149 152
28 #_N_Length_comp_observations
 #_Yr Seas FltSvy Gender Part Nsamp           l20          l23          l26          l29         l32          l35          l38         l41        l44        l47        l50        l53        l56        l59        l62        l65        l68        l71        l74        l77        l80         l83         l86        l89        l92        l95        l98        l101        l104        l107        l110        l113         l116         l119         l122         l125         l128         l131         l134         l137         l140         l143         l146         l149         l152
   26    1      1      0    0   125  2.040846e-20 5.035343e-03 5.612356e-04 0.0014858167 0.003187665 1.785935e-02 4.054530e-07 0.002900163 0.05578582 0.03739892 0.04450271 0.01856960 0.02622446 0.02636256 0.03579506 0.02083069 0.01196804 0.01763841 0.03299396 0.02536559 0.03648935 0.020853612 0.105977607 0.03722088 0.06530744 0.03367404 0.04126088 0.069083017 0.015837762 0.021604917 0.006281274 0.035272066 0.0437102371 0.0066251373 0.0135212176 0.0361739070 0.0069086744 4.529721e-03 7.543022e-03 5.681258e-04 3.891819e-03 1.701805e-03 1.177125e-03 9.278785e-07 3.196300e-04
   36    1      1      0    0   125  0.000000e+00 7.937978e-22 1.260677e-03 0.0082810989 0.010091721 3.359073e-02 2.568652e-03 0.007324618 0.08457374 0.04400395 0.05985060 0.03955942 0.02799459 0.02042498 0.05577225 0.06006814 0.03725183 0.02510692 0.03421040 0.03190261 0.03736701 0.016134263 0.028256380 0.03050831 0.01836647 0.03169499 0.02592448 0.053823437 0.006850143 0.004078853 0.048259993 0.013625889 0.0174695162 0.0272819853 0.0041715238 0.0115270587 0.0094328679 1.445344e-02 5.639303e-03 2.022881e-03 4.456122e-03 6.223817e-04 2.256180e-07 4.160377e-09 4.195561e-03
   46    1      1      0    0   125 5.063644e-169 6.552278e-08 3.533261e-05 0.0339301462 0.012226450 1.286911e-03 1.088599e-03 0.034575460 0.03635100 0.08289337 0.07456313 0.05612940 0.03492368 0.01894147 0.04842831 0.03373309 0.06957017 0.05197875 0.04107037 0.04073113 0.05254723 0.008846175 0.021765744 0.02362695 0.03678869 0.01623729 0.01225068 0.017889968 0.017219458 0.007091331 0.031239693 0.008897177 0.0016574184 0.0163759300 0.0002537288 0.0025413370 0.0077914263 1.867241e-02 5.493716e-03 5.256979e-03 1.359286e-02 1.134165e-03 3.670214e-04 6.854978e-08 5.743983e-06
   56    1      1      0    0   125  3.258593e-77 9.988562e-08 1.787212e-04 0.0120465756 0.002486067 3.690652e-05 8.043865e-04 0.031553369 0.08087589 0.08531073 0.05262493 0.04506749 0.04098044 0.01980377 0.06180244 0.03012599 0.04330331 0.06859283 0.03845055 0.02848742 0.02102568 0.035089813 0.026925372 0.02584831 0.01890048 0.04882701 0.05777396 0.002743436 0.017320228 0.011241408 0.004068647 0.016912903 0.0234882908 0.0055785151 0.0103817960 0.0004975421 0.0022542802 2.260800e-03 2.517887e-03 4.977305e-03 1.854879e-02 1.300365e-07 9.889139e-05 1.865988e-04 2.616949e-10
   60    1      1      0    0   125  2.042958e-48 2.087288e-06 2.752591e-05 0.0051633662 0.027893003 1.345628e-02 1.981768e-03 0.010270547 0.03021792 0.07795175 0.07041553 0.03128238 0.02201432 0.05138676 0.06433329 0.06793060 0.02798212 0.04638765 0.02948832 0.01930599 0.02188612 0.026686223 0.021685340 0.07538620 0.02825048 0.02780998 0.02658618 0.006851374 0.053131757 0.026287675 0.003695401 0.007119285 0.0269495354 0.0076351118 0.0023938376 0.0154439901 0.0167281425 2.877398e-03 4.976325e-03 1.302327e-05 1.074207e-04 7.895887e-06 8.841385e-08 2.183753e-10 1.159430e-09
   64    1      1      0    0   125  2.737689e-39 1.808139e-03 1.099731e-03 0.0056102630 0.001011393 1.070007e-02 3.180492e-03 0.014504050 0.06106719 0.05921347 0.10666003 0.07546601 0.02963323 0.01353594 0.01888437 0.02075384 0.02943924 0.02891041 0.03041229 0.01937864 0.03553229 0.038879770 0.025582566 0.05193615 0.03244538 0.01318700 0.05245647 0.022669203 0.073218069 0.016907675 0.011910125 0.024432089 0.0117320120 0.0022286112 0.0035019695 0.0215339074 0.0036433373 9.229658e-03 1.291391e-02 3.301284e-03 7.109778e-04 2.789208e-07 7.784653e-04 2.510200e-23 5.293247e-11
   68    1      1      0    0   125  5.513095e-65 9.425970e-12 1.685000e-02 0.0222723781 0.007270659 3.170712e-03 3.404330e-02 0.008601320 0.02592881 0.09774094 0.06029380 0.05150750 0.05170027 0.07759107 0.01940082 0.08295755 0.02481075 0.03511135 0.02800284 0.02970561 0.01691189 0.032060023 0.014089846 0.02855778 0.02314226 0.01446909 0.02999353 0.020098158 0.034214640 0.024517877 0.010865699 0.006934519 0.0314910773 0.0032680073 0.0129126157 0.0044475744 0.0060428122 1.061782e-04 1.935830e-03 1.118233e-03 1.824221e-03 3.542864e-04 2.378108e-03 1.453774e-35 1.306076e-03
   72    1      1      0    0   125  2.208256e-17 7.889563e-07 1.430367e-02 0.0146980717 0.021230224 1.945328e-03 2.967089e-03 0.011075378 0.03517699 0.06983629 0.09344559 0.06364404 0.06245916 0.01360204 0.06758790 0.03997836 0.04461217 0.01978991 0.03183586 0.03523370 0.02245161 0.022377197 0.008592867 0.03978444 0.06831992 0.01478157 0.01035003 0.023485663 0.022481175 0.009461705 0.017861361 0.019493719 0.0008989844 0.0074640348 0.0080783192 0.0330080631 0.0085555470 5.587156e-03 5.826274e-04 5.105734e-03 9.095757e-04 6.599375e-06 6.939546e-03 1.214346e-15 3.403943e-13
   76    1      1      0    0   125  2.749803e-52 4.590522e-24 5.599681e-03 0.0009783736 0.015504182 7.447052e-03 7.804554e-03 0.007102425 0.04515771 0.04417817 0.06059871 0.04216087 0.03538841 0.04599451 0.07060443 0.05637217 0.05847295 0.02514959 0.02707749 0.02819787 0.05212043 0.048436947 0.033551781 0.04340144 0.02124849 0.01697498 0.02015249 0.013722398 0.022222976 0.030850935 0.004173839 0.022000847 0.0386106357 0.0057375267 0.0074469918 0.0023826116 0.0071299647 2.018736e-03 2.714737e-03 1.908822e-04 8.278596e-04 1.077120e-02 6.229157e-07 1.394012e-04 9.382139e-03
   80    1      1      0    0   125  0.000000e+00 5.123770e-03 8.343002e-04 0.0334082902 0.003244558 9.637222e-03 1.927859e-03 0.019101761 0.04706773 0.07350273 0.04634893 0.04014972 0.08234467 0.05358945 0.06856471 0.03940139 0.01830709 0.02956799 0.01137934 0.04085753 0.02569833 0.033043037 0.022216900 0.03952930 0.02536034 0.03597035 0.02323574 0.036955535 0.011029293 0.023694009 0.007157286 0.004234420 0.0471845959 0.0079953135 0.0066792466 0.0032714807 0.0153292525 1.398956e-03 3.570672e-03 1.878339e-03 5.882300e-06 7.128778e-15 9.882642e-05 1.038301e-04 1.596354e-13
   84    1      1      0    0   125 4.976512e-273 2.929272e-34 6.359414e-03 0.0063599287 0.003484834 8.515110e-03 4.434655e-04 0.039195158 0.04450160 0.05845326 0.07912538 0.04784257 0.04000120 0.07028648 0.07451362 0.01879141 0.03358377 0.05084165 0.03736702 0.01554312 0.03125654 0.032886435 0.040143330 0.02686062 0.01690980 0.01448768 0.03707525 0.025717993 0.029775629 0.012685559 0.030740637 0.016252583 0.0085039496 0.0302716582 0.0053493320 0.0005431257 0.0030455563 1.796314e-03 1.141443e-04 4.799432e-05 3.440021e-05 2.921897e-04 2.680097e-07 1.264625e-08 1.487896e-15
   88    1      1      0    0   125  2.544871e-77 9.070860e-18 3.823333e-04 0.0056314230 0.022267950 2.724145e-03 7.277138e-04 0.046260904 0.05891934 0.11058673 0.03794335 0.06024807 0.01512848 0.03390170 0.03421993 0.03098244 0.02673415 0.06439279 0.02383659 0.04777927 0.03995626 0.031880311 0.008808246 0.03336460 0.01266064 0.03636850 0.02707013 0.003262570 0.079786477 0.029105610 0.005962808 0.025380166 0.0084977612 0.0006966194 0.0001992207 0.0141142283 0.0175578328 4.449014e-04 1.140480e-07 1.390952e-03 1.367314e-04 1.446487e-06 6.706671e-04 1.559851e-05 3.100572e-07
   92    1      1      0    0   125  1.446220e-40 3.161299e-19 1.244731e-04 0.0167694467 0.008662884 5.967242e-03 1.140912e-02 0.012035227 0.04455173 0.05210749 0.08312390 0.04902215 0.02798760 0.02318677 0.08807151 0.02847026 0.04371843 0.04387138 0.03465138 0.02034617 0.05743497 0.026560488 0.023900634 0.05162263 0.03123079 0.02955371 0.01452375 0.018784129 0.013809000 0.006133116 0.006258495 0.025734251 0.0168004882 0.0010862496 0.0305844244 0.0037364116 0.0027697497 1.046643e-03 3.800034e-04 1.358908e-04 1.621439e-04 1.180496e-03 4.183150e-02 5.734009e-06 6.571164e-04
   96    1      1      0    0   125 3.384095e-124 1.996933e-56 4.922476e-03 0.0041538649 0.027323456 1.766779e-02 8.031830e-03 0.011521100 0.05180842 0.14053540 0.09434216 0.05325229 0.02252296 0.01982116 0.03000562 0.04074954 0.04766551 0.05665750 0.03461168 0.04489370 0.03725618 0.018617284 0.038425509 0.01893202 0.01635553 0.01532443 0.02452848 0.006201318 0.030949539 0.003348784 0.008554385 0.021600625 0.0227347678 0.0109428189 0.0045906617 0.0087739703 0.0002205596 6.249592e-05 1.176243e-06 2.698829e-06 1.343740e-04 1.738065e-03 1.291826e-05 5.008657e-07 2.044577e-04
  100    1      1      0    0   125 4.523085e-123 2.500554e-10 2.255340e-03 0.0031377499 0.005855725 9.102572e-05 5.140831e-03 0.006729677 0.05587912 0.04266278 0.03200245 0.04618027 0.04153719 0.01610528 0.04731018 0.04288566 0.02677357 0.03758219 0.02699241 0.04500892 0.03232161 0.057334198 0.045321227 0.02793259 0.03724309 0.02627454 0.01912570 0.016434622 0.079640834 0.009906456 0.012321902 0.008038536 0.0213554981 0.0589858136 0.0007172952 0.0143588004 0.0011852038 1.759490e-02 8.986333e-05 5.882713e-04 2.909304e-02 1.827128e-07 1.786058e-10 5.462047e-06 3.200787e-31
   76    1      2      0    0   500  7.528501e-08 1.141513e-03 2.965890e-02 0.0396769582 0.055595791 2.543011e-02 1.169682e-02 0.023832656 0.04306051 0.05042563 0.06456530 0.04423718 0.03944047 0.04719592 0.04979479 0.03164003 0.03037213 0.04138319 0.03034170 0.02988086 0.03331874 0.033702877 0.013367965 0.02829872 0.02394192 0.01484006 0.01899330 0.028082293 0.029437854 0.023300049 0.011028602 0.011296041 0.0136573226 0.0060729988 0.0035434310 0.0043481002 0.0021426052 2.851571e-03 3.633377e-03 4.561119e-04 7.346795e-04 5.098910e-05 1.400926e-05 1.546550e-03 1.969286e-03
   78    1      2      0    0   500  5.471320e-16 3.383569e-03 2.431652e-02 0.0425287635 0.043657840 2.073672e-02 1.531784e-02 0.020031404 0.04146752 0.05176657 0.05048192 0.04856494 0.02327144 0.02697114 0.04026191 0.04446616 0.04464107 0.04229633 0.03677113 0.02123879 0.02793680 0.035638901 0.032294257 0.03042950 0.01949908 0.02079924 0.02801833 0.023977282 0.023098628 0.012002832 0.021185470 0.017726181 0.0157214482 0.0050990530 0.0126857636 0.0121662767 0.0056310566 4.568591e-03 2.430209e-03 3.202126e-03 7.341449e-04 7.862742e-04 1.818017e-03 2.169384e-04 1.620362e-04
   80    1      2      0    0   500  1.060246e-20 1.551457e-03 9.068346e-03 0.0630839908 0.047983575 2.585782e-02 7.896940e-03 0.048942664 0.05612122 0.05238271 0.05980119 0.03087605 0.03934321 0.03442836 0.04148437 0.04201317 0.02826660 0.03333959 0.02453442 0.02773352 0.03071330 0.047141187 0.018938890 0.02381299 0.02421145 0.02090103 0.01793747 0.030554847 0.013512453 0.018252094 0.009329935 0.021169038 0.0059774258 0.0126865404 0.0116132633 0.0094318452 0.0047455084 1.803947e-03 1.616961e-03 1.022496e-04 1.349028e-04 5.001818e-04 4.012926e-05 3.176495e-05 1.313997e-04
   82    1      2      0    0   500  1.316590e-09 2.619668e-03 2.751842e-02 0.0401018629 0.051892768 2.172582e-02 1.227554e-02 0.021255485 0.03942161 0.06366910 0.04267102 0.02941694 0.02918778 0.02516515 0.04438279 0.05328184 0.03682616 0.03090291 0.01955151 0.03847878 0.04512820 0.023862689 0.020931622 0.02403247 0.01293974 0.02755233 0.02995867 0.019375518 0.035838211 0.027386115 0.013860204 0.012827451 0.0085533336 0.0089750895 0.0156175364 0.0086982755 0.0015941537 9.213883e-03 5.865631e-03 4.764746e-03 1.090936e-03 5.884874e-03 6.688620e-04 1.220031e-03 3.814299e-03
   84    1      2      0    0   500  1.271020e-07 6.150084e-03 2.596479e-02 0.0560492530 0.043370924 1.523320e-02 1.691714e-02 0.027905415 0.04202837 0.07131268 0.05018592 0.04202496 0.02839621 0.03261387 0.04505888 0.02581476 0.03031346 0.03290499 0.03065611 0.03279149 0.02640752 0.021299646 0.019942733 0.03385985 0.02612937 0.02204089 0.02003454 0.039345293 0.017249522 0.016845759 0.015898534 0.015941317 0.0150790836 0.0118976734 0.0068577974 0.0060963461 0.0073886250 6.033182e-03 1.904845e-03 1.253624e-03 2.502643e-03 4.724128e-04 1.007770e-03 1.832896e-03 6.985505e-03
   86    1      2      0    0   500  7.267692e-14 4.842328e-04 2.839364e-02 0.0400957286 0.059107086 3.064706e-02 7.145704e-03 0.017097025 0.04982502 0.05655749 0.04417842 0.03138777 0.02967866 0.03299641 0.04694146 0.03501857 0.04349734 0.03754553 0.02765329 0.02991308 0.04084664 0.027927066 0.033050404 0.02765156 0.03283215 0.01893201 0.02275905 0.016840588 0.019298916 0.013388301 0.009376048 0.023923104 0.0212338934 0.0092726706 0.0117983732 0.0058156241 0.0036672878 4.077595e-03 3.625646e-03 1.074838e-03 1.020998e-03 2.986007e-03 4.209235e-04 1.358279e-05 3.203898e-06
   88    1      2      0    0   500  2.148061e-07 4.514757e-03 1.063811e-02 0.0471923776 0.035095244 3.336232e-02 1.096380e-02 0.035682629 0.04678586 0.06154762 0.06709213 0.03530276 0.01559518 0.04153425 0.04056590 0.02039758 0.04118052 0.04531989 0.05533710 0.02550778 0.02378333 0.032865825 0.019697403 0.03670039 0.02197722 0.02465926 0.01944943 0.009615411 0.021375299 0.022594878 0.019119176 0.020926284 0.0155061695 0.0115189276 0.0038600714 0.0104007088 0.0028317949 3.090660e-03 3.721905e-03 3.516252e-05 5.470946e-04 9.722657e-04 4.029301e-04 7.869110e-05 6.536760e-04
   90    1      2      0    0   500  7.343885e-15 5.770887e-04 1.256759e-02 0.0647495596 0.038337536 2.188753e-02 4.936988e-03 0.023855641 0.04012806 0.06016221 0.04432483 0.03712397 0.03310259 0.02819665 0.03861716 0.04052319 0.01503977 0.04630090 0.03723200 0.03921325 0.04174686 0.028058911 0.038949374 0.03435102 0.02070771 0.02132724 0.01972725 0.024252122 0.012513201 0.023798514 0.017057926 0.031041516 0.0155441081 0.0117452588 0.0058523616 0.0093736006 0.0051841543 2.456632e-03 1.930477e-03 4.067189e-03 1.054713e-03 1.029836e-03 1.313660e-03 1.003127e-07 3.971513e-05
   92    1      2      0    0   500  9.580406e-07 4.778502e-03 1.863119e-02 0.0389906226 0.043841175 1.733825e-02 1.155063e-02 0.028310775 0.04658634 0.05800698 0.05617258 0.04965103 0.01941067 0.02710067 0.04076682 0.03202285 0.04864998 0.03678146 0.03131260 0.02973030 0.02817581 0.028233517 0.026409661 0.02223446 0.03706617 0.03021671 0.01528854 0.015845160 0.015712692 0.029992552 0.020550813 0.012160412 0.0121574349 0.0256230317 0.0042202456 0.0049735239 0.0090524839 8.080345e-03 2.570952e-03 6.389840e-03 3.413414e-03 1.593520e-03 7.183493e-07 9.611015e-06 3.940098e-04
   94    1      2      0    0   500  2.179721e-25 4.127763e-03 1.512046e-02 0.0454242855 0.038722949 1.030322e-02 1.107681e-02 0.025773586 0.03751860 0.06516149 0.06042031 0.05532846 0.03549057 0.03417229 0.04469494 0.03336603 0.03468292 0.03216647 0.02557679 0.03034989 0.03726477 0.020890374 0.027009407 0.03626348 0.03763763 0.02470866 0.02400136 0.028513170 0.029141706 0.007713869 0.018059228 0.011506484 0.0094208936 0.0058529760 0.0049422520 0.0102983422 0.0096238823 9.095149e-03 4.456852e-03 1.219621e-03 7.147952e-04 6.845177e-04 1.332282e-03 2.302937e-05 1.474398e-04
   96    1      2      0    0   500  3.256825e-09 2.052436e-03 8.318191e-03 0.0264649321 0.052094261 1.547218e-02 9.578863e-03 0.025032696 0.02719092 0.07060736 0.06049403 0.03986289 0.02828704 0.04726801 0.04031987 0.04707048 0.04231827 0.03717165 0.02253474 0.02394797 0.03495048 0.028381694 0.022673274 0.02815357 0.02165720 0.02545051 0.02800777 0.022295399 0.018171328 0.035067556 0.017134831 0.013472883 0.0041601021 0.0136803570 0.0066018775 0.0171179487 0.0072853971 1.244858e-02 6.720487e-03 3.280953e-03 5.900004e-03 1.098359e-04 7.968227e-05 6.709119e-04 4.405663e-04
   98    1      2      0    0   500  1.168914e-08 3.027326e-03 1.775858e-02 0.0618289896 0.029146602 1.598597e-02 1.208965e-02 0.011045563 0.04033209 0.05849336 0.04931421 0.04325862 0.02961261 0.02485979 0.02824301 0.04000773 0.03286855 0.03472954 0.03635614 0.03548945 0.03400125 0.034475162 0.045080398 0.02430605 0.02012411 0.03346545 0.02645796 0.017719765 0.036200492 0.019030492 0.021568024 0.016353279 0.0070498013 0.0064487969 0.0185201184 0.0047909332 0.0050870414 3.780926e-03 6.928884e-03 3.346650e-03 9.130519e-03 7.208955e-04 3.190425e-04 6.456537e-04 5.217645e-07
  100    1      2      0    0   500  2.580535e-13 3.282408e-03 1.453097e-02 0.0366887567 0.048939045 1.773983e-02 1.433642e-02 0.014434449 0.05965309 0.04874580 0.05831170 0.05328298 0.03774456 0.04708860 0.04161688 0.02285457 0.04023510 0.03111109 0.04000979 0.02716698 0.02282324 0.032366265 0.028051649 0.03499099 0.03150539 0.03004863 0.02223090 0.023368320 0.019284541 0.013366218 0.015372348 0.016698067 0.0115995823 0.0067858726 0.0056885947 0.0105044739 0.0034357095 2.290372e-03 4.336265e-03 4.363528e-03 6.624036e-04 2.418712e-04 3.955567e-04 1.802580e-03 1.361414e-05
15 #_N_agebins
#_agebin_vector
1 2 3 4 5 6 7 8 9 10 11 12 13 14 15
1 #_N_ageerror_definitions
 #_age0   age1   age2   age3   age4   age5   age6   age7   age8   age9  age10  age11  age12  age13  age14  age15  age16  age17  age18  age19  age20  age21  age22  age23  age24  age25
 -1.000 -1.000 -1.000 -1.000 -1.000 -1.000 -1.000 -1.000 -1.000 -1.000 -1.000 -1.000 -1.000 -1.000 -1.000 -1.000 -1.000 -1.000 -1.000 -1.000 -1.000 -1.000 -1.000 -1.000 -1.000 -1.000
  0.001  0.001  0.001  0.001  0.001  0.001  0.001  0.001  0.001  0.001  0.001  0.001  0.001  0.001  0.001  0.001  0.001  0.001  0.001  0.001  0.001  0.001  0.001  0.001  0.001  0.001
80 #_N_agecomp
1 #_Lbin_method: 1=poplenbins; 2=datalenbins; 3=lengths
-1 #_combine males into females at or below this bin number
 #_Yr Seas FltSvy Gender Part Ageerr Lbin_lo Lbin_hi Nsamp          a1        a2        a3         a4         a5         a6         a7          a8          a9        a10         a11         a12          a13         a14         a15
   26    1      1      0    0      1      -1      -1   125  0.05436794 0.1385118 0.1473745 0.08849207 0.10752092 0.10226352 0.07500553 0.050095829 0.043088070 0.05803615 0.022865937 0.024714521 0.0187393239 0.030575965 0.038347931
   36    1      1      0    0      1      -1      -1   125  0.04979621 0.2192496 0.1596587 0.12181190 0.12410919 0.06674739 0.06088852 0.038684044 0.038080171 0.02783168 0.022655838 0.007962948 0.0134071572 0.001786762 0.047329851
   46    1      1      0    0      1      -1      -1   125  0.02251028 0.2027614 0.2165129 0.15228447 0.16606793 0.05550137 0.05746310 0.023497999 0.012887348 0.03459255 0.020114773 0.003477202 0.0033987039 0.010699490 0.018230452
   56    1      1      0    0      1      -1      -1   125  0.02586055 0.2426121 0.2972534 0.08747371 0.07544975 0.07843852 0.06968685 0.046281836 0.017758291 0.01050572 0.013267179 0.001670011 0.0089808995 0.022667708 0.002093456
   60    1      1      0    0      1      -1      -1   125  0.01859248 0.2407692 0.1852607 0.12258909 0.16466417 0.04561664 0.07107870 0.032910714 0.030076812 0.01591097 0.053992373 0.010626338 0.0024999133 0.003194383 0.002217564
   64    1      1      0    0      1      -1      -1   125  0.03393369 0.2053885 0.2080269 0.12469661 0.14680478 0.07556061 0.09757795 0.014400367 0.006431799 0.02591681 0.032557318 0.010063599 0.0040268402 0.001280195 0.013333972
   68    1      1      0    0      1      -1      -1   125  0.03624767 0.2549212 0.1990348 0.17808977 0.11538220 0.04575042 0.04003937 0.012183837 0.039346945 0.02953624 0.006662887 0.018793862 0.0052872739 0.005200668 0.013522866
   72    1      1      0    0      1      -1      -1   125  0.02485984 0.2180039 0.1573574 0.22472375 0.08476569 0.05164014 0.05372339 0.033142924 0.046864944 0.01141382 0.045527816 0.019632988 0.0191523311 0.002585181 0.006605803
   76    1      1      0    0      1      -1      -1   125  0.06051438 0.1716414 0.1922950 0.17135212 0.09671074 0.04487744 0.12050779 0.022866324 0.061408137 0.01215626 0.009651786 0.015838159 0.0028695462 0.008144884 0.009166025
   80    1      1      0    0      1      -1      -1   125  0.04296100 0.2566364 0.2032195 0.13574001 0.07853953 0.05068887 0.05497841 0.021343877 0.062086832 0.02401280 0.011393471 0.039100009 0.0003536631 0.003207598 0.015738033
   84    1      1      0    0      1      -1      -1   125  0.02085161 0.2630787 0.1582547 0.17904826 0.05843336 0.09165285 0.04712297 0.065965949 0.026096556 0.04123712 0.015627828 0.010289175 0.0001856822 0.004238606 0.017916675
   88    1      1      0    0      1      -1      -1   125  0.05740208 0.2545135 0.2401274 0.14081880 0.10504087 0.03000026 0.02486394 0.007127189 0.016569130 0.02043628 0.017483872 0.027285931 0.0175824931 0.022690235 0.018057987
   92    1      1      0    0      1      -1      -1   125  0.03392437 0.2859258 0.1961342 0.14862042 0.14988275 0.03774116 0.04407671 0.015488619 0.024876546 0.01463166 0.012548859 0.005806129 0.0145458322 0.001090040 0.014706883
   96    1      1      0    0      1      -1      -1   125  0.04997891 0.2677485 0.1615607 0.12147261 0.10500626 0.06130266 0.06007695 0.045990193 0.053961071 0.01502970 0.012893179 0.017599718 0.0040590192 0.001005843 0.022314688
  100    1      1      0    0      1      -1      -1   125  0.03668023 0.2885509 0.1688896 0.14011424 0.07017812 0.07639807 0.04991573 0.039407752 0.024182919 0.01505381 0.029466336 0.012763415 0.0084242159 0.001820306 0.038154409
   76    1      2      0    0      1      -1      -1   500  0.13091680 0.2418827 0.1480715 0.09895237 0.09292836 0.06415336 0.05654310 0.038843075 0.038867232 0.02343597 0.015942935 0.017998189 0.0064490258 0.007573194 0.017442211
   78    1      2      0    0      1      -1      -1   500  0.15500270 0.2562462 0.1650387 0.11206947 0.07415608 0.06161119 0.02924634 0.039279945 0.030715062 0.01899177 0.014295209 0.009213447 0.0148728631 0.009367641 0.009893463
   80    1      2      0    0      1      -1      -1   500  0.16091542 0.2286871 0.1865041 0.09984570 0.08631793 0.07350584 0.04211977 0.031421896 0.021282961 0.02213546 0.014392975 0.002542353 0.0059442599 0.008647741 0.015736523
   82    1      2      0    0      1      -1      -1   500  0.13792903 0.2393135 0.1941890 0.10979000 0.08462756 0.07603246 0.06095490 0.024521983 0.020966694 0.01639923 0.014908497 0.004494513 0.0041577602 0.001926097 0.009788825
   84    1      2      0    0      1      -1      -1   500  0.16027558 0.2316562 0.1813872 0.11001417 0.08506330 0.07653880 0.04099453 0.027263721 0.025127569 0.01169654 0.007587519 0.014689527 0.0024561107 0.002458761 0.022790482
   86    1      2      0    0      1      -1      -1   500  0.14584223 0.2239172 0.1626589 0.12419599 0.09747242 0.05677722 0.03679288 0.041056731 0.028634481 0.02441951 0.019296229 0.009698703 0.0081488237 0.003829719 0.017259044
   88    1      2      0    0      1      -1      -1   500  0.13786388 0.2584867 0.1503288 0.10935687 0.09735527 0.06958000 0.04750747 0.032391931 0.021940017 0.01814298 0.016998543 0.004208879 0.0042243943 0.008035731 0.023578590
   90    1      2      0    0      1      -1      -1   500  0.15379438 0.2123793 0.1717270 0.10196389 0.08021361 0.06212614 0.04605981 0.034494032 0.037028727 0.03254580 0.013113312 0.011892449 0.0015507561 0.008499456 0.032611335
   92    1      2      0    0      1      -1      -1   500  0.14253395 0.2231725 0.1815556 0.16835851 0.07416896 0.04805406 0.04266581 0.026218170 0.025421282 0.01568984 0.012216227 0.009438131 0.0044024967 0.011917398 0.014187058
   94    1      2      0    0      1      -1      -1   500  0.13558459 0.2169345 0.1859553 0.12406117 0.06184180 0.08601851 0.07180330 0.032333757 0.018802979 0.01787633 0.007097515 0.019087917 0.0067780694 0.004805941 0.011018292
   96    1      2      0    0      1      -1      -1   500  0.13990855 0.2292299 0.1804486 0.12022787 0.07245369 0.07586714 0.06013398 0.049479147 0.021537882 0.01366266 0.013486088 0.006010959 0.0060617342 0.001148712 0.010343115
   98    1      2      0    0      1      -1      -1   500  0.14598925 0.2400778 0.1662084 0.12779835 0.08996124 0.05749682 0.05279773 0.033906200 0.014033756 0.01486022 0.019185858 0.012010565 0.0074787911 0.002384636 0.015810419
  100    1      2      0    0      1      -1      -1   500  0.13794047 0.2505997 0.1697146 0.12638119 0.09709177 0.06204906 0.05094274 0.021050399 0.017765552 0.01547297 0.012950679 0.009743133 0.0075411565 0.006188514 0.014568125
   60    1      1      0    0      1       4       4     2  2.00000000 0.0000000 0.0000000 0.00000000 0.00000000 0.00000000 0.00000000 0.000000000 0.000000000 0.00000000 0.000000000 0.000000000 0.0000000000 0.000000000 0.000000000
   60    1      1      0    0      1       5       5     2  2.00000000 0.0000000 0.0000000 0.00000000 0.00000000 0.00000000 0.00000000 0.000000000 0.000000000 0.00000000 0.000000000 0.000000000 0.0000000000 0.000000000 0.000000000
   60    1      1      0    0      1       6       6     4  4.00000000 0.0000000 0.0000000 0.00000000 0.00000000 0.00000000 0.00000000 0.000000000 0.000000000 0.00000000 0.000000000 0.000000000 0.0000000000 0.000000000 0.000000000
   60    1      1      0    0      1       9       9     1  1.00000000 0.0000000 0.0000000 0.00000000 0.00000000 0.00000000 0.00000000 0.000000000 0.000000000 0.00000000 0.000000000 0.000000000 0.0000000000 0.000000000 0.000000000
   60    1      1      0    0      1      10      10    10 10.00000000 0.0000000 0.0000000 0.00000000 0.00000000 0.00000000 0.00000000 0.000000000 0.000000000 0.00000000 0.000000000 0.000000000 0.0000000000 0.000000000 0.000000000
   60    1      1      0    0      1      11      11    13 13.00000000 0.0000000 0.0000000 0.00000000 0.00000000 0.00000000 0.00000000 0.000000000 0.000000000 0.00000000 0.000000000 0.000000000 0.0000000000 0.000000000 0.000000000
   60    1      1      0    0      1      12      12     5  5.00000000 0.0000000 0.0000000 0.00000000 0.00000000 0.00000000 0.00000000 0.000000000 0.000000000 0.00000000 0.000000000 0.000000000 0.0000000000 0.000000000 0.000000000
   60    1      1      0    0      1      13      13     1  1.00000000 0.0000000 0.0000000 0.00000000 0.00000000 0.00000000 0.00000000 0.000000000 0.000000000 0.00000000 0.000000000 0.000000000 0.0000000000 0.000000000 0.000000000
   60    1      1      0    0      1      14      14     6  6.00000000 0.0000000 0.0000000 0.00000000 0.00000000 0.00000000 0.00000000 0.000000000 0.000000000 0.00000000 0.000000000 0.000000000 0.0000000000 0.000000000 0.000000000
   60    1      1      0    0      1      15      15     8  8.00000000 0.0000000 0.0000000 0.00000000 0.00000000 0.00000000 0.00000000 0.000000000 0.000000000 0.00000000 0.000000000 0.000000000 0.0000000000 0.000000000 0.000000000
   60    1      1      0    0      1      16      16     8  8.00000000 0.0000000 0.0000000 0.00000000 0.00000000 0.00000000 0.00000000 0.000000000 0.000000000 0.00000000 0.000000000 0.000000000 0.0000000000 0.000000000 0.000000000
   60    1      1      0    0      1      17      17     4  4.00000000 0.0000000 0.0000000 0.00000000 0.00000000 0.00000000 0.00000000 0.000000000 0.000000000 0.00000000 0.000000000 0.000000000 0.0000000000 0.000000000 0.000000000
   60    1      1      0    0      1      18      18     3  3.00000000 0.0000000 0.0000000 0.00000000 0.00000000 0.00000000 0.00000000 0.000000000 0.000000000 0.00000000 0.000000000 0.000000000 0.0000000000 0.000000000 0.000000000
   60    1      1      0    0      1      19      19     3  3.00000000 0.0000000 0.0000000 0.00000000 0.00000000 0.00000000 0.00000000 0.000000000 0.000000000 0.00000000 0.000000000 0.000000000 0.0000000000 0.000000000 0.000000000
   60    1      1      0    0      1      21      21     2  2.00000000 0.0000000 0.0000000 0.00000000 0.00000000 0.00000000 0.00000000 0.000000000 0.000000000 0.00000000 0.000000000 0.000000000 0.0000000000 0.000000000 0.000000000
   60    1      1      0    0      1      22      22     3  3.00000000 0.0000000 0.0000000 0.00000000 0.00000000 0.00000000 0.00000000 0.000000000 0.000000000 0.00000000 0.000000000 0.000000000 0.0000000000 0.000000000 0.000000000
   60    1      1      0    0      1      23      23     2  2.00000000 0.0000000 0.0000000 0.00000000 0.00000000 0.00000000 0.00000000 0.000000000 0.000000000 0.00000000 0.000000000 0.000000000 0.0000000000 0.000000000 0.000000000
   60    1      1      0    0      1      24      24     7  7.00000000 0.0000000 0.0000000 0.00000000 0.00000000 0.00000000 0.00000000 0.000000000 0.000000000 0.00000000 0.000000000 0.000000000 0.0000000000 0.000000000 0.000000000
   60    1      1      0    0      1      25      25     4  4.00000000 0.0000000 0.0000000 0.00000000 0.00000000 0.00000000 0.00000000 0.000000000 0.000000000 0.00000000 0.000000000 0.000000000 0.0000000000 0.000000000 0.000000000
   60    1      1      0    0      1      26      26     5  5.00000000 0.0000000 0.0000000 0.00000000 0.00000000 0.00000000 0.00000000 0.000000000 0.000000000 0.00000000 0.000000000 0.000000000 0.0000000000 0.000000000 0.000000000
   60    1      1      0    0      1      27      27     2  1.00000000 1.0000000 0.0000000 0.00000000 0.00000000 0.00000000 0.00000000 0.000000000 0.000000000 0.00000000 0.000000000 0.000000000 0.0000000000 0.000000000 0.000000000
   60    1      1      0    0      1      29      29     1  0.00000000 1.0000000 0.0000000 0.00000000 0.00000000 0.00000000 0.00000000 0.000000000 0.000000000 0.00000000 0.000000000 0.000000000 0.0000000000 0.000000000 0.000000000
   60    1      1      0    0      1      30      30     1  0.00000000 1.0000000 0.0000000 0.00000000 0.00000000 0.00000000 0.00000000 0.000000000 0.000000000 0.00000000 0.000000000 0.000000000 0.0000000000 0.000000000 0.000000000
   60    1      1      0    0      1      32      32     1  0.00000000 1.0000000 0.0000000 0.00000000 0.00000000 0.00000000 0.00000000 0.000000000 0.000000000 0.00000000 0.000000000 0.000000000 0.0000000000 0.000000000 0.000000000
   60    1      1      0    0      1      33      33     1  0.00000000 1.0000000 0.0000000 0.00000000 0.00000000 0.00000000 0.00000000 0.000000000 0.000000000 0.00000000 0.000000000 0.000000000 0.0000000000 0.000000000 0.000000000
   60    1      1      0    0      1      34      34     1  0.00000000 1.0000000 0.0000000 0.00000000 0.00000000 0.00000000 0.00000000 0.000000000 0.000000000 0.00000000 0.000000000 0.000000000 0.0000000000 0.000000000 0.000000000
  100    1      1      0    0      1       5       5     1  1.00000000 0.0000000 0.0000000 0.00000000 0.00000000 0.00000000 0.00000000 0.000000000 0.000000000 0.00000000 0.000000000 0.000000000 0.0000000000 0.000000000 0.000000000
  100    1      1      0    0      1       8       8     1  1.00000000 0.0000000 0.0000000 0.00000000 0.00000000 0.00000000 0.00000000 0.000000000 0.000000000 0.00000000 0.000000000 0.000000000 0.0000000000 0.000000000 0.000000000
  100    1      1      0    0      1       9       9     5  5.00000000 0.0000000 0.0000000 0.00000000 0.00000000 0.00000000 0.00000000 0.000000000 0.000000000 0.00000000 0.000000000 0.000000000 0.0000000000 0.000000000 0.000000000
  100    1      1      0    0      1      10      10     2  2.00000000 0.0000000 0.0000000 0.00000000 0.00000000 0.00000000 0.00000000 0.000000000 0.000000000 0.00000000 0.000000000 0.000000000 0.0000000000 0.000000000 0.000000000
  100    1      1      0    0      1      11      11     5  5.00000000 0.0000000 0.0000000 0.00000000 0.00000000 0.00000000 0.00000000 0.000000000 0.000000000 0.00000000 0.000000000 0.000000000 0.0000000000 0.000000000 0.000000000
  100    1      1      0    0      1      12      12     5  5.00000000 0.0000000 0.0000000 0.00000000 0.00000000 0.00000000 0.00000000 0.000000000 0.000000000 0.00000000 0.000000000 0.000000000 0.0000000000 0.000000000 0.000000000
  100    1      1      0    0      1      13      13     3  3.00000000 0.0000000 0.0000000 0.00000000 0.00000000 0.00000000 0.00000000 0.000000000 0.000000000 0.00000000 0.000000000 0.000000000 0.0000000000 0.000000000 0.000000000
  100    1      1      0    0      1      14      14     2  2.00000000 0.0000000 0.0000000 0.00000000 0.00000000 0.00000000 0.00000000 0.000000000 0.000000000 0.00000000 0.000000000 0.000000000 0.0000000000 0.000000000 0.000000000
  100    1      1      0    0      1      15      15     6  6.00000000 0.0000000 0.0000000 0.00000000 0.00000000 0.00000000 0.00000000 0.000000000 0.000000000 0.00000000 0.000000000 0.000000000 0.0000000000 0.000000000 0.000000000
  100    1      1      0    0      1      16      16     5  5.00000000 0.0000000 0.0000000 0.00000000 0.00000000 0.00000000 0.00000000 0.000000000 0.000000000 0.00000000 0.000000000 0.000000000 0.0000000000 0.000000000 0.000000000
  100    1      1      0    0      1      17      17     3  3.00000000 0.0000000 0.0000000 0.00000000 0.00000000 0.00000000 0.00000000 0.000000000 0.000000000 0.00000000 0.000000000 0.000000000 0.0000000000 0.000000000 0.000000000
  100    1      1      0    0      1      18      18     3  3.00000000 0.0000000 0.0000000 0.00000000 0.00000000 0.00000000 0.00000000 0.000000000 0.000000000 0.00000000 0.000000000 0.000000000 0.0000000000 0.000000000 0.000000000
  100    1      1      0    0      1      19      19     3  3.00000000 0.0000000 0.0000000 0.00000000 0.00000000 0.00000000 0.00000000 0.000000000 0.000000000 0.00000000 0.000000000 0.000000000 0.0000000000 0.000000000 0.000000000
  100    1      1      0    0      1      20      20     2  2.00000000 0.0000000 0.0000000 0.00000000 0.00000000 0.00000000 0.00000000 0.000000000 0.000000000 0.00000000 0.000000000 0.000000000 0.0000000000 0.000000000 0.000000000
  100    1      1      0    0      1      21      21     2  2.00000000 0.0000000 0.0000000 0.00000000 0.00000000 0.00000000 0.00000000 0.000000000 0.000000000 0.00000000 0.000000000 0.000000000 0.0000000000 0.000000000 0.000000000
  100    1      1      0    0      1      22      22     5  5.00000000 0.0000000 0.0000000 0.00000000 0.00000000 0.00000000 0.00000000 0.000000000 0.000000000 0.00000000 0.000000000 0.000000000 0.0000000000 0.000000000 0.000000000
  100    1      1      0    0      1      23      23     6  6.00000000 0.0000000 0.0000000 0.00000000 0.00000000 0.00000000 0.00000000 0.000000000 0.000000000 0.00000000 0.000000000 0.000000000 0.0000000000 0.000000000 0.000000000
  100    1      1      0    0      1      24      24     1  1.00000000 0.0000000 0.0000000 0.00000000 0.00000000 0.00000000 0.00000000 0.000000000 0.000000000 0.00000000 0.000000000 0.000000000 0.0000000000 0.000000000 0.000000000
  100    1      1      0    0      1      25      25     6  6.00000000 0.0000000 0.0000000 0.00000000 0.00000000 0.00000000 0.00000000 0.000000000 0.000000000 0.00000000 0.000000000 0.000000000 0.0000000000 0.000000000 0.000000000
  100    1      1      0    0      1      26      26     4  4.00000000 0.0000000 0.0000000 0.00000000 0.00000000 0.00000000 0.00000000 0.000000000 0.000000000 0.00000000 0.000000000 0.000000000 0.0000000000 0.000000000 0.000000000
  100    1      1      0    0      1      27      27     2  2.00000000 0.0000000 0.0000000 0.00000000 0.00000000 0.00000000 0.00000000 0.000000000 0.000000000 0.00000000 0.000000000 0.000000000 0.0000000000 0.000000000 0.000000000
  100    1      1      0    0      1      29      29    10  4.00000000 6.0000000 0.0000000 0.00000000 0.00000000 0.00000000 0.00000000 0.000000000 0.000000000 0.00000000 0.000000000 0.000000000 0.0000000000 0.000000000 0.000000000
  100    1      1      0    0      1      30      30     2  1.00000000 1.0000000 0.0000000 0.00000000 0.00000000 0.00000000 0.00000000 0.000000000 0.000000000 0.00000000 0.000000000 0.000000000 0.0000000000 0.000000000 0.000000000
  100    1      1      0    0      1      34      34     9  0.00000000 9.0000000 0.0000000 0.00000000 0.00000000 0.00000000 0.00000000 0.000000000 0.000000000 0.00000000 0.000000000 0.000000000 0.0000000000 0.000000000 0.000000000
  100    1      1      0    0      1      38      38     1  0.00000000 1.0000000 0.0000000 0.00000000 0.00000000 0.00000000 0.00000000 0.000000000 0.000000000 0.00000000 0.000000000 0.000000000 0.0000000000 0.000000000 0.000000000
  100    1      1      0    0      1      41      41     6  0.00000000 6.0000000 0.0000000 0.00000000 0.00000000 0.00000000 0.00000000 0.000000000 0.000000000 0.00000000 0.000000000 0.000000000 0.0000000000 0.000000000 0.000000000
0 #_N_MeanSize_at_Age_obs
0 #_N_environ_variables
0 #_N_environ_obs
0 #_N_sizefreq_methods
0 #_do_tags
0 #_morphcomp_data
#
999
