#C data file created using the SS_writedat function in the R package r4ss
#C should work with SS version: 
#C file write time: 2015-02-11 18:00:10
#
1 #_styr
100 #_endyr
1 #_nseas
12 #_months_per_seas
1 #_spawn_seas
1 #_Nfleet
2 #_Nsurveys
1 #_N_areas
Fishery%Survey%CPUE #_fleetnames
0.5 0.5 0.5 #_surveytiming_in_season
1 1 1 #_area_assignments_for_each_fishery_and_survey
1 #_units of catch:  1=bio; 2=num
0.01 #_se of log(catch) only used for init_eq_catch and for Fmethod 2 and 3
1 #_Ngenders
25 #_Nages
0 #_init_equil_catch_for_each_fishery
100 #_N_lines_of_catch_to_read
 #_Fishery year seas
         0    1    1
         0    2    1
         0    3    1
         0    4    1
         0    5    1
         0    6    1
         0    7    1
         0    8    1
         0    9    1
         0   10    1
         0   11    1
         0   12    1
         0   13    1
         0   14    1
         0   15    1
         0   16    1
         0   17    1
         0   18    1
         0   19    1
         0   20    1
         0   21    1
         0   22    1
         0   23    1
         0   24    1
         0   25    1
 444646000   26    1
 397608000   27    1
 357583000   28    1
 324161000   29    1
 296656000   30    1
 274240000   31    1
 256057000   32    1
 241314000   33    1
 229322000   34    1
 219511000   35    1
 211426000   36    1
 204710000   37    1
 199088000   38    1
 194347000   39    1
 190324000   40    1
 186891000   41    1
 183948000   42    1
 181416000   43    1
 179230000   44    1
 177337000   45    1
 175694000   46    1
 174266000   47    1
 173022000   48    1
 171937000   49    1
 170990000   50    1
 170161000   51    1
 169436000   52    1
 168801000   53    1
 168243000   54    1
 167755000   55    1
 167325000   56    1
 166948000   57    1
 166617000   58    1
 166326000   59    1
 166070000   60    1
 165844000   61    1
 165646000   62    1
 165471000   63    1
 165317000   64    1
 165182000   65    1
 165063000   66    1
 164958000   67    1
 164865000   68    1
 164784000   69    1
 164712000   70    1
 164649000   71    1
 164593000   72    1
 164544000   73    1
 164500000   74    1
 164462000   75    1
 164429000   76    1
 164399000   77    1
 164373000   78    1
 164350000   79    1
 164329000   80    1
 164311000   81    1
 164296000   82    1
 164282000   83    1
 164269000   84    1
 164258000   85    1
 164249000   86    1
 164240000   87    1
 164233000   88    1
 164227000   89    1
 164221000   90    1
 164216000   91    1
 164211000   92    1
 164207000   93    1
 164204000   94    1
 164201000   95    1
 164198000   96    1
 164195000   97    1
 164193000   98    1
 164192000   99    1
 164190000  100    1
13 #_N_cpue
 #_Fleet Units Errtype
       1     1       0
       2     1       0
       3     1       0
 #_year seas index        obs se_log
     76    1     2 1136997071    0.2
     78    1     2 1396938548    0.2
     80    1     2 1426782655    0.2
     82    1     2 1177853519    0.2
     84    1     2 1299146374    0.2
     86    1     2 1348886637    0.2
     88    1     2 1010463307    0.2
     90    1     2 1596929497    0.2
     92    1     2 1056760280    0.2
     94    1     2 1134581253    0.2
     96    1     2 1486069063    0.2
     98    1     2 2021543881    0.2
    100    1     2 1075318453    0.2
0 #_N_discard_fleets
#_discard_units (1=same_as_catchunits(bio/num); 2=fraction; 3=numbers)
#_discard_errtype:  >0 for DF of T-dist(read CV below); 0 for normal with CV; -1 for normal with se; -2 for lognormal
0 #_N_discard
0 #_N_meanbodywt
1 #_DF_for_meanbodywt_T-distribution_like
2 # length bin method: 1=use databins; 2=generate from binwidth,min,max below; 3=read vector
1 # binwidth for population size comp
10 # minimum size in the population (lower edge of first bin and size at age 0.00)
200 # maximum size in the population (lower edge of last bin)
-0.001 #_comp_tail_compression
1e-05 #_add_to_comp
0 #_combine males into females at or below this bin number
45 #_N_lbins
#_lbin_vector
20 23 26 29 32 35 38 41 44 47 50 53 56 59 62 65 68 71 74 77 80 83 86 89 92 95 98 101 104 107 110 113 116 119 122 125 128 131 134 137 140 143 146 149 152
28 #_N_Length_comp_observations
 #_Yr Seas FltSvy Gender Part Nsamp           l20          l23          l26         l29         l32         l35          l38         l41        l44        l47        l50        l53        l56        l59        l62        l65        l68        l71        l74         l77         l80         l83        l86         l89        l92         l95        l98        l101        l104        l107        l110        l113        l116        l119         l122        l125         l128         l131         l134         l137         l140         l143         l146         l149         l152
   26    1      1      0    0   125 1.945377e-219 3.885748e-05 3.204786e-03 0.023987659 0.010285056 0.006513114 1.357283e-03 0.013152590 0.01408240 0.06859704 0.01503914 0.03299336 0.02062336 0.02156177 0.02099790 0.01022023 0.06592511 0.03634974 0.01384181 0.031014705 0.031418193 0.033774257 0.03123961 0.017138577 0.04701506 0.025923110 0.02686604 0.010708750 0.047220181 0.020598116 0.024607253 0.029729547 0.014309250 0.063802193 5.319553e-02 0.035309273 0.0244755671 2.639033e-02 0.0131743248 4.217595e-03 5.270774e-03 1.761477e-05 8.550961e-04 2.245419e-04 2.733298e-03
   36    1      1      0    0   125 8.732688e-313 7.331732e-04 8.607443e-03 0.024773588 0.013599578 0.001150059 1.451616e-02 0.008436190 0.03975960 0.04670906 0.09737876 0.04196474 0.03195020 0.02573400 0.03244023 0.04159663 0.03997907 0.04253637 0.02249770 0.016456791 0.013887487 0.020367850 0.02797370 0.062068310 0.02003528 0.019518760 0.02648728 0.019160223 0.018358470 0.028725655 0.005827120 0.030537575 0.013315229 0.046459667 2.717368e-02 0.017434012 0.0245019193 1.821115e-02 0.0075460139 2.576638e-04 4.565404e-05 1.197047e-03 1.082387e-07 1.419812e-07 9.065885e-05
   46    1      1      0    0   125  3.165373e-63 1.270957e-18 4.813893e-04 0.010219287 0.019257047 0.002399907 9.145417e-03 0.012789457 0.03492109 0.03320933 0.03527884 0.05390533 0.07920824 0.02980430 0.02609641 0.03663999 0.02582519 0.08637298 0.03761911 0.067801897 0.048547692 0.021550981 0.02238837 0.016580251 0.04377622 0.009986033 0.02389585 0.014964067 0.015531583 0.020972261 0.028884975 0.024023436 0.021484997 0.028862976 1.224527e-02 0.016428672 0.0029198698 1.043838e-02 0.0081607573 6.097963e-03 3.760664e-04 5.702979e-04 3.375587e-04 2.656636e-07 4.370203e-09
   56    1      1      0    0   125  4.189605e-79 2.412816e-07 7.130565e-03 0.003275892 0.012482978 0.008068250 4.965686e-03 0.015644534 0.02968933 0.01603358 0.06500270 0.01624340 0.07557987 0.02113359 0.03012147 0.04702283 0.04329087 0.04514289 0.07472032 0.023528965 0.041715102 0.086498525 0.04366835 0.019126604 0.03774506 0.019883172 0.01251289 0.009544152 0.025998965 0.011687164 0.032899882 0.039913106 0.018800424 0.006360711 1.490437e-02 0.027581764 0.0008726950 1.045625e-03 0.0010865786 8.323021e-07 7.935170e-03 5.519410e-04 3.057340e-05 4.179696e-04 1.404273e-04
   60    1      1      0    0   125  1.197869e-14 3.666492e-22 5.939268e-03 0.001341246 0.003940498 0.011432134 1.584722e-03 0.019357017 0.03436096 0.05845276 0.10398643 0.05423071 0.03063625 0.02559744 0.01401415 0.05233739 0.06264908 0.02150862 0.05217991 0.046032733 0.024010786 0.024918265 0.02242040 0.017235206 0.01657762 0.005844412 0.03616075 0.036938990 0.031457962 0.036516412 0.011820393 0.022164162 0.018434911 0.004868084 8.818178e-03 0.002742656 0.0353584225 2.402386e-02 0.0175094007 8.414228e-04 1.411769e-03 3.385643e-04 6.046065e-06 7.692836e-10 1.109442e-15
   64    1      1      0    0   125 1.661150e-140 1.069115e-29 5.423455e-04 0.013628829 0.018841116 0.005453880 1.672251e-02 0.008510382 0.02875603 0.08576105 0.08653196 0.03756301 0.03395371 0.04555334 0.04914947 0.08555997 0.04845254 0.03284871 0.02784344 0.039444145 0.029673142 0.039047341 0.04603149 0.023450615 0.02937083 0.023165424 0.03790276 0.005741404 0.011157780 0.008034134 0.015795611 0.003445766 0.006580568 0.027460049 4.217768e-03 0.004432892 0.0034376574 2.290824e-04 0.0100024580 4.349819e-04 4.393449e-06 3.891533e-04 1.962950e-03 9.560539e-04 1.959255e-03
   68    1      1      0    0   125 2.194426e-104 4.956866e-05 8.321872e-05 0.006485999 0.022943604 0.007419637 6.269162e-05 0.037017902 0.05386463 0.09694986 0.06083522 0.07859342 0.01520411 0.02746737 0.07847603 0.05864612 0.04517215 0.01984294 0.02369754 0.006911261 0.022064168 0.026767642 0.02430340 0.033697640 0.02974649 0.014171860 0.04634522 0.027284503 0.022857734 0.008965975 0.027373531 0.014330386 0.007024547 0.021558816 6.908626e-05 0.008539587 0.0021509157 9.175619e-03 0.0098064509 1.689843e-04 1.366312e-03 2.593930e-07 3.760439e-06 5.838888e-07 2.503253e-03
   72    1      1      0    0   125 3.239147e-273 3.796864e-19 1.612834e-02 0.011199673 0.001411905 0.004096035 2.159769e-03 0.013543093 0.03550594 0.06245853 0.08623092 0.04756249 0.04475912 0.03457796 0.02278777 0.05050858 0.03490831 0.04112113 0.01291145 0.041345822 0.072782461 0.036227972 0.04943467 0.011759459 0.02119459 0.036575993 0.04746272 0.012364055 0.033048107 0.012524609 0.016071314 0.020269893 0.003836720 0.009847070 1.915216e-02 0.007284710 0.0009532814 2.445542e-02 0.0012646341 1.783560e-04 9.494845e-05 2.570832e-10 2.751843e-14 2.184424e-10 1.019040e-10
   76    1      1      0    0   125 3.773251e-141 2.498131e-15 8.787605e-04 0.018863240 0.007362047 0.005025388 3.915774e-03 0.010633492 0.01319397 0.10762502 0.08764135 0.04910136 0.05166561 0.04385585 0.05995487 0.03803221 0.05372788 0.03860607 0.02671488 0.055556165 0.029690475 0.011873926 0.02277718 0.016066936 0.03236703 0.011807254 0.02344852 0.013239871 0.005073189 0.035833537 0.003584846 0.018167845 0.032886333 0.029241081 1.491014e-02 0.001135021 0.0016104746 6.036061e-03 0.0003266860 1.542314e-02 4.599718e-05 1.494462e-03 5.036318e-05 3.127473e-17 5.557086e-04
   80    1      1      0    0   125  5.379766e-90 1.994769e-13 1.783954e-02 0.005989057 0.004003248 0.002549441 6.838633e-03 0.013152300 0.03608420 0.05764981 0.07465305 0.06633822 0.03717573 0.03360254 0.02791289 0.04792286 0.01676005 0.01879846 0.03331554 0.062104855 0.005805183 0.025481415 0.06381599 0.027967537 0.03597305 0.018016560 0.01716239 0.020139325 0.044989461 0.009141810 0.048195575 0.026994159 0.038425079 0.005726813 2.402940e-03 0.007148351 0.0030800372 7.563549e-03 0.0091712148 2.217124e-03 1.341491e-04 4.411127e-04 1.224324e-02 5.046701e-03 2.680166e-05
   84    1      1      0    0   125  2.131352e-50 1.123571e-12 3.807516e-03 0.007552530 0.014996392 0.005368833 2.830991e-03 0.015530118 0.02859108 0.04290399 0.09948254 0.04955223 0.06223817 0.01811120 0.06628495 0.07687299 0.05504776 0.03775914 0.03932646 0.072274291 0.024308613 0.007162059 0.02346769 0.030559543 0.02558172 0.019653126 0.03149867 0.014640515 0.019440411 0.026732804 0.012592966 0.004396756 0.011834920 0.014674461 1.224172e-02 0.011894654 0.0090784504 3.545633e-04 0.0000305760 1.323447e-03 1.061878e-06 3.424824e-10 4.386504e-11 3.553545e-08 5.408297e-08
   88    1      1      0    0   125  2.922974e-91 3.562875e-09 4.350929e-03 0.007227587 0.007648839 0.017489729 5.850160e-03 0.018311096 0.05697996 0.07552269 0.09514724 0.03843715 0.03150277 0.03915617 0.03919238 0.04417797 0.07751803 0.01174891 0.02973526 0.018672140 0.021513078 0.010551272 0.03186480 0.008550989 0.05284058 0.036953664 0.02220388 0.026638279 0.034510159 0.020890606 0.036030312 0.014833127 0.004902108 0.010745056 1.963248e-02 0.001243406 0.0048894452 7.593075e-04 0.0002998476 2.273005e-03 1.744907e-02 1.527723e-03 2.221266e-04 2.361733e-15 6.660055e-06
   92    1      1      0    0   125 7.200639e-162 7.355040e-11 9.843956e-05 0.002245895 0.025935121 0.009823832 3.044856e-05 0.026127488 0.03370297 0.10314952 0.07735031 0.04545744 0.02110992 0.03743954 0.04686803 0.01864132 0.03549446 0.06814624 0.04102118 0.016575317 0.080263117 0.015289560 0.03338961 0.027987769 0.02753381 0.045907943 0.02105951 0.016687419 0.027643573 0.020556202 0.006183926 0.018568332 0.005936915 0.002292535 3.594766e-03 0.024205895 0.0035053983 2.835715e-05 0.0063918961 2.008739e-03 4.816733e-06 4.445117e-11 1.045772e-03 1.737268e-08 6.966664e-04
   96    1      1      0    0   125  2.171758e-14 1.405459e-03 4.651040e-04 0.005113598 0.011150868 0.001187947 8.561993e-04 0.023364936 0.03622874 0.04519244 0.08228469 0.07734343 0.02304691 0.02258544 0.03360041 0.02565683 0.03441860 0.05673933 0.05848306 0.034777773 0.030705053 0.022371603 0.03474493 0.044922079 0.01045462 0.054638843 0.01990214 0.046170271 0.004803436 0.028799248 0.015949334 0.019814622 0.030871795 0.015413255 1.122697e-03 0.007026029 0.0132716795 8.033207e-03 0.0046500782 2.572780e-03 8.102818e-03 1.829871e-04 1.538874e-03 1.275386e-33 3.587839e-05
  100    1      1      0    0   125 5.556193e-122 2.819943e-31 1.485264e-03 0.008246753 0.010351267 0.006103436 3.139770e-04 0.035763619 0.02985606 0.04145931 0.09235121 0.05762929 0.03901811 0.05260567 0.04580576 0.06016243 0.04594081 0.02932719 0.06385141 0.021856619 0.038472391 0.034906685 0.02867665 0.019972329 0.03839939 0.048913946 0.02061632 0.019620570 0.016814846 0.022880508 0.014344036 0.027590460 0.003729318 0.007358156 5.633305e-04 0.002289102 0.0046330194 1.863765e-03 0.0024637145 6.142445e-04 3.041412e-03 1.024103e-04 3.629580e-11 2.803738e-48 5.211679e-06
   76    1      2      0    0   500  5.656414e-13 6.793008e-05 1.425157e-02 0.044995777 0.039672927 0.041897546 5.711077e-03 0.026829297 0.04708049 0.05325230 0.05400651 0.04061129 0.03503385 0.02636403 0.03566298 0.03989014 0.04994002 0.03465494 0.03010642 0.024891800 0.024254285 0.025119540 0.04151274 0.028312384 0.02540235 0.022610507 0.03491119 0.023338142 0.030187868 0.012776338 0.020149589 0.013717392 0.007246913 0.020134161 6.261483e-03 0.010703418 0.0032612205 2.302153e-03 0.0018874868 2.885248e-04 2.432651e-05 4.522558e-07 9.444876e-05 3.792550e-04 2.029313e-04
   78    1      2      0    0   500  1.030797e-17 7.897508e-04 2.459213e-02 0.061202348 0.064676325 0.017947557 1.570465e-02 0.033493486 0.04006177 0.04766962 0.05379716 0.03162394 0.03508253 0.02721552 0.03220971 0.04259354 0.05256398 0.04219089 0.02463754 0.031744629 0.034273700 0.030511576 0.02419980 0.029010134 0.01357075 0.021344283 0.02394409 0.028620847 0.009518059 0.016555795 0.019842115 0.012937055 0.007965981 0.013728549 8.492673e-03 0.009509086 0.0069988306 1.311939e-03 0.0043775026 7.381314e-04 5.614907e-04 1.430665e-04 1.936979e-03 1.023115e-04 8.172943e-06
   80    1      2      0    0   500  1.369788e-03 3.843515e-03 1.254635e-02 0.042329292 0.055346533 0.021614685 9.154397e-03 0.024585870 0.04217705 0.06871058 0.05580970 0.04408428 0.02697785 0.04111892 0.04436485 0.02412232 0.03503536 0.03273743 0.05127946 0.032904207 0.019559903 0.036988914 0.02570143 0.033388125 0.02955466 0.020370048 0.02513595 0.018801073 0.017799856 0.020040929 0.010655526 0.007995357 0.013835987 0.005593211 6.065745e-03 0.012847411 0.0120187497 5.979533e-03 0.0006262156 2.935794e-03 1.416398e-03 1.121463e-03 4.087547e-05 9.897413e-08 1.414302e-03
   82    1      2      0    0   500  9.315282e-19 3.792711e-03 2.350065e-02 0.039579108 0.057748049 0.013536457 1.823110e-02 0.018306297 0.05506375 0.06327594 0.04367816 0.04521347 0.03714930 0.04037072 0.04570051 0.03510231 0.03479461 0.02006018 0.03727429 0.024300089 0.037179164 0.032932320 0.02593338 0.028377648 0.02781623 0.030125949 0.01307972 0.019903532 0.020728125 0.022744765 0.014324913 0.010961191 0.018024577 0.014747550 6.395788e-03 0.003480258 0.0012347030 2.377776e-03 0.0049791731 3.026216e-03 2.511366e-04 1.349432e-03 6.740052e-04 9.069634e-08 2.674656e-03
   84    1      2      0    0   500  7.678843e-14 2.596820e-03 3.224254e-02 0.066654556 0.051449866 0.015654115 4.924741e-03 0.022388388 0.04228140 0.07394300 0.06748623 0.03560224 0.02251730 0.02518759 0.02381709 0.03709486 0.04119061 0.03359234 0.02451507 0.045949624 0.034998610 0.029230204 0.01989008 0.033624272 0.02817616 0.012560891 0.01666611 0.015624734 0.015148377 0.038484753 0.021364895 0.017385436 0.008267799 0.008767695 6.461469e-03 0.010211783 0.0026181626 5.038359e-03 0.0037850796 4.977626e-04 1.139029e-03 5.036472e-04 2.546408e-05 8.717157e-06 4.321314e-04
   86    1      2      0    0   500  3.426442e-10 2.184084e-03 1.466793e-02 0.053715408 0.056214113 0.017909187 7.506821e-03 0.030460290 0.04182091 0.04499897 0.04157809 0.05122113 0.04722547 0.04166765 0.03198286 0.03053696 0.04050681 0.02178108 0.03963834 0.027597529 0.043671897 0.025640410 0.02883454 0.038574413 0.01959413 0.035244964 0.01092670 0.024280239 0.021974820 0.018454610 0.018110521 0.009194100 0.014887976 0.009947790 9.392633e-03 0.005068875 0.0044547289 1.587134e-03 0.0051530080 7.465653e-03 1.906859e-03 2.640453e-04 1.240291e-04 8.125234e-04 1.219753e-03
   88    1      2      0    0   500  1.627442e-04 3.660538e-03 1.414798e-02 0.056186298 0.044154443 0.018122690 7.742985e-03 0.019054166 0.03199150 0.04877472 0.05203662 0.05078820 0.04182656 0.03017352 0.01953480 0.04804034 0.05476394 0.02624136 0.03299409 0.050485791 0.024114247 0.029654362 0.01520394 0.024940718 0.02627644 0.027778353 0.01462897 0.037505492 0.019816986 0.017567130 0.013291855 0.015004441 0.016206096 0.027075122 9.340586e-03 0.004928348 0.0126375711 6.900992e-03 0.0024435289 2.014643e-03 3.459614e-04 1.265519e-03 4.747569e-05 4.769269e-07 1.274644e-04
   90    1      2      0    0   500  2.239575e-05 7.685599e-04 2.014965e-02 0.054932258 0.036517446 0.017936565 1.233325e-02 0.019782614 0.03765632 0.04222070 0.04408852 0.04585642 0.02750374 0.03379537 0.04764212 0.03516873 0.02558826 0.03181670 0.03961352 0.033225762 0.023317865 0.027553580 0.02673403 0.056019501 0.02109678 0.027857106 0.03688468 0.023498911 0.014416305 0.019435557 0.018058217 0.016486750 0.028305867 0.010868537 6.382705e-03 0.015110731 0.0083937828 3.483156e-03 0.0045435163 1.050431e-03 6.640131e-04 2.466424e-03 5.065492e-04 2.539714e-05 2.207089e-04
   92    1      2      0    0   500  4.002936e-10 1.024541e-03 1.128122e-02 0.065676359 0.045684206 0.018209064 6.634357e-03 0.028183086 0.04157852 0.07165015 0.07560124 0.03826275 0.01881021 0.02580916 0.04892372 0.04777108 0.04766623 0.03695260 0.03876812 0.030827860 0.033320872 0.023149629 0.02915975 0.016521815 0.01157458 0.018905830 0.01756146 0.024287505 0.027401587 0.025663602 0.007543396 0.013441116 0.013141834 0.006640895 4.737319e-03 0.007120121 0.0055656328 5.278045e-03 0.0043856967 6.778603e-06 2.323314e-03 1.316272e-05 2.039301e-03 8.534820e-04 4.878904e-05
   94    1      2      0    0   500  1.830904e-32 4.936638e-03 1.427936e-02 0.044954071 0.038969930 0.031602721 8.983496e-03 0.021366363 0.04376758 0.07111556 0.07150628 0.04167801 0.03382952 0.03098980 0.02877923 0.02845918 0.03297049 0.02694100 0.03042851 0.031624776 0.025226572 0.024223845 0.01530369 0.022713427 0.04188495 0.035021064 0.02289125 0.020802933 0.027164288 0.016548700 0.025040160 0.011561112 0.011957435 0.018488186 1.371521e-02 0.005224791 0.0047561376 4.149048e-03 0.0058692877 1.381678e-03 5.428581e-04 7.884012e-03 1.670935e-06 3.893301e-04 7.584207e-05
   96    1      2      0    0   500  2.431922e-13 8.257058e-03 1.622577e-02 0.056820758 0.038348865 0.018858075 9.092791e-03 0.017160638 0.05013498 0.06574295 0.04526620 0.03528835 0.02850142 0.04601739 0.04547715 0.04774545 0.03786580 0.02588801 0.03147101 0.023196663 0.048509458 0.020411019 0.02577113 0.039947134 0.02216090 0.027872047 0.04022212 0.033617111 0.011211934 0.013913488 0.009327275 0.011278854 0.007350916 0.003388880 6.227952e-03 0.016834471 0.0046274667 4.054983e-03 0.0016945877 2.805427e-03 9.902122e-05 1.380750e-07 9.320370e-04 1.086646e-04 2.736476e-04
   98    1      2      0    0   500  3.689855e-28 1.308383e-03 1.178816e-02 0.063602582 0.053962306 0.014819864 5.736482e-03 0.028734743 0.05142080 0.05409414 0.05376060 0.03298130 0.04056424 0.01936943 0.02117525 0.03403906 0.04506397 0.03165191 0.04025679 0.028912552 0.034855291 0.033835564 0.02274453 0.025325077 0.01988509 0.023503712 0.01883143 0.021969463 0.022066423 0.016626315 0.029390270 0.013495279 0.019643902 0.012111214 1.173272e-02 0.004798201 0.0047853422 1.568589e-02 0.0026799047 2.577449e-03 2.555100e-03 4.372833e-03 8.761799e-04 3.188021e-04 2.091443e-03
  100    1      2      0    0   500  4.619358e-10 9.026600e-04 1.803941e-02 0.053741037 0.046438885 0.018819807 1.016147e-02 0.022305720 0.03711400 0.05671643 0.06032644 0.03617443 0.02077278 0.05387332 0.05048787 0.04399715 0.02570734 0.02668079 0.03349943 0.041583077 0.030194125 0.030069436 0.04660200 0.033092650 0.01684438 0.017564200 0.01553477 0.023776504 0.025708301 0.022865153 0.019159122 0.005522546 0.015386060 0.011779880 5.852513e-03 0.004051587 0.0039998088 8.136694e-03 0.0024935285 1.362575e-03 6.565901e-04 1.541941e-03 7.559930e-05 3.880019e-04 6.360410e-10
15 #_N_agebins
#_agebin_vector
1 2 3 4 5 6 7 8 9 10 11 12 13 14 15
1 #_N_ageerror_definitions
 #_age0   age1   age2   age3   age4   age5   age6   age7   age8   age9  age10  age11  age12  age13  age14  age15  age16  age17  age18  age19  age20  age21  age22  age23  age24  age25
 -1.000 -1.000 -1.000 -1.000 -1.000 -1.000 -1.000 -1.000 -1.000 -1.000 -1.000 -1.000 -1.000 -1.000 -1.000 -1.000 -1.000 -1.000 -1.000 -1.000 -1.000 -1.000 -1.000 -1.000 -1.000 -1.000
  0.001  0.001  0.001  0.001  0.001  0.001  0.001  0.001  0.001  0.001  0.001  0.001  0.001  0.001  0.001  0.001  0.001  0.001  0.001  0.001  0.001  0.001  0.001  0.001  0.001  0.001
87 #_N_agecomp
1 #_Lbin_method: 1=poplenbins; 2=datalenbins; 3=lengths
-1 #_combine males into females at or below this bin number
 #_Yr Seas FltSvy Gender Part Ageerr Lbin_lo Lbin_hi Nsamp          a1        a2        a3         a4         a5         a6         a7         a8          a9         a10          a11          a12         a13          a14         a15
   26    1      1      0    0      1      -1      -1   125  0.03136200 0.1836748 0.1585258 0.13368832 0.10250698 0.11959650 0.07229951 0.04653770 0.034458875 0.024060662 0.0108884820 0.0142088450 0.005452959 6.588214e-03 0.056150286
   36    1      1      0    0      1      -1      -1   125  0.07791586 0.2919217 0.1746549 0.07231581 0.07561434 0.07361494 0.04980911 0.03341055 0.029371210 0.023483769 0.0129753788 0.0106632430 0.014545418 1.836310e-02 0.041340724
   46    1      1      0    0      1      -1      -1   125  0.03461223 0.2087561 0.2015303 0.13932827 0.12031894 0.10340324 0.03489170 0.03967701 0.051142051 0.005901295 0.0231736323 0.0035139049 0.002563774 9.934738e-05 0.031088223
   56    1      1      0    0      1      -1      -1   125  0.05696008 0.2294608 0.2146826 0.13283307 0.08534122 0.11204323 0.03754767 0.02785175 0.038017653 0.023206556 0.0104572360 0.0121582536 0.006984636 2.661633e-03 0.009793663
   60    1      1      0    0      1      -1      -1   125  0.02718410 0.2212925 0.2551057 0.17676657 0.09666114 0.05950392 0.06942821 0.02918388 0.035518199 0.017981168 0.0008810053 0.0040076757 0.001085666 2.109149e-03 0.003291093
   64    1      1      0    0      1      -1      -1   125  0.03625108 0.2215265 0.2016268 0.12464505 0.09057004 0.09081448 0.08881255 0.01447903 0.028620005 0.034109697 0.0123184869 0.0092167361 0.008849795 1.362833e-02 0.024531443
   68    1      1      0    0      1      -1      -1   125  0.01609588 0.2748585 0.1674446 0.17057332 0.09475786 0.09529988 0.08364483 0.02274549 0.022022908 0.020400343 0.0034385166 0.0004296242 0.003091790 1.611811e-02 0.009078337
   72    1      1      0    0      1      -1      -1   125  0.03110005 0.2529995 0.3131212 0.08836320 0.09932557 0.05096109 0.04572849 0.05076104 0.019925631 0.016315060 0.0116729815 0.0068873572 0.001261325 6.353388e-03 0.005224154
   76    1      1      0    0      1      -1      -1   125  0.04079760 0.3060709 0.1466496 0.15445053 0.08546580 0.06889329 0.06676902 0.01801928 0.019536059 0.060246587 0.0093716631 0.0025206142 0.002143194 4.392738e-03 0.014673112
   80    1      1      0    0      1      -1      -1   125  0.02011202 0.1420989 0.2560591 0.11560195 0.15348130 0.10677167 0.07672628 0.02150482 0.027929816 0.035559675 0.0131630982 0.0152238890 0.006583305 9.367703e-04 0.008247400
   84    1      1      0    0      1      -1      -1   125  0.02709594 0.2751546 0.1265659 0.17000820 0.13441046 0.07810090 0.04381431 0.04383016 0.034658544 0.037055809 0.0055049980 0.0126924020 0.003897526 3.357183e-03 0.003853113
   88    1      1      0    0      1      -1      -1   125  0.01374096 0.2124780 0.1320848 0.13714235 0.17627857 0.05316716 0.05686864 0.05254819 0.027009497 0.040755361 0.0344347099 0.0277076564 0.007403421 1.095357e-02 0.017427140
   92    1      1      0    0      1      -1      -1   125  0.03875100 0.2259739 0.2605665 0.13827091 0.12716685 0.05334140 0.04083911 0.05876153 0.004987966 0.011130431 0.0258565937 0.0082835595 0.002050067 1.873535e-03 0.002146719
   96    1      1      0    0      1      -1      -1   125  0.03816316 0.2812761 0.2141160 0.10796794 0.06375636 0.06299482 0.02789129 0.06733022 0.029160638 0.031888696 0.0262833102 0.0188460410 0.006580746 6.198980e-03 0.017545722
  100    1      1      0    0      1      -1      -1   125  0.03943870 0.3044450 0.1602311 0.12052722 0.07620323 0.08098677 0.04471768 0.03320059 0.039939856 0.062826051 0.0024330252 0.0112162647 0.007919111 7.833660e-03 0.008081741
   76    1      2      0    0      1      -1      -1   500  0.13030578 0.2430529 0.1640524 0.10075845 0.11627407 0.05923827 0.05076711 0.03564845 0.023788883 0.021897769 0.0105671897 0.0114281844 0.007842546 3.778243e-03 0.020599685
   78    1      2      0    0      1      -1      -1   500  0.15713807 0.2192676 0.1475716 0.12830581 0.08113635 0.06794253 0.07412442 0.02644029 0.025945005 0.016505538 0.0106384273 0.0123466548 0.007900177 1.665949e-03 0.023071518
   80    1      2      0    0      1      -1      -1   500  0.13409204 0.2328320 0.1847883 0.12421833 0.09951615 0.05157881 0.04290962 0.03957376 0.021275621 0.013243021 0.0093468539 0.0128850767 0.016080812 5.282081e-03 0.012377607
   82    1      2      0    0      1      -1      -1   500  0.13741044 0.2016884 0.1995428 0.13038713 0.10117491 0.05444722 0.03210386 0.04170417 0.025111393 0.011448195 0.0199409695 0.0060228130 0.006314984 5.002055e-03 0.027700674
   84    1      2      0    0      1      -1      -1   500  0.12822626 0.2797873 0.1544853 0.12073798 0.09726042 0.04783823 0.04718657 0.03770299 0.026986181 0.014129009 0.0147177878 0.0078283382 0.009746492 3.622360e-03 0.009744767
   86    1      2      0    0      1      -1      -1   500  0.11818144 0.2141216 0.1803689 0.16208776 0.06618427 0.06889188 0.05091594 0.05116268 0.033542891 0.016482122 0.0093292309 0.0085893212 0.003340807 1.891909e-03 0.014909225
   88    1      2      0    0      1      -1      -1   500  0.12617446 0.2435436 0.1630718 0.11666754 0.11064589 0.06899251 0.03376790 0.03535729 0.023996532 0.020381639 0.0189167965 0.0073532883 0.003658285 4.466351e-03 0.023006202
   90    1      2      0    0      1      -1      -1   500  0.13274351 0.2163092 0.1994104 0.14112133 0.08326596 0.06677641 0.05548440 0.02926132 0.012407354 0.022943149 0.0072020979 0.0053986370 0.006507807 5.794343e-03 0.015374037
   92    1      2      0    0      1      -1      -1   500  0.13767866 0.1982951 0.1666278 0.14602493 0.10542687 0.07453731 0.04793041 0.03437881 0.038157374 0.017769906 0.0046015774 0.0094423594 0.006282189 2.527552e-03 0.010319068
   94    1      2      0    0      1      -1      -1   500  0.12819463 0.2453535 0.1595403 0.09534762 0.08428393 0.07583701 0.07524532 0.02173248 0.027026303 0.027568251 0.0171400151 0.0164716621 0.006118125 2.278024e-03 0.017862780
   96    1      2      0    0      1      -1      -1   500  0.14836388 0.2106480 0.1827401 0.12125428 0.08934607 0.07036912 0.05717937 0.03307840 0.029584011 0.020713009 0.0093078184 0.0096971726 0.003189524 5.892216e-03 0.008637091
   98    1      2      0    0      1      -1      -1   500  0.15998736 0.2366456 0.1879321 0.10394063 0.07040370 0.07015194 0.03633297 0.02479644 0.030156197 0.013687619 0.0226125399 0.0145401403 0.007044664 3.197033e-03 0.018571080
  100    1      2      0    0      1      -1      -1   500  0.15655199 0.2165958 0.1663229 0.14353523 0.06969395 0.05550339 0.05328281 0.04187157 0.014376291 0.031774770 0.0133164995 0.0126570345 0.004026285 8.467753e-03 0.012023696
   60    1      1      0    0      1       3       3     1  1.00000000 0.0000000 0.0000000 0.00000000 0.00000000 0.00000000 0.00000000 0.00000000 0.000000000 0.000000000 0.0000000000 0.0000000000 0.000000000 0.000000e+00 0.000000000
   60    1      1      0    0      1       6       6     3  3.00000000 0.0000000 0.0000000 0.00000000 0.00000000 0.00000000 0.00000000 0.00000000 0.000000000 0.000000000 0.0000000000 0.0000000000 0.000000000 0.000000e+00 0.000000000
   60    1      1      0    0      1       8       8     3  3.00000000 0.0000000 0.0000000 0.00000000 0.00000000 0.00000000 0.00000000 0.00000000 0.000000000 0.000000000 0.0000000000 0.0000000000 0.000000000 0.000000e+00 0.000000000
   60    1      1      0    0      1       9       9     4  4.00000000 0.0000000 0.0000000 0.00000000 0.00000000 0.00000000 0.00000000 0.00000000 0.000000000 0.000000000 0.0000000000 0.0000000000 0.000000000 0.000000e+00 0.000000000
   60    1      1      0    0      1      10      10     6  6.00000000 0.0000000 0.0000000 0.00000000 0.00000000 0.00000000 0.00000000 0.00000000 0.000000000 0.000000000 0.0000000000 0.0000000000 0.000000000 0.000000e+00 0.000000000
   60    1      1      0    0      1      11      11    11 11.00000000 0.0000000 0.0000000 0.00000000 0.00000000 0.00000000 0.00000000 0.00000000 0.000000000 0.000000000 0.0000000000 0.0000000000 0.000000000 0.000000e+00 0.000000000
   60    1      1      0    0      1      12      12     5  5.00000000 0.0000000 0.0000000 0.00000000 0.00000000 0.00000000 0.00000000 0.00000000 0.000000000 0.000000000 0.0000000000 0.0000000000 0.000000000 0.000000e+00 0.000000000
   60    1      1      0    0      1      13      13     7  7.00000000 0.0000000 0.0000000 0.00000000 0.00000000 0.00000000 0.00000000 0.00000000 0.000000000 0.000000000 0.0000000000 0.0000000000 0.000000000 0.000000e+00 0.000000000
   60    1      1      0    0      1      14      14     2  2.00000000 0.0000000 0.0000000 0.00000000 0.00000000 0.00000000 0.00000000 0.00000000 0.000000000 0.000000000 0.0000000000 0.0000000000 0.000000000 0.000000e+00 0.000000000
   60    1      1      0    0      1      15      15     3  3.00000000 0.0000000 0.0000000 0.00000000 0.00000000 0.00000000 0.00000000 0.00000000 0.000000000 0.000000000 0.0000000000 0.0000000000 0.000000000 0.000000e+00 0.000000000
   60    1      1      0    0      1      16      16     2  2.00000000 0.0000000 0.0000000 0.00000000 0.00000000 0.00000000 0.00000000 0.00000000 0.000000000 0.000000000 0.0000000000 0.0000000000 0.000000000 0.000000e+00 0.000000000
   60    1      1      0    0      1      17      17     6  6.00000000 0.0000000 0.0000000 0.00000000 0.00000000 0.00000000 0.00000000 0.00000000 0.000000000 0.000000000 0.0000000000 0.0000000000 0.000000000 0.000000e+00 0.000000000
   60    1      1      0    0      1      19      19     3  3.00000000 0.0000000 0.0000000 0.00000000 0.00000000 0.00000000 0.00000000 0.00000000 0.000000000 0.000000000 0.0000000000 0.0000000000 0.000000000 0.000000e+00 0.000000000
   60    1      1      0    0      1      20      20     4  4.00000000 0.0000000 0.0000000 0.00000000 0.00000000 0.00000000 0.00000000 0.00000000 0.000000000 0.000000000 0.0000000000 0.0000000000 0.000000000 0.000000e+00 0.000000000
   60    1      1      0    0      1      21      21     2  2.00000000 0.0000000 0.0000000 0.00000000 0.00000000 0.00000000 0.00000000 0.00000000 0.000000000 0.000000000 0.0000000000 0.0000000000 0.000000000 0.000000e+00 0.000000000
   60    1      1      0    0      1      22      22     2  2.00000000 0.0000000 0.0000000 0.00000000 0.00000000 0.00000000 0.00000000 0.00000000 0.000000000 0.000000000 0.0000000000 0.0000000000 0.000000000 0.000000e+00 0.000000000
   60    1      1      0    0      1      23      23     3  3.00000000 0.0000000 0.0000000 0.00000000 0.00000000 0.00000000 0.00000000 0.00000000 0.000000000 0.000000000 0.0000000000 0.0000000000 0.000000000 0.000000e+00 0.000000000
   60    1      1      0    0      1      24      24     3  3.00000000 0.0000000 0.0000000 0.00000000 0.00000000 0.00000000 0.00000000 0.00000000 0.000000000 0.000000000 0.0000000000 0.0000000000 0.000000000 0.000000e+00 0.000000000
   60    1      1      0    0      1      25      25     3  3.00000000 0.0000000 0.0000000 0.00000000 0.00000000 0.00000000 0.00000000 0.00000000 0.000000000 0.000000000 0.0000000000 0.0000000000 0.000000000 0.000000e+00 0.000000000
   60    1      1      0    0      1      26      26     1  1.00000000 0.0000000 0.0000000 0.00000000 0.00000000 0.00000000 0.00000000 0.00000000 0.000000000 0.000000000 0.0000000000 0.0000000000 0.000000000 0.000000e+00 0.000000000
   60    1      1      0    0      1      27      27     5  3.00000000 2.0000000 0.0000000 0.00000000 0.00000000 0.00000000 0.00000000 0.00000000 0.000000000 0.000000000 0.0000000000 0.0000000000 0.000000000 0.000000e+00 0.000000000
   60    1      1      0    0      1      28      28     6  5.00000000 1.0000000 0.0000000 0.00000000 0.00000000 0.00000000 0.00000000 0.00000000 0.000000000 0.000000000 0.0000000000 0.0000000000 0.000000000 0.000000e+00 0.000000000
   60    1      1      0    0      1      29      29     1  0.00000000 1.0000000 0.0000000 0.00000000 0.00000000 0.00000000 0.00000000 0.00000000 0.000000000 0.000000000 0.0000000000 0.0000000000 0.000000000 0.000000e+00 0.000000000
   60    1      1      0    0      1      30      30     2  1.00000000 1.0000000 0.0000000 0.00000000 0.00000000 0.00000000 0.00000000 0.00000000 0.000000000 0.000000000 0.0000000000 0.0000000000 0.000000000 0.000000e+00 0.000000000
   60    1      1      0    0      1      31      31     1  0.00000000 1.0000000 0.0000000 0.00000000 0.00000000 0.00000000 0.00000000 0.00000000 0.000000000 0.000000000 0.0000000000 0.0000000000 0.000000000 0.000000e+00 0.000000000
   60    1      1      0    0      1      32      32     3  0.00000000 3.0000000 0.0000000 0.00000000 0.00000000 0.00000000 0.00000000 0.00000000 0.000000000 0.000000000 0.0000000000 0.0000000000 0.000000000 0.000000e+00 0.000000000
   60    1      1      0    0      1      33      33     2  0.00000000 2.0000000 0.0000000 0.00000000 0.00000000 0.00000000 0.00000000 0.00000000 0.000000000 0.000000000 0.0000000000 0.0000000000 0.000000000 0.000000e+00 0.000000000
   60    1      1      0    0      1      34      34     1  0.00000000 1.0000000 0.0000000 0.00000000 0.00000000 0.00000000 0.00000000 0.00000000 0.000000000 0.000000000 0.0000000000 0.0000000000 0.000000000 0.000000e+00 0.000000000
   60    1      1      0    0      1      35      35     1  0.00000000 1.0000000 0.0000000 0.00000000 0.00000000 0.00000000 0.00000000 0.00000000 0.000000000 0.000000000 0.0000000000 0.0000000000 0.000000000 0.000000e+00 0.000000000
   60    1      1      0    0      1      38      38     2  0.00000000 2.0000000 0.0000000 0.00000000 0.00000000 0.00000000 0.00000000 0.00000000 0.000000000 0.000000000 0.0000000000 0.0000000000 0.000000000 0.000000e+00 0.000000000
   60    1      1      0    0      1      39      39     1  0.00000000 1.0000000 0.0000000 0.00000000 0.00000000 0.00000000 0.00000000 0.00000000 0.000000000 0.000000000 0.0000000000 0.0000000000 0.000000000 0.000000e+00 0.000000000
   60    1      1      0    0      1      41      41     1  0.00000000 1.0000000 0.0000000 0.00000000 0.00000000 0.00000000 0.00000000 0.00000000 0.000000000 0.000000000 0.0000000000 0.0000000000 0.000000000 0.000000e+00 0.000000000
  100    1      1      0    0      1       8       8     3  3.00000000 0.0000000 0.0000000 0.00000000 0.00000000 0.00000000 0.00000000 0.00000000 0.000000000 0.000000000 0.0000000000 0.0000000000 0.000000000 0.000000e+00 0.000000000
  100    1      1      0    0      1       9       9     4  4.00000000 0.0000000 0.0000000 0.00000000 0.00000000 0.00000000 0.00000000 0.00000000 0.000000000 0.000000000 0.0000000000 0.0000000000 0.000000000 0.000000e+00 0.000000000
  100    1      1      0    0      1      10      10     4  4.00000000 0.0000000 0.0000000 0.00000000 0.00000000 0.00000000 0.00000000 0.00000000 0.000000000 0.000000000 0.0000000000 0.0000000000 0.000000000 0.000000e+00 0.000000000
  100    1      1      0    0      1      11      11    12 12.00000000 0.0000000 0.0000000 0.00000000 0.00000000 0.00000000 0.00000000 0.00000000 0.000000000 0.000000000 0.0000000000 0.0000000000 0.000000000 0.000000e+00 0.000000000
  100    1      1      0    0      1      12      12     5  5.00000000 0.0000000 0.0000000 0.00000000 0.00000000 0.00000000 0.00000000 0.00000000 0.000000000 0.000000000 0.0000000000 0.0000000000 0.000000000 0.000000e+00 0.000000000
  100    1      1      0    0      1      13      13     6  6.00000000 0.0000000 0.0000000 0.00000000 0.00000000 0.00000000 0.00000000 0.00000000 0.000000000 0.000000000 0.0000000000 0.0000000000 0.000000000 0.000000e+00 0.000000000
  100    1      1      0    0      1      14      14     7  7.00000000 0.0000000 0.0000000 0.00000000 0.00000000 0.00000000 0.00000000 0.00000000 0.000000000 0.000000000 0.0000000000 0.0000000000 0.000000000 0.000000e+00 0.000000000
  100    1      1      0    0      1      15      15     5  5.00000000 0.0000000 0.0000000 0.00000000 0.00000000 0.00000000 0.00000000 0.00000000 0.000000000 0.000000000 0.0000000000 0.0000000000 0.000000000 0.000000e+00 0.000000000
  100    1      1      0    0      1      16      16     6  6.00000000 0.0000000 0.0000000 0.00000000 0.00000000 0.00000000 0.00000000 0.00000000 0.000000000 0.000000000 0.0000000000 0.0000000000 0.000000000 0.000000e+00 0.000000000
  100    1      1      0    0      1      17      17     2  2.00000000 0.0000000 0.0000000 0.00000000 0.00000000 0.00000000 0.00000000 0.00000000 0.000000000 0.000000000 0.0000000000 0.0000000000 0.000000000 0.000000e+00 0.000000000
  100    1      1      0    0      1      18      18     3  3.00000000 0.0000000 0.0000000 0.00000000 0.00000000 0.00000000 0.00000000 0.00000000 0.000000000 0.000000000 0.0000000000 0.0000000000 0.000000000 0.000000e+00 0.000000000
  100    1      1      0    0      1      19      19     5  5.00000000 0.0000000 0.0000000 0.00000000 0.00000000 0.00000000 0.00000000 0.00000000 0.000000000 0.000000000 0.0000000000 0.0000000000 0.000000000 0.000000e+00 0.000000000
  100    1      1      0    0      1      20      20     2  2.00000000 0.0000000 0.0000000 0.00000000 0.00000000 0.00000000 0.00000000 0.00000000 0.000000000 0.000000000 0.0000000000 0.0000000000 0.000000000 0.000000e+00 0.000000000
  100    1      1      0    0      1      21      21     3  3.00000000 0.0000000 0.0000000 0.00000000 0.00000000 0.00000000 0.00000000 0.00000000 0.000000000 0.000000000 0.0000000000 0.0000000000 0.000000000 0.000000e+00 0.000000000
  100    1      1      0    0      1      22      22     2  2.00000000 0.0000000 0.0000000 0.00000000 0.00000000 0.00000000 0.00000000 0.00000000 0.000000000 0.000000000 0.0000000000 0.0000000000 0.000000000 0.000000e+00 0.000000000
  100    1      1      0    0      1      23      23     4  4.00000000 0.0000000 0.0000000 0.00000000 0.00000000 0.00000000 0.00000000 0.00000000 0.000000000 0.000000000 0.0000000000 0.0000000000 0.000000000 0.000000e+00 0.000000000
  100    1      1      0    0      1      24      24     1  1.00000000 0.0000000 0.0000000 0.00000000 0.00000000 0.00000000 0.00000000 0.00000000 0.000000000 0.000000000 0.0000000000 0.0000000000 0.000000000 0.000000e+00 0.000000000
  100    1      1      0    0      1      25      25     5  5.00000000 0.0000000 0.0000000 0.00000000 0.00000000 0.00000000 0.00000000 0.00000000 0.000000000 0.000000000 0.0000000000 0.0000000000 0.000000000 0.000000e+00 0.000000000
  100    1      1      0    0      1      26      26     4  4.00000000 0.0000000 0.0000000 0.00000000 0.00000000 0.00000000 0.00000000 0.00000000 0.000000000 0.000000000 0.0000000000 0.0000000000 0.000000000 0.000000e+00 0.000000000
  100    1      1      0    0      1      27      27     2  2.00000000 0.0000000 0.0000000 0.00000000 0.00000000 0.00000000 0.00000000 0.00000000 0.000000000 0.000000000 0.0000000000 0.0000000000 0.000000000 0.000000e+00 0.000000000
  100    1      1      0    0      1      28      28     2  2.00000000 0.0000000 0.0000000 0.00000000 0.00000000 0.00000000 0.00000000 0.00000000 0.000000000 0.000000000 0.0000000000 0.0000000000 0.000000000 0.000000e+00 0.000000000
  100    1      1      0    0      1      29      29     1  1.00000000 0.0000000 0.0000000 0.00000000 0.00000000 0.00000000 0.00000000 0.00000000 0.000000000 0.000000000 0.0000000000 0.0000000000 0.000000000 0.000000e+00 0.000000000
  100    1      1      0    0      1      30      30     2  0.00000000 2.0000000 0.0000000 0.00000000 0.00000000 0.00000000 0.00000000 0.00000000 0.000000000 0.000000000 0.0000000000 0.0000000000 0.000000000 0.000000e+00 0.000000000
  100    1      1      0    0      1      31      31     3  0.00000000 3.0000000 0.0000000 0.00000000 0.00000000 0.00000000 0.00000000 0.00000000 0.000000000 0.000000000 0.0000000000 0.0000000000 0.000000000 0.000000e+00 0.000000000
  100    1      1      0    0      1      32      32     5  0.00000000 5.0000000 0.0000000 0.00000000 0.00000000 0.00000000 0.00000000 0.00000000 0.000000000 0.000000000 0.0000000000 0.0000000000 0.000000000 0.000000e+00 0.000000000
  100    1      1      0    0      1      33      33     1  0.00000000 1.0000000 0.0000000 0.00000000 0.00000000 0.00000000 0.00000000 0.00000000 0.000000000 0.000000000 0.0000000000 0.0000000000 0.000000000 0.000000e+00 0.000000000
  100    1      1      0    0      1      37      37     1  0.00000000 1.0000000 0.0000000 0.00000000 0.00000000 0.00000000 0.00000000 0.00000000 0.000000000 0.000000000 0.0000000000 0.0000000000 0.000000000 0.000000e+00 0.000000000
0 #_N_MeanSize_at_Age_obs
0 #_N_environ_variables
0 #_N_environ_obs
0 #_N_sizefreq_methods
0 #_do_tags
0 #_morphcomp_data
#
999
