#C data file created using the SS_writedat function in the R package r4ss
#C should work with SS version: 
#C file write time: 2015-02-11 18:39:07
#
1 #_styr
100 #_endyr
1 #_nseas
12 #_months_per_seas
1 #_spawn_seas
1 #_Nfleet
2 #_Nsurveys
1 #_N_areas
Fishery%Survey%CPUE #_fleetnames
0.5 0.5 0.5 #_surveytiming_in_season
1 1 1 #_area_assignments_for_each_fishery_and_survey
1 #_units of catch:  1=bio; 2=num
0.01 #_se of log(catch) only used for init_eq_catch and for Fmethod 2 and 3
1 #_Ngenders
25 #_Nages
0 #_init_equil_catch_for_each_fishery
100 #_N_lines_of_catch_to_read
 #_Fishery year seas
         0    1    1
         0    2    1
         0    3    1
         0    4    1
         0    5    1
         0    6    1
         0    7    1
         0    8    1
         0    9    1
         0   10    1
         0   11    1
         0   12    1
         0   13    1
         0   14    1
         0   15    1
         0   16    1
         0   17    1
         0   18    1
         0   19    1
         0   20    1
         0   21    1
         0   22    1
         0   23    1
         0   24    1
         0   25    1
 444646000   26    1
 397608000   27    1
 357583000   28    1
 324161000   29    1
 296656000   30    1
 274240000   31    1
 256057000   32    1
 241314000   33    1
 229322000   34    1
 219511000   35    1
 211426000   36    1
 204710000   37    1
 199088000   38    1
 194347000   39    1
 190324000   40    1
 186891000   41    1
 183948000   42    1
 181416000   43    1
 179230000   44    1
 177337000   45    1
 175694000   46    1
 174266000   47    1
 173022000   48    1
 171937000   49    1
 170990000   50    1
 170161000   51    1
 169436000   52    1
 168801000   53    1
 168243000   54    1
 167755000   55    1
 167325000   56    1
 166948000   57    1
 166617000   58    1
 166326000   59    1
 166070000   60    1
 165844000   61    1
 165646000   62    1
 165471000   63    1
 165317000   64    1
 165182000   65    1
 165063000   66    1
 164958000   67    1
 164865000   68    1
 164784000   69    1
 164712000   70    1
 164649000   71    1
 164593000   72    1
 164544000   73    1
 164500000   74    1
 164462000   75    1
 164429000   76    1
 164399000   77    1
 164373000   78    1
 164350000   79    1
 164329000   80    1
 164311000   81    1
 164296000   82    1
 164282000   83    1
 164269000   84    1
 164258000   85    1
 164249000   86    1
 164240000   87    1
 164233000   88    1
 164227000   89    1
 164221000   90    1
 164216000   91    1
 164211000   92    1
 164207000   93    1
 164204000   94    1
 164201000   95    1
 164198000   96    1
 164195000   97    1
 164193000   98    1
 164192000   99    1
 164190000  100    1
13 #_N_cpue
 #_Fleet Units Errtype
       1     1       0
       2     1       0
       3     1       0
 #_year seas index        obs se_log
     76    1     2 1638626726    0.2
     78    1     2 1674819143    0.2
     80    1     2 1709336640    0.2
     82    1     2 1379265118    0.2
     84    1     2 2154151631    0.2
     86    1     2 2471650652    0.2
     88    1     2 1394502377    0.2
     90    1     2 1182659540    0.2
     92    1     2 1144461712    0.2
     94    1     2 1491232424    0.2
     96    1     2 1526416634    0.2
     98    1     2 1450176932    0.2
    100    1     2 1607665569    0.2
0 #_N_discard_fleets
#_discard_units (1=same_as_catchunits(bio/num); 2=fraction; 3=numbers)
#_discard_errtype:  >0 for DF of T-dist(read CV below); 0 for normal with CV; -1 for normal with se; -2 for lognormal
0 #_N_discard
0 #_N_meanbodywt
1 #_DF_for_meanbodywt_T-distribution_like
2 # length bin method: 1=use databins; 2=generate from binwidth,min,max below; 3=read vector
1 # binwidth for population size comp
10 # minimum size in the population (lower edge of first bin and size at age 0.00)
200 # maximum size in the population (lower edge of last bin)
-0.001 #_comp_tail_compression
1e-05 #_add_to_comp
0 #_combine males into females at or below this bin number
45 #_N_lbins
#_lbin_vector
20 23 26 29 32 35 38 41 44 47 50 53 56 59 62 65 68 71 74 77 80 83 86 89 92 95 98 101 104 107 110 113 116 119 122 125 128 131 134 137 140 143 146 149 152
28 #_N_Length_comp_observations
 #_Yr Seas FltSvy Gender Part Nsamp           l20          l23          l26         l29          l32          l35         l38         l41        l44        l47        l50        l53        l56        l59        l62        l65        l68         l71        l74        l77        l80        l83         l86        l89         l92        l95         l98        l101        l104        l107        l110        l113        l116        l119        l122         l125         l128         l131         l134         l137         l140         l143         l146         l149         l152
   26    1      1      0    0   125  0.000000e+00 4.415281e-14 1.944856e-07 0.011052465 0.0033025470 4.201140e-03 0.002121584 0.015412563 0.01280147 0.03143148 0.02738530 0.05219804 0.05391678 0.02306455 0.01272031 0.03465497 0.03033787 0.035698520 0.03590600 0.02264385 0.02428717 0.04057784 0.016668491 0.01106119 0.021032498 0.01133560 0.014523046 0.056006963 0.046194053 0.014422501 0.013335616 0.019821532 0.025926546 0.059541296 0.040603223 0.0346512540 0.0162571473 6.885165e-02 1.547813e-03 0.0065433090 1.198447e-02 1.430067e-02 6.330928e-06 2.082415e-02 8.460343e-04
   36    1      1      0    0   125  2.574439e-83 4.953361e-10 6.578858e-04 0.001342381 0.0049830482 3.365493e-03 0.019779673 0.020859421 0.03128408 0.06259286 0.10150428 0.03163487 0.04870836 0.02007791 0.04185242 0.04230069 0.05788228 0.037801390 0.03137330 0.03700681 0.03983677 0.01184566 0.100963216 0.02284361 0.031795061 0.02353324 0.010042364 0.019493345 0.017397758 0.011496065 0.035209448 0.004692016 0.009319574 0.016151376 0.003915415 0.0170068022 0.0100154453 2.056184e-03 6.482078e-05 0.0049156193 2.855910e-03 8.981500e-03 3.454730e-06 1.637305e-05 5.418113e-04
   46    1      1      0    0   125  2.849760e-41 2.385752e-02 6.771915e-03 0.005686768 0.0009181193 9.363825e-03 0.012145608 0.030038845 0.03306058 0.03817851 0.06405369 0.02670445 0.01684863 0.02541601 0.03425104 0.02507849 0.06398075 0.032075596 0.04507633 0.03033025 0.02315260 0.02755193 0.030028279 0.10155474 0.030115168 0.02960782 0.026199738 0.025639562 0.027208844 0.037110875 0.021938366 0.035090453 0.020493564 0.006662244 0.015405372 0.0054093658 0.0014152522 3.126162e-04 9.077304e-03 0.0003791433 1.782379e-03 2.514768e-05 2.326309e-06 3.744915e-14 6.669051e-14
   56    1      1      0    0   125  8.068438e-61 7.639461e-04 2.217682e-05 0.005487184 0.0065055392 3.499058e-02 0.011914376 0.024453661 0.03356650 0.05341933 0.06798893 0.07492525 0.01974864 0.04354573 0.05487599 0.06679296 0.05622692 0.016979681 0.02062623 0.01761366 0.03002487 0.02796294 0.053928741 0.03191481 0.028835668 0.02476998 0.028634176 0.007423675 0.028748446 0.028762982 0.019667482 0.006545383 0.033203885 0.002768380 0.009050278 0.0007614421 0.0016706486 9.873583e-03 1.021891e-02 0.0007187691 4.110806e-04 3.356565e-03 1.467407e-17 1.011036e-04 1.989137e-04
   60    1      1      0    0   125  9.876154e-62 8.551007e-06 1.369572e-05 0.005191199 0.0038364091 2.244821e-03 0.006859419 0.011792570 0.02815956 0.04074425 0.10728492 0.06333816 0.02796924 0.02038021 0.02990428 0.04101454 0.04771272 0.050497451 0.03553333 0.01998605 0.03116622 0.02270901 0.043698212 0.04878307 0.013170142 0.05172671 0.022348131 0.009226535 0.069873006 0.034402247 0.030976511 0.006661620 0.020808873 0.010650529 0.017179133 0.0109206622 0.0089083490 4.066993e-04 1.235893e-03 0.0025755493 4.682326e-05 3.332765e-05 3.157807e-09 1.240825e-06 2.013655e-05
   64    1      1      0    0   125 1.966135e-218 1.321099e-04 1.899710e-03 0.012721047 0.0148200187 2.395056e-02 0.008203967 0.037762534 0.07165187 0.05320212 0.07824812 0.04636537 0.01720139 0.03120684 0.02006463 0.03954066 0.04245349 0.069074852 0.02493357 0.01462479 0.01899999 0.03848092 0.018609428 0.05916605 0.024328783 0.02022540 0.002642809 0.032593758 0.014496086 0.020696514 0.054408291 0.003545954 0.046095848 0.005197583 0.003846297 0.0109581517 0.0047808297 1.035125e-05 4.246602e-03 0.0004756142 1.299322e-03 2.222547e-03 4.615217e-03 1.836100e-15 5.972086e-20
   68    1      1      0    0   125  1.882306e-76 9.418001e-27 6.590929e-03 0.013718002 0.0071118209 7.309343e-03 0.000927083 0.030441550 0.05192158 0.03953571 0.05785552 0.07207113 0.04965727 0.05736315 0.04316813 0.04566677 0.04228393 0.009283364 0.02640915 0.01523982 0.01376030 0.01532104 0.016350036 0.03099994 0.040760473 0.05362643 0.024750317 0.021039547 0.009774833 0.035036791 0.028161184 0.024886990 0.003516322 0.009688832 0.015987748 0.0225542632 0.0037571928 8.834847e-03 4.388773e-03 0.0056237712 2.900062e-02 5.624988e-03 2.114875e-09 5.166303e-07 1.638202e-09
   72    1      1      0    0   125  0.000000e+00 3.895057e-14 2.733020e-05 0.003669534 0.0061864138 4.566527e-03 0.003547567 0.005583341 0.06488556 0.05399207 0.07269679 0.03090572 0.05386515 0.01836220 0.05315008 0.04357190 0.02992301 0.032730602 0.03754052 0.04925376 0.02480837 0.05181868 0.019862982 0.02825819 0.029311033 0.02719719 0.029079929 0.047659321 0.017915182 0.032827369 0.005981274 0.030919545 0.011128799 0.019030724 0.011539415 0.0125473879 0.0009035909 1.806248e-03 1.393022e-02 0.0056603550 6.060354e-03 5.532390e-03 1.426535e-06 2.922562e-12 1.761946e-03
   76    1      1      0    0   125  4.300770e-54 1.820499e-09 1.444167e-03 0.001598993 0.0063372508 4.488682e-03 0.000127959 0.011998263 0.03619858 0.07095246 0.07054036 0.01879723 0.03534783 0.06053105 0.01750528 0.04750910 0.05471974 0.039025657 0.06565391 0.03479182 0.03304191 0.04610750 0.036990437 0.01829840 0.020919503 0.03502374 0.044995271 0.030306572 0.033783247 0.013643536 0.002831185 0.012806705 0.042827518 0.004831751 0.012450339 0.0014921226 0.0078515814 7.263683e-03 1.385837e-02 0.0008014086 1.152352e-04 2.190773e-03 2.613000e-16 8.714192e-07 4.366788e-10
   80    1      1      0    0   125 3.792610e-259 1.978911e-22 2.143338e-03 0.023422052 0.0091221311 4.321186e-03 0.005416010 0.007807047 0.03826948 0.04663780 0.04106603 0.03775847 0.04088278 0.04419415 0.02057500 0.06630523 0.04440721 0.046289950 0.04446306 0.06747543 0.03984893 0.03662833 0.023132240 0.04603503 0.032364034 0.01829538 0.028525564 0.041464034 0.010851114 0.021703224 0.025098084 0.017954663 0.009772348 0.004442967 0.009306165 0.0024540848 0.0088877005 2.228755e-02 1.695335e-03 0.0051937140 1.004819e-09 3.051873e-03 4.512743e-04 4.454045e-22 3.600108e-20
   84    1      1      0    0   125 6.777561e-141 1.210832e-13 2.228019e-04 0.027405566 0.0323831648 4.703419e-05 0.001925067 0.018695991 0.05365357 0.10507941 0.02393891 0.05856555 0.05446812 0.03694100 0.04864712 0.07441112 0.01917056 0.020205714 0.03996669 0.02036096 0.03288462 0.02367681 0.045737776 0.03068806 0.053694917 0.02517529 0.017682571 0.019003188 0.014825253 0.020267271 0.020451550 0.017741084 0.005402899 0.012228713 0.008995666 0.0060340777 0.0022557166 6.053262e-04 1.405609e-04 0.0010010653 2.386880e-04 5.160790e-03 9.412654e-10 1.974327e-05 1.373715e-08
   88    1      1      0    0   125 3.422018e-147 1.010368e-13 1.633606e-07 0.011235308 0.0254969558 6.326914e-03 0.002024143 0.009763405 0.05693216 0.09277096 0.04118507 0.01243838 0.01215190 0.03129891 0.04118032 0.03536094 0.03784980 0.103412866 0.02811864 0.05656647 0.05929210 0.02666259 0.009772837 0.03235647 0.053220264 0.01475235 0.017651020 0.046831387 0.017793266 0.013349978 0.003977544 0.008899490 0.002670609 0.011856781 0.010709624 0.0250964253 0.0004014408 7.055787e-03 4.375675e-04 0.0217009052 6.364625e-03 1.776398e-09 5.025044e-03 8.508055e-06 6.045343e-08
   92    1      1      0    0   125  8.731639e-52 1.638756e-15 5.040694e-04 0.007826367 0.0223490097 4.689727e-02 0.006615366 0.008947407 0.04310082 0.05693921 0.07233277 0.04346489 0.01264859 0.08474965 0.03609677 0.03430669 0.02761338 0.042540926 0.04512354 0.04373869 0.03737124 0.04006798 0.032013551 0.01894677 0.003606299 0.02784866 0.044255982 0.011736235 0.015666763 0.004262095 0.056326361 0.017684159 0.005471054 0.005718192 0.005436646 0.0065294048 0.0150028634 5.746466e-05 2.529317e-03 0.0035263872 9.776092e-03 2.916854e-06 3.680328e-04 3.494910e-17 1.077669e-07
   96    1      1      0    0   125  1.202040e-97 5.066448e-14 4.592415e-07 0.003554714 0.0017286954 1.301778e-02 0.021268217 0.016993017 0.06155375 0.06651147 0.05919799 0.04151115 0.02165845 0.05163573 0.06052196 0.03325180 0.05520083 0.071411361 0.01578518 0.02540413 0.02341218 0.02441882 0.025074488 0.04266541 0.049297130 0.02980768 0.020015563 0.017635830 0.020112888 0.009830588 0.006051015 0.018916003 0.012108006 0.008681423 0.011280967 0.0294675235 0.0020798251 5.411448e-04 1.248542e-02 0.0064287351 2.703561e-03 1.612769e-03 5.139915e-03 1.942487e-30 2.643449e-05
  100    1      1      0    0   125  8.541844e-57 1.472757e-09 1.004883e-03 0.002531311 0.0106791900 2.809512e-03 0.002009560 0.003202814 0.03692985 0.03365842 0.03089805 0.03871380 0.01957337 0.03541285 0.05689862 0.06640383 0.02372177 0.033256684 0.01824984 0.07437189 0.02519857 0.03564328 0.021963061 0.04791625 0.038072098 0.02317994 0.028015856 0.035848774 0.032858806 0.013430103 0.026860180 0.030469817 0.010235867 0.093140803 0.006621615 0.0030857046 0.0231375026 2.793621e-03 1.018145e-03 0.0080607823 1.843844e-03 8.517917e-06 8.215939e-06 1.258321e-05 2.498096e-04
   76    1      2      0    0   500  2.800677e-09 9.667659e-04 2.104401e-02 0.070372450 0.0469805175 1.963674e-02 0.016989201 0.014170594 0.06651809 0.04838485 0.04655692 0.03484783 0.03042728 0.02726499 0.03883646 0.04339876 0.02509240 0.032353321 0.03475037 0.04576387 0.03577363 0.02766873 0.018093189 0.02472166 0.029376158 0.03124357 0.018563415 0.027705763 0.031313003 0.017425518 0.010091496 0.014790086 0.008170729 0.013345799 0.006090195 0.0023291808 0.0070019415 2.722287e-03 2.569694e-03 0.0021244463 2.768309e-03 1.189762e-03 2.259798e-05 2.591128e-05 5.175050e-04
   78    1      2      0    0   500  2.799859e-04 1.296227e-03 1.584058e-02 0.037085077 0.0544816110 2.513138e-02 0.004870014 0.015196582 0.04173528 0.04538424 0.06423199 0.04707482 0.02009444 0.04010400 0.03520466 0.03395856 0.03363840 0.039567563 0.04047676 0.02324389 0.02978245 0.03003242 0.054552778 0.04002252 0.031728487 0.01726855 0.025485141 0.024114817 0.025167420 0.012977167 0.012914027 0.014159395 0.008583384 0.010254968 0.013388542 0.0045474296 0.0099786018 2.561243e-03 4.667863e-03 0.0005837133 2.623660e-03 5.579309e-03 6.330221e-05 9.691681e-06 5.706552e-05
   80    1      2      0    0   500  1.447011e-05 6.621598e-03 1.905562e-02 0.040206070 0.0483326819 2.358034e-02 0.021346598 0.016234700 0.05156301 0.04986002 0.06054380 0.02901373 0.04291848 0.05112682 0.03180830 0.05293429 0.02763695 0.028886527 0.02435023 0.04169529 0.02214756 0.02908041 0.027018382 0.01779732 0.019647795 0.02090552 0.024119342 0.020161754 0.022401847 0.022452757 0.020226869 0.017961998 0.014610065 0.017852910 0.006426799 0.0104680283 0.0031369159 7.266969e-03 1.982858e-03 0.0032742494 4.439571e-04 5.234404e-04 3.522882e-05 2.325844e-03 1.681754e-06
   82    1      2      0    0   500  3.585346e-13 2.595509e-04 3.288886e-02 0.060345105 0.0700353541 1.528555e-02 0.003691694 0.024597831 0.03001769 0.05782523 0.06106491 0.04596542 0.03352558 0.02539058 0.02576126 0.04353158 0.03897353 0.026799233 0.04129303 0.03438383 0.03107025 0.03624024 0.022841113 0.02364787 0.025026007 0.03027938 0.015808864 0.021939018 0.024740562 0.010812880 0.018264498 0.005682431 0.010231805 0.019847136 0.004946778 0.0043554855 0.0051652854 6.636060e-03 2.386630e-03 0.0016978098 3.270610e-04 4.657860e-03 3.402862e-06 6.357149e-04 1.120025e-03
   84    1      2      0    0   500  4.977534e-09 2.983389e-04 2.034999e-02 0.065530467 0.0442893442 2.300647e-02 0.014889734 0.035120602 0.04375086 0.06169294 0.05981401 0.05758464 0.02988190 0.02740844 0.03401410 0.03075046 0.04197403 0.035840242 0.02341558 0.01909390 0.03089040 0.02692886 0.031900140 0.03122797 0.023157552 0.01320093 0.022751748 0.015237445 0.018606383 0.015561251 0.011103281 0.015163654 0.017047035 0.005835818 0.024035359 0.0084390965 0.0052558948 4.572144e-03 4.354278e-03 0.0014176215 4.441315e-04 5.898377e-05 2.233885e-05 6.788882e-05 4.013748e-03
   86    1      2      0    0   500  4.332587e-09 6.092379e-04 9.598993e-03 0.030101748 0.0474468815 1.974889e-02 0.003411002 0.017429192 0.04411109 0.06921659 0.04339543 0.04015554 0.03894796 0.03253365 0.04142459 0.01879787 0.05342852 0.041260830 0.03555384 0.03479565 0.03500228 0.03168315 0.029108897 0.02233412 0.025144379 0.02681867 0.028312771 0.017888814 0.028578648 0.026358283 0.013068962 0.011261292 0.008332406 0.010100597 0.010726076 0.0210622758 0.0050565351 7.593357e-03 8.850267e-03 0.0057791598 5.509917e-05 3.970611e-04 4.149221e-03 3.701447e-04 1.393527e-08
   88    1      2      0    0   500  7.005955e-11 3.380619e-03 1.783247e-02 0.039455612 0.0492875113 3.238774e-02 0.009583876 0.013157852 0.05961500 0.06604968 0.06045461 0.03397099 0.03071371 0.03286452 0.03588970 0.03263467 0.05028163 0.035319548 0.02550313 0.03428233 0.02439064 0.01978653 0.037847904 0.02317887 0.025319058 0.02430779 0.010950253 0.022638899 0.020308669 0.013649681 0.021464684 0.025449377 0.013837354 0.013328445 0.007527076 0.0066887552 0.0056624947 6.533391e-03 2.020878e-03 0.0012968973 6.695581e-03 1.337422e-03 3.020663e-03 3.737411e-07 9.308947e-05
   90    1      2      0    0   500  1.209965e-03 1.575188e-03 2.024574e-02 0.053132271 0.0497348183 1.265526e-02 0.005027487 0.037803439 0.05741825 0.06307478 0.06049284 0.05125274 0.02657595 0.01772398 0.03071374 0.03130606 0.03398350 0.026571907 0.02468221 0.03842025 0.03760797 0.02874901 0.025997016 0.04785393 0.024430545 0.01390020 0.019000831 0.019061315 0.021373209 0.022262023 0.015930548 0.014855279 0.012229070 0.011363119 0.009183662 0.0083572528 0.0052164252 3.446329e-03 2.530994e-03 0.0062054665 3.691722e-03 2.486084e-03 5.535200e-04 2.405356e-08 1.140824e-04
   92    1      2      0    0   500  7.014741e-07 3.589722e-03 2.430194e-02 0.075841084 0.0503539777 1.286364e-02 0.011953334 0.020554846 0.04700615 0.04848396 0.04921852 0.05142238 0.03604910 0.03264132 0.03949390 0.05105200 0.02117320 0.035942578 0.03042782 0.02546998 0.02661394 0.03535729 0.028136939 0.01988978 0.022153990 0.02279320 0.027185539 0.018813633 0.021690450 0.027168503 0.013805600 0.015297462 0.008444576 0.013406597 0.005671107 0.0062316843 0.0060443711 2.137619e-03 6.689303e-03 0.0035764054 1.186623e-04 1.012227e-04 5.233726e-04 3.833544e-05 2.702624e-04
   94    1      2      0    0   500  5.230425e-12 3.529122e-05 2.441410e-02 0.031819732 0.0406436271 2.169185e-02 0.020862281 0.021518394 0.05223293 0.04453283 0.06069522 0.04702505 0.04088889 0.03661794 0.02811314 0.04074951 0.04457718 0.037334738 0.03041869 0.03394851 0.03021460 0.02327458 0.021034080 0.02685367 0.022581855 0.02400540 0.025995699 0.018030590 0.014436727 0.019649066 0.027444806 0.013826350 0.023609727 0.009297876 0.007671235 0.0076526144 0.0039189385 7.556843e-03 3.098880e-03 0.0087450658 7.429275e-04 1.371206e-03 6.445314e-04 6.713929e-09 2.228355e-04
   96    1      2      0    0   500  1.230007e-09 2.100048e-03 1.673002e-02 0.059759547 0.0551312142 1.616710e-02 0.013929864 0.026000104 0.04006612 0.06759910 0.04713418 0.03617752 0.04459264 0.02733982 0.02861941 0.03717497 0.03131754 0.038897331 0.02458155 0.03463988 0.03308442 0.02552520 0.029326829 0.03452428 0.013873952 0.03274755 0.019837779 0.015957047 0.014922109 0.018959469 0.035426154 0.010715115 0.012572958 0.014096393 0.007492523 0.0048312917 0.0104195253 4.890581e-03 2.739807e-03 0.0043199039 1.283299e-03 2.600803e-03 5.252428e-04 9.920885e-04 3.777204e-04
   98    1      2      0    0   500  3.685199e-19 3.131194e-03 1.907318e-02 0.037863390 0.0541964385 7.944715e-03 0.013962027 0.025693028 0.04304705 0.04898241 0.07767681 0.05877354 0.01956042 0.04942731 0.02596770 0.03659672 0.02938307 0.020877306 0.03007214 0.02741708 0.04213775 0.03502636 0.025192270 0.03039759 0.032873350 0.02091281 0.024182615 0.018342494 0.021947570 0.021024111 0.011899824 0.016349746 0.007640938 0.015671195 0.006191031 0.0119224681 0.0161238413 1.620169e-03 1.916387e-03 0.0024319105 3.775331e-03 2.923158e-07 1.167632e-03 8.542685e-04 7.525190e-04
  100    1      2      0    0   500  8.618980e-32 3.893533e-03 2.113922e-02 0.048508756 0.0535176738 1.505249e-02 0.013682080 0.027571167 0.04472027 0.04570827 0.05443482 0.02542121 0.03159610 0.03411984 0.03312739 0.04552279 0.05831700 0.033930611 0.03291983 0.03633508 0.03872877 0.02960001 0.030742799 0.02325696 0.019249210 0.02894141 0.021613580 0.018574591 0.013527154 0.015563644 0.012785077 0.008614754 0.020190513 0.011729990 0.005176982 0.0115615306 0.0048855253 1.031084e-02 6.315956e-04 0.0099827912 3.957795e-03 7.421856e-04 1.927455e-07 1.100919e-04 3.871151e-06
15 #_N_agebins
#_agebin_vector
1 2 3 4 5 6 7 8 9 10 11 12 13 14 15
1 #_N_ageerror_definitions
 #_age0   age1   age2   age3   age4   age5   age6   age7   age8   age9  age10  age11  age12  age13  age14  age15  age16  age17  age18  age19  age20  age21  age22  age23  age24  age25
 -1.000 -1.000 -1.000 -1.000 -1.000 -1.000 -1.000 -1.000 -1.000 -1.000 -1.000 -1.000 -1.000 -1.000 -1.000 -1.000 -1.000 -1.000 -1.000 -1.000 -1.000 -1.000 -1.000 -1.000 -1.000 -1.000
  0.001  0.001  0.001  0.001  0.001  0.001  0.001  0.001  0.001  0.001  0.001  0.001  0.001  0.001  0.001  0.001  0.001  0.001  0.001  0.001  0.001  0.001  0.001  0.001  0.001  0.001
87 #_N_agecomp
1 #_Lbin_method: 1=poplenbins; 2=datalenbins; 3=lengths
-1 #_combine males into females at or below this bin number
 #_Yr Seas FltSvy Gender Part Ageerr Lbin_lo Lbin_hi Nsamp          a1        a2         a3        a4         a5         a6         a7         a8          a9         a10         a11         a12          a13          a14         a15
   26    1      1      0    0      1      -1      -1   125 0.024768621 0.2028105 0.09861281 0.1231461 0.09333532 0.10770216 0.05252227 0.03727042 0.069255612 0.063518672 0.034639606 0.025951673 0.0108326527 3.875715e-03 0.051757800
   36    1      1      0    0      1      -1      -1   125 0.048746186 0.2139685 0.12974273 0.1578296 0.13707222 0.07623446 0.05086867 0.02390564 0.026337482 0.015678098 0.042291690 0.008064442 0.0142536505 3.023907e-02 0.024767555
   46    1      1      0    0      1      -1      -1   125 0.021445137 0.2099917 0.17195907 0.1395792 0.13086083 0.09597248 0.09514339 0.03855814 0.037918776 0.011693180 0.007917196 0.008689547 0.0145986147 6.438294e-03 0.009234439
   56    1      1      0    0      1      -1      -1   125 0.022312161 0.2345042 0.27221572 0.1032132 0.06361380 0.08473410 0.06650636 0.03212874 0.025422585 0.040107956 0.009017630 0.005858003 0.0006559235 4.381246e-03 0.035328445
   60    1      1      0    0      1      -1      -1   125 0.029242277 0.2565112 0.28489047 0.1011425 0.09761164 0.06415477 0.02972235 0.03753325 0.033695405 0.018273211 0.028934474 0.002542991 0.0014001618 1.592471e-04 0.014186074
   64    1      1      0    0      1      -1      -1   125 0.060626662 0.2632752 0.19214392 0.1318605 0.08069887 0.06791971 0.03605087 0.04405890 0.035623461 0.018263307 0.028675729 0.001223237 0.0121263368 8.065468e-04 0.026646739
   68    1      1      0    0      1      -1      -1   125 0.045312254 0.3192166 0.18968175 0.0932959 0.09697629 0.07771091 0.03843863 0.03967207 0.041198176 0.005796359 0.004298455 0.003158277 0.0163518373 5.637418e-05 0.028836082
   72    1      1      0    0      1      -1      -1   125 0.021983887 0.1874870 0.25482074 0.1238023 0.09780132 0.09236366 0.01804921 0.03318427 0.040699148 0.025236517 0.012204459 0.036210975 0.0225948642 1.466190e-04 0.033415029
   76    1      1      0    0      1      -1      -1   125 0.045483903 0.2230126 0.20388008 0.1131253 0.12695685 0.07096411 0.07836812 0.03292550 0.019518428 0.016060639 0.029749066 0.004759230 0.0057019863 6.067504e-04 0.028887422
   80    1      1      0    0      1      -1      -1   125 0.031399116 0.2853456 0.22805784 0.1039076 0.09378582 0.08370172 0.07224474 0.01407163 0.019646819 0.008659831 0.012363030 0.004449640 0.0047807122 4.342428e-03 0.033243486
   84    1      1      0    0      1      -1      -1   125 0.040726792 0.2288344 0.21440012 0.1232317 0.06043664 0.06805961 0.05801243 0.02472141 0.043484484 0.029291322 0.042136807 0.028217077 0.0032561183 2.341780e-03 0.032849327
   88    1      1      0    0      1      -1      -1   125 0.017184145 0.2636115 0.16528839 0.1735281 0.09714561 0.08023049 0.04262163 0.04028969 0.059520319 0.020403800 0.011206451 0.001297903 0.0117148158 1.810973e-03 0.014146160
   92    1      1      0    0      1      -1      -1   125 0.009596657 0.2569250 0.15484559 0.1853065 0.08223074 0.07279373 0.09619279 0.05181666 0.019884300 0.016207228 0.026775806 0.002082287 0.0068980274 7.394833e-06 0.018437287
   96    1      1      0    0      1      -1      -1   125 0.020532137 0.2849408 0.13494598 0.1611989 0.10434602 0.05768461 0.05496383 0.03545759 0.029025590 0.032611589 0.006440039 0.001072528 0.0201096610 4.959182e-02 0.007078992
  100    1      1      0    0      1      -1      -1   125 0.052038548 0.2370902 0.21674401 0.1034060 0.08184304 0.12019107 0.08122154 0.01120062 0.042151952 0.008218857 0.014887621 0.005650362 0.0010836544 1.252829e-02 0.011744259
   76    1      2      0    0      1      -1      -1   500 0.140471104 0.2363826 0.17686350 0.1101678 0.08614521 0.06363133 0.05050177 0.02494692 0.029563124 0.011823417 0.025478290 0.009228940 0.0041947071 4.231044e-03 0.026370229
   78    1      2      0    0      1      -1      -1   500 0.143446869 0.1821962 0.18454584 0.1321764 0.11674048 0.04992129 0.06489926 0.03910477 0.018874771 0.021823446 0.012038801 0.006456050 0.0071575892 8.284612e-03 0.012333585
   80    1      2      0    0      1      -1      -1   500 0.143915819 0.2378082 0.16136331 0.1368385 0.10573270 0.04086400 0.03452284 0.03233618 0.030537787 0.015953687 0.016188603 0.010590701 0.0087980830 9.550857e-03 0.014998719
   82    1      2      0    0      1      -1      -1   500 0.144518020 0.2375790 0.17782994 0.1087006 0.09792173 0.05539047 0.04075907 0.02142000 0.026304541 0.033704559 0.008628897 0.010072794 0.0077776394 3.375804e-03 0.026016934
   84    1      2      0    0      1      -1      -1   500 0.148465461 0.2581789 0.13846445 0.1180820 0.08705227 0.06642092 0.05955568 0.03772752 0.025528476 0.019553317 0.006405385 0.010133829 0.0013209807 6.255496e-03 0.016855290
   86    1      2      0    0      1      -1      -1   500 0.152155565 0.2298078 0.15464386 0.1358827 0.09157918 0.06784275 0.04745417 0.05039907 0.018458641 0.017363206 0.012193810 0.004397595 0.0034452489 2.686717e-03 0.011689695
   88    1      2      0    0      1      -1      -1   500 0.146309696 0.2351732 0.14717046 0.1313013 0.12649288 0.05755091 0.04323014 0.03075911 0.025137606 0.011473480 0.020387306 0.009466752 0.0029031463 7.343609e-03 0.005300380
   90    1      2      0    0      1      -1      -1   500 0.128875790 0.2749542 0.16571810 0.1311050 0.07782692 0.04829520 0.04413030 0.02932729 0.026622876 0.021915187 0.013082232 0.010642102 0.0047791086 8.833823e-03 0.013891819
   92    1      2      0    0      1      -1      -1   500 0.159722933 0.2502574 0.14876022 0.1320296 0.08508268 0.04208800 0.05906939 0.03820588 0.014709344 0.014753106 0.013262095 0.008912353 0.0073770466 8.321945e-03 0.017447981
   94    1      2      0    0      1      -1      -1   500 0.134689000 0.2424290 0.19638761 0.1305646 0.08526635 0.05757655 0.04258620 0.02750427 0.018471380 0.022492865 0.015041552 0.005169649 0.0056750393 7.449852e-03 0.008696081
   96    1      2      0    0      1      -1      -1   500 0.138226035 0.2303635 0.17321366 0.1205202 0.09118814 0.07097227 0.05992959 0.04026983 0.027355894 0.015010488 0.005647953 0.008376368 0.0038486030 2.658034e-03 0.012419501
   98    1      2      0    0      1      -1      -1   500 0.131373687 0.2318331 0.18403853 0.1531305 0.07755375 0.06522647 0.03489184 0.04827735 0.009781694 0.012518531 0.010286574 0.015606339 0.0073574001 2.805341e-03 0.015318869
  100    1      2      0    0      1      -1      -1   500 0.148615905 0.2285645 0.17670853 0.1188656 0.07136951 0.07341756 0.04505812 0.03843452 0.025667885 0.025209904 0.011332746 0.006606974 0.0129836421 6.344013e-03 0.010820614
   60    1      1      0    0      1       6       6     1 1.000000000 0.0000000 0.00000000 0.0000000 0.00000000 0.00000000 0.00000000 0.00000000 0.000000000 0.000000000 0.000000000 0.000000000 0.0000000000 0.000000e+00 0.000000000
   60    1      1      0    0      1       7       7     1 1.000000000 0.0000000 0.00000000 0.0000000 0.00000000 0.00000000 0.00000000 0.00000000 0.000000000 0.000000000 0.000000000 0.000000000 0.0000000000 0.000000e+00 0.000000000
   60    1      1      0    0      1       8       8     1 1.000000000 0.0000000 0.00000000 0.0000000 0.00000000 0.00000000 0.00000000 0.00000000 0.000000000 0.000000000 0.000000000 0.000000000 0.0000000000 0.000000e+00 0.000000000
   60    1      1      0    0      1       9       9     2 2.000000000 0.0000000 0.00000000 0.0000000 0.00000000 0.00000000 0.00000000 0.00000000 0.000000000 0.000000000 0.000000000 0.000000000 0.0000000000 0.000000e+00 0.000000000
   60    1      1      0    0      1      10      10     3 3.000000000 0.0000000 0.00000000 0.0000000 0.00000000 0.00000000 0.00000000 0.00000000 0.000000000 0.000000000 0.000000000 0.000000000 0.0000000000 0.000000e+00 0.000000000
   60    1      1      0    0      1      11      11     9 9.000000000 0.0000000 0.00000000 0.0000000 0.00000000 0.00000000 0.00000000 0.00000000 0.000000000 0.000000000 0.000000000 0.000000000 0.0000000000 0.000000e+00 0.000000000
   60    1      1      0    0      1      12      12     4 4.000000000 0.0000000 0.00000000 0.0000000 0.00000000 0.00000000 0.00000000 0.00000000 0.000000000 0.000000000 0.000000000 0.000000000 0.0000000000 0.000000e+00 0.000000000
   60    1      1      0    0      1      14      14     2 2.000000000 0.0000000 0.00000000 0.0000000 0.00000000 0.00000000 0.00000000 0.00000000 0.000000000 0.000000000 0.000000000 0.000000000 0.0000000000 0.000000e+00 0.000000000
   60    1      1      0    0      1      15      15     5 5.000000000 0.0000000 0.00000000 0.0000000 0.00000000 0.00000000 0.00000000 0.00000000 0.000000000 0.000000000 0.000000000 0.000000000 0.0000000000 0.000000e+00 0.000000000
   60    1      1      0    0      1      16      16     5 5.000000000 0.0000000 0.00000000 0.0000000 0.00000000 0.00000000 0.00000000 0.00000000 0.000000000 0.000000000 0.000000000 0.000000000 0.0000000000 0.000000e+00 0.000000000
   60    1      1      0    0      1      17      17     4 4.000000000 0.0000000 0.00000000 0.0000000 0.00000000 0.00000000 0.00000000 0.00000000 0.000000000 0.000000000 0.000000000 0.000000000 0.0000000000 0.000000e+00 0.000000000
   60    1      1      0    0      1      18      18     5 5.000000000 0.0000000 0.00000000 0.0000000 0.00000000 0.00000000 0.00000000 0.00000000 0.000000000 0.000000000 0.000000000 0.000000000 0.0000000000 0.000000e+00 0.000000000
   60    1      1      0    0      1      19      19     3 3.000000000 0.0000000 0.00000000 0.0000000 0.00000000 0.00000000 0.00000000 0.00000000 0.000000000 0.000000000 0.000000000 0.000000000 0.0000000000 0.000000e+00 0.000000000
   60    1      1      0    0      1      20      20     1 1.000000000 0.0000000 0.00000000 0.0000000 0.00000000 0.00000000 0.00000000 0.00000000 0.000000000 0.000000000 0.000000000 0.000000000 0.0000000000 0.000000e+00 0.000000000
   60    1      1      0    0      1      21      21     4 4.000000000 0.0000000 0.00000000 0.0000000 0.00000000 0.00000000 0.00000000 0.00000000 0.000000000 0.000000000 0.000000000 0.000000000 0.0000000000 0.000000e+00 0.000000000
   60    1      1      0    0      1      22      22     4 4.000000000 0.0000000 0.00000000 0.0000000 0.00000000 0.00000000 0.00000000 0.00000000 0.000000000 0.000000000 0.000000000 0.000000000 0.0000000000 0.000000e+00 0.000000000
   60    1      1      0    0      1      23      23     4 4.000000000 0.0000000 0.00000000 0.0000000 0.00000000 0.00000000 0.00000000 0.00000000 0.000000000 0.000000000 0.000000000 0.000000000 0.0000000000 0.000000e+00 0.000000000
   60    1      1      0    0      1      24      24     6 6.000000000 0.0000000 0.00000000 0.0000000 0.00000000 0.00000000 0.00000000 0.00000000 0.000000000 0.000000000 0.000000000 0.000000000 0.0000000000 0.000000e+00 0.000000000
   60    1      1      0    0      1      25      25     3 3.000000000 0.0000000 0.00000000 0.0000000 0.00000000 0.00000000 0.00000000 0.00000000 0.000000000 0.000000000 0.000000000 0.000000000 0.0000000000 0.000000e+00 0.000000000
   60    1      1      0    0      1      26      26     4 4.000000000 0.0000000 0.00000000 0.0000000 0.00000000 0.00000000 0.00000000 0.00000000 0.000000000 0.000000000 0.000000000 0.000000000 0.0000000000 0.000000e+00 0.000000000
   60    1      1      0    0      1      27      27     2 2.000000000 0.0000000 0.00000000 0.0000000 0.00000000 0.00000000 0.00000000 0.00000000 0.000000000 0.000000000 0.000000000 0.000000000 0.0000000000 0.000000e+00 0.000000000
   60    1      1      0    0      1      28      28     1 1.000000000 0.0000000 0.00000000 0.0000000 0.00000000 0.00000000 0.00000000 0.00000000 0.000000000 0.000000000 0.000000000 0.000000000 0.0000000000 0.000000e+00 0.000000000
   60    1      1      0    0      1      29      29    10 6.000000000 4.0000000 0.00000000 0.0000000 0.00000000 0.00000000 0.00000000 0.00000000 0.000000000 0.000000000 0.000000000 0.000000000 0.0000000000 0.000000e+00 0.000000000
   60    1      1      0    0      1      30      30     5 1.000000000 4.0000000 0.00000000 0.0000000 0.00000000 0.00000000 0.00000000 0.00000000 0.000000000 0.000000000 0.000000000 0.000000000 0.0000000000 0.000000e+00 0.000000000
   60    1      1      0    0      1      31      31     2 0.000000000 2.0000000 0.00000000 0.0000000 0.00000000 0.00000000 0.00000000 0.00000000 0.000000000 0.000000000 0.000000000 0.000000000 0.0000000000 0.000000e+00 0.000000000
   60    1      1      0    0      1      33      33     1 0.000000000 1.0000000 0.00000000 0.0000000 0.00000000 0.00000000 0.00000000 0.00000000 0.000000000 0.000000000 0.000000000 0.000000000 0.0000000000 0.000000e+00 0.000000000
   60    1      1      0    0      1      34      34     1 0.000000000 1.0000000 0.00000000 0.0000000 0.00000000 0.00000000 0.00000000 0.00000000 0.000000000 0.000000000 0.000000000 0.000000000 0.0000000000 0.000000e+00 0.000000000
   60    1      1      0    0      1      35      35     4 0.000000000 4.0000000 0.00000000 0.0000000 0.00000000 0.00000000 0.00000000 0.00000000 0.000000000 0.000000000 0.000000000 0.000000000 0.0000000000 0.000000e+00 0.000000000
   60    1      1      0    0      1      36      36     2 0.000000000 2.0000000 0.00000000 0.0000000 0.00000000 0.00000000 0.00000000 0.00000000 0.000000000 0.000000000 0.000000000 0.000000000 0.0000000000 0.000000e+00 0.000000000
   60    1      1      0    0      1      37      37     1 0.000000000 1.0000000 0.00000000 0.0000000 0.00000000 0.00000000 0.00000000 0.00000000 0.000000000 0.000000000 0.000000000 0.000000000 0.0000000000 0.000000e+00 0.000000000
  100    1      1      0    0      1       5       5     2 2.000000000 0.0000000 0.00000000 0.0000000 0.00000000 0.00000000 0.00000000 0.00000000 0.000000000 0.000000000 0.000000000 0.000000000 0.0000000000 0.000000e+00 0.000000000
  100    1      1      0    0      1       8       8     1 1.000000000 0.0000000 0.00000000 0.0000000 0.00000000 0.00000000 0.00000000 0.00000000 0.000000000 0.000000000 0.000000000 0.000000000 0.0000000000 0.000000e+00 0.000000000
  100    1      1      0    0      1       9       9     4 4.000000000 0.0000000 0.00000000 0.0000000 0.00000000 0.00000000 0.00000000 0.00000000 0.000000000 0.000000000 0.000000000 0.000000000 0.0000000000 0.000000e+00 0.000000000
  100    1      1      0    0      1      10      10     3 3.000000000 0.0000000 0.00000000 0.0000000 0.00000000 0.00000000 0.00000000 0.00000000 0.000000000 0.000000000 0.000000000 0.000000000 0.0000000000 0.000000e+00 0.000000000
  100    1      1      0    0      1      11      11     1 1.000000000 0.0000000 0.00000000 0.0000000 0.00000000 0.00000000 0.00000000 0.00000000 0.000000000 0.000000000 0.000000000 0.000000000 0.0000000000 0.000000e+00 0.000000000
  100    1      1      0    0      1      12      12     1 1.000000000 0.0000000 0.00000000 0.0000000 0.00000000 0.00000000 0.00000000 0.00000000 0.000000000 0.000000000 0.000000000 0.000000000 0.0000000000 0.000000e+00 0.000000000
  100    1      1      0    0      1      13      13     1 1.000000000 0.0000000 0.00000000 0.0000000 0.00000000 0.00000000 0.00000000 0.00000000 0.000000000 0.000000000 0.000000000 0.000000000 0.0000000000 0.000000e+00 0.000000000
  100    1      1      0    0      1      14      14     4 4.000000000 0.0000000 0.00000000 0.0000000 0.00000000 0.00000000 0.00000000 0.00000000 0.000000000 0.000000000 0.000000000 0.000000000 0.0000000000 0.000000e+00 0.000000000
  100    1      1      0    0      1      15      15     6 6.000000000 0.0000000 0.00000000 0.0000000 0.00000000 0.00000000 0.00000000 0.00000000 0.000000000 0.000000000 0.000000000 0.000000000 0.0000000000 0.000000e+00 0.000000000
  100    1      1      0    0      1      16      16     8 8.000000000 0.0000000 0.00000000 0.0000000 0.00000000 0.00000000 0.00000000 0.00000000 0.000000000 0.000000000 0.000000000 0.000000000 0.0000000000 0.000000e+00 0.000000000
  100    1      1      0    0      1      17      17     4 4.000000000 0.0000000 0.00000000 0.0000000 0.00000000 0.00000000 0.00000000 0.00000000 0.000000000 0.000000000 0.000000000 0.000000000 0.0000000000 0.000000e+00 0.000000000
  100    1      1      0    0      1      18      18     2 2.000000000 0.0000000 0.00000000 0.0000000 0.00000000 0.00000000 0.00000000 0.00000000 0.000000000 0.000000000 0.000000000 0.000000000 0.0000000000 0.000000e+00 0.000000000
  100    1      1      0    0      1      19      19     2 2.000000000 0.0000000 0.00000000 0.0000000 0.00000000 0.00000000 0.00000000 0.00000000 0.000000000 0.000000000 0.000000000 0.000000000 0.0000000000 0.000000e+00 0.000000000
  100    1      1      0    0      1      20      20     7 7.000000000 0.0000000 0.00000000 0.0000000 0.00000000 0.00000000 0.00000000 0.00000000 0.000000000 0.000000000 0.000000000 0.000000000 0.0000000000 0.000000e+00 0.000000000
  100    1      1      0    0      1      21      21     4 4.000000000 0.0000000 0.00000000 0.0000000 0.00000000 0.00000000 0.00000000 0.00000000 0.000000000 0.000000000 0.000000000 0.000000000 0.0000000000 0.000000e+00 0.000000000
  100    1      1      0    0      1      22      22     2 2.000000000 0.0000000 0.00000000 0.0000000 0.00000000 0.00000000 0.00000000 0.00000000 0.000000000 0.000000000 0.000000000 0.000000000 0.0000000000 0.000000e+00 0.000000000
  100    1      1      0    0      1      23      23     2 2.000000000 0.0000000 0.00000000 0.0000000 0.00000000 0.00000000 0.00000000 0.00000000 0.000000000 0.000000000 0.000000000 0.000000000 0.0000000000 0.000000e+00 0.000000000
  100    1      1      0    0      1      24      24     5 5.000000000 0.0000000 0.00000000 0.0000000 0.00000000 0.00000000 0.00000000 0.00000000 0.000000000 0.000000000 0.000000000 0.000000000 0.0000000000 0.000000e+00 0.000000000
  100    1      1      0    0      1      25      25     4 4.000000000 0.0000000 0.00000000 0.0000000 0.00000000 0.00000000 0.00000000 0.00000000 0.000000000 0.000000000 0.000000000 0.000000000 0.0000000000 0.000000e+00 0.000000000
  100    1      1      0    0      1      27      27     5 5.000000000 0.0000000 0.00000000 0.0000000 0.00000000 0.00000000 0.00000000 0.00000000 0.000000000 0.000000000 0.000000000 0.000000000 0.0000000000 0.000000e+00 0.000000000
  100    1      1      0    0      1      28      28     4 4.000000000 0.0000000 0.00000000 0.0000000 0.00000000 0.00000000 0.00000000 0.00000000 0.000000000 0.000000000 0.000000000 0.000000000 0.0000000000 0.000000e+00 0.000000000
  100    1      1      0    0      1      29      29     1 0.000000000 1.0000000 0.00000000 0.0000000 0.00000000 0.00000000 0.00000000 0.00000000 0.000000000 0.000000000 0.000000000 0.000000000 0.0000000000 0.000000e+00 0.000000000
  100    1      1      0    0      1      30      30     3 0.000000000 3.0000000 0.00000000 0.0000000 0.00000000 0.00000000 0.00000000 0.00000000 0.000000000 0.000000000 0.000000000 0.000000000 0.0000000000 0.000000e+00 0.000000000
  100    1      1      0    0      1      31      31     3 0.000000000 3.0000000 0.00000000 0.0000000 0.00000000 0.00000000 0.00000000 0.00000000 0.000000000 0.000000000 0.000000000 0.000000000 0.0000000000 0.000000e+00 0.000000000
  100    1      1      0    0      1      32      32     7 0.000000000 7.0000000 0.00000000 0.0000000 0.00000000 0.00000000 0.00000000 0.00000000 0.000000000 0.000000000 0.000000000 0.000000000 0.0000000000 0.000000e+00 0.000000000
  100    1      1      0    0      1      34      34     8 0.000000000 8.0000000 0.00000000 0.0000000 0.00000000 0.00000000 0.00000000 0.00000000 0.000000000 0.000000000 0.000000000 0.000000000 0.0000000000 0.000000e+00 0.000000000
  100    1      1      0    0      1      35      35     1 0.000000000 1.0000000 0.00000000 0.0000000 0.00000000 0.00000000 0.00000000 0.00000000 0.000000000 0.000000000 0.000000000 0.000000000 0.0000000000 0.000000e+00 0.000000000
  100    1      1      0    0      1      37      37     4 0.000000000 3.0000000 1.00000000 0.0000000 0.00000000 0.00000000 0.00000000 0.00000000 0.000000000 0.000000000 0.000000000 0.000000000 0.0000000000 0.000000e+00 0.000000000
  100    1      1      0    0      1      38      38     1 0.000000000 1.0000000 0.00000000 0.0000000 0.00000000 0.00000000 0.00000000 0.00000000 0.000000000 0.000000000 0.000000000 0.000000000 0.0000000000 0.000000e+00 0.000000000
0 #_N_MeanSize_at_Age_obs
0 #_N_environ_variables
0 #_N_environ_obs
0 #_N_sizefreq_methods
0 #_do_tags
0 #_morphcomp_data
#
999
