#C data file created using the SS_writedat function in the R package r4ss
#C should work with SS version: 
#C file write time: 2015-02-11 18:07:49
#
1 #_styr
100 #_endyr
1 #_nseas
12 #_months_per_seas
1 #_spawn_seas
1 #_Nfleet
2 #_Nsurveys
1 #_N_areas
Fishery%Survey%CPUE #_fleetnames
0.5 0.5 0.5 #_surveytiming_in_season
1 1 1 #_area_assignments_for_each_fishery_and_survey
1 #_units of catch:  1=bio; 2=num
0.01 #_se of log(catch) only used for init_eq_catch and for Fmethod 2 and 3
1 #_Ngenders
25 #_Nages
0 #_init_equil_catch_for_each_fishery
100 #_N_lines_of_catch_to_read
 #_Fishery year seas
         0    1    1
         0    2    1
         0    3    1
         0    4    1
         0    5    1
         0    6    1
         0    7    1
         0    8    1
         0    9    1
         0   10    1
         0   11    1
         0   12    1
         0   13    1
         0   14    1
         0   15    1
         0   16    1
         0   17    1
         0   18    1
         0   19    1
         0   20    1
         0   21    1
         0   22    1
         0   23    1
         0   24    1
         0   25    1
 444646000   26    1
 397608000   27    1
 357583000   28    1
 324161000   29    1
 296656000   30    1
 274240000   31    1
 256057000   32    1
 241314000   33    1
 229322000   34    1
 219511000   35    1
 211426000   36    1
 204710000   37    1
 199088000   38    1
 194347000   39    1
 190324000   40    1
 186891000   41    1
 183948000   42    1
 181416000   43    1
 179230000   44    1
 177337000   45    1
 175694000   46    1
 174266000   47    1
 173022000   48    1
 171937000   49    1
 170990000   50    1
 170161000   51    1
 169436000   52    1
 168801000   53    1
 168243000   54    1
 167755000   55    1
 167325000   56    1
 166948000   57    1
 166617000   58    1
 166326000   59    1
 166070000   60    1
 165844000   61    1
 165646000   62    1
 165471000   63    1
 165317000   64    1
 165182000   65    1
 165063000   66    1
 164958000   67    1
 164865000   68    1
 164784000   69    1
 164712000   70    1
 164649000   71    1
 164593000   72    1
 164544000   73    1
 164500000   74    1
 164462000   75    1
 164429000   76    1
 164399000   77    1
 164373000   78    1
 164350000   79    1
 164329000   80    1
 164311000   81    1
 164296000   82    1
 164282000   83    1
 164269000   84    1
 164258000   85    1
 164249000   86    1
 164240000   87    1
 164233000   88    1
 164227000   89    1
 164221000   90    1
 164216000   91    1
 164211000   92    1
 164207000   93    1
 164204000   94    1
 164201000   95    1
 164198000   96    1
 164195000   97    1
 164193000   98    1
 164192000   99    1
 164190000  100    1
13 #_N_cpue
 #_Fleet Units Errtype
       1     1       0
       2     1       0
       3     1       0
 #_year seas index        obs se_log
     76    1     2 1272173730    0.2
     78    1     2 1188739810    0.2
     80    1     2 1014123589    0.2
     82    1     2 1726921695    0.2
     84    1     2 1416333811    0.2
     86    1     2 1414860023    0.2
     88    1     2 1173689715    0.2
     90    1     2  993139992    0.2
     92    1     2 1741191076    0.2
     94    1     2  988763748    0.2
     96    1     2 1046089414    0.2
     98    1     2 1417265169    0.2
    100    1     2 1622568110    0.2
0 #_N_discard_fleets
#_discard_units (1=same_as_catchunits(bio/num); 2=fraction; 3=numbers)
#_discard_errtype:  >0 for DF of T-dist(read CV below); 0 for normal with CV; -1 for normal with se; -2 for lognormal
0 #_N_discard
0 #_N_meanbodywt
1 #_DF_for_meanbodywt_T-distribution_like
2 # length bin method: 1=use databins; 2=generate from binwidth,min,max below; 3=read vector
1 # binwidth for population size comp
10 # minimum size in the population (lower edge of first bin and size at age 0.00)
200 # maximum size in the population (lower edge of last bin)
-0.001 #_comp_tail_compression
1e-05 #_add_to_comp
0 #_combine males into females at or below this bin number
45 #_N_lbins
#_lbin_vector
20 23 26 29 32 35 38 41 44 47 50 53 56 59 62 65 68 71 74 77 80 83 86 89 92 95 98 101 104 107 110 113 116 119 122 125 128 131 134 137 140 143 146 149 152
28 #_N_Length_comp_observations
 #_Yr Seas FltSvy Gender Part Nsamp           l20          l23          l26          l29         l32          l35          l38         l41        l44        l47        l50        l53         l56        l59        l62        l65        l68        l71         l74        l77        l80        l83         l86         l89        l92        l95         l98        l101        l104        l107        l110        l113        l116        l119        l122         l125         l128         l131         l134         l137         l140         l143         l146         l149         l152
   26    1      1      0    0   125  1.401940e-27 2.190649e-06 2.094114e-03 0.0168530183 0.012242117 0.0116801924 0.0002395589 0.002846879 0.02755353 0.06312194 0.03700470 0.03438639 0.040843949 0.02604270 0.02351136 0.02132593 0.06921486 0.02661371 0.026669513 0.02218337 0.02236134 0.02866128 0.033403741 0.032017071 0.02798454 0.02729343 0.049461884 0.030925690 0.027575423 0.010398028 0.016946527 0.012544903 0.026396798 0.033157705 0.018014389 0.0303469853 0.0281740298 0.0242666679 0.0172661022 1.509973e-02 1.195975e-02 9.888263e-03 3.083098e-05 2.932561e-06 1.391938e-03
   36    1      1      0    0   125 1.248692e-202 3.165481e-05 3.424662e-04 0.0319888869 0.017706023 0.0033457125 0.0079192313 0.070271013 0.02478795 0.05176174 0.08314460 0.01957339 0.025500204 0.04085914 0.04274056 0.03153694 0.04854663 0.03672950 0.043248972 0.04200255 0.01273074 0.02231232 0.051463373 0.044348819 0.03346088 0.03373300 0.004989285 0.016450156 0.041675901 0.011368790 0.011308662 0.009634476 0.028652518 0.017611716 0.006149639 0.0057402772 0.0030549575 0.0035401000 0.0026726483 9.854596e-04 2.409863e-03 6.707658e-03 4.898659e-03 1.167659e-04 1.946179e-03
   46    1      1      0    0   125 1.558963e-125 4.319373e-07 1.079370e-03 0.0108930738 0.015434432 0.0004033783 0.0044767078 0.007129487 0.04143969 0.04374075 0.07134392 0.13956344 0.011557439 0.02644629 0.03797960 0.07432968 0.02216374 0.03129078 0.022603863 0.02419699 0.04270378 0.02415080 0.026751888 0.050234604 0.02751698 0.01602238 0.029204297 0.012678289 0.020428584 0.031468921 0.021364053 0.049049658 0.015973265 0.014372414 0.008076087 0.0131572239 0.0001795104 0.0054064932 0.0015000726 1.468635e-07 3.917226e-04 9.864108e-06 2.627357e-03 4.508701e-04 2.076609e-04
   56    1      1      0    0   125  6.014228e-70 3.632657e-05 3.790627e-04 0.0045425188 0.011749681 0.0013840127 0.0021373577 0.017127887 0.03406247 0.12427304 0.07773083 0.04844899 0.039092000 0.03039562 0.08311469 0.02619371 0.04196535 0.05169591 0.035951165 0.03416171 0.04106973 0.02928604 0.029914195 0.022924952 0.03495386 0.04123385 0.028178737 0.012142040 0.009527581 0.021710628 0.018866423 0.007812068 0.004002951 0.002609711 0.004628992 0.0010962051 0.0032533769 0.0137530730 0.0050559588 1.278905e-03 1.427511e-05 2.243990e-03 5.376280e-14 1.125089e-07 5.955194e-10
   60    1      1      0    0   125  1.040305e-92 3.430953e-10 4.087743e-03 0.0074404744 0.022245156 0.0044742198 0.0006248808 0.027900828 0.04652234 0.08928991 0.07507114 0.02774214 0.023294775 0.04220478 0.03003259 0.01351775 0.03898775 0.02053932 0.050902962 0.02933013 0.02875214 0.02896352 0.029475121 0.024150582 0.03490700 0.05016972 0.023405198 0.020487891 0.011270522 0.019481597 0.017339441 0.043147567 0.018119414 0.023828065 0.025190852 0.0038027902 0.0175548910 0.0022541048 0.0002938702 2.056849e-02 1.280655e-04 2.299365e-03 3.082268e-07 6.638474e-07 1.999291e-04
   64    1      1      0    0   125  1.812967e-04 4.023384e-10 6.642541e-06 0.0061939124 0.002037842 0.0024196337 0.0126456473 0.021492177 0.02748535 0.09376017 0.05617857 0.05196407 0.019082710 0.03154264 0.04129849 0.02652676 0.02659526 0.04639808 0.033653035 0.03086216 0.04397683 0.03911877 0.025483408 0.028276234 0.04535990 0.03207920 0.031669198 0.011730505 0.023785624 0.061017004 0.019792442 0.017394369 0.032010893 0.006193389 0.008117803 0.0005906174 0.0114888577 0.0103795484 0.0021120221 9.234239e-03 2.024935e-03 1.308507e-04 1.997618e-06 1.967038e-10 7.706922e-03
   68    1      1      0    0   125 6.419825e-113 1.060167e-06 2.005878e-05 0.0076178495 0.001658351 0.0001139023 0.0117738829 0.010433338 0.02110765 0.07028812 0.04599362 0.01455159 0.047936866 0.03012856 0.03190202 0.03304790 0.03325821 0.05864468 0.025073013 0.05036305 0.03973225 0.02764393 0.026798185 0.023809526 0.03319075 0.02506136 0.005520846 0.038842837 0.058129599 0.028133283 0.051347981 0.057733063 0.019687793 0.026161322 0.002200008 0.0047427558 0.0108987159 0.0007488795 0.0032806096 5.219477e-04 5.870839e-05 4.834934e-03 1.011940e-02 3.449774e-16 6.887602e-03
   72    1      1      0    0   125 1.902143e-229 2.762768e-12 1.296373e-03 0.0079120180 0.014877023 0.0009807716 0.0005648739 0.013979460 0.02969841 0.07502996 0.05471880 0.02727266 0.037008121 0.05618879 0.05294434 0.09248257 0.05049027 0.03452230 0.066154248 0.03023150 0.01211967 0.04857041 0.029960778 0.023374281 0.02855564 0.05091791 0.020915395 0.023334405 0.029203963 0.008114371 0.024684778 0.013265179 0.002154105 0.005743417 0.009462986 0.0010608444 0.0025327522 0.0117269048 0.0001203589 5.617048e-03 2.809196e-06 4.868588e-06 3.928283e-06 2.183229e-03 1.747671e-05
   76    1      1      0    0   125 5.601336e-236 2.302169e-16 1.600466e-06 0.0356456934 0.022398528 0.0003098445 0.0026183974 0.009667835 0.05991072 0.03646591 0.05956039 0.06612600 0.009111678 0.03255204 0.07830902 0.04821693 0.04197497 0.01598456 0.046836453 0.03101704 0.01735227 0.04268045 0.054160719 0.004671562 0.02978351 0.03295547 0.034854844 0.050222271 0.021856538 0.013388727 0.009169249 0.008682095 0.027388447 0.006079255 0.005812810 0.0097274233 0.0053553106 0.0140213610 0.0001569378 2.748447e-06 8.934721e-03 6.013858e-03 2.078991e-09 2.131471e-05 4.996837e-07
   80    1      1      0    0   125  9.473062e-07 5.633452e-09 4.757888e-03 0.0045962436 0.030089122 0.0024886604 0.0088980211 0.007712375 0.04998953 0.06929330 0.07408911 0.02353096 0.032596026 0.03629502 0.03374385 0.01908197 0.09920897 0.03829392 0.050388018 0.04520211 0.04715863 0.01071646 0.005614251 0.008476781 0.04402700 0.01522251 0.055592001 0.028618587 0.028361641 0.008962998 0.015453150 0.017946437 0.010600169 0.020774288 0.019462456 0.0144324494 0.0031640520 0.0077129739 0.0068614342 5.533677e-04 3.123651e-09 3.570282e-07 3.092912e-05 1.190593e-18 1.018750e-06
   84    1      1      0    0   125 1.373758e-157 2.248830e-04 7.418139e-04 0.0070890306 0.001980880 0.0003685887 0.0008151899 0.020181043 0.03334208 0.07381284 0.07744443 0.05052430 0.037803839 0.05568994 0.02890154 0.04600575 0.03306783 0.01833547 0.009455284 0.03617846 0.03165098 0.05142731 0.044696175 0.042247083 0.02374172 0.01190843 0.063632408 0.013021763 0.031942290 0.013395843 0.024595564 0.044859070 0.036873635 0.008232705 0.005298500 0.0001771737 0.0001520332 0.0031209222 0.0003475523 1.589674e-02 8.134565e-04 1.076701e-06 1.656803e-17 4.375869e-06 1.335852e-09
   88    1      1      0    0   125 8.603341e-276 1.965688e-26 2.442932e-04 0.0002484052 0.007957382 0.0047912759 0.0038380829 0.027356215 0.04854391 0.09164816 0.05459105 0.03553280 0.030926497 0.05840742 0.02795974 0.06307624 0.04378397 0.02487818 0.052756116 0.02375066 0.04727455 0.03201609 0.023851710 0.012091425 0.04239658 0.02266221 0.016651134 0.034214432 0.016945454 0.019640136 0.020324876 0.049216878 0.002714429 0.024494664 0.010250822 0.0064070074 0.0095485602 0.0035492603 0.0032511172 1.944052e-04 1.408606e-03 1.704262e-04 1.407653e-05 4.207489e-04 2.243027e-09
   92    1      1      0    0   125 4.558516e-305 2.391418e-11 3.136748e-03 0.0048435337 0.003612247 0.0158686926 0.0007933925 0.048051387 0.03527621 0.04506935 0.08234661 0.05401289 0.023253332 0.04014571 0.04472362 0.08159046 0.07541548 0.01339544 0.046425230 0.03002159 0.02552497 0.01777077 0.058530301 0.014185374 0.02067554 0.01159894 0.035848529 0.045824571 0.019818751 0.036720864 0.005551941 0.013242059 0.009896007 0.009005867 0.011331841 0.0051467084 0.0059996927 0.0002184223 0.0019193655 1.048073e-05 2.494822e-05 1.982257e-04 2.913139e-03 4.141346e-08 6.071316e-05
   96    1      1      0    0   125 2.207483e-219 5.634833e-52 3.214360e-05 0.0057846862 0.013690229 0.0004337926 0.0010495973 0.024684723 0.05187038 0.05414145 0.04080195 0.04395849 0.032338927 0.02019660 0.07417828 0.01749953 0.07073573 0.05617728 0.046172082 0.03598386 0.09924908 0.00561488 0.026002964 0.019409349 0.02954851 0.02093480 0.019846486 0.063116571 0.023164768 0.016135960 0.015547000 0.016700510 0.007934012 0.013394040 0.002340312 0.0080074032 0.0071325710 0.0106773865 0.0026938847 9.622222e-04 1.840290e-03 1.264569e-05 3.987355e-06 4.074554e-12 6.362542e-07
  100    1      1      0    0   125  1.772242e-96 4.432625e-04 1.594880e-03 0.0147212604 0.010807406 0.0033585047 0.0004692647 0.015878484 0.01884860 0.08398477 0.05138570 0.06869271 0.042835589 0.01036429 0.04697838 0.09534300 0.07521342 0.04598420 0.034625363 0.04189563 0.02442143 0.02479353 0.027970087 0.047134490 0.03256165 0.02318464 0.047315025 0.016769561 0.010958496 0.003324628 0.004945659 0.009750688 0.028355780 0.005901645 0.009334108 0.0173225098 0.0007195597 0.0001172314 0.0007041400 1.247862e-05 2.083057e-04 7.621943e-04 1.061607e-11 7.433190e-06 4.877585e-09
   76    1      2      0    0   500  8.669737e-56 2.056070e-03 1.126321e-02 0.0566100603 0.044095999 0.0131462727 0.0098075337 0.029260919 0.04534240 0.06471773 0.07896975 0.03839132 0.026018644 0.02816070 0.02896862 0.04157552 0.02399627 0.04217435 0.034600604 0.02878568 0.03597041 0.03497612 0.033428027 0.027032616 0.01699494 0.01487178 0.022547988 0.028279630 0.014468743 0.023876985 0.022001716 0.017730640 0.015655845 0.008444110 0.005312358 0.0053242319 0.0077206424 0.0078755275 0.0074016713 1.670573e-03 2.837349e-04 2.645981e-06 1.046435e-04 7.994304e-05 2.830672e-06
   78    1      2      0    0   500  9.632247e-13 5.169227e-04 2.164419e-02 0.0413074762 0.043542135 0.0172220063 0.0126028939 0.021769737 0.03087378 0.06891325 0.07419309 0.02692900 0.025029526 0.03007849 0.03142275 0.03207342 0.03656879 0.04538581 0.033897670 0.02993657 0.04308175 0.03371353 0.034457253 0.021893174 0.02649057 0.02195534 0.017766361 0.022870097 0.017077515 0.010445911 0.016413618 0.029872327 0.016502310 0.015335364 0.006513671 0.0085704385 0.0054570788 0.0022217010 0.0087877290 3.966306e-03 5.845113e-03 7.926163e-05 6.087779e-03 2.808215e-04 4.074824e-04
   80    1      2      0    0   500  3.954794e-06 2.361403e-03 1.905113e-02 0.0654259566 0.051414004 0.0225498843 0.0060694069 0.034630736 0.03834225 0.04894403 0.05422196 0.05326529 0.047996442 0.02614009 0.04264546 0.03810659 0.03952167 0.03579793 0.026301950 0.02680783 0.02304871 0.02859761 0.021566932 0.030777115 0.02367169 0.02562569 0.023587476 0.013833660 0.021424552 0.018379556 0.013026725 0.013943594 0.013867975 0.010183805 0.006012305 0.0071891041 0.0064411476 0.0026446776 0.0025584638 1.983490e-04 9.520688e-03 9.552101e-04 5.159761e-04 1.652848e-03 1.178178e-03
   82    1      2      0    0   500  1.517537e-10 1.134358e-03 1.364070e-02 0.0478957246 0.056413790 0.0153677854 0.0095801449 0.027625285 0.03525690 0.04625799 0.06950006 0.04364607 0.025604329 0.03457896 0.03749119 0.04554222 0.03271864 0.04091627 0.035953224 0.02563855 0.03703637 0.04496746 0.022689003 0.016052766 0.02212888 0.01598663 0.020430395 0.020558950 0.022223033 0.034355255 0.015691175 0.016891363 0.021141778 0.012004270 0.005100203 0.0049481808 0.0023565484 0.0074093267 0.0035842523 4.053594e-03 1.175428e-03 2.175988e-03 1.464866e-03 2.135368e-06 8.099550e-04
   84    1      2      0    0   500  1.750205e-41 1.051215e-03 1.361770e-02 0.0714304060 0.056271486 0.0167993053 0.0129624932 0.023052530 0.04886288 0.05918031 0.04954272 0.03253458 0.030485923 0.04335324 0.03854394 0.04757153 0.02129609 0.02832882 0.032454353 0.02622752 0.03101911 0.03706680 0.024206427 0.030159457 0.02124063 0.03647444 0.014023193 0.027798949 0.033051516 0.009497698 0.014186678 0.014420952 0.012079918 0.006701673 0.008107291 0.0079634119 0.0096921081 0.0027819231 0.0031841573 1.579094e-03 8.111663e-05 4.097036e-04 6.520843e-04 5.527155e-10 5.462297e-05
   86    1      2      0    0   500  2.760335e-15 1.017218e-03 3.614452e-02 0.0584657576 0.069406543 0.0273124107 0.0094250200 0.031868343 0.04462607 0.04736977 0.04332719 0.03129179 0.020982564 0.02518118 0.04250324 0.02683580 0.04364449 0.04101082 0.042319667 0.03180134 0.02392769 0.02321966 0.025581432 0.038308062 0.02401446 0.03239059 0.029105767 0.015053041 0.014653771 0.020858950 0.019957039 0.014622096 0.008908436 0.007794846 0.004427193 0.0073119841 0.0053068692 0.0028653614 0.0028719378 1.759154e-03 1.101005e-03 8.870852e-05 3.581293e-04 5.381207e-06 9.747143e-04
   88    1      2      0    0   500  1.186712e-10 6.545163e-04 1.441369e-02 0.0351812903 0.047658599 0.0199557124 0.0101505854 0.022691337 0.05130172 0.07849637 0.06381385 0.03266806 0.027427756 0.03855248 0.02873223 0.03276241 0.04271934 0.03326435 0.028201440 0.02284162 0.02711196 0.04252829 0.028003022 0.034539630 0.02473859 0.03519796 0.029697392 0.011627504 0.018680124 0.026191378 0.032596966 0.007081136 0.011564949 0.010447062 0.007957151 0.0014505366 0.0083700394 0.0029725433 0.0044590347 8.858289e-05 3.666963e-04 1.141176e-03 9.813708e-04 6.483897e-04 7.115939e-05
   90    1      2      0    0   500  1.149256e-24 9.131350e-05 1.986873e-02 0.0823892496 0.059626303 0.0152003217 0.0078073012 0.021921152 0.04474082 0.05198888 0.03989972 0.03045895 0.036515591 0.03129189 0.02066567 0.03633035 0.04011463 0.03093662 0.032809496 0.04050286 0.02190893 0.03371430 0.012073143 0.030539741 0.03154476 0.03805039 0.032774974 0.007164125 0.020473278 0.021791967 0.009983514 0.014758905 0.016535848 0.012714639 0.014001776 0.0121194514 0.0119283926 0.0064532708 0.0024657752 1.016495e-03 1.109095e-03 2.452775e-03 3.904444e-04 8.689926e-04 5.148995e-06
   92    1      2      0    0   500  8.123365e-05 1.734515e-04 1.862864e-02 0.0446093214 0.046238196 0.0225149690 0.0065926214 0.018536320 0.03063641 0.05205488 0.06186194 0.04495062 0.051573150 0.03475123 0.04012325 0.03312851 0.05698336 0.03016349 0.026346405 0.02496098 0.03862276 0.03718763 0.030793888 0.020714787 0.02487986 0.02179593 0.031453581 0.025000324 0.017246350 0.011320736 0.008594978 0.022276931 0.009874062 0.015764855 0.008467611 0.0069775877 0.0083153900 0.0047826992 0.0048187169 4.733261e-03 2.787477e-05 1.153417e-03 2.226154e-04 5.561769e-05 9.563696e-06
   94    1      2      0    0   500  1.950992e-05 3.056086e-04 9.490948e-03 0.0540661540 0.046021023 0.0137587049 0.0056527415 0.022880852 0.03331873 0.06329643 0.05678641 0.05707674 0.036354211 0.03090490 0.03170863 0.04922451 0.03728028 0.04501972 0.037146449 0.02359749 0.03632825 0.03507964 0.034735478 0.029313088 0.02446743 0.02829610 0.017667225 0.020214016 0.020504132 0.018979245 0.017874928 0.012837101 0.006316844 0.013165491 0.002718074 0.0083857126 0.0083359435 0.0059276477 0.0005353037 8.653080e-04 2.868627e-03 1.888267e-04 2.828922e-04 8.227802e-07 2.018176e-04
   96    1      2      0    0   500  8.217938e-06 3.888257e-03 1.695824e-02 0.0401310935 0.061460157 0.0236876348 0.0068005152 0.024535006 0.05143135 0.03086291 0.05384053 0.04274346 0.029281853 0.02714274 0.04385954 0.04334170 0.04100494 0.04489199 0.046297201 0.03260753 0.03648186 0.02514277 0.023326338 0.016800427 0.02701279 0.01898083 0.024553362 0.033378410 0.016874628 0.014744828 0.010188183 0.011599628 0.012885299 0.023965887 0.008175554 0.0087757354 0.0089062213 0.0053252573 0.0030803056 2.268171e-03 1.238949e-03 1.297351e-03 4.145050e-05 1.499525e-04 3.093826e-05
   98    1      2      0    0   500  4.712322e-17 2.290521e-03 2.023146e-02 0.0552701800 0.052711662 0.0174979045 0.0145141243 0.028731278 0.04513554 0.05475673 0.06673524 0.04566522 0.023845454 0.02142461 0.03991818 0.03036077 0.05789040 0.02904849 0.022205784 0.03098629 0.04042699 0.03575645 0.033518372 0.029400668 0.02152892 0.02917898 0.016176837 0.011423894 0.017333532 0.018326580 0.007405963 0.016258705 0.019527641 0.008971993 0.007762522 0.0110713901 0.0023040621 0.0042143261 0.0045000762 1.811624e-03 5.107197e-04 1.411630e-03 8.928230e-04 1.357552e-06 1.064115e-03
  100    1      2      0    0   500  3.434011e-20 3.824083e-03 2.562486e-02 0.0346448766 0.036638695 0.0228468674 0.0153217093 0.021935593 0.05258300 0.06602902 0.05941118 0.03242142 0.016485653 0.03122729 0.04317492 0.03543071 0.04202508 0.03928163 0.037217786 0.02246960 0.03151724 0.04250835 0.032103920 0.031616925 0.02071732 0.02182029 0.022427835 0.029812292 0.018997402 0.020667769 0.021547197 0.011331329 0.016752724 0.011854083 0.002869571 0.0072948060 0.0040078597 0.0083109233 0.0018361746 4.537164e-04 1.734907e-03 1.099903e-04 3.671683e-04 1.883390e-04 5.578966e-04
15 #_N_agebins
#_agebin_vector
1 2 3 4 5 6 7 8 9 10 11 12 13 14 15
1 #_N_ageerror_definitions
 #_age0   age1   age2   age3   age4   age5   age6   age7   age8   age9  age10  age11  age12  age13  age14  age15  age16  age17  age18  age19  age20  age21  age22  age23  age24  age25
 -1.000 -1.000 -1.000 -1.000 -1.000 -1.000 -1.000 -1.000 -1.000 -1.000 -1.000 -1.000 -1.000 -1.000 -1.000 -1.000 -1.000 -1.000 -1.000 -1.000 -1.000 -1.000 -1.000 -1.000 -1.000 -1.000
  0.001  0.001  0.001  0.001  0.001  0.001  0.001  0.001  0.001  0.001  0.001  0.001  0.001  0.001  0.001  0.001  0.001  0.001  0.001  0.001  0.001  0.001  0.001  0.001  0.001  0.001
83 #_N_agecomp
1 #_Lbin_method: 1=poplenbins; 2=datalenbins; 3=lengths
-1 #_combine males into females at or below this bin number
 #_Yr Seas FltSvy Gender Part Ageerr Lbin_lo Lbin_hi Nsamp          a1        a2        a3         a4         a5         a6         a7         a8         a9         a10         a11         a12         a13          a14          a15
   26    1      1      0    0      1      -1      -1   125  0.02225727 0.1197020 0.1410764 0.16647493 0.08184529 0.08639498 0.08428230 0.04893383 0.05165576 0.027420833 0.033240890 0.015684612 0.017137093 0.0125306109 0.0913632328
   36    1      1      0    0      1      -1      -1   125  0.07967671 0.2713978 0.1667871 0.12503588 0.09788456 0.07908905 0.04280822 0.02997983 0.01754640 0.024584432 0.013464882 0.014796187 0.006811707 0.0066393492 0.0234978828
   46    1      1      0    0      1      -1      -1   125  0.01709848 0.2845405 0.1945756 0.10698701 0.11550007 0.09075635 0.03425643 0.03632470 0.02456524 0.009610844 0.006035193 0.022342139 0.014380684 0.0196921413 0.0233346021
   56    1      1      0    0      1      -1      -1   125  0.02361169 0.3009927 0.2085456 0.14986082 0.06353675 0.07089222 0.03206328 0.07397825 0.02434370 0.009739220 0.018947273 0.015971345 0.001413519 0.0014311586 0.0046725125
   60    1      1      0    0      1      -1      -1   125  0.02544598 0.2046991 0.2329004 0.14343571 0.08205532 0.05910100 0.07253171 0.08441619 0.03225579 0.008911545 0.017868621 0.002813990 0.006463892 0.0006403636 0.0264603152
   64    1      1      0    0      1      -1      -1   125  0.06488673 0.2203052 0.2067854 0.13885303 0.08891348 0.05980713 0.09627685 0.03118386 0.02314753 0.026945417 0.006982328 0.007517554 0.010513587 0.0039058912 0.0139759908
   68    1      1      0    0      1      -1      -1   125  0.02784149 0.1931255 0.1887680 0.22317405 0.09964299 0.04446354 0.05913262 0.03796734 0.03089825 0.008109737 0.019179645 0.008325430 0.003628683 0.0109400771 0.0448025933
   72    1      1      0    0      1      -1      -1   125  0.01655887 0.3118957 0.2449614 0.12760059 0.06423979 0.08047005 0.05802997 0.02331338 0.02227389 0.009028531 0.009043007 0.016137925 0.008292885 0.0063225050 0.0018315166
   76    1      1      0    0      1      -1      -1   125  0.04950648 0.2497994 0.1862177 0.11745190 0.12709009 0.11322780 0.05386765 0.03312573 0.02153872 0.006204596 0.012893881 0.009122608 0.008251155 0.0044875679 0.0072147280
   80    1      1      0    0      1      -1      -1   125  0.04106122 0.1831517 0.1842730 0.15037114 0.15955814 0.08393629 0.06295442 0.02029666 0.02507025 0.010404973 0.018280654 0.003522241 0.026027625 0.0224855331 0.0086061299
   84    1      1      0    0      1      -1      -1   125  0.05298062 0.2236570 0.2031127 0.13290869 0.11557596 0.06585004 0.04301825 0.06581023 0.03301555 0.032944064 0.019998887 0.001748141 0.002434427 0.0038024786 0.0031429747
   88    1      1      0    0      1      -1      -1   125  0.04668062 0.2453540 0.1811407 0.11877466 0.12826405 0.07909813 0.06800361 0.04129650 0.01738439 0.024041517 0.023084911 0.009665803 0.005202481 0.0114611722 0.0005474234
   92    1      1      0    0      1      -1      -1   125  0.03278632 0.3428423 0.1566928 0.11557864 0.11265908 0.05866592 0.04645519 0.02573822 0.02119479 0.020439732 0.025983753 0.006082689 0.004694559 0.0049804347 0.0252056021
   96    1      1      0    0      1      -1      -1   125  0.02792707 0.2555158 0.2298647 0.08798370 0.12904720 0.07052075 0.03930825 0.01969380 0.05039176 0.037017096 0.010874144 0.007474430 0.003485306 0.0011852069 0.0297108197
  100    1      1      0    0      1      -1      -1   125  0.04486733 0.1982400 0.2285774 0.12626617 0.15480586 0.08758257 0.03038528 0.04880019 0.02505584 0.018461727 0.007152097 0.005404539 0.005519414 0.0155814204 0.0033001062
   76    1      2      0    0      1      -1      -1   500  0.13943732 0.2350913 0.1603257 0.13219783 0.10096895 0.08852224 0.02450534 0.04450869 0.02160451 0.021159115 0.009010041 0.006993954 0.003802036 0.0023136679 0.0095593143
   78    1      2      0    0      1      -1      -1   500  0.13929990 0.2562881 0.1556714 0.12106982 0.08186222 0.05495476 0.06315452 0.03929143 0.02205074 0.015232901 0.015177940 0.003928925 0.006035335 0.0136054522 0.0123765355
   80    1      2      0    0      1      -1      -1   500  0.15483642 0.2161780 0.1499358 0.11093704 0.07972203 0.08642213 0.06607765 0.02596366 0.04523279 0.026760269 0.010935070 0.007815004 0.003970280 0.0075319841 0.0076818543
   82    1      2      0    0      1      -1      -1   500  0.15521102 0.2267031 0.1600631 0.11817471 0.10422899 0.05518547 0.05515207 0.03718923 0.02447109 0.012483597 0.008971828 0.016662687 0.005285657 0.0084997203 0.0117177503
   84    1      2      0    0      1      -1      -1   500  0.13794744 0.2337518 0.1411458 0.13082318 0.09498437 0.07229220 0.06344826 0.03231813 0.03707883 0.015979502 0.010822535 0.013795169 0.006447111 0.0036636823 0.0055019883
   86    1      2      0    0      1      -1      -1   500  0.14053734 0.2144694 0.1594431 0.12731584 0.11153311 0.07501832 0.04714411 0.02914189 0.02776284 0.015487075 0.013453778 0.008853604 0.016179541 0.0010476497 0.0126123926
   88    1      2      0    0      1      -1      -1   500  0.13061837 0.2405902 0.1937107 0.10859339 0.09783613 0.05799894 0.02248300 0.04243665 0.02282169 0.029816990 0.018705277 0.014016563 0.002687191 0.0031334219 0.0145515156
   90    1      2      0    0      1      -1      -1   500  0.16114736 0.2416396 0.1617612 0.10544323 0.07668849 0.05668292 0.05633612 0.02952196 0.03124421 0.023103339 0.017028476 0.007851372 0.011970741 0.0069042953 0.0126767328
   92    1      2      0    0      1      -1      -1   500  0.16506337 0.2685692 0.1715301 0.09713868 0.10094348 0.04674698 0.05132384 0.02561723 0.01745815 0.018907184 0.009558994 0.007716782 0.004612340 0.0024193639 0.0123943163
   94    1      2      0    0      1      -1      -1   500  0.17331141 0.2478293 0.1592009 0.09157225 0.08485514 0.06630113 0.05608914 0.04665728 0.01985542 0.014958072 0.017793744 0.004320442 0.007503859 0.0048558915 0.0048959840
   96    1      2      0    0      1      -1      -1   500  0.15749469 0.2368955 0.1658214 0.14932685 0.05739217 0.06246963 0.05414006 0.03535405 0.02234435 0.013496803 0.007643066 0.014139253 0.001780441 0.0097744797 0.0119272180
   98    1      2      0    0      1      -1      -1   500  0.12575749 0.2319896 0.1619420 0.12549962 0.09433501 0.06956110 0.03947241 0.03312156 0.02973348 0.021812896 0.017219032 0.007945283 0.022125499 0.0075014209 0.0119835551
  100    1      2      0    0      1      -1      -1   500  0.17476338 0.2087712 0.1852555 0.12395314 0.08002240 0.06064496 0.04307026 0.02452921 0.02426331 0.023122649 0.008892006 0.008841712 0.007714617 0.0139619109 0.0121937928
   60    1      1      0    0      1       5       5     1  1.00000000 0.0000000 0.0000000 0.00000000 0.00000000 0.00000000 0.00000000 0.00000000 0.00000000 0.000000000 0.000000000 0.000000000 0.000000000 0.0000000000 0.0000000000
   60    1      1      0    0      1       6       6     1  1.00000000 0.0000000 0.0000000 0.00000000 0.00000000 0.00000000 0.00000000 0.00000000 0.00000000 0.000000000 0.000000000 0.000000000 0.000000000 0.0000000000 0.0000000000
   60    1      1      0    0      1       7       7     1  1.00000000 0.0000000 0.0000000 0.00000000 0.00000000 0.00000000 0.00000000 0.00000000 0.00000000 0.000000000 0.000000000 0.000000000 0.000000000 0.0000000000 0.0000000000
   60    1      1      0    0      1       8       8     3  3.00000000 0.0000000 0.0000000 0.00000000 0.00000000 0.00000000 0.00000000 0.00000000 0.00000000 0.000000000 0.000000000 0.000000000 0.000000000 0.0000000000 0.0000000000
   60    1      1      0    0      1       9       9     7  7.00000000 0.0000000 0.0000000 0.00000000 0.00000000 0.00000000 0.00000000 0.00000000 0.00000000 0.000000000 0.000000000 0.000000000 0.000000000 0.0000000000 0.0000000000
   60    1      1      0    0      1      10      10    10 10.00000000 0.0000000 0.0000000 0.00000000 0.00000000 0.00000000 0.00000000 0.00000000 0.00000000 0.000000000 0.000000000 0.000000000 0.000000000 0.0000000000 0.0000000000
   60    1      1      0    0      1      11      11     8  8.00000000 0.0000000 0.0000000 0.00000000 0.00000000 0.00000000 0.00000000 0.00000000 0.00000000 0.000000000 0.000000000 0.000000000 0.000000000 0.0000000000 0.0000000000
   60    1      1      0    0      1      12      12     1  1.00000000 0.0000000 0.0000000 0.00000000 0.00000000 0.00000000 0.00000000 0.00000000 0.00000000 0.000000000 0.000000000 0.000000000 0.000000000 0.0000000000 0.0000000000
   60    1      1      0    0      1      13      13     3  3.00000000 0.0000000 0.0000000 0.00000000 0.00000000 0.00000000 0.00000000 0.00000000 0.00000000 0.000000000 0.000000000 0.000000000 0.000000000 0.0000000000 0.0000000000
   60    1      1      0    0      1      14      14     6  6.00000000 0.0000000 0.0000000 0.00000000 0.00000000 0.00000000 0.00000000 0.00000000 0.00000000 0.000000000 0.000000000 0.000000000 0.000000000 0.0000000000 0.0000000000
   60    1      1      0    0      1      15      15     5  5.00000000 0.0000000 0.0000000 0.00000000 0.00000000 0.00000000 0.00000000 0.00000000 0.00000000 0.000000000 0.000000000 0.000000000 0.000000000 0.0000000000 0.0000000000
   60    1      1      0    0      1      16      16     1  1.00000000 0.0000000 0.0000000 0.00000000 0.00000000 0.00000000 0.00000000 0.00000000 0.00000000 0.000000000 0.000000000 0.000000000 0.000000000 0.0000000000 0.0000000000
   60    1      1      0    0      1      17      17     6  6.00000000 0.0000000 0.0000000 0.00000000 0.00000000 0.00000000 0.00000000 0.00000000 0.00000000 0.000000000 0.000000000 0.000000000 0.000000000 0.0000000000 0.0000000000
   60    1      1      0    0      1      18      18     3  3.00000000 0.0000000 0.0000000 0.00000000 0.00000000 0.00000000 0.00000000 0.00000000 0.00000000 0.000000000 0.000000000 0.000000000 0.000000000 0.0000000000 0.0000000000
   60    1      1      0    0      1      19      19     7  7.00000000 0.0000000 0.0000000 0.00000000 0.00000000 0.00000000 0.00000000 0.00000000 0.00000000 0.000000000 0.000000000 0.000000000 0.000000000 0.0000000000 0.0000000000
   60    1      1      0    0      1      20      20     1  1.00000000 0.0000000 0.0000000 0.00000000 0.00000000 0.00000000 0.00000000 0.00000000 0.00000000 0.000000000 0.000000000 0.000000000 0.000000000 0.0000000000 0.0000000000
   60    1      1      0    0      1      21      21     1  1.00000000 0.0000000 0.0000000 0.00000000 0.00000000 0.00000000 0.00000000 0.00000000 0.00000000 0.000000000 0.000000000 0.000000000 0.000000000 0.0000000000 0.0000000000
   60    1      1      0    0      1      22      22     2  2.00000000 0.0000000 0.0000000 0.00000000 0.00000000 0.00000000 0.00000000 0.00000000 0.00000000 0.000000000 0.000000000 0.000000000 0.000000000 0.0000000000 0.0000000000
   60    1      1      0    0      1      23      23     7  7.00000000 0.0000000 0.0000000 0.00000000 0.00000000 0.00000000 0.00000000 0.00000000 0.00000000 0.000000000 0.000000000 0.000000000 0.000000000 0.0000000000 0.0000000000
   60    1      1      0    0      1      24      24     2  2.00000000 0.0000000 0.0000000 0.00000000 0.00000000 0.00000000 0.00000000 0.00000000 0.00000000 0.000000000 0.000000000 0.000000000 0.000000000 0.0000000000 0.0000000000
   60    1      1      0    0      1      25      25     2  2.00000000 0.0000000 0.0000000 0.00000000 0.00000000 0.00000000 0.00000000 0.00000000 0.00000000 0.000000000 0.000000000 0.000000000 0.000000000 0.0000000000 0.0000000000
   60    1      1      0    0      1      26      26     6  5.00000000 1.0000000 0.0000000 0.00000000 0.00000000 0.00000000 0.00000000 0.00000000 0.00000000 0.000000000 0.000000000 0.000000000 0.000000000 0.0000000000 0.0000000000
   60    1      1      0    0      1      27      27     4  4.00000000 0.0000000 0.0000000 0.00000000 0.00000000 0.00000000 0.00000000 0.00000000 0.00000000 0.000000000 0.000000000 0.000000000 0.000000000 0.0000000000 0.0000000000
   60    1      1      0    0      1      28      28     1  0.00000000 1.0000000 0.0000000 0.00000000 0.00000000 0.00000000 0.00000000 0.00000000 0.00000000 0.000000000 0.000000000 0.000000000 0.000000000 0.0000000000 0.0000000000
   60    1      1      0    0      1      29      29     1  0.00000000 1.0000000 0.0000000 0.00000000 0.00000000 0.00000000 0.00000000 0.00000000 0.00000000 0.000000000 0.000000000 0.000000000 0.000000000 0.0000000000 0.0000000000
   60    1      1      0    0      1      31      31     2  0.00000000 2.0000000 0.0000000 0.00000000 0.00000000 0.00000000 0.00000000 0.00000000 0.00000000 0.000000000 0.000000000 0.000000000 0.000000000 0.0000000000 0.0000000000
   60    1      1      0    0      1      32      32     4  0.00000000 4.0000000 0.0000000 0.00000000 0.00000000 0.00000000 0.00000000 0.00000000 0.00000000 0.000000000 0.000000000 0.000000000 0.000000000 0.0000000000 0.0000000000
   60    1      1      0    0      1      33      33     1  0.00000000 1.0000000 0.0000000 0.00000000 0.00000000 0.00000000 0.00000000 0.00000000 0.00000000 0.000000000 0.000000000 0.000000000 0.000000000 0.0000000000 0.0000000000
   60    1      1      0    0      1      35      35     1  0.00000000 1.0000000 0.0000000 0.00000000 0.00000000 0.00000000 0.00000000 0.00000000 0.00000000 0.000000000 0.000000000 0.000000000 0.000000000 0.0000000000 0.0000000000
   60    1      1      0    0      1      36      36     1  0.00000000 1.0000000 0.0000000 0.00000000 0.00000000 0.00000000 0.00000000 0.00000000 0.00000000 0.000000000 0.000000000 0.000000000 0.000000000 0.0000000000 0.0000000000
   60    1      1      0    0      1      37      37     1  0.00000000 1.0000000 0.0000000 0.00000000 0.00000000 0.00000000 0.00000000 0.00000000 0.00000000 0.000000000 0.000000000 0.000000000 0.000000000 0.0000000000 0.0000000000
  100    1      1      0    0      1       4       4     2  2.00000000 0.0000000 0.0000000 0.00000000 0.00000000 0.00000000 0.00000000 0.00000000 0.00000000 0.000000000 0.000000000 0.000000000 0.000000000 0.0000000000 0.0000000000
  100    1      1      0    0      1       5       5     1  1.00000000 0.0000000 0.0000000 0.00000000 0.00000000 0.00000000 0.00000000 0.00000000 0.00000000 0.000000000 0.000000000 0.000000000 0.000000000 0.0000000000 0.0000000000
  100    1      1      0    0      1       8       8     3  3.00000000 0.0000000 0.0000000 0.00000000 0.00000000 0.00000000 0.00000000 0.00000000 0.00000000 0.000000000 0.000000000 0.000000000 0.000000000 0.0000000000 0.0000000000
  100    1      1      0    0      1      10      10    12 12.00000000 0.0000000 0.0000000 0.00000000 0.00000000 0.00000000 0.00000000 0.00000000 0.00000000 0.000000000 0.000000000 0.000000000 0.000000000 0.0000000000 0.0000000000
  100    1      1      0    0      1      11      11     4  4.00000000 0.0000000 0.0000000 0.00000000 0.00000000 0.00000000 0.00000000 0.00000000 0.00000000 0.000000000 0.000000000 0.000000000 0.000000000 0.0000000000 0.0000000000
  100    1      1      0    0      1      12      12     9  9.00000000 0.0000000 0.0000000 0.00000000 0.00000000 0.00000000 0.00000000 0.00000000 0.00000000 0.000000000 0.000000000 0.000000000 0.000000000 0.0000000000 0.0000000000
  100    1      1      0    0      1      13      13     4  4.00000000 0.0000000 0.0000000 0.00000000 0.00000000 0.00000000 0.00000000 0.00000000 0.00000000 0.000000000 0.000000000 0.000000000 0.000000000 0.0000000000 0.0000000000
  100    1      1      0    0      1      15      15     3  3.00000000 0.0000000 0.0000000 0.00000000 0.00000000 0.00000000 0.00000000 0.00000000 0.00000000 0.000000000 0.000000000 0.000000000 0.000000000 0.0000000000 0.0000000000
  100    1      1      0    0      1      16      16    10 10.00000000 0.0000000 0.0000000 0.00000000 0.00000000 0.00000000 0.00000000 0.00000000 0.00000000 0.000000000 0.000000000 0.000000000 0.000000000 0.0000000000 0.0000000000
  100    1      1      0    0      1      17      17    12 12.00000000 0.0000000 0.0000000 0.00000000 0.00000000 0.00000000 0.00000000 0.00000000 0.00000000 0.000000000 0.000000000 0.000000000 0.000000000 0.0000000000 0.0000000000
  100    1      1      0    0      1      18      18     4  4.00000000 0.0000000 0.0000000 0.00000000 0.00000000 0.00000000 0.00000000 0.00000000 0.00000000 0.000000000 0.000000000 0.000000000 0.000000000 0.0000000000 0.0000000000
  100    1      1      0    0      1      19      19     4  4.00000000 0.0000000 0.0000000 0.00000000 0.00000000 0.00000000 0.00000000 0.00000000 0.00000000 0.000000000 0.000000000 0.000000000 0.000000000 0.0000000000 0.0000000000
  100    1      1      0    0      1      20      20     6  6.00000000 0.0000000 0.0000000 0.00000000 0.00000000 0.00000000 0.00000000 0.00000000 0.00000000 0.000000000 0.000000000 0.000000000 0.000000000 0.0000000000 0.0000000000
  100    1      1      0    0      1      21      21     1  1.00000000 0.0000000 0.0000000 0.00000000 0.00000000 0.00000000 0.00000000 0.00000000 0.00000000 0.000000000 0.000000000 0.000000000 0.000000000 0.0000000000 0.0000000000
  100    1      1      0    0      1      22      22     3  3.00000000 0.0000000 0.0000000 0.00000000 0.00000000 0.00000000 0.00000000 0.00000000 0.00000000 0.000000000 0.000000000 0.000000000 0.000000000 0.0000000000 0.0000000000
  100    1      1      0    0      1      23      23     3  3.00000000 0.0000000 0.0000000 0.00000000 0.00000000 0.00000000 0.00000000 0.00000000 0.00000000 0.000000000 0.000000000 0.000000000 0.000000000 0.0000000000 0.0000000000
  100    1      1      0    0      1      24      24     4  4.00000000 0.0000000 0.0000000 0.00000000 0.00000000 0.00000000 0.00000000 0.00000000 0.00000000 0.000000000 0.000000000 0.000000000 0.000000000 0.0000000000 0.0000000000
  100    1      1      0    0      1      25      25     3  3.00000000 0.0000000 0.0000000 0.00000000 0.00000000 0.00000000 0.00000000 0.00000000 0.00000000 0.000000000 0.000000000 0.000000000 0.000000000 0.0000000000 0.0000000000
  100    1      1      0    0      1      26      26     4  4.00000000 0.0000000 0.0000000 0.00000000 0.00000000 0.00000000 0.00000000 0.00000000 0.00000000 0.000000000 0.000000000 0.000000000 0.000000000 0.0000000000 0.0000000000
  100    1      1      0    0      1      27      27     3  3.00000000 0.0000000 0.0000000 0.00000000 0.00000000 0.00000000 0.00000000 0.00000000 0.00000000 0.000000000 0.000000000 0.000000000 0.000000000 0.0000000000 0.0000000000
  100    1      1      0    0      1      29      29     1  0.00000000 1.0000000 0.0000000 0.00000000 0.00000000 0.00000000 0.00000000 0.00000000 0.00000000 0.000000000 0.000000000 0.000000000 0.000000000 0.0000000000 0.0000000000
  100    1      1      0    0      1      32      32     2  0.00000000 2.0000000 0.0000000 0.00000000 0.00000000 0.00000000 0.00000000 0.00000000 0.00000000 0.000000000 0.000000000 0.000000000 0.000000000 0.0000000000 0.0000000000
  100    1      1      0    0      1      33      33     1  0.00000000 1.0000000 0.0000000 0.00000000 0.00000000 0.00000000 0.00000000 0.00000000 0.00000000 0.000000000 0.000000000 0.000000000 0.000000000 0.0000000000 0.0000000000
  100    1      1      0    0      1      35      35     1  0.00000000 1.0000000 0.0000000 0.00000000 0.00000000 0.00000000 0.00000000 0.00000000 0.00000000 0.000000000 0.000000000 0.000000000 0.000000000 0.0000000000 0.0000000000
0 #_N_MeanSize_at_Age_obs
0 #_N_environ_variables
0 #_N_environ_obs
0 #_N_sizefreq_methods
0 #_do_tags
0 #_morphcomp_data
#
999
