#C data file created using the SS_writedat function in the R package r4ss
#C should work with SS version: 
#C file write time: 2015-02-11 18:34:03
#
1 #_styr
100 #_endyr
1 #_nseas
12 #_months_per_seas
1 #_spawn_seas
1 #_Nfleet
2 #_Nsurveys
1 #_N_areas
Fishery%Survey%CPUE #_fleetnames
0.5 0.5 0.5 #_surveytiming_in_season
1 1 1 #_area_assignments_for_each_fishery_and_survey
1 #_units of catch:  1=bio; 2=num
0.01 #_se of log(catch) only used for init_eq_catch and for Fmethod 2 and 3
1 #_Ngenders
25 #_Nages
0 #_init_equil_catch_for_each_fishery
100 #_N_lines_of_catch_to_read
 #_Fishery year seas
         0    1    1
         0    2    1
         0    3    1
         0    4    1
         0    5    1
         0    6    1
         0    7    1
         0    8    1
         0    9    1
         0   10    1
         0   11    1
         0   12    1
         0   13    1
         0   14    1
         0   15    1
         0   16    1
         0   17    1
         0   18    1
         0   19    1
         0   20    1
         0   21    1
         0   22    1
         0   23    1
         0   24    1
         0   25    1
 444646000   26    1
 397608000   27    1
 357583000   28    1
 324161000   29    1
 296656000   30    1
 274240000   31    1
 256057000   32    1
 241314000   33    1
 229322000   34    1
 219511000   35    1
 211426000   36    1
 204710000   37    1
 199088000   38    1
 194347000   39    1
 190324000   40    1
 186891000   41    1
 183948000   42    1
 181416000   43    1
 179230000   44    1
 177337000   45    1
 175694000   46    1
 174266000   47    1
 173022000   48    1
 171937000   49    1
 170990000   50    1
 170161000   51    1
 169436000   52    1
 168801000   53    1
 168243000   54    1
 167755000   55    1
 167325000   56    1
 166948000   57    1
 166617000   58    1
 166326000   59    1
 166070000   60    1
 165844000   61    1
 165646000   62    1
 165471000   63    1
 165317000   64    1
 165182000   65    1
 165063000   66    1
 164958000   67    1
 164865000   68    1
 164784000   69    1
 164712000   70    1
 164649000   71    1
 164593000   72    1
 164544000   73    1
 164500000   74    1
 164462000   75    1
 164429000   76    1
 164399000   77    1
 164373000   78    1
 164350000   79    1
 164329000   80    1
 164311000   81    1
 164296000   82    1
 164282000   83    1
 164269000   84    1
 164258000   85    1
 164249000   86    1
 164240000   87    1
 164233000   88    1
 164227000   89    1
 164221000   90    1
 164216000   91    1
 164211000   92    1
 164207000   93    1
 164204000   94    1
 164201000   95    1
 164198000   96    1
 164195000   97    1
 164193000   98    1
 164192000   99    1
 164190000  100    1
13 #_N_cpue
 #_Fleet Units Errtype
       1     1       0
       2     1       0
       3     1       0
 #_year seas index        obs se_log
     76    1     2 1502704458    0.2
     78    1     2 1852628030    0.2
     80    1     2 1423387321    0.2
     82    1     2 1649438571    0.2
     84    1     2  861191615    0.2
     86    1     2 1834665301    0.2
     88    1     2 1065772284    0.2
     90    1     2 1614029966    0.2
     92    1     2 1491066757    0.2
     94    1     2 1026198359    0.2
     96    1     2 1651882077    0.2
     98    1     2 1767204873    0.2
    100    1     2 1467488127    0.2
0 #_N_discard_fleets
#_discard_units (1=same_as_catchunits(bio/num); 2=fraction; 3=numbers)
#_discard_errtype:  >0 for DF of T-dist(read CV below); 0 for normal with CV; -1 for normal with se; -2 for lognormal
0 #_N_discard
0 #_N_meanbodywt
1 #_DF_for_meanbodywt_T-distribution_like
2 # length bin method: 1=use databins; 2=generate from binwidth,min,max below; 3=read vector
1 # binwidth for population size comp
10 # minimum size in the population (lower edge of first bin and size at age 0.00)
200 # maximum size in the population (lower edge of last bin)
-0.001 #_comp_tail_compression
1e-05 #_add_to_comp
0 #_combine males into females at or below this bin number
45 #_N_lbins
#_lbin_vector
20 23 26 29 32 35 38 41 44 47 50 53 56 59 62 65 68 71 74 77 80 83 86 89 92 95 98 101 104 107 110 113 116 119 122 125 128 131 134 137 140 143 146 149 152
28 #_N_Length_comp_observations
 #_Yr Seas FltSvy Gender Part Nsamp           l20          l23          l26         l29         l32         l35          l38         l41        l44        l47        l50        l53        l56        l59        l62        l65        l68         l71        l74        l77         l80        l83         l86        l89         l92        l95         l98        l101        l104        l107        l110        l113        l116         l119        l122        l125         l128         l131         l134         l137         l140         l143         l146         l149         l152
   26    1      1      0    0   125 3.162878e-179 1.846871e-31 6.500722e-06 0.015635407 0.014468399 0.003856089 0.0019562701 0.003507920 0.03018017 0.02609686 0.02013377 0.01572638 0.04076210 0.01376475 0.03655370 0.04207606 0.01597546 0.007129132 0.07541161 0.02388441 0.046654688 0.02125734 0.061457281 0.02070222 0.031786006 0.03445262 0.049478515 0.034451612 0.045478604 0.008798323 0.062347633 0.010797945 0.021012827 0.0552722304 0.021652410 0.012497079 2.745368e-02 0.0189542816 3.043785e-03 1.286297e-02 7.735864e-04 6.054707e-03 1.083858e-05 8.133421e-07 5.623004e-03
   36    1      1      0    0   125  9.601702e-38 1.792815e-05 5.600424e-03 0.005123253 0.019194619 0.010074116 0.0016871101 0.037865098 0.03043987 0.03676821 0.06508068 0.06457711 0.03121542 0.03187287 0.05230463 0.04222152 0.02322807 0.028584679 0.02849475 0.04130443 0.033015364 0.02132005 0.052790700 0.02900843 0.039229230 0.03353841 0.032598430 0.025755504 0.035235921 0.007130735 0.025631024 0.006343135 0.006442225 0.0060576273 0.018655494 0.032618197 2.245366e-02 0.0033210016 9.619356e-03 3.029823e-05 7.216936e-04 2.306331e-03 1.635360e-04 1.322343e-04 2.266122e-04
   46    1      1      0    0   125  3.201913e-61 2.329807e-16 1.421479e-02 0.006012172 0.010117760 0.007140120 0.0073969669 0.011391952 0.02973000 0.05754095 0.04590475 0.02844359 0.01406953 0.03753226 0.04206757 0.04105068 0.08759867 0.073513641 0.03827390 0.05070631 0.030033932 0.02588689 0.075405421 0.01400694 0.046796937 0.03929758 0.023569345 0.026741447 0.010605246 0.014087517 0.022662551 0.003355319 0.009805881 0.0096190309 0.001014707 0.009160596 1.083291e-02 0.0025011167 1.139832e-05 1.487916e-02 9.031415e-04 5.208530e-03 1.659899e-05 2.257894e-13 8.921922e-04
   56    1      1      0    0   125  8.790248e-24 3.038951e-12 3.688211e-04 0.001154848 0.010888129 0.002857822 0.0009575387 0.006400352 0.01602053 0.05682297 0.08238929 0.05454129 0.06153499 0.04256365 0.07070449 0.09718587 0.06136737 0.037839403 0.02440832 0.06996225 0.042471481 0.03326102 0.014666463 0.01593405 0.010822503 0.02334911 0.021082765 0.007451945 0.024967485 0.011472979 0.025419045 0.014892142 0.001597700 0.0105728286 0.019706073 0.014028223 2.344935e-03 0.0005135305 6.597280e-03 1.687809e-04 9.740453e-07 3.640928e-06 5.913785e-04 8.340190e-09 1.157315e-04
   60    1      1      0    0   125  1.050687e-21 7.554491e-12 7.560070e-04 0.044108398 0.034741623 0.003214350 0.0053275642 0.024979962 0.04811558 0.07660970 0.07214118 0.03459769 0.01907703 0.02290032 0.09125901 0.02837169 0.05565637 0.017606494 0.03087449 0.04033286 0.013245740 0.01428892 0.035694898 0.05137353 0.013461956 0.01346633 0.010127062 0.037031964 0.023304744 0.030109567 0.014933361 0.004862668 0.002344743 0.0230025354 0.012802897 0.005888632 1.894444e-03 0.0123526716 4.503015e-03 2.380069e-02 8.329775e-04 6.337346e-06 6.307745e-10 2.527921e-14 3.452715e-14
   64    1      1      0    0   125  3.664105e-91 3.468119e-09 8.201184e-03 0.019384432 0.020144001 0.004472418 0.0012909171 0.014159175 0.01954344 0.08302487 0.09306684 0.04754862 0.03561939 0.04121602 0.04433915 0.03289666 0.02033657 0.055926899 0.10600359 0.02102171 0.043805694 0.03726528 0.031520468 0.02614674 0.022469138 0.01581412 0.015067174 0.026035676 0.023474782 0.008446247 0.005962014 0.020317824 0.008020206 0.0261603441 0.004613047 0.002288411 5.865317e-03 0.0030882921 6.993002e-04 3.975533e-05 1.679703e-06 1.533354e-07 2.749176e-07 1.861442e-03 2.840728e-03
   68    1      1      0    0   125  6.793710e-24 3.221984e-09 7.381399e-03 0.011526317 0.004561452 0.018773924 0.0073089270 0.025034218 0.03641343 0.05628210 0.10720352 0.03920654 0.04643993 0.03231043 0.04019722 0.03974164 0.02625705 0.029640118 0.04502203 0.03419159 0.004639759 0.03848145 0.017263592 0.03771931 0.018274275 0.03014881 0.006066567 0.028180321 0.033410238 0.046527228 0.026918161 0.028354112 0.004585016 0.0342475218 0.029387197 0.002091197 2.526464e-03 0.0013377462 9.626071e-05 1.126176e-05 2.165785e-05 2.227587e-04 1.994561e-03 1.513484e-06 1.158662e-06
   72    1      1      0    0   125  7.473216e-65 6.201507e-20 5.361513e-06 0.003361210 0.008450019 0.001890916 0.0006599094 0.027378345 0.02684632 0.05041045 0.03930586 0.06936265 0.01737007 0.02844378 0.04420141 0.07132979 0.05619934 0.023622644 0.03044261 0.03304549 0.021389577 0.04494430 0.026139814 0.01361994 0.053836529 0.02237823 0.025253904 0.056795807 0.042718436 0.011072898 0.039670766 0.009758453 0.020587029 0.0078958484 0.023643914 0.001498073 8.140759e-04 0.0109348891 1.700766e-04 2.806429e-03 1.539522e-02 1.613927e-03 6.608087e-03 3.727072e-05 8.090326e-03
   76    1      1      0    0   125 1.047932e-160 4.786401e-03 1.138383e-02 0.016198218 0.010035457 0.005335062 0.0004960405 0.045284011 0.06506386 0.03056619 0.11331939 0.03440206 0.02369043 0.01988424 0.01819902 0.01752815 0.09132679 0.044695953 0.02413515 0.02782422 0.059781629 0.01111282 0.009699495 0.04744427 0.053248748 0.02917644 0.046416968 0.017016153 0.003475303 0.034397096 0.030043004 0.011504985 0.008665917 0.0002113808 0.016234688 0.002636896 4.907484e-03 0.0001818256 5.400806e-03 8.744986e-04 2.982109e-03 3.247564e-04 1.082116e-04 2.994472e-14 3.356652e-08
   80    1      1      0    0   125  3.608448e-32 7.761125e-24 2.875596e-03 0.004187219 0.013421859 0.003021189 0.0018059116 0.020306626 0.05181680 0.10165250 0.06713481 0.08358703 0.04691807 0.03380451 0.03165900 0.02432601 0.02901793 0.035932555 0.02558245 0.03934152 0.032659109 0.02483295 0.024975458 0.05382456 0.028899970 0.04709552 0.018994433 0.011513737 0.017906665 0.038810566 0.012341078 0.005489467 0.005909763 0.0038438274 0.018542124 0.024009453 6.680247e-03 0.0053797790 1.308813e-04 8.692170e-06 1.113079e-03 6.109422e-05 4.083064e-04 1.718994e-04 5.763227e-06
   84    1      1      0    0   125  0.000000e+00 1.306581e-21 2.814945e-03 0.008705020 0.012590153 0.016359777 0.0013626891 0.033252407 0.03921926 0.08837951 0.07726523 0.01890875 0.06784281 0.03930027 0.02577362 0.04870098 0.06714074 0.050213129 0.02866627 0.04320959 0.035159987 0.04272173 0.024896516 0.01005941 0.046676180 0.01100274 0.013279334 0.036006526 0.013214882 0.005390700 0.047011132 0.012132793 0.005641055 0.0054161959 0.003584740 0.006321248 2.840898e-04 0.0080084735 1.826709e-05 2.221830e-03 5.209889e-05 2.458596e-04 3.242546e-04 6.246520e-04 1.748435e-07
   88    1      1      0    0   125  1.458293e-61 5.569525e-23 2.188615e-03 0.008305155 0.015870963 0.007210655 0.0004314151 0.023434916 0.03862209 0.07079907 0.04950060 0.03378529 0.02607268 0.04431583 0.11206553 0.05528643 0.02259084 0.017226931 0.04049899 0.04413763 0.018694976 0.05922813 0.022601584 0.04251700 0.035962901 0.02413558 0.029869939 0.010340829 0.003555848 0.033528213 0.030662953 0.023761086 0.008822812 0.0062487739 0.009029032 0.024260260 8.116685e-05 0.0029462608 1.201830e-03 2.045619e-04 1.104474e-06 8.612054e-13 1.467120e-06 4.412385e-12 4.523018e-08
   92    1      1      0    0   125  1.269049e-18 3.966427e-14 9.987874e-04 0.017285215 0.001515451 0.008844640 0.0014361684 0.013349046 0.05660490 0.04287290 0.10132658 0.03762479 0.06316918 0.03711878 0.03844770 0.03776441 0.05197183 0.039148036 0.05096719 0.03136409 0.039244403 0.01270568 0.044034367 0.03413252 0.025169755 0.03393205 0.022247591 0.013171172 0.010943806 0.014580655 0.014956173 0.004858698 0.004431778 0.0268701549 0.020955468 0.014153944 1.557911e-03 0.0009479651 4.828265e-03 1.160223e-02 6.060852e-06 4.980400e-03 1.169211e-05 7.795591e-03 7.198682e-05
   96    1      1      0    0   125  2.573463e-25 1.721592e-02 4.548076e-03 0.007870788 0.019874922 0.007283015 0.0084768552 0.022639251 0.04010113 0.05389874 0.05124872 0.02809249 0.07036874 0.03219898 0.05335675 0.04466179 0.02958643 0.059099986 0.05690665 0.03630577 0.017823221 0.01801809 0.030329792 0.04062613 0.006649681 0.02244164 0.021619631 0.015408745 0.061791001 0.016764629 0.018663984 0.011995694 0.025501421 0.0047916223 0.011333402 0.006503670 3.987211e-03 0.0028934560 1.383150e-02 5.856437e-04 4.171428e-03 3.554306e-04 8.220987e-05 1.217626e-21 9.578348e-05
  100    1      1      0    0   125 1.614191e-274 5.935995e-13 4.970335e-07 0.006382558 0.010968020 0.020216628 0.0017721613 0.013762511 0.03881521 0.05673537 0.04924232 0.02276608 0.02519947 0.04843865 0.07500920 0.04110078 0.05127292 0.043890081 0.02011400 0.03389743 0.096342210 0.01736343 0.035805674 0.02534883 0.029193194 0.02947928 0.028941303 0.017107916 0.026913337 0.008891028 0.033325739 0.020739639 0.009361653 0.0182535608 0.022663727 0.009570347 5.779185e-03 0.0019408210 2.403010e-04 1.507444e-03 1.616938e-04 3.710337e-04 1.932650e-05 1.630023e-07 1.095269e-03
   76    1      2      0    0   500  5.828902e-06 4.358500e-03 1.438017e-02 0.037387062 0.043062293 0.017633909 0.0110099315 0.023585145 0.03982157 0.05494947 0.05647399 0.03950643 0.02818230 0.04569268 0.03072872 0.04316901 0.04265890 0.041195184 0.02128408 0.03734800 0.039737044 0.04435988 0.026753342 0.02920550 0.021689326 0.02397968 0.025283951 0.016267882 0.016497217 0.023871321 0.013201340 0.019964338 0.018462594 0.0157089855 0.010187114 0.000846860 6.156454e-03 0.0039688868 7.736541e-03 4.974299e-04 7.977499e-04 4.602214e-04 1.738979e-03 1.438486e-04 5.032597e-05
   78    1      2      0    0   500  1.442088e-07 1.715668e-03 1.573684e-02 0.048881917 0.038545188 0.007695188 0.0091062511 0.025397054 0.03359803 0.08140339 0.06078126 0.05007548 0.02717410 0.02839843 0.02323563 0.06148071 0.04930211 0.028070176 0.04682329 0.02424782 0.042584400 0.02399193 0.039891652 0.02057723 0.014813033 0.02638372 0.022010113 0.021341942 0.025356888 0.010362881 0.011923411 0.021149899 0.014416276 0.0096263894 0.005322178 0.002725370 8.320586e-03 0.0043463042 1.283981e-03 2.331916e-03 4.867822e-03 2.985565e-04 2.397033e-03 1.262991e-03 7.448028e-04
   80    1      2      0    0   500  7.079516e-10 1.252049e-03 1.454228e-02 0.055805467 0.057350633 0.012853903 0.0081619719 0.032183631 0.04215259 0.05245000 0.05001095 0.04596226 0.02746345 0.02479628 0.04389182 0.02955687 0.03868701 0.034223179 0.03240761 0.02968568 0.030778341 0.04460406 0.029856358 0.02476258 0.030857154 0.01986167 0.026990011 0.024398870 0.015133930 0.025443247 0.025413611 0.011372341 0.010744788 0.0057736261 0.007416748 0.012983225 3.510934e-03 0.0061264969 6.595308e-03 7.628179e-04 6.206256e-05 2.880075e-03 1.040345e-06 7.280544e-05 1.602631e-04
   82    1      2      0    0   500  2.191247e-20 1.874095e-03 2.467422e-02 0.048451399 0.044778801 0.040058822 0.0052737338 0.031798747 0.04654245 0.06917015 0.04433887 0.03959624 0.03569655 0.01740258 0.03567479 0.04651919 0.04600155 0.042444475 0.01938066 0.03603984 0.018282590 0.03230012 0.043678042 0.02050204 0.013118784 0.01433768 0.028758770 0.013677125 0.024914046 0.021919429 0.017392351 0.017092975 0.008142101 0.0084936633 0.009734535 0.007497974 8.583722e-03 0.0007258276 5.250774e-03 1.706702e-03 1.160336e-03 4.523239e-03 2.237546e-03 5.760647e-14 2.524744e-04
   84    1      2      0    0   500  5.975650e-27 5.050097e-03 1.864224e-02 0.036655778 0.046406608 0.026519725 0.0123798130 0.022651267 0.06047340 0.05077056 0.07257859 0.04030846 0.03315691 0.01951912 0.02405940 0.02475618 0.02486955 0.029218796 0.02391953 0.03325840 0.053763719 0.03588676 0.039214899 0.02094334 0.030590957 0.01946573 0.019116352 0.039152750 0.016725965 0.025140912 0.012839947 0.023323017 0.018373595 0.0134399526 0.011336965 0.003488570 3.199612e-03 0.0018249989 1.800787e-03 2.556321e-03 1.138136e-03 1.541901e-04 6.278232e-04 8.254157e-05 6.177134e-04
   86    1      2      0    0   500  2.603076e-12 2.957205e-04 2.363729e-02 0.038215215 0.051148527 0.015044016 0.0072724293 0.025324212 0.03809384 0.04742838 0.05619754 0.03324589 0.03937296 0.04156677 0.02938324 0.04994204 0.03257291 0.028835279 0.03748457 0.03761756 0.040156773 0.03392089 0.023115586 0.04530340 0.025756989 0.02663101 0.037199795 0.028060658 0.017726970 0.005536721 0.016003326 0.006049763 0.013214893 0.0108617960 0.002713969 0.005595656 1.154234e-02 0.0042527028 1.644454e-03 9.445820e-03 3.675653e-04 3.644047e-04 1.210856e-04 1.226470e-03 5.085756e-04
   88    1      2      0    0   500  1.781139e-11 6.234167e-03 2.745012e-02 0.037756381 0.029258203 0.030425910 0.0150259276 0.021646162 0.04825991 0.06836721 0.04883584 0.03626871 0.03075410 0.02668726 0.04702470 0.04019159 0.02928089 0.037504032 0.03362821 0.02945278 0.024981263 0.02209110 0.028136816 0.02277267 0.021988087 0.02586763 0.032339631 0.027863707 0.026420959 0.016915480 0.007086070 0.014279602 0.020586561 0.0183455517 0.014532574 0.006563586 5.874412e-03 0.0063000168 2.302472e-03 2.440710e-04 1.239384e-03 6.510372e-03 1.946388e-03 4.008496e-04 3.586419e-04
   90    1      2      0    0   500  1.658048e-20 5.005870e-03 2.116696e-02 0.051742497 0.040487922 0.021664540 0.0128189714 0.014482408 0.04964331 0.07121309 0.05520416 0.04671245 0.03270737 0.03152477 0.03793792 0.03319889 0.04772154 0.036341375 0.03718685 0.02871797 0.026831935 0.03305464 0.020315075 0.02520245 0.021153117 0.02264963 0.022264890 0.016929686 0.018088781 0.025425304 0.019128317 0.010044102 0.012183385 0.0095595484 0.010803671 0.009094040 4.302636e-03 0.0063315092 5.173867e-03 2.077105e-03 2.017658e-03 4.011732e-04 2.591238e-04 2.809658e-04 9.485272e-04
   92    1      2      0    0   500  3.520303e-26 1.751610e-03 1.821132e-02 0.048024579 0.051157158 0.018960535 0.0114288715 0.020014645 0.04041389 0.05351038 0.03626131 0.03544632 0.04710691 0.03269154 0.03384451 0.02893307 0.04278773 0.052531178 0.02863289 0.02140130 0.032245333 0.02349900 0.051095114 0.02718980 0.028107626 0.02083431 0.019446862 0.024704965 0.032258156 0.016382903 0.013742228 0.017894182 0.017663678 0.0112926964 0.006825260 0.009024508 5.578301e-03 0.0003430257 1.025399e-02 5.543693e-03 2.086762e-03 1.135516e-04 5.198326e-04 2.443361e-04 1.271308e-07
   94    1      2      0    0   500  2.786048e-11 9.848593e-04 2.264671e-02 0.054335069 0.064681300 0.024571816 0.0063225550 0.019695443 0.04979126 0.04713936 0.05841850 0.03282645 0.03284225 0.03426998 0.03485454 0.03371167 0.04689906 0.036395008 0.02860828 0.03236660 0.023973779 0.03034553 0.017043736 0.03405741 0.024361168 0.01921069 0.026474205 0.019151223 0.019922207 0.014821535 0.024311454 0.024050577 0.007339010 0.0093595602 0.010305160 0.010401904 9.661483e-03 0.0026692006 2.449134e-03 2.846602e-03 8.638127e-04 2.489092e-03 2.153380e-03 1.024594e-05 3.671903e-04
   96    1      2      0    0   500  9.553192e-04 2.271258e-04 1.792565e-02 0.040458925 0.045620603 0.008214527 0.0092628874 0.014009355 0.05628029 0.04140787 0.06410826 0.03666124 0.03269377 0.02018867 0.04528230 0.05713202 0.03817537 0.037802822 0.02585056 0.03535197 0.030813094 0.03260435 0.032279274 0.02122791 0.024012263 0.03548810 0.033822421 0.017566723 0.026731187 0.010041517 0.015885066 0.013969288 0.016687121 0.0049910108 0.024349179 0.013161942 1.476340e-03 0.0022326365 6.706612e-03 1.791926e-03 5.066804e-03 1.420236e-03 2.669921e-05 1.013239e-05 2.863919e-05
   98    1      2      0    0   500  1.801826e-09 3.278307e-03 2.181943e-02 0.043711328 0.050636323 0.015389391 0.0090463850 0.015477656 0.03408146 0.03954984 0.05658265 0.04174366 0.02508419 0.02213327 0.03429444 0.04007515 0.03586003 0.035776040 0.04432986 0.02719095 0.022021938 0.02984567 0.033029782 0.03735459 0.027195628 0.03494569 0.024313879 0.036603975 0.014898631 0.017825881 0.011192093 0.026054961 0.006477239 0.0081067477 0.009240909 0.015352541 1.318704e-02 0.0061452823 1.672741e-03 2.244452e-03 1.544940e-02 8.635328e-04 9.916537e-03 1.655833e-10 5.071697e-07
  100    1      2      0    0   500  1.439426e-17 5.386219e-04 1.586498e-02 0.037877042 0.051507532 0.016429414 0.0186611566 0.013347284 0.04659710 0.06597202 0.05404391 0.05318410 0.05693863 0.03588497 0.03754591 0.03227593 0.04072512 0.043950624 0.03313264 0.04148646 0.021886781 0.01652893 0.038182873 0.02445034 0.022765212 0.01810160 0.019701930 0.020954776 0.012337499 0.012585701 0.013098414 0.017492044 0.017714696 0.0109380218 0.011322514 0.003084344 3.722144e-03 0.0084472414 3.732849e-03 1.693987e-03 4.246883e-03 2.598890e-05 3.852846e-04 5.631473e-04 7.335978e-05
15 #_N_agebins
#_agebin_vector
1 2 3 4 5 6 7 8 9 10 11 12 13 14 15
1 #_N_ageerror_definitions
 #_age0   age1   age2   age3   age4   age5   age6   age7   age8   age9  age10  age11  age12  age13  age14  age15  age16  age17  age18  age19  age20  age21  age22  age23  age24  age25
 -1.000 -1.000 -1.000 -1.000 -1.000 -1.000 -1.000 -1.000 -1.000 -1.000 -1.000 -1.000 -1.000 -1.000 -1.000 -1.000 -1.000 -1.000 -1.000 -1.000 -1.000 -1.000 -1.000 -1.000 -1.000 -1.000
  0.001  0.001  0.001  0.001  0.001  0.001  0.001  0.001  0.001  0.001  0.001  0.001  0.001  0.001  0.001  0.001  0.001  0.001  0.001  0.001  0.001  0.001  0.001  0.001  0.001  0.001
83 #_N_agecomp
1 #_Lbin_method: 1=poplenbins; 2=datalenbins; 3=lengths
-1 #_combine males into females at or below this bin number
 #_Yr Seas FltSvy Gender Part Ageerr Lbin_lo Lbin_hi Nsamp           a1        a2        a3         a4         a5         a6         a7         a8         a9         a10         a11          a12         a13          a14         a15
   26    1      1      0    0      1      -1      -1   125  0.022912775 0.1809958 0.1057339 0.07052107 0.13165052 0.08044728 0.03439968 0.06343862 0.05610319 0.012612316 0.087702869 0.0412929866 0.019649635 0.0233899030 0.069149417
   36    1      1      0    0      1      -1      -1   125  0.034830509 0.2061363 0.2838289 0.12228754 0.06552403 0.08760268 0.04227206 0.07390006 0.01906219 0.020602687 0.005702228 0.0022493122 0.005225253 0.0046900027 0.026086282
   46    1      1      0    0      1      -1      -1   125  0.038895469 0.2388125 0.1751144 0.17192685 0.10767437 0.07576660 0.04785053 0.07761987 0.01151094 0.002723402 0.014226015 0.0104539706 0.003246510 0.0029019450 0.021276640
   56    1      1      0    0      1      -1      -1   125  0.026332475 0.2905337 0.1709087 0.08726259 0.08153783 0.09627346 0.04976126 0.05126094 0.01201020 0.057035236 0.035651580 0.0046310971 0.011367213 0.0078475259 0.017586150
   60    1      1      0    0      1      -1      -1   125  0.043172309 0.2534013 0.1680040 0.18093657 0.09392703 0.08532520 0.04267741 0.02052996 0.01266792 0.049242252 0.012700067 0.0069613513 0.012664031 0.0051338652 0.012656732
   64    1      1      0    0      1      -1      -1   125  0.008353888 0.2503038 0.1864170 0.16590862 0.08105992 0.05019115 0.08465645 0.06913114 0.04459856 0.023862160 0.004361089 0.0165020437 0.009931582 0.0002573060 0.004465271
   68    1      1      0    0      1      -1      -1   125  0.049287330 0.2571263 0.1519964 0.11608009 0.11839305 0.04984718 0.10426317 0.02809846 0.02764806 0.025291596 0.024436945 0.0165699719 0.021049539 0.0021434012 0.007768544
   72    1      1      0    0      1      -1      -1   125  0.024427271 0.2931860 0.2064990 0.11321302 0.06555049 0.06877984 0.05122106 0.04274260 0.02514823 0.046938533 0.002570942 0.0109488453 0.018331736 0.0051492655 0.025293167
   76    1      1      0    0      1      -1      -1   125  0.032316407 0.2844198 0.1860689 0.15327605 0.10123784 0.07021482 0.06589336 0.03968786 0.01114063 0.006481030 0.011797611 0.0019386089 0.002072851 0.0019971198 0.031457136
   80    1      1      0    0      1      -1      -1   125  0.026952014 0.1775443 0.1984123 0.24117749 0.09205138 0.04888821 0.07386146 0.03355336 0.06747402 0.010643877 0.016958769 0.0006931466 0.005059549 0.0005076582 0.006222447
   84    1      1      0    0      1      -1      -1   125  0.060267002 0.2458714 0.2052226 0.12269759 0.07927991 0.08772100 0.03834236 0.03917325 0.04786920 0.016574613 0.016084302 0.0013926765 0.018488287 0.0055731414 0.015442681
   88    1      1      0    0      1      -1      -1   125  0.036191421 0.2604515 0.1869527 0.16378060 0.08950352 0.06170879 0.07108677 0.02839419 0.04507584 0.005521939 0.010998503 0.0163768319 0.002525246 0.0119516703 0.009480534
   92    1      1      0    0      1      -1      -1   125  0.041889509 0.2858002 0.1926140 0.11257426 0.08268052 0.06391623 0.03255268 0.10405872 0.02944564 0.021373229 0.009436531 0.0024534374 0.008535597 0.0049947528 0.007674643
   96    1      1      0    0      1      -1      -1   125  0.026896359 0.2301534 0.1059672 0.12497127 0.10747690 0.12548100 0.06408786 0.07529454 0.02290154 0.013289053 0.061081288 0.0109300300 0.005402783 0.0184973856 0.007569414
  100    1      1      0    0      1      -1      -1   125  0.030467045 0.2382581 0.1861098 0.14711827 0.09831972 0.08970955 0.07816055 0.03894895 0.02815810 0.003270921 0.017578002 0.0132776625 0.004714118 0.0060760498 0.019833191
   76    1      2      0    0      1      -1      -1   500  0.148148922 0.2477235 0.1806845 0.11406455 0.09586574 0.05581538 0.03938003 0.03191353 0.01998948 0.021923869 0.012109128 0.0068350704 0.002699743 0.0081916266 0.014654939
   78    1      2      0    0      1      -1      -1   500  0.140928634 0.2339630 0.1757018 0.11256766 0.08879159 0.06467940 0.05695643 0.02958252 0.02430204 0.028000329 0.013977091 0.0090496985 0.006402955 0.0083754907 0.006721329
   80    1      2      0    0      1      -1      -1   500  0.128386011 0.1989160 0.1858859 0.11181281 0.13019275 0.05756853 0.05568520 0.04216421 0.02091619 0.019553096 0.015112972 0.0069835146 0.006933570 0.0059335765 0.013955710
   82    1      2      0    0      1      -1      -1   500  0.140232762 0.2387009 0.1925115 0.10953344 0.09978399 0.07645865 0.03419354 0.02531673 0.02332617 0.020534990 0.007380853 0.0092829190 0.013530736 0.0035167227 0.005696074
   84    1      2      0    0      1      -1      -1   500  0.161904540 0.2194522 0.1969370 0.10991364 0.08176782 0.06518124 0.03880135 0.03981117 0.02260615 0.024329383 0.011291423 0.0057904997 0.002047167 0.0066932172 0.013473185
   86    1      2      0    0      1      -1      -1   500  0.131407878 0.2078868 0.1677730 0.13170503 0.07183066 0.05079304 0.07196498 0.04235629 0.05110680 0.031712226 0.014705526 0.0108684076 0.001979447 0.0069566539 0.006953263
   88    1      2      0    0      1      -1      -1   500  0.154414354 0.2652366 0.1415923 0.10477707 0.09251979 0.06960002 0.04881530 0.02776364 0.01930033 0.022804174 0.015438599 0.0076970840 0.009479769 0.0045069009 0.016054130
   90    1      2      0    0      1      -1      -1   500  0.133155025 0.2885491 0.1732887 0.10559054 0.08102654 0.04648613 0.03195188 0.03514444 0.02212091 0.025031242 0.023897028 0.0053626794 0.010357159 0.0071701401 0.010868509
   92    1      2      0    0      1      -1      -1   500  0.149697111 0.2323299 0.1546902 0.12679263 0.09606990 0.05710426 0.04814772 0.03486630 0.04511650 0.019564611 0.007877771 0.0093019408 0.005737086 0.0011397217 0.011564393
   94    1      2      0    0      1      -1      -1   500  0.135260664 0.2161432 0.1821417 0.13986633 0.09402781 0.05817339 0.05853431 0.04511489 0.02287032 0.012831283 0.008737476 0.0068387060 0.004919240 0.0057922136 0.008748422
   96    1      2      0    0      1      -1      -1   500  0.161641924 0.2237218 0.1778918 0.11009272 0.09327225 0.05176221 0.05976052 0.04003202 0.01642677 0.016041148 0.004745792 0.0101675460 0.006662392 0.0087130220 0.019068093
   98    1      2      0    0      1      -1      -1   500  0.141744855 0.2609506 0.1592406 0.12794638 0.09905579 0.05531535 0.04302391 0.03070898 0.01374908 0.015051746 0.018337813 0.0070550901 0.006596825 0.0020957790 0.019127197
  100    1      2      0    0      1      -1      -1   500  0.135698046 0.2458345 0.1733213 0.12580777 0.11429998 0.05781333 0.04059111 0.02739938 0.01551386 0.018922182 0.008262291 0.0056373633 0.005913092 0.0069552627 0.018030532
   60    1      1      0    0      1       4       4     4  4.000000000 0.0000000 0.0000000 0.00000000 0.00000000 0.00000000 0.00000000 0.00000000 0.00000000 0.000000000 0.000000000 0.0000000000 0.000000000 0.0000000000 0.000000000
   60    1      1      0    0      1       5       5     2  2.000000000 0.0000000 0.0000000 0.00000000 0.00000000 0.00000000 0.00000000 0.00000000 0.00000000 0.000000000 0.000000000 0.0000000000 0.000000000 0.0000000000 0.000000000
   60    1      1      0    0      1       8       8     1  1.000000000 0.0000000 0.0000000 0.00000000 0.00000000 0.00000000 0.00000000 0.00000000 0.00000000 0.000000000 0.000000000 0.0000000000 0.000000000 0.0000000000 0.000000000
   60    1      1      0    0      1       9       9     3  3.000000000 0.0000000 0.0000000 0.00000000 0.00000000 0.00000000 0.00000000 0.00000000 0.00000000 0.000000000 0.000000000 0.0000000000 0.000000000 0.0000000000 0.000000000
   60    1      1      0    0      1      10      10    16 16.000000000 0.0000000 0.0000000 0.00000000 0.00000000 0.00000000 0.00000000 0.00000000 0.00000000 0.000000000 0.000000000 0.0000000000 0.000000000 0.0000000000 0.000000000
   60    1      1      0    0      1      11      11     9  9.000000000 0.0000000 0.0000000 0.00000000 0.00000000 0.00000000 0.00000000 0.00000000 0.00000000 0.000000000 0.000000000 0.0000000000 0.000000000 0.0000000000 0.000000000
   60    1      1      0    0      1      12      12     3  3.000000000 0.0000000 0.0000000 0.00000000 0.00000000 0.00000000 0.00000000 0.00000000 0.00000000 0.000000000 0.000000000 0.0000000000 0.000000000 0.0000000000 0.000000000
   60    1      1      0    0      1      14      14     1  1.000000000 0.0000000 0.0000000 0.00000000 0.00000000 0.00000000 0.00000000 0.00000000 0.00000000 0.000000000 0.000000000 0.0000000000 0.000000000 0.0000000000 0.000000000
   60    1      1      0    0      1      15      15     8  8.000000000 0.0000000 0.0000000 0.00000000 0.00000000 0.00000000 0.00000000 0.00000000 0.00000000 0.000000000 0.000000000 0.0000000000 0.000000000 0.0000000000 0.000000000
   60    1      1      0    0      1      16      16     2  2.000000000 0.0000000 0.0000000 0.00000000 0.00000000 0.00000000 0.00000000 0.00000000 0.00000000 0.000000000 0.000000000 0.0000000000 0.000000000 0.0000000000 0.000000000
   60    1      1      0    0      1      17      17    11 11.000000000 0.0000000 0.0000000 0.00000000 0.00000000 0.00000000 0.00000000 0.00000000 0.00000000 0.000000000 0.000000000 0.0000000000 0.000000000 0.0000000000 0.000000000
   60    1      1      0    0      1      18      18     2  2.000000000 0.0000000 0.0000000 0.00000000 0.00000000 0.00000000 0.00000000 0.00000000 0.00000000 0.000000000 0.000000000 0.0000000000 0.000000000 0.0000000000 0.000000000
   60    1      1      0    0      1      19      19     3  3.000000000 0.0000000 0.0000000 0.00000000 0.00000000 0.00000000 0.00000000 0.00000000 0.00000000 0.000000000 0.000000000 0.0000000000 0.000000000 0.0000000000 0.000000000
   60    1      1      0    0      1      20      20     2  2.000000000 0.0000000 0.0000000 0.00000000 0.00000000 0.00000000 0.00000000 0.00000000 0.00000000 0.000000000 0.000000000 0.0000000000 0.000000000 0.0000000000 0.000000000
   60    1      1      0    0      1      21      21     3  3.000000000 0.0000000 0.0000000 0.00000000 0.00000000 0.00000000 0.00000000 0.00000000 0.00000000 0.000000000 0.000000000 0.0000000000 0.000000000 0.0000000000 0.000000000
   60    1      1      0    0      1      22      22     1  1.000000000 0.0000000 0.0000000 0.00000000 0.00000000 0.00000000 0.00000000 0.00000000 0.00000000 0.000000000 0.000000000 0.0000000000 0.000000000 0.0000000000 0.000000000
   60    1      1      0    0      1      23      23     2  2.000000000 0.0000000 0.0000000 0.00000000 0.00000000 0.00000000 0.00000000 0.00000000 0.00000000 0.000000000 0.000000000 0.0000000000 0.000000000 0.0000000000 0.000000000
   60    1      1      0    0      1      24      24     8  8.000000000 0.0000000 0.0000000 0.00000000 0.00000000 0.00000000 0.00000000 0.00000000 0.00000000 0.000000000 0.000000000 0.0000000000 0.000000000 0.0000000000 0.000000000
   60    1      1      0    0      1      26      26     3  3.000000000 0.0000000 0.0000000 0.00000000 0.00000000 0.00000000 0.00000000 0.00000000 0.00000000 0.000000000 0.000000000 0.0000000000 0.000000000 0.0000000000 0.000000000
   60    1      1      0    0      1      28      28     5  5.000000000 0.0000000 0.0000000 0.00000000 0.00000000 0.00000000 0.00000000 0.00000000 0.00000000 0.000000000 0.000000000 0.0000000000 0.000000000 0.0000000000 0.000000000
   60    1      1      0    0      1      29      29     2  1.000000000 1.0000000 0.0000000 0.00000000 0.00000000 0.00000000 0.00000000 0.00000000 0.00000000 0.000000000 0.000000000 0.0000000000 0.000000000 0.0000000000 0.000000000
   60    1      1      0    0      1      30      30     3  0.000000000 3.0000000 0.0000000 0.00000000 0.00000000 0.00000000 0.00000000 0.00000000 0.00000000 0.000000000 0.000000000 0.0000000000 0.000000000 0.0000000000 0.000000000
   60    1      1      0    0      1      31      31     3  0.000000000 3.0000000 0.0000000 0.00000000 0.00000000 0.00000000 0.00000000 0.00000000 0.00000000 0.000000000 0.000000000 0.0000000000 0.000000000 0.0000000000 0.000000000
   60    1      1      0    0      1      34      34     1  0.000000000 1.0000000 0.0000000 0.00000000 0.00000000 0.00000000 0.00000000 0.00000000 0.00000000 0.000000000 0.000000000 0.0000000000 0.000000000 0.0000000000 0.000000000
   60    1      1      0    0      1      38      38     1  0.000000000 1.0000000 0.0000000 0.00000000 0.00000000 0.00000000 0.00000000 0.00000000 0.00000000 0.000000000 0.000000000 0.0000000000 0.000000000 0.0000000000 0.000000000
   60    1      1      0    0      1      40      40     1  0.000000000 1.0000000 0.0000000 0.00000000 0.00000000 0.00000000 0.00000000 0.00000000 0.00000000 0.000000000 0.000000000 0.0000000000 0.000000000 0.0000000000 0.000000000
  100    1      1      0    0      1       4       4     1  1.000000000 0.0000000 0.0000000 0.00000000 0.00000000 0.00000000 0.00000000 0.00000000 0.00000000 0.000000000 0.000000000 0.0000000000 0.000000000 0.0000000000 0.000000000
  100    1      1      0    0      1       5       5     2  2.000000000 0.0000000 0.0000000 0.00000000 0.00000000 0.00000000 0.00000000 0.00000000 0.00000000 0.000000000 0.000000000 0.0000000000 0.000000000 0.0000000000 0.000000000
  100    1      1      0    0      1       6       6     2  2.000000000 0.0000000 0.0000000 0.00000000 0.00000000 0.00000000 0.00000000 0.00000000 0.00000000 0.000000000 0.000000000 0.0000000000 0.000000000 0.0000000000 0.000000000
  100    1      1      0    0      1       8       8     2  2.000000000 0.0000000 0.0000000 0.00000000 0.00000000 0.00000000 0.00000000 0.00000000 0.00000000 0.000000000 0.000000000 0.0000000000 0.000000000 0.0000000000 0.000000000
  100    1      1      0    0      1       9       9     6  6.000000000 0.0000000 0.0000000 0.00000000 0.00000000 0.00000000 0.00000000 0.00000000 0.00000000 0.000000000 0.000000000 0.0000000000 0.000000000 0.0000000000 0.000000000
  100    1      1      0    0      1      10      10     7  7.000000000 0.0000000 0.0000000 0.00000000 0.00000000 0.00000000 0.00000000 0.00000000 0.00000000 0.000000000 0.000000000 0.0000000000 0.000000000 0.0000000000 0.000000000
  100    1      1      0    0      1      11      11     1  1.000000000 0.0000000 0.0000000 0.00000000 0.00000000 0.00000000 0.00000000 0.00000000 0.00000000 0.000000000 0.000000000 0.0000000000 0.000000000 0.0000000000 0.000000000
  100    1      1      0    0      1      14      14     6  6.000000000 0.0000000 0.0000000 0.00000000 0.00000000 0.00000000 0.00000000 0.00000000 0.00000000 0.000000000 0.000000000 0.0000000000 0.000000000 0.0000000000 0.000000000
  100    1      1      0    0      1      15      15     8  8.000000000 0.0000000 0.0000000 0.00000000 0.00000000 0.00000000 0.00000000 0.00000000 0.00000000 0.000000000 0.000000000 0.0000000000 0.000000000 0.0000000000 0.000000000
  100    1      1      0    0      1      16      16     2  2.000000000 0.0000000 0.0000000 0.00000000 0.00000000 0.00000000 0.00000000 0.00000000 0.00000000 0.000000000 0.000000000 0.0000000000 0.000000000 0.0000000000 0.000000000
  100    1      1      0    0      1      17      17     5  5.000000000 0.0000000 0.0000000 0.00000000 0.00000000 0.00000000 0.00000000 0.00000000 0.00000000 0.000000000 0.000000000 0.0000000000 0.000000000 0.0000000000 0.000000000
  100    1      1      0    0      1      18      18     6  6.000000000 0.0000000 0.0000000 0.00000000 0.00000000 0.00000000 0.00000000 0.00000000 0.00000000 0.000000000 0.000000000 0.0000000000 0.000000000 0.0000000000 0.000000000
  100    1      1      0    0      1      19      19     2  2.000000000 0.0000000 0.0000000 0.00000000 0.00000000 0.00000000 0.00000000 0.00000000 0.00000000 0.000000000 0.000000000 0.0000000000 0.000000000 0.0000000000 0.000000000
  100    1      1      0    0      1      20      20     2  2.000000000 0.0000000 0.0000000 0.00000000 0.00000000 0.00000000 0.00000000 0.00000000 0.00000000 0.000000000 0.000000000 0.0000000000 0.000000000 0.0000000000 0.000000000
  100    1      1      0    0      1      21      21    13 13.000000000 0.0000000 0.0000000 0.00000000 0.00000000 0.00000000 0.00000000 0.00000000 0.00000000 0.000000000 0.000000000 0.0000000000 0.000000000 0.0000000000 0.000000000
  100    1      1      0    0      1      22      22     3  3.000000000 0.0000000 0.0000000 0.00000000 0.00000000 0.00000000 0.00000000 0.00000000 0.00000000 0.000000000 0.000000000 0.0000000000 0.000000000 0.0000000000 0.000000000
  100    1      1      0    0      1      23      23     1  1.000000000 0.0000000 0.0000000 0.00000000 0.00000000 0.00000000 0.00000000 0.00000000 0.00000000 0.000000000 0.000000000 0.0000000000 0.000000000 0.0000000000 0.000000000
  100    1      1      0    0      1      24      24     3  3.000000000 0.0000000 0.0000000 0.00000000 0.00000000 0.00000000 0.00000000 0.00000000 0.00000000 0.000000000 0.000000000 0.0000000000 0.000000000 0.0000000000 0.000000000
  100    1      1      0    0      1      25      25     4  4.000000000 0.0000000 0.0000000 0.00000000 0.00000000 0.00000000 0.00000000 0.00000000 0.00000000 0.000000000 0.000000000 0.0000000000 0.000000000 0.0000000000 0.000000000
  100    1      1      0    0      1      26      26     7  7.000000000 0.0000000 0.0000000 0.00000000 0.00000000 0.00000000 0.00000000 0.00000000 0.00000000 0.000000000 0.000000000 0.0000000000 0.000000000 0.0000000000 0.000000000
  100    1      1      0    0      1      27      27     1  1.000000000 0.0000000 0.0000000 0.00000000 0.00000000 0.00000000 0.00000000 0.00000000 0.00000000 0.000000000 0.000000000 0.0000000000 0.000000000 0.0000000000 0.000000000
  100    1      1      0    0      1      28      28     3  3.000000000 0.0000000 0.0000000 0.00000000 0.00000000 0.00000000 0.00000000 0.00000000 0.00000000 0.000000000 0.000000000 0.0000000000 0.000000000 0.0000000000 0.000000000
  100    1      1      0    0      1      29      29     2  1.000000000 1.0000000 0.0000000 0.00000000 0.00000000 0.00000000 0.00000000 0.00000000 0.00000000 0.000000000 0.000000000 0.0000000000 0.000000000 0.0000000000 0.000000000
  100    1      1      0    0      1      30      30     1  0.000000000 1.0000000 0.0000000 0.00000000 0.00000000 0.00000000 0.00000000 0.00000000 0.00000000 0.000000000 0.000000000 0.0000000000 0.000000000 0.0000000000 0.000000000
  100    1      1      0    0      1      31      31     4  0.000000000 4.0000000 0.0000000 0.00000000 0.00000000 0.00000000 0.00000000 0.00000000 0.00000000 0.000000000 0.000000000 0.0000000000 0.000000000 0.0000000000 0.000000000
  100    1      1      0    0      1      33      33     1  0.000000000 1.0000000 0.0000000 0.00000000 0.00000000 0.00000000 0.00000000 0.00000000 0.00000000 0.000000000 0.000000000 0.0000000000 0.000000000 0.0000000000 0.000000000
  100    1      1      0    0      1      34      34     2  0.000000000 2.0000000 0.0000000 0.00000000 0.00000000 0.00000000 0.00000000 0.00000000 0.00000000 0.000000000 0.000000000 0.0000000000 0.000000000 0.0000000000 0.000000000
  100    1      1      0    0      1      35      35     2  0.000000000 2.0000000 0.0000000 0.00000000 0.00000000 0.00000000 0.00000000 0.00000000 0.00000000 0.000000000 0.000000000 0.0000000000 0.000000000 0.0000000000 0.000000000
  100    1      1      0    0      1      37      37     1  0.000000000 1.0000000 0.0000000 0.00000000 0.00000000 0.00000000 0.00000000 0.00000000 0.00000000 0.000000000 0.000000000 0.0000000000 0.000000000 0.0000000000 0.000000000
0 #_N_MeanSize_at_Age_obs
0 #_N_environ_variables
0 #_N_environ_obs
0 #_N_sizefreq_methods
0 #_do_tags
0 #_morphcomp_data
#
999
