#C data file created using the SS_writedat function in the R package r4ss
#C should work with SS version: 
#C file write time: 2015-02-11 18:21:53
#
1 #_styr
100 #_endyr
1 #_nseas
12 #_months_per_seas
1 #_spawn_seas
1 #_Nfleet
2 #_Nsurveys
1 #_N_areas
Fishery%Survey%CPUE #_fleetnames
0.5 0.5 0.5 #_surveytiming_in_season
1 1 1 #_area_assignments_for_each_fishery_and_survey
1 #_units of catch:  1=bio; 2=num
0.01 #_se of log(catch) only used for init_eq_catch and for Fmethod 2 and 3
1 #_Ngenders
25 #_Nages
0 #_init_equil_catch_for_each_fishery
100 #_N_lines_of_catch_to_read
 #_Fishery year seas
         0    1    1
         0    2    1
         0    3    1
         0    4    1
         0    5    1
         0    6    1
         0    7    1
         0    8    1
         0    9    1
         0   10    1
         0   11    1
         0   12    1
         0   13    1
         0   14    1
         0   15    1
         0   16    1
         0   17    1
         0   18    1
         0   19    1
         0   20    1
         0   21    1
         0   22    1
         0   23    1
         0   24    1
         0   25    1
 444646000   26    1
 397608000   27    1
 357583000   28    1
 324161000   29    1
 296656000   30    1
 274240000   31    1
 256057000   32    1
 241314000   33    1
 229322000   34    1
 219511000   35    1
 211426000   36    1
 204710000   37    1
 199088000   38    1
 194347000   39    1
 190324000   40    1
 186891000   41    1
 183948000   42    1
 181416000   43    1
 179230000   44    1
 177337000   45    1
 175694000   46    1
 174266000   47    1
 173022000   48    1
 171937000   49    1
 170990000   50    1
 170161000   51    1
 169436000   52    1
 168801000   53    1
 168243000   54    1
 167755000   55    1
 167325000   56    1
 166948000   57    1
 166617000   58    1
 166326000   59    1
 166070000   60    1
 165844000   61    1
 165646000   62    1
 165471000   63    1
 165317000   64    1
 165182000   65    1
 165063000   66    1
 164958000   67    1
 164865000   68    1
 164784000   69    1
 164712000   70    1
 164649000   71    1
 164593000   72    1
 164544000   73    1
 164500000   74    1
 164462000   75    1
 164429000   76    1
 164399000   77    1
 164373000   78    1
 164350000   79    1
 164329000   80    1
 164311000   81    1
 164296000   82    1
 164282000   83    1
 164269000   84    1
 164258000   85    1
 164249000   86    1
 164240000   87    1
 164233000   88    1
 164227000   89    1
 164221000   90    1
 164216000   91    1
 164211000   92    1
 164207000   93    1
 164204000   94    1
 164201000   95    1
 164198000   96    1
 164195000   97    1
 164193000   98    1
 164192000   99    1
 164190000  100    1
13 #_N_cpue
 #_Fleet Units Errtype
       1     1       0
       2     1       0
       3     1       0
 #_year seas index        obs se_log
     76    1     2 1508530016    0.2
     78    1     2 1899166633    0.2
     80    1     2 1977848091    0.2
     82    1     2 1505672121    0.2
     84    1     2 1556940090    0.2
     86    1     2 1513268989    0.2
     88    1     2 2014848900    0.2
     90    1     2 1061672285    0.2
     92    1     2 1961449686    0.2
     94    1     2 1827020582    0.2
     96    1     2 1842956200    0.2
     98    1     2 1454359192    0.2
    100    1     2 1628047759    0.2
0 #_N_discard_fleets
#_discard_units (1=same_as_catchunits(bio/num); 2=fraction; 3=numbers)
#_discard_errtype:  >0 for DF of T-dist(read CV below); 0 for normal with CV; -1 for normal with se; -2 for lognormal
0 #_N_discard
0 #_N_meanbodywt
1 #_DF_for_meanbodywt_T-distribution_like
2 # length bin method: 1=use databins; 2=generate from binwidth,min,max below; 3=read vector
1 # binwidth for population size comp
10 # minimum size in the population (lower edge of first bin and size at age 0.00)
200 # maximum size in the population (lower edge of last bin)
-0.001 #_comp_tail_compression
1e-05 #_add_to_comp
0 #_combine males into females at or below this bin number
45 #_N_lbins
#_lbin_vector
20 23 26 29 32 35 38 41 44 47 50 53 56 59 62 65 68 71 74 77 80 83 86 89 92 95 98 101 104 107 110 113 116 119 122 125 128 131 134 137 140 143 146 149 152
28 #_N_Length_comp_observations
 #_Yr Seas FltSvy Gender Part Nsamp           l20          l23          l26          l29         l32          l35          l38         l41         l44        l47        l50        l53        l56        l59        l62        l65        l68        l71        l74        l77         l80        l83        l86         l89        l92         l95         l98        l101        l104        l107        l110        l113        l116        l119        l122         l125         l128         l131         l134         l137         l140         l143         l146         l149         l152
   26    1      1      0    0   125  1.636182e-11 3.105728e-04 8.145167e-05 0.0003125194 0.002229299 0.0025920680 5.194514e-04 0.007199568 0.032552751 0.02341587 0.04538047 0.04029192 0.02181676 0.04832114 0.04915705 0.01596298 0.06581083 0.03924768 0.01349082 0.04446612 0.030805416 0.01979493 0.04066624 0.031981521 0.01758654 0.021580612 0.019330606 0.075640552 0.027710907 0.020295959 0.023218845 0.037614739 0.026997188 0.029550317 0.021445865 0.0381907605 0.0178043542 0.0052756196 0.0058069237 1.098549e-02 2.066642e-03 3.900179e-03 3.611245e-03 1.497908e-02 1.530734e-07
   36    1      1      0    0   125  0.000000e+00 2.066866e-02 4.591129e-03 0.0038785547 0.005166973 0.0026301240 2.379772e-03 0.008718768 0.037769323 0.02651672 0.06371727 0.02993816 0.02968122 0.02173183 0.04487916 0.08466521 0.05490734 0.03062130 0.02303069 0.03084613 0.041045082 0.03373199 0.04049179 0.043955852 0.05980516 0.013282228 0.007917747 0.004387961 0.050996781 0.042084708 0.027162065 0.013668057 0.006257701 0.016281109 0.023544905 0.0162299404 0.0145581437 0.0125674233 0.0039643325 4.795926e-04 4.141982e-05 5.141159e-04 1.863561e-07 6.479817e-04 4.539375e-05
   46    1      1      0    0   125 2.482054e-136 1.194303e-21 8.891410e-06 0.0029300288 0.030626467 0.0072819300 7.125545e-03 0.011115133 0.054675712 0.09150101 0.04755765 0.05174053 0.03869240 0.03508574 0.02986972 0.04106559 0.03584834 0.01729634 0.04083907 0.03064445 0.021828657 0.04709243 0.02574951 0.034830600 0.01708387 0.045748265 0.039034413 0.007110503 0.062943433 0.024064778 0.007595577 0.012890803 0.024727521 0.005055287 0.012681624 0.0119883989 0.0032358160 0.0026622573 0.0151360580 1.901502e-04 9.314403e-05 2.080204e-03 2.271765e-03 3.910968e-11 3.906280e-07
   56    1      1      0    0   125  3.583696e-74 8.316772e-08 9.907353e-06 0.0036832186 0.009062047 0.0181556507 2.149678e-03 0.023094988 0.018789569 0.08200695 0.05575978 0.02271146 0.05179260 0.03413996 0.03650757 0.03005122 0.03724437 0.06540309 0.01580936 0.03552107 0.023144584 0.01875048 0.04107024 0.027019936 0.02873249 0.024206130 0.056212457 0.013472135 0.024162905 0.035738614 0.034619381 0.008596817 0.080008577 0.018747312 0.008128868 0.0052554842 0.0001083243 0.0042205225 0.0036950249 2.895061e-04 2.567110e-05 1.072699e-04 2.320842e-06 7.485545e-22 1.792377e-03
   60    1      1      0    0   125  1.139994e-24 8.875697e-57 2.411164e-03 0.0200466622 0.034163793 0.0002499712 2.326658e-04 0.010447344 0.040141972 0.05829029 0.05778075 0.05268748 0.05707721 0.04495249 0.05566575 0.04487041 0.04963348 0.02492875 0.03544839 0.04983279 0.043743812 0.08176250 0.02221343 0.024046194 0.02298369 0.010143621 0.023844807 0.020347822 0.004559948 0.010356842 0.017550857 0.032231296 0.010106316 0.009457223 0.002006844 0.0008552560 0.0054755143 0.0053914365 0.0131780559 1.814982e-07 8.288538e-09 1.606313e-19 1.913765e-10 2.135888e-16 8.829795e-04
   64    1      1      0    0   125  2.980558e-75 5.504743e-07 3.669765e-03 0.0360366255 0.002359344 0.0065175982 1.846365e-02 0.003143469 0.050083764 0.09173723 0.03354552 0.04551626 0.03216749 0.04486875 0.02920035 0.04862400 0.07105777 0.02275910 0.01467915 0.03831651 0.060367640 0.02170963 0.07189026 0.029544553 0.01116720 0.021000546 0.012341743 0.018204640 0.013773604 0.034599132 0.003436593 0.034348422 0.020540312 0.004706243 0.015412989 0.0117839695 0.0048155746 0.0004388558 0.0032180837 4.329596e-03 1.962211e-05 3.332548e-07 9.315057e-03 1.058759e-04 1.826372e-04
   68    1      1      0    0   125  2.997299e-32 2.285665e-31 9.595087e-06 0.0118942788 0.029049176 0.0023851125 1.199885e-03 0.078325766 0.078869881 0.04583090 0.02750632 0.06512158 0.02628300 0.02605791 0.06946221 0.04153060 0.02497518 0.06552005 0.04285156 0.01790574 0.008930356 0.02947547 0.02693170 0.025092738 0.02875625 0.023458183 0.028288574 0.045736400 0.016082156 0.014295793 0.021694393 0.007018943 0.008782029 0.022895033 0.006031320 0.0009783462 0.0099047272 0.0001145667 0.0078261239 2.625166e-06 1.001118e-02 4.247019e-04 7.233280e-09 1.141552e-13 2.489621e-03
   72    1      1      0    0   125 1.002244e-153 3.240813e-13 1.216033e-03 0.0003919626 0.007757138 0.0313762624 2.836953e-03 0.017280257 0.054650826 0.07582361 0.06502984 0.02884204 0.04055026 0.07032552 0.08569805 0.02272721 0.03493820 0.03734892 0.04793843 0.05130741 0.050469589 0.01717904 0.02090920 0.022962922 0.01642091 0.022202806 0.015832490 0.043587483 0.020396822 0.011087845 0.005079202 0.024223626 0.010984242 0.002080908 0.006498382 0.0139096801 0.0015081937 0.0014005676 0.0016724658 1.013970e-03 1.868815e-06 1.400239e-02 2.397587e-13 8.837365e-07 5.355833e-04
   76    1      1      0    0   125  4.124918e-03 1.397241e-11 1.654800e-03 0.0178903500 0.006948590 0.0029813263 2.162373e-02 0.005974087 0.007980046 0.04987516 0.09724962 0.06741292 0.03413479 0.01788254 0.08093035 0.03267875 0.05623090 0.04025285 0.04155408 0.02827539 0.049904598 0.03941931 0.10090362 0.008769834 0.03577577 0.013197093 0.009462100 0.012811401 0.022375150 0.011332207 0.002629845 0.024535055 0.006245624 0.010732958 0.006103971 0.0203331924 0.0019197182 0.0049409746 0.0005349913 8.866724e-07 1.112157e-04 2.233291e-03 6.918760e-05 2.816812e-06 3.105748e-18
   80    1      1      0    0   125  2.792393e-06 1.303810e-09 1.972737e-03 0.0083295510 0.011705049 0.0016516835 8.299119e-06 0.020484444 0.043934799 0.04464075 0.06610338 0.03066909 0.07678661 0.04722332 0.03249296 0.03954471 0.09257323 0.03109239 0.04603340 0.05125348 0.050890348 0.02215368 0.01553787 0.032246580 0.02422326 0.009927635 0.036949301 0.016960129 0.016840315 0.012724351 0.028905749 0.013765863 0.005328239 0.020477729 0.005886138 0.0104156449 0.0035890879 0.0124243369 0.0113492656 1.995180e-03 9.025428e-05 4.816554e-09 7.464892e-04 4.329685e-12 6.987029e-05
   84    1      1      0    0   125  0.000000e+00 2.347805e-18 4.174385e-03 0.0209118044 0.005743061 0.0067731175 6.057178e-03 0.012405935 0.028438022 0.06049034 0.10579446 0.03813002 0.02705676 0.08469463 0.02715027 0.06083812 0.01295137 0.02848257 0.03596154 0.03637881 0.043220425 0.01270405 0.03431347 0.055492868 0.03742162 0.037369278 0.009236369 0.049065011 0.018173848 0.020349476 0.017788723 0.006334719 0.008295394 0.026273759 0.008798630 0.0002052053 0.0004170036 0.0012377410 0.0061781392 3.347844e-04 4.345212e-03 5.777729e-06 1.060504e-10 3.817192e-06 2.279284e-06
   88    1      1      0    0   125  0.000000e+00 9.723068e-07 2.698717e-03 0.0078361770 0.003755648 0.0051971122 1.322494e-02 0.016445227 0.045463669 0.04131013 0.06463365 0.07340002 0.03108330 0.02223709 0.06238282 0.05612858 0.02229623 0.06584111 0.02993179 0.02979349 0.056655328 0.02185527 0.02723908 0.035329081 0.05223781 0.054046295 0.013098290 0.007857616 0.004919158 0.004862508 0.021304818 0.005096905 0.003732053 0.011650753 0.011173101 0.0173356264 0.0309038193 0.0019859823 0.0071885368 1.950309e-03 2.857343e-04 7.589385e-03 1.760088e-05 1.001879e-12 8.024280e-03
   92    1      1      0    0   125 2.237752e-141 1.758075e-13 7.102815e-04 0.0044428631 0.010627622 0.0013824612 5.547280e-04 0.021495478 0.026603087 0.05760047 0.05710191 0.05673457 0.05880049 0.02380570 0.03174270 0.03329107 0.06745600 0.01801953 0.03675169 0.08753955 0.015400257 0.03309908 0.04110209 0.035628260 0.03174171 0.043401467 0.007448805 0.025535169 0.064987592 0.017744974 0.032046460 0.001766839 0.017665811 0.011997446 0.004042221 0.0053620831 0.0118601467 0.0005874171 0.0009928649 2.885891e-03 4.312946e-05 1.404043e-17 3.329516e-20 3.533109e-20 7.695852e-08
   96    1      1      0    0   125 6.028469e-279 1.871992e-25 1.383771e-03 0.0001278201 0.004862964 0.0002534430 3.316930e-03 0.014642069 0.086378104 0.05883310 0.04866254 0.05590034 0.03750915 0.04682091 0.04158094 0.07387196 0.02862169 0.03427439 0.02930741 0.02543683 0.046216769 0.02747659 0.01501009 0.028054423 0.03242960 0.024046239 0.022105880 0.044698600 0.011725553 0.018084418 0.010458559 0.041788018 0.028029099 0.005318912 0.031466947 0.0039963379 0.0005264918 0.0019726238 0.0030142241 1.452699e-03 1.028017e-02 6.069155e-05 1.134871e-09 2.693338e-06 5.488811e-14
  100    1      1      0    0   125  5.913121e-53 4.704317e-13 6.756858e-05 0.0037233029 0.001044247 0.0139858939 6.504238e-03 0.043085436 0.031388609 0.04887187 0.05788436 0.05787182 0.02081368 0.01758409 0.02267042 0.05154274 0.05458307 0.03622694 0.03372685 0.07304309 0.015060780 0.02612436 0.03523062 0.021690006 0.01649526 0.013176450 0.011648513 0.020996314 0.056056969 0.015370455 0.023065350 0.074135091 0.016311010 0.016167538 0.007204470 0.0049039368 0.0334245043 0.0039047628 0.0001553193 2.193412e-03 9.162135e-03 2.442044e-04 2.556401e-03 8.744775e-08 1.038189e-04
   76    1      2      0    0   500  1.555025e-10 2.727073e-03 1.945520e-02 0.0430024466 0.050639898 0.0250281790 2.717563e-02 0.022343942 0.041526073 0.06538108 0.04667195 0.04532011 0.02654739 0.03998617 0.03818840 0.04593591 0.02419086 0.02124097 0.04349669 0.02448433 0.039874413 0.03269934 0.02353748 0.032120818 0.03112251 0.012618309 0.014763686 0.019523086 0.027737594 0.008633422 0.014341627 0.016238917 0.020872645 0.015414168 0.003482403 0.0101998523 0.0101283156 0.0027343727 0.0032454015 1.825940e-03 4.895752e-04 1.680350e-03 1.739604e-03 5.204638e-05 1.581841e-03
   78    1      2      0    0   500  3.499881e-10 5.067734e-03 1.270432e-02 0.0466324161 0.053282517 0.0219953779 1.887686e-02 0.023179683 0.067603840 0.04956757 0.05073475 0.04199951 0.03484208 0.02608139 0.03189082 0.03074392 0.03500839 0.03822727 0.02580595 0.02626714 0.037176250 0.02651321 0.02686485 0.028209457 0.02732962 0.022582290 0.016348547 0.026943161 0.018262460 0.016800808 0.010802842 0.035497477 0.008726047 0.007886278 0.006383713 0.0108823528 0.0152272994 0.0034271121 0.0047930175 8.238710e-03 1.181071e-04 1.031330e-05 3.663770e-04 7.890797e-05 1.925698e-05
   80    1      2      0    0   500  8.353772e-39 4.106785e-03 1.836166e-02 0.0456806506 0.042441165 0.0127938148 1.023729e-02 0.028848908 0.057423074 0.04174343 0.04907181 0.02468380 0.02439174 0.05040736 0.05208852 0.03781636 0.03554200 0.03319549 0.03072903 0.02828675 0.038200829 0.03887138 0.02084874 0.037190706 0.02322426 0.016404430 0.021651159 0.029752506 0.024652889 0.031775730 0.027619251 0.016844475 0.009805674 0.010710219 0.005422317 0.0041777644 0.0077714192 0.0022799168 0.0005109086 1.437141e-03 1.494645e-04 2.975922e-04 2.220188e-03 3.086320e-09 3.313838e-04
   82    1      2      0    0   500  2.850891e-39 3.985359e-03 1.877118e-02 0.0559922311 0.051832917 0.0136164581 1.362998e-02 0.035229039 0.041803712 0.05581381 0.04790386 0.03996191 0.02928767 0.02260700 0.03942346 0.04073412 0.05371547 0.02764050 0.02813014 0.03800689 0.019380134 0.02873551 0.03359393 0.030872209 0.03234931 0.021630576 0.028365003 0.028658253 0.023543318 0.018907078 0.018798117 0.012752443 0.011886224 0.010101275 0.003187614 0.0065818281 0.0037328926 0.0023937512 0.0001606995 1.159453e-03 1.268346e-03 2.471464e-03 1.711585e-04 7.117015e-04 5.019828e-04
   84    1      2      0    0   500  1.504177e-04 1.412518e-03 2.507509e-02 0.0270891127 0.083419571 0.0146800947 5.488928e-03 0.021701887 0.044809043 0.04901704 0.04499732 0.04122120 0.06452225 0.03675954 0.02009624 0.04450897 0.03407059 0.02636110 0.02676949 0.03164089 0.036634600 0.01839614 0.01932840 0.019327022 0.02832125 0.036989567 0.014117226 0.026252773 0.021609837 0.033504975 0.022021390 0.017105296 0.008812111 0.010854245 0.009638540 0.0099882510 0.0038246101 0.0040053485 0.0052748860 2.992280e-03 3.034386e-03 3.367565e-04 1.181780e-04 3.368653e-08 3.720600e-03
   86    1      2      0    0   500  2.186806e-11 1.022680e-02 2.215335e-02 0.0533188872 0.054940667 0.0157463456 2.555799e-02 0.024499694 0.055988557 0.06558290 0.05196240 0.03401174 0.05363268 0.02800396 0.03406804 0.02571510 0.02885694 0.04488794 0.04216746 0.03765899 0.029020814 0.02725939 0.02545758 0.019873027 0.02438614 0.027611482 0.011665321 0.018181306 0.020673613 0.015300756 0.006659445 0.006082236 0.006751695 0.010547604 0.013775515 0.0103875766 0.0039428353 0.0052553678 0.0022919052 2.192696e-04 2.036678e-03 7.535497e-05 1.581772e-06 1.358522e-03 2.204548e-03
   88    1      2      0    0   500  3.613224e-10 2.784399e-03 1.853784e-02 0.0494376822 0.041711817 0.0292459184 1.336626e-02 0.017257237 0.031411046 0.04777455 0.06307281 0.04199692 0.04845362 0.01939673 0.04451306 0.04613292 0.04018645 0.03688161 0.02158486 0.03868313 0.033841385 0.03423651 0.01941901 0.045325936 0.01530399 0.030668128 0.027620652 0.016231458 0.010036860 0.022205160 0.016898365 0.005241921 0.007540844 0.009406236 0.009220507 0.0168566916 0.0131388628 0.0077412067 0.0024546214 1.545996e-03 5.527380e-04 2.532725e-04 1.827262e-03 3.453032e-06 9.292044e-08
   90    1      2      0    0   500  1.202988e-05 2.592666e-03 2.239525e-02 0.0311565108 0.066961045 0.0069873221 8.890646e-03 0.023461072 0.034012772 0.06034998 0.04831126 0.03989269 0.03166044 0.04071895 0.03796390 0.03684252 0.03886664 0.02326223 0.05134855 0.02741607 0.035244219 0.03037211 0.01785752 0.019040473 0.03251979 0.029014379 0.032227321 0.025898147 0.025627522 0.037225523 0.015277785 0.003456669 0.008455862 0.017443091 0.006514401 0.0065167148 0.0056692747 0.0024730502 0.0038271932 5.520897e-03 8.779823e-04 3.497071e-03 1.460174e-05 1.501360e-04 2.175738e-03
   92    1      2      0    0   500  1.243892e-29 1.028418e-03 2.014131e-02 0.0540987864 0.036506022 0.0231769188 1.247726e-02 0.040354576 0.030482165 0.08439156 0.05468642 0.04342925 0.03169139 0.03974333 0.04373991 0.03294646 0.04037880 0.03613060 0.02619952 0.02697084 0.024237180 0.02204194 0.02541782 0.029079541 0.02310782 0.024710398 0.039664734 0.019260137 0.010489017 0.016377164 0.012959104 0.017448845 0.008570583 0.008086120 0.008879769 0.0061506423 0.0075327351 0.0090431711 0.0018134235 2.654905e-03 5.830312e-04 1.022882e-04 2.433939e-04 2.961923e-03 1.076666e-05
   94    1      2      0    0   500  4.477731e-05 6.758139e-03 2.163188e-02 0.0570048449 0.035558938 0.0107849463 1.430300e-02 0.026785152 0.047851717 0.05675891 0.07572304 0.03473887 0.02783644 0.03167433 0.03028370 0.04110973 0.03280630 0.03775467 0.03189907 0.02129720 0.032838222 0.02175421 0.03528060 0.027595657 0.03382435 0.025288329 0.029849381 0.018677657 0.019905817 0.018668232 0.023327833 0.006335883 0.006161267 0.025797536 0.013762105 0.0041210373 0.0048245715 0.0063684629 0.0011821977 3.846808e-04 6.023327e-04 3.917624e-05 2.151335e-07 8.891212e-05 7.156583e-04
   96    1      2      0    0   500  2.973330e-06 1.573902e-03 2.186267e-02 0.0525585017 0.050372662 0.0120193238 1.558352e-02 0.033893399 0.038151010 0.06079344 0.05934928 0.04060036 0.02798689 0.02812910 0.02653132 0.02748104 0.03419870 0.03193486 0.02773766 0.02826829 0.036995628 0.02883113 0.01420610 0.024066567 0.03990563 0.036308912 0.030066788 0.019221187 0.018917729 0.034005582 0.014715331 0.018163806 0.010033000 0.018848230 0.006887904 0.0106089808 0.0043075586 0.0016100236 0.0003283199 1.829303e-03 4.800487e-03 2.098253e-03 2.482127e-03 1.541031e-03 1.914844e-04
   98    1      2      0    0   500  1.805773e-07 2.124442e-03 1.512567e-02 0.0572126505 0.050594860 0.0295298263 8.772354e-03 0.017329839 0.048653985 0.04469345 0.06946543 0.03177518 0.03944741 0.03363531 0.03278657 0.03381355 0.02619755 0.03843685 0.03117783 0.01640801 0.020611285 0.02065966 0.02747434 0.026789759 0.02909036 0.031632939 0.031104777 0.030437641 0.015644395 0.013516429 0.021754708 0.026967131 0.015337547 0.013504180 0.005131839 0.0161467674 0.0098527818 0.0014838758 0.0025591156 9.925358e-03 7.411261e-04 5.305788e-04 1.610670e-03 1.219536e-06 3.105796e-04
  100    1      2      0    0   500  6.698142e-04 1.383025e-03 1.193536e-02 0.0465684877 0.063042661 0.0182492399 5.716779e-03 0.018595154 0.036973886 0.06090075 0.04041004 0.03959639 0.02586103 0.03721696 0.03811337 0.02898314 0.04891081 0.04209970 0.02450950 0.02459982 0.049827612 0.03071608 0.03072210 0.029766895 0.02566396 0.022174706 0.018059454 0.028997137 0.031646159 0.025917069 0.015507612 0.006539999 0.010314501 0.005430395 0.013376066 0.0187968384 0.0015546796 0.0020844947 0.0040747294 2.797090e-03 6.206426e-03 1.164127e-03 1.283910e-04 9.277625e-04 3.269796e-03
15 #_N_agebins
#_agebin_vector
1 2 3 4 5 6 7 8 9 10 11 12 13 14 15
1 #_N_ageerror_definitions
 #_age0   age1   age2   age3   age4   age5   age6   age7   age8   age9  age10  age11  age12  age13  age14  age15  age16  age17  age18  age19  age20  age21  age22  age23  age24  age25
 -1.000 -1.000 -1.000 -1.000 -1.000 -1.000 -1.000 -1.000 -1.000 -1.000 -1.000 -1.000 -1.000 -1.000 -1.000 -1.000 -1.000 -1.000 -1.000 -1.000 -1.000 -1.000 -1.000 -1.000 -1.000 -1.000
  0.001  0.001  0.001  0.001  0.001  0.001  0.001  0.001  0.001  0.001  0.001  0.001  0.001  0.001  0.001  0.001  0.001  0.001  0.001  0.001  0.001  0.001  0.001  0.001  0.001  0.001
90 #_N_agecomp
1 #_Lbin_method: 1=poplenbins; 2=datalenbins; 3=lengths
-1 #_combine males into females at or below this bin number
 #_Yr Seas FltSvy Gender Part Ageerr Lbin_lo Lbin_hi Nsamp           a1        a2        a3         a4         a5         a6         a7         a8         a9         a10         a11         a12          a13          a14         a15
   26    1      1      0    0      1      -1      -1   125  0.009828311 0.1259775 0.1516299 0.08722765 0.08796581 0.04118821 0.14134453 0.04869588 0.06852175 0.046455623 0.041998216 0.032156514 0.0147206696 1.173339e-02 0.090556048
   36    1      1      0    0      1      -1      -1   125  0.030650112 0.2494778 0.2107964 0.13268773 0.10257530 0.06029353 0.07013247 0.01956469 0.03492896 0.019309243 0.019860214 0.014146699 0.0221929941 5.088849e-04 0.012875006
   46    1      1      0    0      1      -1      -1   125  0.067028827 0.2768843 0.1362772 0.14261548 0.09518794 0.04423757 0.02714369 0.07270138 0.02131685 0.013934972 0.013986424 0.013415825 0.0265882635 2.636532e-02 0.022315943
   56    1      1      0    0      1      -1      -1   125  0.051200608 0.2569963 0.2343193 0.12753042 0.06820441 0.08350620 0.02124407 0.04943195 0.02874519 0.025840683 0.004748697 0.006722372 0.0004791252 3.212691e-02 0.008903786
   60    1      1      0    0      1      -1      -1   125  0.018449311 0.2164606 0.2266514 0.10872304 0.13600013 0.12055955 0.03454151 0.02680655 0.03289356 0.008419604 0.045770022 0.001755130 0.0087427883 7.463994e-04 0.013480419
   64    1      1      0    0      1      -1      -1   125  0.020352494 0.2739201 0.2600219 0.11696057 0.06367055 0.08808656 0.05831515 0.03446737 0.01619830 0.025872207 0.009679972 0.002146903 0.0053724385 7.813886e-03 0.017121654
   68    1      1      0    0      1      -1      -1   125  0.041653436 0.2383993 0.1745545 0.17002128 0.09245562 0.05500535 0.05766250 0.03708746 0.02912483 0.017776844 0.023224304 0.026225093 0.0061148806 2.066713e-03 0.028627794
   72    1      1      0    0      1      -1      -1   125  0.039725931 0.2576303 0.1937886 0.14465714 0.09855436 0.06830784 0.08958465 0.02130203 0.03667764 0.009532870 0.011620585 0.022228083 0.0012894133 4.144239e-05 0.005059116
   76    1      1      0    0      1      -1      -1   125  0.015731646 0.2065043 0.2315345 0.19361602 0.11015306 0.05929264 0.04389997 0.05355501 0.03992960 0.017562390 0.008867465 0.005712417 0.0094451466 3.089053e-05 0.004164905
   80    1      1      0    0      1      -1      -1   125  0.056233133 0.2114057 0.2060619 0.23743282 0.07244277 0.05423037 0.02265076 0.03033963 0.02507559 0.022396324 0.016064953 0.008814912 0.0041489883 2.441190e-02 0.008290248
   84    1      1      0    0      1      -1      -1   125  0.027348398 0.1793312 0.1308834 0.12627283 0.10108607 0.15154111 0.09347385 0.06663569 0.03191730 0.022847848 0.019391652 0.005741728 0.0003981045 1.764576e-02 0.025485073
   88    1      1      0    0      1      -1      -1   125  0.037650189 0.2278583 0.2112520 0.09916945 0.11132336 0.06374990 0.06176920 0.06474757 0.01249037 0.021601139 0.005975416 0.001885515 0.0319043339 1.609918e-02 0.032524095
   92    1      1      0    0      1      -1      -1   125  0.056953620 0.2492941 0.1353378 0.14217171 0.09575362 0.06735257 0.04294707 0.04029923 0.02049445 0.020042351 0.041056974 0.007474923 0.0141753667 4.681958e-04 0.066178055
   96    1      1      0    0      1      -1      -1   125  0.066880917 0.2284505 0.1499018 0.16375916 0.09340437 0.09031782 0.05484932 0.01580885 0.03796481 0.045644415 0.027160979 0.009513661 0.0073258668 6.466782e-04 0.008370904
  100    1      1      0    0      1      -1      -1   125  0.024437553 0.2964949 0.1706382 0.13868916 0.12578339 0.07541976 0.03893300 0.02215609 0.02905189 0.000332991 0.015198172 0.005932120 0.0084268999 1.437444e-02 0.034131430
   76    1      2      0    0      1      -1      -1   500  0.116822821 0.2508532 0.1811439 0.13774557 0.09313975 0.04554279 0.06344211 0.02812048 0.02137708 0.014159887 0.020435675 0.004793472 0.0021306532 8.416640e-03 0.011875930
   78    1      2      0    0      1      -1      -1   500  0.139869415 0.2201187 0.1813456 0.12353315 0.08717359 0.06440232 0.03973318 0.03879704 0.03385894 0.005589849 0.025346858 0.006211595 0.0095970674 9.295737e-03 0.015127000
   80    1      2      0    0      1      -1      -1   500  0.102809930 0.2270243 0.1925630 0.15736322 0.09412902 0.06502035 0.04002476 0.02845330 0.02230608 0.019173095 0.011747479 0.007698654 0.0052874644 5.798591e-03 0.020600760
   82    1      2      0    0      1      -1      -1   500  0.141437767 0.2536696 0.1662738 0.12330735 0.07528603 0.07804181 0.03952076 0.04434270 0.01762290 0.020611823 0.012175995 0.008941474 0.0070611733 2.407489e-03 0.009299241
   84    1      2      0    0      1      -1      -1   500  0.132968494 0.2100169 0.1945035 0.12753069 0.07240397 0.08112721 0.05216184 0.04380351 0.02600395 0.013941314 0.009577587 0.016108186 0.0060186604 3.548882e-03 0.010285299
   86    1      2      0    0      1      -1      -1   500  0.131715104 0.2299658 0.1738879 0.12948474 0.09972840 0.07487892 0.05043102 0.02652039 0.01729674 0.023612291 0.007155649 0.007199815 0.0031298187 7.791731e-03 0.017201671
   88    1      2      0    0      1      -1      -1   500  0.175024339 0.2005577 0.1575762 0.11036840 0.09176538 0.05405041 0.05184178 0.03751173 0.03439020 0.033612251 0.009801017 0.013783308 0.0133536158 4.772506e-03 0.011591170
   90    1      2      0    0      1      -1      -1   500  0.130083130 0.2669747 0.1646031 0.12518485 0.09293477 0.04273020 0.03453452 0.04092773 0.01668208 0.017402788 0.011874205 0.003922689 0.0203945896 6.199972e-03 0.025550629
   92    1      2      0    0      1      -1      -1   500  0.138370103 0.2344736 0.1617256 0.13445535 0.07807878 0.07176161 0.04230024 0.04390284 0.01360046 0.019293109 0.012612060 0.012916093 0.0056877911 1.016317e-02 0.020659177
   94    1      2      0    0      1      -1      -1   500  0.124000805 0.1977387 0.1877493 0.11839214 0.10621824 0.07823994 0.04771253 0.04707828 0.02971706 0.014905508 0.013395048 0.009452808 0.0076730353 7.782943e-03 0.009943651
   96    1      2      0    0      1      -1      -1   500  0.140587694 0.2200729 0.1819545 0.12909699 0.09041840 0.05312937 0.06916792 0.03053897 0.02209164 0.014065244 0.012419506 0.007375571 0.0080334402 1.584632e-03 0.019463212
   98    1      2      0    0      1      -1      -1   500  0.171320260 0.2120617 0.1459381 0.12844812 0.10335140 0.05450093 0.04235821 0.03198927 0.04108576 0.017206268 0.017432978 0.005257255 0.0012233967 2.025173e-03 0.025801278
  100    1      2      0    0      1      -1      -1   500  0.170646403 0.2235313 0.1821781 0.12713625 0.06705894 0.05542890 0.04653846 0.05064081 0.01857514 0.010918544 0.019878553 0.008434009 0.0039638648 2.678478e-03 0.012392180
   60    1      1      0    0      1       4       4     1  1.000000000 0.0000000 0.0000000 0.00000000 0.00000000 0.00000000 0.00000000 0.00000000 0.00000000 0.000000000 0.000000000 0.000000000 0.0000000000 0.000000e+00 0.000000000
   60    1      1      0    0      1       5       5     4  4.000000000 0.0000000 0.0000000 0.00000000 0.00000000 0.00000000 0.00000000 0.00000000 0.00000000 0.000000000 0.000000000 0.000000000 0.0000000000 0.000000e+00 0.000000000
   60    1      1      0    0      1       8       8     3  3.000000000 0.0000000 0.0000000 0.00000000 0.00000000 0.00000000 0.00000000 0.00000000 0.00000000 0.000000000 0.000000000 0.000000000 0.0000000000 0.000000e+00 0.000000000
   60    1      1      0    0      1       9       9     4  4.000000000 0.0000000 0.0000000 0.00000000 0.00000000 0.00000000 0.00000000 0.00000000 0.00000000 0.000000000 0.000000000 0.000000000 0.0000000000 0.000000e+00 0.000000000
   60    1      1      0    0      1      10      10     4  4.000000000 0.0000000 0.0000000 0.00000000 0.00000000 0.00000000 0.00000000 0.00000000 0.00000000 0.000000000 0.000000000 0.000000000 0.0000000000 0.000000e+00 0.000000000
   60    1      1      0    0      1      11      11     7  7.000000000 0.0000000 0.0000000 0.00000000 0.00000000 0.00000000 0.00000000 0.00000000 0.00000000 0.000000000 0.000000000 0.000000000 0.0000000000 0.000000e+00 0.000000000
   60    1      1      0    0      1      12      12     5  5.000000000 0.0000000 0.0000000 0.00000000 0.00000000 0.00000000 0.00000000 0.00000000 0.00000000 0.000000000 0.000000000 0.000000000 0.0000000000 0.000000e+00 0.000000000
   60    1      1      0    0      1      13      13     4  4.000000000 0.0000000 0.0000000 0.00000000 0.00000000 0.00000000 0.00000000 0.00000000 0.00000000 0.000000000 0.000000000 0.000000000 0.0000000000 0.000000e+00 0.000000000
   60    1      1      0    0      1      14      14     3  3.000000000 0.0000000 0.0000000 0.00000000 0.00000000 0.00000000 0.00000000 0.00000000 0.00000000 0.000000000 0.000000000 0.000000000 0.0000000000 0.000000e+00 0.000000000
   60    1      1      0    0      1      15      15     5  5.000000000 0.0000000 0.0000000 0.00000000 0.00000000 0.00000000 0.00000000 0.00000000 0.00000000 0.000000000 0.000000000 0.000000000 0.0000000000 0.000000e+00 0.000000000
   60    1      1      0    0      1      16      16     3  3.000000000 0.0000000 0.0000000 0.00000000 0.00000000 0.00000000 0.00000000 0.00000000 0.00000000 0.000000000 0.000000000 0.000000000 0.0000000000 0.000000e+00 0.000000000
   60    1      1      0    0      1      17      17     4  4.000000000 0.0000000 0.0000000 0.00000000 0.00000000 0.00000000 0.00000000 0.00000000 0.00000000 0.000000000 0.000000000 0.000000000 0.0000000000 0.000000e+00 0.000000000
   60    1      1      0    0      1      18      18     5  5.000000000 0.0000000 0.0000000 0.00000000 0.00000000 0.00000000 0.00000000 0.00000000 0.00000000 0.000000000 0.000000000 0.000000000 0.0000000000 0.000000e+00 0.000000000
   60    1      1      0    0      1      19      19     5  5.000000000 0.0000000 0.0000000 0.00000000 0.00000000 0.00000000 0.00000000 0.00000000 0.00000000 0.000000000 0.000000000 0.000000000 0.0000000000 0.000000e+00 0.000000000
   60    1      1      0    0      1      20      20     5  5.000000000 0.0000000 0.0000000 0.00000000 0.00000000 0.00000000 0.00000000 0.00000000 0.00000000 0.000000000 0.000000000 0.000000000 0.0000000000 0.000000e+00 0.000000000
   60    1      1      0    0      1      21      21     3  3.000000000 0.0000000 0.0000000 0.00000000 0.00000000 0.00000000 0.00000000 0.00000000 0.00000000 0.000000000 0.000000000 0.000000000 0.0000000000 0.000000e+00 0.000000000
   60    1      1      0    0      1      22      22     6  6.000000000 0.0000000 0.0000000 0.00000000 0.00000000 0.00000000 0.00000000 0.00000000 0.00000000 0.000000000 0.000000000 0.000000000 0.0000000000 0.000000e+00 0.000000000
   60    1      1      0    0      1      23      23     3  3.000000000 0.0000000 0.0000000 0.00000000 0.00000000 0.00000000 0.00000000 0.00000000 0.00000000 0.000000000 0.000000000 0.000000000 0.0000000000 0.000000e+00 0.000000000
   60    1      1      0    0      1      24      24     3  3.000000000 0.0000000 0.0000000 0.00000000 0.00000000 0.00000000 0.00000000 0.00000000 0.00000000 0.000000000 0.000000000 0.000000000 0.0000000000 0.000000e+00 0.000000000
   60    1      1      0    0      1      25      25     3  3.000000000 0.0000000 0.0000000 0.00000000 0.00000000 0.00000000 0.00000000 0.00000000 0.00000000 0.000000000 0.000000000 0.000000000 0.0000000000 0.000000e+00 0.000000000
   60    1      1      0    0      1      27      27     2  2.000000000 0.0000000 0.0000000 0.00000000 0.00000000 0.00000000 0.00000000 0.00000000 0.00000000 0.000000000 0.000000000 0.000000000 0.0000000000 0.000000e+00 0.000000000
   60    1      1      0    0      1      28      28     2  1.000000000 1.0000000 0.0000000 0.00000000 0.00000000 0.00000000 0.00000000 0.00000000 0.00000000 0.000000000 0.000000000 0.000000000 0.0000000000 0.000000e+00 0.000000000
   60    1      1      0    0      1      29      29     2  0.000000000 2.0000000 0.0000000 0.00000000 0.00000000 0.00000000 0.00000000 0.00000000 0.00000000 0.000000000 0.000000000 0.000000000 0.0000000000 0.000000e+00 0.000000000
   60    1      1      0    0      1      31      31     2  0.000000000 2.0000000 0.0000000 0.00000000 0.00000000 0.00000000 0.00000000 0.00000000 0.00000000 0.000000000 0.000000000 0.000000000 0.0000000000 0.000000e+00 0.000000000
   60    1      1      0    0      1      32      32     3  0.000000000 3.0000000 0.0000000 0.00000000 0.00000000 0.00000000 0.00000000 0.00000000 0.00000000 0.000000000 0.000000000 0.000000000 0.0000000000 0.000000e+00 0.000000000
   60    1      1      0    0      1      33      33     2  0.000000000 2.0000000 0.0000000 0.00000000 0.00000000 0.00000000 0.00000000 0.00000000 0.00000000 0.000000000 0.000000000 0.000000000 0.0000000000 0.000000e+00 0.000000000
   60    1      1      0    0      1      34      34     2  0.000000000 2.0000000 0.0000000 0.00000000 0.00000000 0.00000000 0.00000000 0.00000000 0.00000000 0.000000000 0.000000000 0.000000000 0.0000000000 0.000000e+00 0.000000000
   60    1      1      0    0      1      36      36     1  0.000000000 1.0000000 0.0000000 0.00000000 0.00000000 0.00000000 0.00000000 0.00000000 0.00000000 0.000000000 0.000000000 0.000000000 0.0000000000 0.000000e+00 0.000000000
   60    1      1      0    0      1      38      38     1  0.000000000 1.0000000 0.0000000 0.00000000 0.00000000 0.00000000 0.00000000 0.00000000 0.00000000 0.000000000 0.000000000 0.000000000 0.0000000000 0.000000e+00 0.000000000
   60    1      1      0    0      1      39      39     3  0.000000000 3.0000000 0.0000000 0.00000000 0.00000000 0.00000000 0.00000000 0.00000000 0.00000000 0.000000000 0.000000000 0.000000000 0.0000000000 0.000000e+00 0.000000000
  100    1      1      0    0      1       4       4     1  1.000000000 0.0000000 0.0000000 0.00000000 0.00000000 0.00000000 0.00000000 0.00000000 0.00000000 0.000000000 0.000000000 0.000000000 0.0000000000 0.000000e+00 0.000000000
  100    1      1      0    0      1       6       6     1  1.000000000 0.0000000 0.0000000 0.00000000 0.00000000 0.00000000 0.00000000 0.00000000 0.00000000 0.000000000 0.000000000 0.000000000 0.0000000000 0.000000e+00 0.000000000
  100    1      1      0    0      1       8       8     4  4.000000000 0.0000000 0.0000000 0.00000000 0.00000000 0.00000000 0.00000000 0.00000000 0.00000000 0.000000000 0.000000000 0.000000000 0.0000000000 0.000000e+00 0.000000000
  100    1      1      0    0      1       9       9     3  3.000000000 0.0000000 0.0000000 0.00000000 0.00000000 0.00000000 0.00000000 0.00000000 0.00000000 0.000000000 0.000000000 0.000000000 0.0000000000 0.000000e+00 0.000000000
  100    1      1      0    0      1      10      10     2  2.000000000 0.0000000 0.0000000 0.00000000 0.00000000 0.00000000 0.00000000 0.00000000 0.00000000 0.000000000 0.000000000 0.000000000 0.0000000000 0.000000e+00 0.000000000
  100    1      1      0    0      1      11      11     6  6.000000000 0.0000000 0.0000000 0.00000000 0.00000000 0.00000000 0.00000000 0.00000000 0.00000000 0.000000000 0.000000000 0.000000000 0.0000000000 0.000000e+00 0.000000000
  100    1      1      0    0      1      12      12     8  8.000000000 0.0000000 0.0000000 0.00000000 0.00000000 0.00000000 0.00000000 0.00000000 0.00000000 0.000000000 0.000000000 0.000000000 0.0000000000 0.000000e+00 0.000000000
  100    1      1      0    0      1      13      13     1  1.000000000 0.0000000 0.0000000 0.00000000 0.00000000 0.00000000 0.00000000 0.00000000 0.00000000 0.000000000 0.000000000 0.000000000 0.0000000000 0.000000e+00 0.000000000
  100    1      1      0    0      1      14      14     2  2.000000000 0.0000000 0.0000000 0.00000000 0.00000000 0.00000000 0.00000000 0.00000000 0.00000000 0.000000000 0.000000000 0.000000000 0.0000000000 0.000000e+00 0.000000000
  100    1      1      0    0      1      15      15     2  2.000000000 0.0000000 0.0000000 0.00000000 0.00000000 0.00000000 0.00000000 0.00000000 0.00000000 0.000000000 0.000000000 0.000000000 0.0000000000 0.000000e+00 0.000000000
  100    1      1      0    0      1      16      16     8  8.000000000 0.0000000 0.0000000 0.00000000 0.00000000 0.00000000 0.00000000 0.00000000 0.00000000 0.000000000 0.000000000 0.000000000 0.0000000000 0.000000e+00 0.000000000
  100    1      1      0    0      1      17      17     2  2.000000000 0.0000000 0.0000000 0.00000000 0.00000000 0.00000000 0.00000000 0.00000000 0.00000000 0.000000000 0.000000000 0.000000000 0.0000000000 0.000000e+00 0.000000000
  100    1      1      0    0      1      18      18     2  2.000000000 0.0000000 0.0000000 0.00000000 0.00000000 0.00000000 0.00000000 0.00000000 0.00000000 0.000000000 0.000000000 0.000000000 0.0000000000 0.000000e+00 0.000000000
  100    1      1      0    0      1      19      19     1  1.000000000 0.0000000 0.0000000 0.00000000 0.00000000 0.00000000 0.00000000 0.00000000 0.00000000 0.000000000 0.000000000 0.000000000 0.0000000000 0.000000e+00 0.000000000
  100    1      1      0    0      1      20      20    11 11.000000000 0.0000000 0.0000000 0.00000000 0.00000000 0.00000000 0.00000000 0.00000000 0.00000000 0.000000000 0.000000000 0.000000000 0.0000000000 0.000000e+00 0.000000000
  100    1      1      0    0      1      21      21     2  2.000000000 0.0000000 0.0000000 0.00000000 0.00000000 0.00000000 0.00000000 0.00000000 0.00000000 0.000000000 0.000000000 0.000000000 0.0000000000 0.000000e+00 0.000000000
  100    1      1      0    0      1      22      22     5  5.000000000 0.0000000 0.0000000 0.00000000 0.00000000 0.00000000 0.00000000 0.00000000 0.00000000 0.000000000 0.000000000 0.000000000 0.0000000000 0.000000e+00 0.000000000
  100    1      1      0    0      1      23      23     4  4.000000000 0.0000000 0.0000000 0.00000000 0.00000000 0.00000000 0.00000000 0.00000000 0.00000000 0.000000000 0.000000000 0.000000000 0.0000000000 0.000000e+00 0.000000000
  100    1      1      0    0      1      24      24     1  1.000000000 0.0000000 0.0000000 0.00000000 0.00000000 0.00000000 0.00000000 0.00000000 0.00000000 0.000000000 0.000000000 0.000000000 0.0000000000 0.000000e+00 0.000000000
  100    1      1      0    0      1      25      25     2  2.000000000 0.0000000 0.0000000 0.00000000 0.00000000 0.00000000 0.00000000 0.00000000 0.00000000 0.000000000 0.000000000 0.000000000 0.0000000000 0.000000e+00 0.000000000
  100    1      1      0    0      1      28      28     3  3.000000000 0.0000000 0.0000000 0.00000000 0.00000000 0.00000000 0.00000000 0.00000000 0.00000000 0.000000000 0.000000000 0.000000000 0.0000000000 0.000000e+00 0.000000000
  100    1      1      0    0      1      29      29     5  4.000000000 1.0000000 0.0000000 0.00000000 0.00000000 0.00000000 0.00000000 0.00000000 0.00000000 0.000000000 0.000000000 0.000000000 0.0000000000 0.000000e+00 0.000000000
  100    1      1      0    0      1      30      30     4  1.000000000 3.0000000 0.0000000 0.00000000 0.00000000 0.00000000 0.00000000 0.00000000 0.00000000 0.000000000 0.000000000 0.000000000 0.0000000000 0.000000e+00 0.000000000
  100    1      1      0    0      1      31      31     1  0.000000000 1.0000000 0.0000000 0.00000000 0.00000000 0.00000000 0.00000000 0.00000000 0.00000000 0.000000000 0.000000000 0.000000000 0.0000000000 0.000000e+00 0.000000000
  100    1      1      0    0      1      32      32     6  1.000000000 5.0000000 0.0000000 0.00000000 0.00000000 0.00000000 0.00000000 0.00000000 0.00000000 0.000000000 0.000000000 0.000000000 0.0000000000 0.000000e+00 0.000000000
  100    1      1      0    0      1      33      33     3  0.000000000 3.0000000 0.0000000 0.00000000 0.00000000 0.00000000 0.00000000 0.00000000 0.00000000 0.000000000 0.000000000 0.000000000 0.0000000000 0.000000e+00 0.000000000
  100    1      1      0    0      1      34      34     1  0.000000000 1.0000000 0.0000000 0.00000000 0.00000000 0.00000000 0.00000000 0.00000000 0.00000000 0.000000000 0.000000000 0.000000000 0.0000000000 0.000000e+00 0.000000000
  100    1      1      0    0      1      35      35     1  0.000000000 1.0000000 0.0000000 0.00000000 0.00000000 0.00000000 0.00000000 0.00000000 0.00000000 0.000000000 0.000000000 0.000000000 0.0000000000 0.000000e+00 0.000000000
  100    1      1      0    0      1      36      36     1  0.000000000 1.0000000 0.0000000 0.00000000 0.00000000 0.00000000 0.00000000 0.00000000 0.00000000 0.000000000 0.000000000 0.000000000 0.0000000000 0.000000e+00 0.000000000
  100    1      1      0    0      1      37      37     3  0.000000000 3.0000000 0.0000000 0.00000000 0.00000000 0.00000000 0.00000000 0.00000000 0.00000000 0.000000000 0.000000000 0.000000000 0.0000000000 0.000000e+00 0.000000000
  100    1      1      0    0      1      38      38     3  0.000000000 3.0000000 0.0000000 0.00000000 0.00000000 0.00000000 0.00000000 0.00000000 0.00000000 0.000000000 0.000000000 0.000000000 0.0000000000 0.000000e+00 0.000000000
  100    1      1      0    0      1      43      43     1  0.000000000 1.0000000 0.0000000 0.00000000 0.00000000 0.00000000 0.00000000 0.00000000 0.00000000 0.000000000 0.000000000 0.000000000 0.0000000000 0.000000e+00 0.000000000
0 #_N_MeanSize_at_Age_obs
0 #_N_environ_variables
0 #_N_environ_obs
0 #_N_sizefreq_methods
0 #_do_tags
0 #_morphcomp_data
#
999
