#C data file created using the SS_writedat function in the R package r4ss
#C should work with SS version: 
#C file write time: 2015-02-11 18:14:11
#
1 #_styr
100 #_endyr
1 #_nseas
12 #_months_per_seas
1 #_spawn_seas
1 #_Nfleet
2 #_Nsurveys
1 #_N_areas
Fishery%Survey%CPUE #_fleetnames
0.5 0.5 0.5 #_surveytiming_in_season
1 1 1 #_area_assignments_for_each_fishery_and_survey
1 #_units of catch:  1=bio; 2=num
0.01 #_se of log(catch) only used for init_eq_catch and for Fmethod 2 and 3
1 #_Ngenders
25 #_Nages
0 #_init_equil_catch_for_each_fishery
100 #_N_lines_of_catch_to_read
 #_Fishery year seas
         0    1    1
         0    2    1
         0    3    1
         0    4    1
         0    5    1
         0    6    1
         0    7    1
         0    8    1
         0    9    1
         0   10    1
         0   11    1
         0   12    1
         0   13    1
         0   14    1
         0   15    1
         0   16    1
         0   17    1
         0   18    1
         0   19    1
         0   20    1
         0   21    1
         0   22    1
         0   23    1
         0   24    1
         0   25    1
 444646000   26    1
 397608000   27    1
 357583000   28    1
 324161000   29    1
 296656000   30    1
 274240000   31    1
 256057000   32    1
 241314000   33    1
 229322000   34    1
 219511000   35    1
 211426000   36    1
 204710000   37    1
 199088000   38    1
 194347000   39    1
 190324000   40    1
 186891000   41    1
 183948000   42    1
 181416000   43    1
 179230000   44    1
 177337000   45    1
 175694000   46    1
 174266000   47    1
 173022000   48    1
 171937000   49    1
 170990000   50    1
 170161000   51    1
 169436000   52    1
 168801000   53    1
 168243000   54    1
 167755000   55    1
 167325000   56    1
 166948000   57    1
 166617000   58    1
 166326000   59    1
 166070000   60    1
 165844000   61    1
 165646000   62    1
 165471000   63    1
 165317000   64    1
 165182000   65    1
 165063000   66    1
 164958000   67    1
 164865000   68    1
 164784000   69    1
 164712000   70    1
 164649000   71    1
 164593000   72    1
 164544000   73    1
 164500000   74    1
 164462000   75    1
 164429000   76    1
 164399000   77    1
 164373000   78    1
 164350000   79    1
 164329000   80    1
 164311000   81    1
 164296000   82    1
 164282000   83    1
 164269000   84    1
 164258000   85    1
 164249000   86    1
 164240000   87    1
 164233000   88    1
 164227000   89    1
 164221000   90    1
 164216000   91    1
 164211000   92    1
 164207000   93    1
 164204000   94    1
 164201000   95    1
 164198000   96    1
 164195000   97    1
 164193000   98    1
 164192000   99    1
 164190000  100    1
13 #_N_cpue
 #_Fleet Units Errtype
       1     1       0
       2     1       0
       3     1       0
 #_year seas index        obs se_log
     76    1     2 1472834050    0.2
     78    1     2 1496747743    0.2
     80    1     2 1230097518    0.2
     82    1     2 1660771268    0.2
     84    1     2 1841135257    0.2
     86    1     2 1873906460    0.2
     88    1     2 1343932803    0.2
     90    1     2 1277610353    0.2
     92    1     2 1279685205    0.2
     94    1     2 1691035252    0.2
     96    1     2 1264639839    0.2
     98    1     2 1278802901    0.2
    100    1     2 1894530470    0.2
0 #_N_discard_fleets
#_discard_units (1=same_as_catchunits(bio/num); 2=fraction; 3=numbers)
#_discard_errtype:  >0 for DF of T-dist(read CV below); 0 for normal with CV; -1 for normal with se; -2 for lognormal
0 #_N_discard
0 #_N_meanbodywt
1 #_DF_for_meanbodywt_T-distribution_like
2 # length bin method: 1=use databins; 2=generate from binwidth,min,max below; 3=read vector
1 # binwidth for population size comp
10 # minimum size in the population (lower edge of first bin and size at age 0.00)
200 # maximum size in the population (lower edge of last bin)
-0.001 #_comp_tail_compression
1e-05 #_add_to_comp
0 #_combine males into females at or below this bin number
45 #_N_lbins
#_lbin_vector
20 23 26 29 32 35 38 41 44 47 50 53 56 59 62 65 68 71 74 77 80 83 86 89 92 95 98 101 104 107 110 113 116 119 122 125 128 131 134 137 140 143 146 149 152
28 #_N_Length_comp_observations
 #_Yr Seas FltSvy Gender Part Nsamp           l20          l23          l26          l29         l32          l35          l38          l41        l44        l47        l50        l53         l56        l59        l62        l65        l68        l71        l74        l77        l80        l83        l86        l89        l92         l95        l98        l101        l104        l107        l110        l113        l116        l119        l122         l125         l128         l131         l134         l137         l140         l143         l146         l149         l152
   26    1      1      0    0   125  7.328066e-67 1.867554e-03 1.640405e-04 0.0115075242 0.001870010 1.029180e-02 0.0006660906 0.0002524132 0.01903617 0.05199094 0.03947991 0.04526039 0.019833520 0.05155381 0.01674461 0.04232980 0.07362434 0.01557406 0.01929371 0.03102000 0.04026544 0.03961001 0.02373134 0.02018020 0.01555464 0.036251916 0.02531114 0.052392857 0.008039729 0.048057730 0.013547674 0.014557875 0.025977517 0.040583028 0.036751736 0.0323450208 0.0104862270 7.148234e-03 1.467654e-02 8.462900e-04 3.639944e-03 6.533127e-06 2.463226e-02 2.892956e-03 1.015247e-02
   36    1      1      0    0   125  4.211581e-10 1.771387e-17 3.005243e-09 0.0008094955 0.002291365 1.748068e-02 0.0094706676 0.0302438829 0.06771475 0.06563181 0.04553368 0.02044650 0.025391771 0.03181800 0.06539316 0.02781457 0.04933307 0.01512600 0.05731204 0.04452201 0.04774685 0.02788063 0.03508496 0.02754318 0.04333572 0.038192298 0.01549990 0.034463343 0.014805572 0.003966262 0.017605442 0.030399369 0.011122907 0.019338365 0.007832289 0.0002906832 0.0226118463 1.614579e-02 1.181405e-04 4.655067e-06 4.561526e-03 1.165182e-03 3.945512e-03 3.367457e-09 6.140878e-06
   46    1      1      0    0   125 2.891510e-101 1.813802e-07 2.551942e-03 0.0060773885 0.008694884 9.002024e-03 0.0101273060 0.0223630348 0.01872486 0.06643836 0.07039674 0.05487822 0.052514765 0.02300904 0.03140994 0.05325268 0.06302478 0.02546542 0.04329019 0.02993757 0.03727620 0.01950702 0.02776931 0.06311198 0.02206289 0.007887139 0.02517092 0.015533852 0.011421514 0.016951098 0.018575462 0.038494276 0.011876774 0.042832501 0.015980138 0.0025491311 0.0022279684 4.482848e-04 2.497341e-02 3.046867e-03 1.004893e-05 2.013882e-07 1.921310e-05 1.079362e-03 3.511097e-05
   56    1      1      0    0   125  4.261431e-53 1.179894e-08 1.302662e-05 0.0195827220 0.015193392 1.850477e-03 0.0023626572 0.0075527730 0.02544880 0.04165549 0.04295177 0.04543464 0.037501001 0.03194650 0.03466060 0.05297592 0.06552354 0.01412176 0.05852866 0.03675393 0.03942485 0.02601287 0.06805674 0.01774125 0.02855137 0.016914377 0.02416043 0.005503941 0.063882036 0.026392929 0.031443037 0.019033197 0.011424091 0.019220163 0.015173348 0.0176123944 0.0121432931 8.781095e-05 1.139371e-03 1.529711e-02 7.531590e-06 6.232427e-03 1.847262e-04 2.976762e-05 2.732746e-04
   60    1      1      0    0   125  4.004367e-18 4.813496e-15 1.833039e-02 0.0023091146 0.027042652 3.759904e-03 0.0025621847 0.0052042336 0.04400399 0.02776391 0.06297655 0.05973325 0.088761451 0.01720891 0.03677201 0.03643924 0.02902812 0.05483335 0.08348299 0.02883767 0.02625723 0.03699877 0.05248659 0.03586043 0.01065824 0.052759912 0.03047939 0.016566520 0.011680280 0.017065140 0.015745401 0.010333849 0.018170911 0.006784402 0.008068635 0.0028254283 0.0021093872 1.709688e-03 1.595850e-03 4.347540e-06 4.913414e-03 2.366107e-09 4.583878e-03 9.674017e-09 3.292384e-03
   64    1      1      0    0   125  0.000000e+00 5.998943e-26 1.133619e-04 0.0025773818 0.026707508 2.190288e-04 0.0001625392 0.0294068172 0.03741407 0.03703468 0.07383381 0.05956413 0.063788265 0.04016817 0.02634479 0.05636749 0.02726374 0.02289266 0.04311923 0.06601368 0.03327730 0.03318587 0.01747158 0.03265252 0.04037069 0.018959845 0.01362308 0.011640224 0.013974406 0.010681771 0.007160468 0.024811443 0.028780067 0.004642532 0.015643294 0.0424055086 0.0119826369 6.118943e-03 1.338689e-03 9.352671e-03 5.062218e-04 4.719194e-03 1.183200e-08 3.708973e-03 7.172163e-07
   68    1      1      0    0   125  1.566638e-44 1.431567e-08 1.013635e-04 0.0322587385 0.003783377 6.489198e-03 0.0037494633 0.0160619924 0.04039050 0.05576273 0.08390011 0.03693777 0.021379765 0.04790213 0.05729972 0.04370136 0.06295077 0.05470479 0.03890485 0.02229086 0.03338762 0.02100848 0.03556700 0.02110576 0.02767726 0.025171117 0.02436695 0.022983533 0.022322071 0.018949409 0.038311015 0.012547800 0.006628440 0.009139413 0.007213780 0.0106216318 0.0118159441 1.824172e-02 2.848374e-03 7.151640e-04 1.447691e-05 1.367630e-04 1.789788e-16 3.158209e-14 6.567867e-04
   72    1      1      0    0   125  0.000000e+00 2.188295e-39 1.554362e-02 0.0186292383 0.001017664 1.111427e-02 0.0049615382 0.0097379550 0.02002900 0.04913995 0.03330638 0.03842536 0.030278840 0.05572883 0.06386300 0.04783114 0.04548262 0.03839931 0.07427972 0.01436725 0.05873853 0.01539758 0.05240311 0.01766097 0.02620912 0.026068206 0.03051614 0.032629028 0.009957194 0.019049822 0.029144138 0.026456975 0.021402427 0.010076070 0.005197246 0.0082544041 0.0118079977 1.404582e-02 2.004048e-05 8.648243e-03 3.113456e-03 3.703910e-04 1.216062e-05 6.699103e-04 1.533176e-05
   76    1      1      0    0   125 1.821380e-258 2.613636e-03 3.655385e-04 0.0066110855 0.010550316 5.111980e-03 0.0097062324 0.0183228896 0.02913096 0.02237683 0.05587445 0.05769764 0.005977662 0.04424864 0.07474467 0.06349044 0.06686493 0.05735444 0.05323691 0.01753656 0.02689648 0.04375797 0.02007765 0.02937107 0.03238975 0.028474254 0.05235981 0.009426429 0.008897049 0.031383759 0.004640564 0.010065090 0.030189714 0.016679251 0.006424529 0.0007455481 0.0086447455 2.577315e-02 2.373686e-06 2.107441e-03 5.025430e-06 9.794712e-03 6.560689e-05 1.221152e-05 1.192756e-25
   80    1      1      0    0   125  1.297003e-16 8.128630e-06 1.365617e-04 0.0182746441 0.020766136 6.372850e-03 0.0014404419 0.0149641945 0.02585978 0.08280799 0.05643526 0.02932004 0.024278277 0.07126112 0.02206408 0.04634687 0.03141982 0.01529694 0.01362066 0.04203200 0.03660137 0.01121206 0.02078410 0.08400944 0.03555847 0.011442699 0.03558407 0.011199003 0.018381461 0.049639968 0.037044743 0.017410440 0.036921700 0.027044785 0.008702074 0.0039982090 0.0086998196 8.177482e-03 8.992052e-03 1.942046e-04 5.111316e-05 6.644592e-04 3.610002e-03 2.605888e-11 1.370486e-03
   84    1      1      0    0   125 1.510485e-147 1.592020e-15 5.136523e-04 0.0078442719 0.021180134 1.109128e-03 0.0157670253 0.0106861214 0.03475736 0.08576820 0.06613750 0.02548027 0.051248241 0.05602423 0.01718518 0.03981371 0.03310028 0.03157320 0.04399612 0.04948962 0.04776187 0.02043343 0.03023823 0.03513235 0.03630711 0.021721875 0.04652682 0.022853490 0.004901048 0.016135594 0.031979498 0.012034241 0.024798375 0.013340989 0.021233241 0.0001815645 0.0121161183 1.889551e-04 1.455417e-03 1.168896e-03 1.519010e-03 7.058456e-05 1.684141e-03 4.518489e-03 2.440959e-05
   88    1      1      0    0   125  1.043664e-25 1.026615e-07 8.469432e-04 0.0084077920 0.026504804 8.526543e-03 0.0112052104 0.0483077805 0.04644664 0.06433174 0.07545862 0.05633290 0.030880500 0.03524748 0.03990099 0.01523176 0.06643223 0.05310549 0.05916601 0.01756628 0.01677698 0.07287065 0.03256618 0.02229350 0.01636596 0.021073435 0.01097938 0.025668045 0.014127041 0.024958384 0.030155313 0.008180908 0.026899536 0.005376956 0.001143038 0.0020404400 0.0022585071 9.152186e-04 5.490376e-04 5.496678e-04 1.369543e-05 3.175756e-04 1.542079e-09 6.559770e-10 2.073054e-05
   92    1      1      0    0   125  2.335159e-84 3.550195e-03 2.693499e-03 0.0015753067 0.013891443 4.663518e-06 0.0012243303 0.0205920320 0.03715700 0.10915501 0.04996645 0.06385008 0.064978544 0.04971565 0.04517245 0.02823994 0.02078886 0.02920301 0.01452678 0.04130078 0.04378634 0.01931580 0.03172000 0.01640591 0.04567818 0.016069152 0.03218801 0.025697579 0.018439491 0.039413677 0.014956824 0.001460801 0.025234517 0.018188760 0.001838293 0.0199635569 0.0002827492 6.645917e-04 7.448392e-04 2.703067e-02 1.324396e-05 6.042002e-13 3.320854e-03 3.351786e-22 1.179157e-07
   96    1      1      0    0   125  6.904534e-44 6.655717e-07 8.118424e-04 0.0152349967 0.018074355 1.440900e-02 0.0059967601 0.0450146726 0.04954149 0.06606099 0.09728933 0.03722255 0.013683705 0.02010347 0.03366119 0.04028760 0.07398771 0.02618796 0.03760671 0.02504945 0.05047114 0.02680876 0.01251681 0.02139795 0.01813976 0.032329736 0.01413650 0.009005534 0.034826752 0.015224464 0.034391598 0.010470256 0.010736366 0.006903805 0.025594099 0.0278515229 0.0003692083 1.271181e-02 6.637672e-04 6.674302e-03 3.080648e-04 1.204585e-06 7.851192e-03 1.820722e-15 3.909452e-04
  100    1      1      0    0   125  7.342363e-52 9.422378e-09 2.555752e-03 0.0187826113 0.006983756 8.564191e-04 0.0069251992 0.0040193751 0.05965609 0.05428175 0.10004547 0.03267934 0.034134038 0.04454351 0.02897093 0.05108146 0.05219604 0.06729039 0.03718725 0.04013526 0.03636003 0.03672453 0.01363486 0.01083848 0.03811014 0.022774476 0.01630800 0.020071529 0.019340473 0.022400040 0.050231562 0.024019500 0.021316675 0.011506559 0.006548946 0.0026923935 0.0003666605 3.304004e-04 1.290698e-04 9.385227e-04 3.032470e-03 1.431299e-08 4.417390e-09 8.595226e-10 7.096454e-12
   76    1      2      0    0   500  1.809089e-19 4.485943e-04 1.693432e-02 0.0374761529 0.039542928 1.830370e-02 0.0088433920 0.0304204360 0.03633416 0.06210655 0.06012812 0.04256082 0.040198759 0.06402231 0.02984225 0.03357768 0.04507390 0.03042979 0.03958993 0.02742616 0.02204491 0.02212201 0.02456709 0.02279165 0.02024247 0.031838954 0.02055283 0.042081344 0.019532127 0.013317099 0.014374736 0.020271203 0.016358241 0.006836341 0.013208229 0.0051779825 0.0060743543 8.419706e-03 4.314106e-04 1.055494e-03 3.792709e-03 1.871261e-04 1.437733e-03 2.980699e-06 2.131682e-05
   78    1      2      0    0   500  2.837457e-05 2.565974e-03 1.479235e-02 0.0481175026 0.059008797 2.297076e-02 0.0085107719 0.0185464624 0.05322962 0.05634888 0.05477741 0.02796632 0.039584178 0.03008501 0.03210974 0.03963229 0.03871453 0.03222812 0.03296236 0.01777223 0.02756493 0.03066198 0.03110749 0.02954150 0.03892396 0.019514799 0.03683048 0.014616269 0.019400432 0.022057394 0.007199944 0.021673107 0.019304700 0.009294721 0.011122181 0.0035187879 0.0057275455 3.971498e-03 5.638075e-03 9.151543e-03 1.316995e-03 1.091108e-03 1.936054e-04 5.853051e-04 3.995050e-05
   80    1      2      0    0   500  9.168193e-07 4.021054e-04 2.492434e-02 0.0523109437 0.058800578 2.134862e-02 0.0107602785 0.0134097357 0.05376656 0.03872052 0.05369622 0.03402343 0.031344623 0.04275012 0.04164621 0.04004009 0.04210375 0.02683286 0.02633282 0.02905434 0.03285905 0.02130219 0.03320783 0.02117697 0.03186632 0.028592382 0.02648996 0.019967726 0.014763707 0.010243404 0.023610654 0.028187507 0.009066975 0.008437577 0.008858919 0.0071403023 0.0137798908 2.294292e-03 4.520180e-03 6.185575e-03 4.212518e-03 8.662790e-04 2.238768e-05 7.833018e-05 3.071434e-08
   82    1      2      0    0   500  7.724445e-04 8.263861e-03 2.538974e-02 0.0403355953 0.042984540 1.935083e-02 0.0142773004 0.0312535931 0.06095939 0.06063471 0.05163689 0.04797197 0.023081723 0.01932902 0.04226738 0.03011926 0.03211006 0.02428539 0.04432830 0.02996854 0.04104571 0.01969174 0.03836483 0.03168262 0.03661746 0.026009029 0.01225652 0.014715536 0.011311977 0.021628722 0.017820791 0.016473600 0.007391505 0.011984662 0.015343417 0.0092054688 0.0030881463 5.841964e-03 2.317496e-03 7.526807e-04 2.302392e-05 2.270975e-03 3.473145e-03 1.218925e-03 1.495064e-04
   84    1      2      0    0   500  3.642330e-06 1.702582e-03 2.585190e-02 0.0438284097 0.049192713 1.668646e-02 0.0140722557 0.0345767598 0.03895065 0.06892630 0.03823934 0.04144858 0.033761055 0.04546764 0.04060070 0.03703558 0.03671130 0.04612791 0.03155853 0.02921329 0.02770821 0.02548073 0.04293669 0.01753876 0.02149918 0.019436210 0.02488388 0.020694464 0.015416079 0.020115344 0.013143172 0.013920691 0.010202498 0.015947394 0.018574367 0.0059951270 0.0034644407 3.041586e-03 1.689819e-03 1.709377e-04 5.634803e-05 5.184738e-06 6.984330e-05 4.051747e-03 1.667268e-06
   86    1      2      0    0   500  2.860433e-20 2.141081e-03 9.662458e-03 0.0458628682 0.054457779 1.921572e-02 0.0039167200 0.0167758686 0.04855242 0.05477386 0.05049191 0.03695025 0.029443587 0.05035424 0.04384750 0.03350420 0.03657756 0.04065645 0.02634649 0.02112350 0.02244543 0.03199230 0.02529865 0.04326923 0.04050553 0.019774144 0.01003559 0.010809573 0.027574523 0.019489443 0.036792998 0.013057590 0.008344781 0.019516291 0.011337226 0.0154131943 0.0022950408 4.458586e-03 3.191297e-03 3.838273e-03 1.668898e-03 6.557840e-04 3.184874e-03 7.840947e-06 3.884721e-04
   88    1      2      0    0   500  4.610569e-16 3.986586e-03 2.062847e-02 0.0627764638 0.036270403 1.357985e-02 0.0030325615 0.0214581583 0.04776305 0.05198068 0.06187511 0.04879817 0.028119964 0.02659476 0.05046748 0.04452828 0.03374123 0.03816746 0.02717672 0.02714068 0.02500577 0.02955326 0.01831403 0.03801513 0.02345348 0.021695534 0.02305197 0.017870399 0.028603137 0.017111061 0.023343949 0.018620442 0.010335604 0.015580029 0.004872892 0.0111458157 0.0107027025 8.118033e-03 2.154205e-03 2.773317e-03 3.984950e-04 1.209281e-05 3.242585e-04 4.401499e-04 4.181499e-04
   90    1      2      0    0   500  5.475976e-23 5.341929e-03 1.320141e-02 0.0388203866 0.053200230 1.545383e-02 0.0079573083 0.0170434634 0.03688378 0.05386442 0.05546090 0.03332851 0.031722936 0.04336367 0.03092909 0.06057142 0.03566398 0.02878304 0.02638661 0.01738775 0.03015356 0.03167484 0.03142545 0.04651603 0.02367564 0.043164107 0.01841293 0.022466041 0.020196181 0.019845064 0.019054003 0.019187385 0.012279555 0.017999682 0.011665988 0.0074070637 0.0065777038 1.290779e-03 5.573742e-03 2.772904e-03 2.065996e-03 8.322196e-05 9.490893e-04 1.920369e-04 6.315099e-06
   92    1      2      0    0   500  4.193080e-05 4.974609e-03 2.141832e-02 0.0640662427 0.052599589 1.958945e-02 0.0080740184 0.0287909550 0.03295135 0.05803970 0.04851511 0.03574267 0.027200264 0.03098593 0.04609633 0.03768384 0.03257841 0.03480941 0.04466528 0.02326733 0.02705788 0.03769265 0.03669935 0.03091724 0.03178821 0.025914944 0.01395132 0.021581484 0.021198975 0.022233754 0.013130504 0.009026661 0.015703838 0.011804944 0.005615253 0.0066107822 0.0041472941 1.852716e-03 5.492457e-03 3.706647e-03 9.916714e-04 3.645295e-04 1.164512e-06 4.214480e-04 3.539028e-06
   94    1      2      0    0   500  3.269751e-33 1.643656e-03 1.984038e-02 0.0447981509 0.050880808 2.414865e-02 0.0091726433 0.0373906517 0.02569181 0.07614046 0.06019070 0.03333058 0.033668813 0.02912981 0.02112074 0.03861548 0.04019758 0.03226295 0.03074724 0.02618302 0.02114709 0.04501601 0.03062751 0.02305788 0.02465061 0.018713775 0.02438077 0.023349567 0.026277150 0.024610465 0.019933574 0.013548172 0.021610429 0.012022420 0.009659876 0.0035507465 0.0028063312 1.038508e-02 5.549757e-04 4.816429e-03 4.284902e-04 2.787856e-03 8.018574e-04 1.073227e-04 1.469020e-06
   96    1      2      0    0   500  5.828024e-06 5.521381e-03 2.069662e-02 0.0645666179 0.062453185 3.094679e-02 0.0115627257 0.0220253903 0.04570132 0.05773433 0.04099671 0.03511205 0.024641788 0.01382544 0.03358093 0.05325742 0.04411906 0.02511284 0.02793298 0.02331315 0.03232971 0.03531220 0.03324816 0.02163499 0.02690224 0.024858184 0.02620080 0.028300437 0.017241449 0.021634081 0.020870193 0.008903293 0.011482231 0.015268441 0.010654892 0.0096106306 0.0048132518 1.712049e-03 1.539053e-03 3.480500e-04 4.324732e-04 1.772707e-03 8.242955e-04 7.606407e-04 2.389825e-04
   98    1      2      0    0   500  1.595021e-05 4.913623e-03 1.105862e-02 0.0582610326 0.043339846 2.402587e-02 0.0121125094 0.0174020289 0.05066162 0.05525303 0.03885400 0.03057239 0.033345154 0.02299230 0.04370074 0.03483518 0.04010987 0.02398762 0.04466774 0.03588074 0.04203377 0.01637798 0.03120253 0.05092944 0.03165676 0.031668486 0.01551621 0.016034267 0.019818694 0.013089591 0.017416768 0.019171906 0.006801161 0.006029264 0.007255862 0.0161493941 0.0057954898 1.691790e-03 1.735626e-02 5.159834e-03 6.767734e-04 1.889823e-03 2.830038e-04 5.074703e-06 2.036341e-10
  100    1      2      0    0   500  2.140563e-09 6.531412e-03 1.562824e-02 0.0508806911 0.049239929 2.224017e-02 0.0102868269 0.0275774752 0.03399919 0.05895349 0.03398723 0.04009353 0.024948559 0.03712934 0.03482829 0.03827312 0.04593289 0.03613002 0.02919783 0.03328106 0.03276104 0.03152464 0.05269586 0.02530027 0.02188690 0.033829639 0.02681857 0.023891944 0.009055433 0.020507947 0.010688203 0.013857297 0.011615411 0.003475575 0.020038876 0.0156631795 0.0070742109 2.727270e-03 1.059909e-03 2.934961e-03 2.554774e-03 6.398515e-05 2.820419e-05 6.939395e-04 1.126814e-04
15 #_N_agebins
#_agebin_vector
1 2 3 4 5 6 7 8 9 10 11 12 13 14 15
1 #_N_ageerror_definitions
 #_age0   age1   age2   age3   age4   age5   age6   age7   age8   age9  age10  age11  age12  age13  age14  age15  age16  age17  age18  age19  age20  age21  age22  age23  age24  age25
 -1.000 -1.000 -1.000 -1.000 -1.000 -1.000 -1.000 -1.000 -1.000 -1.000 -1.000 -1.000 -1.000 -1.000 -1.000 -1.000 -1.000 -1.000 -1.000 -1.000 -1.000 -1.000 -1.000 -1.000 -1.000 -1.000
  0.001  0.001  0.001  0.001  0.001  0.001  0.001  0.001  0.001  0.001  0.001  0.001  0.001  0.001  0.001  0.001  0.001  0.001  0.001  0.001  0.001  0.001  0.001  0.001  0.001  0.001
85 #_N_agecomp
1 #_Lbin_method: 1=poplenbins; 2=datalenbins; 3=lengths
-1 #_combine males into females at or below this bin number
 #_Yr Seas FltSvy Gender Part Ageerr Lbin_lo Lbin_hi Nsamp          a1        a2        a3         a4         a5         a6         a7          a8          a9         a10         a11          a12         a13          a14         a15
   26    1      1      0    0      1      -1      -1   125  0.01070518 0.1667404 0.1010974 0.09084265 0.08401894 0.09243876 0.08915097 0.042084367 0.083998486 0.045256093 0.008875820 0.0284933482 0.015429281 0.0263213771 0.114546872
   36    1      1      0    0      1      -1      -1   125  0.01794096 0.2955203 0.2015880 0.12706089 0.06506365 0.11553946 0.02273181 0.034362109 0.007917518 0.014115197 0.027514479 0.0075578632 0.001658514 0.0084624546 0.052966826
   46    1      1      0    0      1      -1      -1   125  0.01564483 0.2762320 0.1120104 0.20161986 0.11577398 0.06200599 0.04626321 0.057136435 0.015296487 0.004246030 0.002461097 0.0369191063 0.036584823 0.0121375494 0.005668270
   56    1      1      0    0      1      -1      -1   125  0.06307397 0.2315676 0.1336097 0.17392125 0.12013033 0.09527163 0.06708131 0.023826723 0.017857431 0.019806325 0.010986977 0.0130519214 0.004408133 0.0015103849 0.023896321
   60    1      1      0    0      1      -1      -1   125  0.01844250 0.2626733 0.1639060 0.16340873 0.10482341 0.08846236 0.04372054 0.078652729 0.016377436 0.017069312 0.003429065 0.0180704940 0.013237258 0.0010779704 0.006648874
   64    1      1      0    0      1      -1      -1   125  0.01082986 0.2261135 0.2076834 0.10285684 0.13574977 0.05432031 0.05088893 0.048684274 0.064587433 0.007923330 0.016359876 0.0097789700 0.035786399 0.0044970240 0.023940022
   68    1      1      0    0      1      -1      -1   125  0.03687222 0.2891929 0.1756268 0.15336459 0.11021643 0.05896869 0.04612232 0.026784221 0.009801823 0.015280123 0.010241640 0.0291251359 0.005917314 0.0051318628 0.027353946
   72    1      1      0    0      1      -1      -1   125  0.08244189 0.2053375 0.1957643 0.15415443 0.13190730 0.06948580 0.04151465 0.019789024 0.015851184 0.021668824 0.014610043 0.0115513979 0.006163677 0.0048112839 0.024948700
   76    1      1      0    0      1      -1      -1   125  0.03465419 0.2276443 0.1952077 0.12654025 0.12083509 0.09191806 0.02152446 0.055734994 0.037598580 0.037618349 0.014542858 0.0127421218 0.015959046 0.0035552248 0.003924799
   80    1      1      0    0      1      -1      -1   125  0.03538128 0.2350855 0.1737632 0.14259870 0.10552446 0.08237017 0.04511007 0.047361491 0.016984158 0.025209548 0.028880550 0.0170793451 0.028820750 0.0066397909 0.009190971
   84    1      1      0    0      1      -1      -1   125  0.02835223 0.2469686 0.2489302 0.18365239 0.07090080 0.06790027 0.03422741 0.008613082 0.020681997 0.026712700 0.020668586 0.0075798768 0.001888508 0.0043998827 0.028523476
   88    1      1      0    0      1      -1      -1   125  0.03198719 0.2534962 0.1612951 0.24347300 0.11043514 0.04449974 0.05164478 0.027535045 0.023085511 0.015888281 0.003298584 0.0080937568 0.000507527 0.0110645587 0.013695584
   92    1      1      0    0      1      -1      -1   125  0.06472544 0.2305404 0.1693810 0.07626904 0.16400439 0.05624422 0.07190192 0.015331262 0.040464427 0.042147746 0.008439650 0.0307462862 0.008487471 0.0004433423 0.020873344
   96    1      1      0    0      1      -1      -1   125  0.03885355 0.2354007 0.2147297 0.10185764 0.12582477 0.06889265 0.05456937 0.047028737 0.014129857 0.021439570 0.051011567 0.0079793907 0.006080463 0.0015947662 0.010607303
  100    1      1      0    0      1      -1      -1   125  0.04506393 0.1715540 0.1476456 0.16834188 0.14053670 0.06641389 0.11953660 0.028930756 0.049811153 0.024563391 0.008466439 0.0004756267 0.009496101 0.0139095542 0.005254319
   76    1      2      0    0      1      -1      -1   500  0.13875274 0.2382212 0.2009121 0.11603407 0.07973916 0.07160975 0.03074268 0.043289659 0.012089108 0.017918999 0.010529604 0.0056213038 0.020448787 0.0033428969 0.010747967
   78    1      2      0    0      1      -1      -1   500  0.13636192 0.2358816 0.1809071 0.12225781 0.07652507 0.05652850 0.04370743 0.051105515 0.026114956 0.017411271 0.012650166 0.0046580026 0.011573397 0.0061419240 0.018175350
   80    1      2      0    0      1      -1      -1   500  0.12899402 0.2400128 0.1708559 0.11708469 0.09336589 0.07262053 0.05223495 0.043651307 0.020861179 0.025825231 0.009235423 0.0070768850 0.003780261 0.0030226804 0.011378211
   82    1      2      0    0      1      -1      -1   500  0.14690872 0.2157425 0.1734287 0.12370369 0.08701886 0.06934610 0.05183281 0.042694852 0.023513830 0.008685938 0.022697674 0.0148605440 0.004286848 0.0048530547 0.010425874
   84    1      2      0    0      1      -1      -1   500  0.13678016 0.2217741 0.1630741 0.13265658 0.09207953 0.05357933 0.07621222 0.033345240 0.029312483 0.016133123 0.019273497 0.0085003563 0.006084635 0.0032786378 0.007915956
   86    1      2      0    0      1      -1      -1   500  0.12820084 0.2394384 0.1488421 0.10423059 0.08934958 0.08149262 0.06332585 0.028789327 0.034599550 0.028017056 0.013120713 0.0070058518 0.008571903 0.0060046054 0.019011058
   88    1      2      0    0      1      -1      -1   500  0.16137069 0.2416255 0.1528446 0.12254502 0.09357014 0.05145850 0.05744265 0.030373781 0.030812975 0.017135303 0.007411923 0.0086906607 0.007747465 0.0056165113 0.011354223
   90    1      2      0    0      1      -1      -1   500  0.15970644 0.2396831 0.1556019 0.12620630 0.08947782 0.04801960 0.04549149 0.025971304 0.032925605 0.017137665 0.010722054 0.0206622742 0.003887544 0.0090964984 0.015410395
   92    1      2      0    0      1      -1      -1   500  0.12924333 0.2324479 0.1737653 0.14449442 0.11037169 0.04663472 0.05044478 0.027317605 0.023949176 0.011346258 0.016267262 0.0070927942 0.002909531 0.0053138654 0.018401323
   94    1      2      0    0      1      -1      -1   500  0.11165914 0.2464257 0.1600881 0.10927090 0.08336940 0.07090150 0.06670958 0.043108374 0.040226720 0.016328936 0.011060451 0.0122610498 0.009529893 0.0106403380 0.008419888
   96    1      2      0    0      1      -1      -1   500  0.13032429 0.2421443 0.1947659 0.11052197 0.07106828 0.05457412 0.04716666 0.054043930 0.027795141 0.027478993 0.008126350 0.0150972602 0.006511695 0.0012060725 0.009174978
   98    1      2      0    0      1      -1      -1   500  0.13096508 0.2153361 0.2068230 0.12714958 0.08268565 0.07617212 0.04997086 0.037206510 0.019302903 0.011668260 0.005823855 0.0067760776 0.011696706 0.0018934423 0.016529921
  100    1      2      0    0      1      -1      -1   500  0.14641391 0.2666031 0.1445401 0.12467566 0.08512835 0.06966559 0.06127372 0.019260497 0.014812847 0.019065939 0.006272820 0.0071255550 0.009481761 0.0022219003 0.023458269
   60    1      1      0    0      1       5       5     1  1.00000000 0.0000000 0.0000000 0.00000000 0.00000000 0.00000000 0.00000000 0.000000000 0.000000000 0.000000000 0.000000000 0.0000000000 0.000000000 0.0000000000 0.000000000
   60    1      1      0    0      1       8       8     1  1.00000000 0.0000000 0.0000000 0.00000000 0.00000000 0.00000000 0.00000000 0.000000000 0.000000000 0.000000000 0.000000000 0.0000000000 0.000000000 0.0000000000 0.000000000
   60    1      1      0    0      1       9       9     9  9.00000000 0.0000000 0.0000000 0.00000000 0.00000000 0.00000000 0.00000000 0.000000000 0.000000000 0.000000000 0.000000000 0.0000000000 0.000000000 0.0000000000 0.000000000
   60    1      1      0    0      1      10      10     2  2.00000000 0.0000000 0.0000000 0.00000000 0.00000000 0.00000000 0.00000000 0.000000000 0.000000000 0.000000000 0.000000000 0.0000000000 0.000000000 0.0000000000 0.000000000
   60    1      1      0    0      1      11      11     4  4.00000000 0.0000000 0.0000000 0.00000000 0.00000000 0.00000000 0.00000000 0.000000000 0.000000000 0.000000000 0.000000000 0.0000000000 0.000000000 0.0000000000 0.000000000
   60    1      1      0    0      1      12      12     6  6.00000000 0.0000000 0.0000000 0.00000000 0.00000000 0.00000000 0.00000000 0.000000000 0.000000000 0.000000000 0.000000000 0.0000000000 0.000000000 0.0000000000 0.000000000
   60    1      1      0    0      1      13      13    13 13.00000000 0.0000000 0.0000000 0.00000000 0.00000000 0.00000000 0.00000000 0.000000000 0.000000000 0.000000000 0.000000000 0.0000000000 0.000000000 0.0000000000 0.000000000
   60    1      1      0    0      1      14      14     2  2.00000000 0.0000000 0.0000000 0.00000000 0.00000000 0.00000000 0.00000000 0.000000000 0.000000000 0.000000000 0.000000000 0.0000000000 0.000000000 0.0000000000 0.000000000
   60    1      1      0    0      1      15      15     2  2.00000000 0.0000000 0.0000000 0.00000000 0.00000000 0.00000000 0.00000000 0.000000000 0.000000000 0.000000000 0.000000000 0.0000000000 0.000000000 0.0000000000 0.000000000
   60    1      1      0    0      1      16      16     2  2.00000000 0.0000000 0.0000000 0.00000000 0.00000000 0.00000000 0.00000000 0.000000000 0.000000000 0.000000000 0.000000000 0.0000000000 0.000000000 0.0000000000 0.000000000
   60    1      1      0    0      1      17      17     1  1.00000000 0.0000000 0.0000000 0.00000000 0.00000000 0.00000000 0.00000000 0.000000000 0.000000000 0.000000000 0.000000000 0.0000000000 0.000000000 0.0000000000 0.000000000
   60    1      1      0    0      1      18      18     6  6.00000000 0.0000000 0.0000000 0.00000000 0.00000000 0.00000000 0.00000000 0.000000000 0.000000000 0.000000000 0.000000000 0.0000000000 0.000000000 0.0000000000 0.000000000
   60    1      1      0    0      1      19      19     8  8.00000000 0.0000000 0.0000000 0.00000000 0.00000000 0.00000000 0.00000000 0.000000000 0.000000000 0.000000000 0.000000000 0.0000000000 0.000000000 0.0000000000 0.000000000
   60    1      1      0    0      1      22      22     2  2.00000000 0.0000000 0.0000000 0.00000000 0.00000000 0.00000000 0.00000000 0.000000000 0.000000000 0.000000000 0.000000000 0.0000000000 0.000000000 0.0000000000 0.000000000
   60    1      1      0    0      1      23      23     6  6.00000000 0.0000000 0.0000000 0.00000000 0.00000000 0.00000000 0.00000000 0.000000000 0.000000000 0.000000000 0.000000000 0.0000000000 0.000000000 0.0000000000 0.000000000
   60    1      1      0    0      1      24      24     4  4.00000000 0.0000000 0.0000000 0.00000000 0.00000000 0.00000000 0.00000000 0.000000000 0.000000000 0.000000000 0.000000000 0.0000000000 0.000000000 0.0000000000 0.000000000
   60    1      1      0    0      1      25      25     2  2.00000000 0.0000000 0.0000000 0.00000000 0.00000000 0.00000000 0.00000000 0.000000000 0.000000000 0.000000000 0.000000000 0.0000000000 0.000000000 0.0000000000 0.000000000
   60    1      1      0    0      1      26      26     5  5.00000000 0.0000000 0.0000000 0.00000000 0.00000000 0.00000000 0.00000000 0.000000000 0.000000000 0.000000000 0.000000000 0.0000000000 0.000000000 0.0000000000 0.000000000
   60    1      1      0    0      1      27      27     4  3.00000000 1.0000000 0.0000000 0.00000000 0.00000000 0.00000000 0.00000000 0.000000000 0.000000000 0.000000000 0.000000000 0.0000000000 0.000000000 0.0000000000 0.000000000
   60    1      1      0    0      1      28      28     1  0.00000000 1.0000000 0.0000000 0.00000000 0.00000000 0.00000000 0.00000000 0.000000000 0.000000000 0.000000000 0.000000000 0.0000000000 0.000000000 0.0000000000 0.000000000
   60    1      1      0    0      1      29      29     2  1.00000000 1.0000000 0.0000000 0.00000000 0.00000000 0.00000000 0.00000000 0.000000000 0.000000000 0.000000000 0.000000000 0.0000000000 0.000000000 0.0000000000 0.000000000
   60    1      1      0    0      1      30      30     2  0.00000000 2.0000000 0.0000000 0.00000000 0.00000000 0.00000000 0.00000000 0.000000000 0.000000000 0.000000000 0.000000000 0.0000000000 0.000000000 0.0000000000 0.000000000
   60    1      1      0    0      1      31      31     1  0.00000000 1.0000000 0.0000000 0.00000000 0.00000000 0.00000000 0.00000000 0.000000000 0.000000000 0.000000000 0.000000000 0.0000000000 0.000000000 0.0000000000 0.000000000
   60    1      1      0    0      1      32      32     4  0.00000000 4.0000000 0.0000000 0.00000000 0.00000000 0.00000000 0.00000000 0.000000000 0.000000000 0.000000000 0.000000000 0.0000000000 0.000000000 0.0000000000 0.000000000
   60    1      1      0    0      1      33      33     1  0.00000000 1.0000000 0.0000000 0.00000000 0.00000000 0.00000000 0.00000000 0.000000000 0.000000000 0.000000000 0.000000000 0.0000000000 0.000000000 0.0000000000 0.000000000
   60    1      1      0    0      1      34      34     2  0.00000000 2.0000000 0.0000000 0.00000000 0.00000000 0.00000000 0.00000000 0.000000000 0.000000000 0.000000000 0.000000000 0.0000000000 0.000000000 0.0000000000 0.000000000
   60    1      1      0    0      1      35      35     2  0.00000000 2.0000000 0.0000000 0.00000000 0.00000000 0.00000000 0.00000000 0.000000000 0.000000000 0.000000000 0.000000000 0.0000000000 0.000000000 0.0000000000 0.000000000
   60    1      1      0    0      1      37      37     1  0.00000000 1.0000000 0.0000000 0.00000000 0.00000000 0.00000000 0.00000000 0.000000000 0.000000000 0.000000000 0.000000000 0.0000000000 0.000000000 0.0000000000 0.000000000
   60    1      1      0    0      1      38      38     1  0.00000000 1.0000000 0.0000000 0.00000000 0.00000000 0.00000000 0.00000000 0.000000000 0.000000000 0.000000000 0.000000000 0.0000000000 0.000000000 0.0000000000 0.000000000
   60    1      1      0    0      1      43      43     1  0.00000000 1.0000000 0.0000000 0.00000000 0.00000000 0.00000000 0.00000000 0.000000000 0.000000000 0.000000000 0.000000000 0.0000000000 0.000000000 0.0000000000 0.000000000
   60    1      1      0    0      1      45      45     2  0.00000000 2.0000000 0.0000000 0.00000000 0.00000000 0.00000000 0.00000000 0.000000000 0.000000000 0.000000000 0.000000000 0.0000000000 0.000000000 0.0000000000 0.000000000
  100    1      1      0    0      1       3       3     1  1.00000000 0.0000000 0.0000000 0.00000000 0.00000000 0.00000000 0.00000000 0.000000000 0.000000000 0.000000000 0.000000000 0.0000000000 0.000000000 0.0000000000 0.000000000
  100    1      1      0    0      1       4       4     1  1.00000000 0.0000000 0.0000000 0.00000000 0.00000000 0.00000000 0.00000000 0.000000000 0.000000000 0.000000000 0.000000000 0.0000000000 0.000000000 0.0000000000 0.000000000
  100    1      1      0    0      1       9       9    11 11.00000000 0.0000000 0.0000000 0.00000000 0.00000000 0.00000000 0.00000000 0.000000000 0.000000000 0.000000000 0.000000000 0.0000000000 0.000000000 0.0000000000 0.000000000
  100    1      1      0    0      1      10      10     5  5.00000000 0.0000000 0.0000000 0.00000000 0.00000000 0.00000000 0.00000000 0.000000000 0.000000000 0.000000000 0.000000000 0.0000000000 0.000000000 0.0000000000 0.000000000
  100    1      1      0    0      1      11      11    11 11.00000000 0.0000000 0.0000000 0.00000000 0.00000000 0.00000000 0.00000000 0.000000000 0.000000000 0.000000000 0.000000000 0.0000000000 0.000000000 0.0000000000 0.000000000
  100    1      1      0    0      1      12      12     3  3.00000000 0.0000000 0.0000000 0.00000000 0.00000000 0.00000000 0.00000000 0.000000000 0.000000000 0.000000000 0.000000000 0.0000000000 0.000000000 0.0000000000 0.000000000
  100    1      1      0    0      1      13      13     2  2.00000000 0.0000000 0.0000000 0.00000000 0.00000000 0.00000000 0.00000000 0.000000000 0.000000000 0.000000000 0.000000000 0.0000000000 0.000000000 0.0000000000 0.000000000
  100    1      1      0    0      1      14      14     7  7.00000000 0.0000000 0.0000000 0.00000000 0.00000000 0.00000000 0.00000000 0.000000000 0.000000000 0.000000000 0.000000000 0.0000000000 0.000000000 0.0000000000 0.000000000
  100    1      1      0    0      1      15      15     5  5.00000000 0.0000000 0.0000000 0.00000000 0.00000000 0.00000000 0.00000000 0.000000000 0.000000000 0.000000000 0.000000000 0.0000000000 0.000000000 0.0000000000 0.000000000
  100    1      1      0    0      1      16      16     2  2.00000000 0.0000000 0.0000000 0.00000000 0.00000000 0.00000000 0.00000000 0.000000000 0.000000000 0.000000000 0.000000000 0.0000000000 0.000000000 0.0000000000 0.000000000
  100    1      1      0    0      1      17      17     4  4.00000000 0.0000000 0.0000000 0.00000000 0.00000000 0.00000000 0.00000000 0.000000000 0.000000000 0.000000000 0.000000000 0.0000000000 0.000000000 0.0000000000 0.000000000
  100    1      1      0    0      1      18      18     6  6.00000000 0.0000000 0.0000000 0.00000000 0.00000000 0.00000000 0.00000000 0.000000000 0.000000000 0.000000000 0.000000000 0.0000000000 0.000000000 0.0000000000 0.000000000
  100    1      1      0    0      1      19      19     2  2.00000000 0.0000000 0.0000000 0.00000000 0.00000000 0.00000000 0.00000000 0.000000000 0.000000000 0.000000000 0.000000000 0.0000000000 0.000000000 0.0000000000 0.000000000
  100    1      1      0    0      1      20      20     5  5.00000000 0.0000000 0.0000000 0.00000000 0.00000000 0.00000000 0.00000000 0.000000000 0.000000000 0.000000000 0.000000000 0.0000000000 0.000000000 0.0000000000 0.000000000
  100    1      1      0    0      1      21      21     2  2.00000000 0.0000000 0.0000000 0.00000000 0.00000000 0.00000000 0.00000000 0.000000000 0.000000000 0.000000000 0.000000000 0.0000000000 0.000000000 0.0000000000 0.000000000
  100    1      1      0    0      1      22      22     3  3.00000000 0.0000000 0.0000000 0.00000000 0.00000000 0.00000000 0.00000000 0.000000000 0.000000000 0.000000000 0.000000000 0.0000000000 0.000000000 0.0000000000 0.000000000
  100    1      1      0    0      1      23      23     3  3.00000000 0.0000000 0.0000000 0.00000000 0.00000000 0.00000000 0.00000000 0.000000000 0.000000000 0.000000000 0.000000000 0.0000000000 0.000000000 0.0000000000 0.000000000
  100    1      1      0    0      1      24      24     1  1.00000000 0.0000000 0.0000000 0.00000000 0.00000000 0.00000000 0.00000000 0.000000000 0.000000000 0.000000000 0.000000000 0.0000000000 0.000000000 0.0000000000 0.000000000
  100    1      1      0    0      1      25      25     4  4.00000000 0.0000000 0.0000000 0.00000000 0.00000000 0.00000000 0.00000000 0.000000000 0.000000000 0.000000000 0.000000000 0.0000000000 0.000000000 0.0000000000 0.000000000
  100    1      1      0    0      1      26      26     4  4.00000000 0.0000000 0.0000000 0.00000000 0.00000000 0.00000000 0.00000000 0.000000000 0.000000000 0.000000000 0.000000000 0.0000000000 0.000000000 0.0000000000 0.000000000
  100    1      1      0    0      1      27      27     2  2.00000000 0.0000000 0.0000000 0.00000000 0.00000000 0.00000000 0.00000000 0.000000000 0.000000000 0.000000000 0.000000000 0.0000000000 0.000000000 0.0000000000 0.000000000
  100    1      1      0    0      1      29      29     2  0.00000000 2.0000000 0.0000000 0.00000000 0.00000000 0.00000000 0.00000000 0.000000000 0.000000000 0.000000000 0.000000000 0.0000000000 0.000000000 0.0000000000 0.000000000
  100    1      1      0    0      1      30      30     2  0.00000000 2.0000000 0.0000000 0.00000000 0.00000000 0.00000000 0.00000000 0.000000000 0.000000000 0.000000000 0.000000000 0.0000000000 0.000000000 0.0000000000 0.000000000
  100    1      1      0    0      1      31      31     8  0.00000000 8.0000000 0.0000000 0.00000000 0.00000000 0.00000000 0.00000000 0.000000000 0.000000000 0.000000000 0.000000000 0.0000000000 0.000000000 0.0000000000 0.000000000
  100    1      1      0    0      1      32      32     1  0.00000000 1.0000000 0.0000000 0.00000000 0.00000000 0.00000000 0.00000000 0.000000000 0.000000000 0.000000000 0.000000000 0.0000000000 0.000000000 0.0000000000 0.000000000
  100    1      1      0    0      1      33      33     3  0.00000000 3.0000000 0.0000000 0.00000000 0.00000000 0.00000000 0.00000000 0.000000000 0.000000000 0.000000000 0.000000000 0.0000000000 0.000000000 0.0000000000 0.000000000
0 #_N_MeanSize_at_Age_obs
0 #_N_environ_variables
0 #_N_environ_obs
0 #_N_sizefreq_methods
0 #_do_tags
0 #_morphcomp_data
#
999
