#C data file created using the SS_writedat function in the R package r4ss
#C should work with SS version: 
#C file write time: 2015-02-11 18:30:30
#
1 #_styr
100 #_endyr
1 #_nseas
12 #_months_per_seas
1 #_spawn_seas
1 #_Nfleet
2 #_Nsurveys
1 #_N_areas
Fishery%Survey%CPUE #_fleetnames
0.5 0.5 0.5 #_surveytiming_in_season
1 1 1 #_area_assignments_for_each_fishery_and_survey
1 #_units of catch:  1=bio; 2=num
0.01 #_se of log(catch) only used for init_eq_catch and for Fmethod 2 and 3
1 #_Ngenders
25 #_Nages
0 #_init_equil_catch_for_each_fishery
100 #_N_lines_of_catch_to_read
 #_Fishery year seas
         0    1    1
         0    2    1
         0    3    1
         0    4    1
         0    5    1
         0    6    1
         0    7    1
         0    8    1
         0    9    1
         0   10    1
         0   11    1
         0   12    1
         0   13    1
         0   14    1
         0   15    1
         0   16    1
         0   17    1
         0   18    1
         0   19    1
         0   20    1
         0   21    1
         0   22    1
         0   23    1
         0   24    1
         0   25    1
 444646000   26    1
 397608000   27    1
 357583000   28    1
 324161000   29    1
 296656000   30    1
 274240000   31    1
 256057000   32    1
 241314000   33    1
 229322000   34    1
 219511000   35    1
 211426000   36    1
 204710000   37    1
 199088000   38    1
 194347000   39    1
 190324000   40    1
 186891000   41    1
 183948000   42    1
 181416000   43    1
 179230000   44    1
 177337000   45    1
 175694000   46    1
 174266000   47    1
 173022000   48    1
 171937000   49    1
 170990000   50    1
 170161000   51    1
 169436000   52    1
 168801000   53    1
 168243000   54    1
 167755000   55    1
 167325000   56    1
 166948000   57    1
 166617000   58    1
 166326000   59    1
 166070000   60    1
 165844000   61    1
 165646000   62    1
 165471000   63    1
 165317000   64    1
 165182000   65    1
 165063000   66    1
 164958000   67    1
 164865000   68    1
 164784000   69    1
 164712000   70    1
 164649000   71    1
 164593000   72    1
 164544000   73    1
 164500000   74    1
 164462000   75    1
 164429000   76    1
 164399000   77    1
 164373000   78    1
 164350000   79    1
 164329000   80    1
 164311000   81    1
 164296000   82    1
 164282000   83    1
 164269000   84    1
 164258000   85    1
 164249000   86    1
 164240000   87    1
 164233000   88    1
 164227000   89    1
 164221000   90    1
 164216000   91    1
 164211000   92    1
 164207000   93    1
 164204000   94    1
 164201000   95    1
 164198000   96    1
 164195000   97    1
 164193000   98    1
 164192000   99    1
 164190000  100    1
13 #_N_cpue
 #_Fleet Units Errtype
       1     1       0
       2     1       0
       3     1       0
 #_year seas index        obs se_log
     76    1     2 1714887182    0.2
     78    1     2 1260343636    0.2
     80    1     2 1670246317    0.2
     82    1     2 1025710571    0.2
     84    1     2 1484886799    0.2
     86    1     2 1374632605    0.2
     88    1     2 1100242086    0.2
     90    1     2 1350230656    0.2
     92    1     2 1953110355    0.2
     94    1     2 1235749343    0.2
     96    1     2 1603293289    0.2
     98    1     2 1589798995    0.2
    100    1     2 1796929044    0.2
0 #_N_discard_fleets
#_discard_units (1=same_as_catchunits(bio/num); 2=fraction; 3=numbers)
#_discard_errtype:  >0 for DF of T-dist(read CV below); 0 for normal with CV; -1 for normal with se; -2 for lognormal
0 #_N_discard
0 #_N_meanbodywt
1 #_DF_for_meanbodywt_T-distribution_like
2 # length bin method: 1=use databins; 2=generate from binwidth,min,max below; 3=read vector
1 # binwidth for population size comp
10 # minimum size in the population (lower edge of first bin and size at age 0.00)
200 # maximum size in the population (lower edge of last bin)
-0.001 #_comp_tail_compression
1e-05 #_add_to_comp
0 #_combine males into females at or below this bin number
45 #_N_lbins
#_lbin_vector
20 23 26 29 32 35 38 41 44 47 50 53 56 59 62 65 68 71 74 77 80 83 86 89 92 95 98 101 104 107 110 113 116 119 122 125 128 131 134 137 140 143 146 149 152
28 #_N_Length_comp_observations
 #_Yr Seas FltSvy Gender Part Nsamp           l20          l23          l26          l29         l32          l35          l38         l41        l44        l47        l50        l53        l56        l59        l62        l65        l68        l71        l74         l77         l80        l83        l86         l89         l92         l95         l98        l101        l104       l107        l110        l113        l116        l119        l122         l125         l128         l131         l134         l137         l140         l143         l146         l149         l152
   26    1      1      0    0   125  1.099463e-06 1.084065e-10 4.317260e-05 0.0028842412 0.001569377 0.0004065265 2.962217e-03 0.016865478 0.02828401 0.03784973 0.05543052 0.04878586 0.09096989 0.04113168 0.05385730 0.01633386 0.01776668 0.02546400 0.02214319 0.007526781 0.022477667 0.04655849 0.05524310 0.016388970 0.018965050 0.035288452 0.025431363 0.016121381 0.016242025 0.01625753 0.033014600 0.037727407 0.022022560 0.025133171 0.048032874 0.0232299896 0.0186231759 0.0059826383 1.940805e-02 1.781513e-02 1.739196e-03 9.122642e-04 1.149642e-05 1.898498e-04 6.907964e-03
   36    1      1      0    0   125  1.256422e-61 4.093334e-19 7.975613e-05 0.0093972904 0.007030041 0.0131342798 1.059579e-02 0.019778132 0.03746385 0.06171381 0.03491360 0.06277926 0.04745035 0.04745463 0.04562315 0.05772972 0.05798063 0.04247184 0.05344338 0.031713335 0.042687194 0.02302232 0.01277699 0.030913634 0.036567841 0.024301147 0.013399440 0.009096611 0.037583575 0.01316847 0.022901313 0.009377376 0.008367693 0.022572552 0.012838783 0.0006867659 0.0037930086 0.0014061126 5.275592e-03 2.741278e-03 3.354067e-05 5.443310e-04 1.529868e-02 1.264408e-06 9.891646e-03
   46    1      1      0    0   125  0.000000e+00 2.470384e-08 5.213857e-04 0.0109206661 0.015972106 0.0127011819 1.029878e-02 0.051798574 0.01439488 0.01583305 0.07029167 0.06419861 0.02139466 0.08090707 0.03905379 0.03177609 0.04054922 0.05047229 0.01795761 0.059735481 0.014665399 0.03661070 0.01380111 0.034787293 0.020706629 0.042261217 0.056297520 0.026843217 0.049857983 0.01475687 0.024273228 0.016678966 0.011709796 0.006497325 0.005651225 0.0030991861 0.0063864116 0.0002088659 4.133327e-03 1.924843e-04 3.919470e-04 1.360915e-03 4.669967e-05 4.530777e-06 6.178161e-09
   56    1      1      0    0   125  3.377565e-64 1.032117e-09 6.131392e-05 0.0008974189 0.004508440 0.0143254416 2.981354e-03 0.012403669 0.06969410 0.03861588 0.04601775 0.02315548 0.03768849 0.03984215 0.06090045 0.06120245 0.04114778 0.02964181 0.01858911 0.041266695 0.018950748 0.03307517 0.03087656 0.020780638 0.041647422 0.005455800 0.053071235 0.014471421 0.009509051 0.02655658 0.039553521 0.030829656 0.027693049 0.012070774 0.026849910 0.0078781091 0.0464348201 0.0015874517 6.052874e-03 4.505072e-05 2.703840e-04 3.339549e-06 1.035699e-03 2.360634e-03 3.050516e-07
   60    1      1      0    0   125  1.585901e-14 9.151976e-07 1.016104e-03 0.0286348016 0.018218054 0.0003402931 2.869720e-03 0.008661918 0.03062431 0.04692013 0.03207922 0.03932093 0.03752723 0.02424302 0.05092426 0.07696593 0.01373694 0.02254256 0.06950226 0.036038931 0.053959955 0.06339175 0.01928843 0.032812228 0.025272765 0.031548302 0.036779941 0.007251856 0.041289278 0.00632131 0.054561778 0.025633286 0.031158694 0.005931354 0.006821949 0.0025749058 0.0007920653 0.0043070352 1.826559e-03 5.100288e-03 6.398147e-04 3.398493e-07 4.983210e-14 3.244814e-08 2.568564e-03
   64    1      1      0    0   125 3.007939e-200 1.909194e-10 1.475201e-02 0.0058665528 0.002561231 0.0151302566 1.559449e-02 0.006616008 0.05977402 0.05280421 0.08631151 0.02726085 0.03220958 0.01426775 0.02306970 0.06055595 0.07101503 0.04813773 0.02965660 0.021263377 0.023636406 0.01242128 0.06651090 0.055203929 0.026132749 0.031310840 0.009002130 0.007292622 0.035992934 0.04532614 0.008702840 0.006380103 0.002112114 0.005433888 0.009245019 0.0371979000 0.0132040336 0.0089488269 6.715223e-03 1.695809e-03 1.696691e-06 2.264752e-04 8.796504e-05 4.872184e-18 3.713211e-04
   68    1      1      0    0   125 8.814183e-200 2.348315e-04 3.683704e-04 0.0228994964 0.008774639 0.0002542569 2.139838e-03 0.053622065 0.02938359 0.05949763 0.05789696 0.05570191 0.04949228 0.03814404 0.05139363 0.06254905 0.07664900 0.03288466 0.02186858 0.077574322 0.026695976 0.03298458 0.03660440 0.007881182 0.017058799 0.002686823 0.028026782 0.014279206 0.019017654 0.02725080 0.036341485 0.015312566 0.006095273 0.003164518 0.011136855 0.0006604857 0.0025158865 0.0043989803 3.674488e-07 8.121055e-04 5.353007e-03 9.869200e-07 3.921317e-04 6.960622e-25 3.132781e-09
   72    1      1      0    0   125  2.676572e-27 1.981031e-29 1.828792e-04 0.0049079922 0.008299153 0.0017031670 3.166373e-04 0.022433729 0.02718061 0.08111452 0.05569494 0.05271616 0.01730785 0.03795917 0.02631314 0.08456977 0.04259573 0.03955392 0.04772778 0.028679376 0.031147346 0.03658278 0.03767475 0.068597136 0.025068363 0.021130988 0.041369573 0.037316861 0.009956754 0.02818198 0.012339149 0.032733883 0.002991598 0.009217241 0.004648995 0.0040514912 0.0016586044 0.0024733992 1.076093e-02 1.666321e-03 3.783267e-05 1.174361e-05 1.125743e-03 1.966114e-31 2.438717e-10
   76    1      1      0    0   125  2.664995e-18 2.484921e-04 3.820918e-03 0.0039883848 0.014243193 0.0004911313 4.779841e-03 0.017346966 0.04147541 0.05900077 0.05557445 0.05701488 0.09576220 0.06029834 0.05619221 0.03844090 0.03400593 0.01682309 0.01584394 0.037902340 0.050575634 0.01537101 0.07097088 0.032437682 0.008598038 0.032993313 0.020644444 0.027405497 0.022276075 0.02441301 0.013186826 0.015261463 0.017684581 0.012081356 0.002177589 0.0099831563 0.0044560601 0.0001279951 4.325117e-03 2.923072e-04 5.078220e-04 7.869606e-05 8.861841e-04 6.102304e-17 1.187754e-05
   80    1      1      0    0   125 1.465480e-167 7.018976e-07 4.566190e-04 0.0075132383 0.019248551 0.0028889323 1.030384e-03 0.017349814 0.07505376 0.08777781 0.05979946 0.03633764 0.02681761 0.05034213 0.03792791 0.06662171 0.02789527 0.05937821 0.02417118 0.056692772 0.008833946 0.03825569 0.02224161 0.024305925 0.045754896 0.019295237 0.009829051 0.056391786 0.007007583 0.01121366 0.005356391 0.006909188 0.038218803 0.006724534 0.005657545 0.0079968139 0.0043328256 0.0009219484 1.691353e-03 1.727264e-03 1.243499e-03 3.078127e-03 1.964789e-04 1.545206e-02 6.007947e-05
   84    1      1      0    0   125  1.828695e-11 7.015049e-29 1.430026e-03 0.0171435818 0.013745610 0.0035515126 1.987717e-06 0.010012610 0.01102672 0.07734144 0.05073966 0.05627738 0.05842530 0.02374337 0.05698025 0.05608060 0.05780651 0.03093607 0.05579995 0.019997090 0.040810039 0.04275273 0.04859171 0.018050280 0.024404883 0.008176085 0.011823317 0.018688231 0.034141322 0.04777748 0.001186531 0.024525227 0.020790006 0.013058127 0.001520126 0.0321224502 0.0008467900 0.0004681058 3.169731e-03 1.951101e-04 5.861844e-03 2.156978e-07 1.235190e-10 3.909476e-12 3.497941e-09
   88    1      1      0    0   125  2.927621e-92 3.238886e-22 2.425720e-02 0.0015096171 0.034902189 0.0049035059 1.189844e-02 0.026093959 0.03954224 0.08945545 0.04898797 0.07458721 0.01051161 0.03261944 0.02870684 0.02482416 0.07722643 0.02140085 0.06422028 0.044520785 0.056885718 0.02562624 0.01423684 0.042433611 0.029167553 0.013895156 0.023083457 0.018316190 0.021882475 0.01693147 0.012425725 0.013161448 0.010047771 0.009003825 0.006111941 0.0176641675 0.0001255775 0.0003365093 7.176036e-03 3.221247e-05 1.102808e-03 1.411672e-06 1.417264e-04 2.952996e-05 1.243571e-05
   92    1      1      0    0   125 1.248631e-150 2.123180e-09 1.186364e-02 0.0092615763 0.005345233 0.0039175796 8.047160e-03 0.036423982 0.03650725 0.07262840 0.05007508 0.03559340 0.04134926 0.02962244 0.04691350 0.06832073 0.05353301 0.02285898 0.02520202 0.048953648 0.030191615 0.02694917 0.02032547 0.018380278 0.041081533 0.016382133 0.039348836 0.028068871 0.028895240 0.01932883 0.026859566 0.028454597 0.008484358 0.009805249 0.023580227 0.0010311092 0.0134181029 0.0035050232 5.175757e-05 8.570987e-06 1.904342e-03 3.055755e-04 7.222284e-03 3.595285e-07 2.587491e-08
   96    1      1      0    0   125 9.209617e-133 2.214949e-11 1.314114e-05 0.0245022975 0.007960354 0.0014294339 6.655684e-03 0.009330306 0.04507961 0.04837428 0.06544350 0.06833672 0.01821481 0.04086026 0.04223499 0.04798753 0.04528426 0.03946247 0.03952089 0.021375233 0.015292429 0.06115676 0.05077500 0.050074530 0.026393348 0.053129589 0.020751675 0.010441879 0.013275509 0.02066747 0.016529523 0.014743040 0.001920143 0.013534727 0.014322923 0.0133248178 0.0190316123 0.0017150447 3.605165e-03 6.606489e-03 1.958133e-04 7.311951e-05 3.736224e-04 1.493003e-10 2.848230e-16
  100    1      1      0    0   125  7.961953e-08 2.354237e-16 5.648671e-03 0.0037713159 0.014820898 0.0041278759 2.872729e-03 0.011396194 0.09024177 0.02455237 0.07809487 0.10851237 0.07746493 0.03144912 0.02317382 0.01374971 0.05466513 0.01835745 0.03133569 0.048067668 0.044610015 0.02483324 0.01922207 0.054380464 0.012748488 0.033041087 0.025174206 0.022558147 0.008119664 0.02198389 0.004827857 0.032369982 0.010742212 0.003418042 0.012708084 0.0010946526 0.0033348905 0.0114017785 2.639008e-03 3.895031e-03 1.229592e-03 4.263833e-07 3.364500e-03 6.030658e-15 9.302886e-18
   76    1      2      0    0   500  4.733958e-19 2.577095e-03 2.406956e-02 0.0474237259 0.042119604 0.0173286212 1.443989e-02 0.018424686 0.04202202 0.05769033 0.04694161 0.03460633 0.02741617 0.04477002 0.03609791 0.03572048 0.03800269 0.03474423 0.03580878 0.042922196 0.027371341 0.02833064 0.03277677 0.034839170 0.023867056 0.026082690 0.020228433 0.027003053 0.021966783 0.01908133 0.014418548 0.008495569 0.011552711 0.012174375 0.014796277 0.0116481630 0.0077483845 0.0040594984 4.166733e-03 5.063697e-03 9.903848e-05 5.626797e-04 3.018666e-04 2.392069e-04 2.956309e-08
   78    1      2      0    0   500  1.278019e-24 1.255917e-03 1.912922e-02 0.0432673669 0.074095933 0.0252246162 6.683337e-03 0.030332053 0.03385850 0.04932508 0.05676777 0.02317599 0.02751118 0.02312487 0.02796704 0.04669991 0.03736254 0.03032398 0.02757148 0.028747561 0.027465663 0.03250012 0.02477905 0.015553001 0.025789647 0.019766471 0.024644254 0.036557875 0.028072461 0.03523768 0.018167879 0.022351288 0.021780716 0.005972116 0.014993572 0.0115016654 0.0044837168 0.0046086019 3.796898e-03 2.629308e-03 1.207452e-03 1.491738e-03 1.448243e-03 2.728585e-03 4.765704e-05
   80    1      2      0    0   500  8.223579e-30 9.441965e-04 2.377075e-02 0.0519612824 0.045766818 0.0226025602 1.617764e-02 0.022558114 0.07134609 0.05844453 0.04687019 0.02687588 0.03916396 0.03046316 0.03292979 0.04987226 0.02620958 0.04288019 0.02852454 0.046256208 0.037062756 0.01548491 0.02156998 0.030980320 0.026265321 0.023852282 0.015116468 0.032184108 0.015496272 0.02161936 0.007534732 0.023375223 0.016391890 0.003925301 0.005815825 0.0028731647 0.0038951693 0.0013160977 5.022157e-03 3.695373e-03 1.012981e-03 1.340414e-03 2.196693e-06 2.851587e-04 2.647814e-04
   82    1      2      0    0   500  9.972816e-16 2.618642e-03 2.289690e-02 0.0566207052 0.044510644 0.0219262764 1.133141e-02 0.017665243 0.04145716 0.05862630 0.05788899 0.02925077 0.02729488 0.04123038 0.04398623 0.02996609 0.02755201 0.04034342 0.03100500 0.027819983 0.050819553 0.03843062 0.02828707 0.016518960 0.015681496 0.027465040 0.022020488 0.020329249 0.023359729 0.02678413 0.012774415 0.026126044 0.008661406 0.006615159 0.014844893 0.0121502521 0.0037027681 0.0025620374 2.341090e-03 1.704422e-03 2.366836e-03 8.055708e-04 4.478936e-04 2.471915e-04 9.626436e-04
   84    1      2      0    0   500  2.926431e-18 1.129838e-02 1.705177e-02 0.0555453489 0.041581145 0.0168765551 1.001065e-02 0.022857504 0.03718618 0.05482699 0.06896753 0.05658132 0.03321204 0.03932581 0.04820987 0.02834082 0.02996929 0.04775009 0.04992482 0.028996139 0.018684108 0.02707493 0.02694273 0.034710440 0.018992641 0.022992610 0.023065245 0.019904993 0.015528585 0.01530905 0.017794463 0.015798484 0.009484126 0.009269798 0.004752143 0.0072441646 0.0066028917 0.0036151051 2.881631e-03 3.858782e-04 9.954865e-05 3.456755e-04 1.074615e-07 4.936840e-07 7.913992e-06
   86    1      2      0    0   500  7.058546e-12 4.089215e-03 2.306122e-02 0.0483412367 0.056073398 0.0196147701 1.047583e-02 0.026620886 0.04806134 0.04454773 0.05965658 0.04940247 0.04153699 0.03861428 0.03750731 0.03308256 0.03377913 0.02914691 0.03297672 0.037176208 0.035664374 0.02880753 0.02964652 0.020655322 0.030093656 0.027063747 0.020609414 0.019115398 0.017050551 0.01828524 0.017491357 0.013774085 0.008556995 0.007282693 0.004795046 0.0087431279 0.0056373932 0.0043534967 2.764724e-03 1.514769e-03 1.429473e-03 4.866844e-04 6.290045e-08 4.567163e-04 1.956842e-03
   88    1      2      0    0   500  4.222986e-09 7.226114e-04 1.629936e-02 0.0562711412 0.042903056 0.0201946852 3.839893e-03 0.014126343 0.03051102 0.05628451 0.05172859 0.05144824 0.02893162 0.04391771 0.04248074 0.04046682 0.02572688 0.03386185 0.03017991 0.034886684 0.044865475 0.02995995 0.04328665 0.018524167 0.032411866 0.024625878 0.028065966 0.024464479 0.026784558 0.01770477 0.015701816 0.015660581 0.009011774 0.008341557 0.011099769 0.0073562887 0.0061581979 0.0032870572 3.477255e-03 1.685805e-04 1.904759e-03 1.131030e-03 7.370074e-05 1.150718e-03 1.475393e-06
   90    1      2      0    0   500  6.179277e-17 1.079150e-03 1.707272e-02 0.0430041179 0.036678148 0.0160237952 9.516713e-03 0.011361258 0.04646977 0.07691316 0.05142627 0.04237961 0.01967621 0.03242126 0.04035788 0.02857559 0.04763987 0.04613668 0.02249541 0.027686963 0.030242077 0.03783623 0.03306754 0.031082074 0.030133584 0.023106994 0.018248785 0.042100657 0.028446926 0.02177856 0.016691005 0.005336184 0.008219900 0.012045640 0.005058629 0.0071246926 0.0100523821 0.0058370199 2.089901e-03 4.252598e-03 1.915770e-03 6.797879e-06 7.922130e-03 1.478525e-06 4.878677e-04
   92    1      2      0    0   500  6.193033e-05 3.941956e-03 1.380969e-02 0.0463510741 0.055482731 0.0110355246 1.619171e-02 0.025767460 0.03466138 0.05844098 0.05032925 0.03536700 0.03706328 0.03931199 0.02551413 0.03593617 0.02821440 0.03140962 0.02846313 0.039232395 0.031219300 0.02851786 0.02931197 0.036380845 0.037012588 0.039452638 0.029150391 0.022180567 0.016759827 0.02025233 0.012207697 0.017508262 0.005830800 0.012874108 0.013318533 0.0093838626 0.0029944809 0.0055824241 1.984932e-03 1.663364e-03 9.085988e-04 1.702508e-03 5.040032e-05 1.351513e-03 5.814413e-03
   94    1      2      0    0   500  1.493555e-13 2.774862e-04 2.450741e-02 0.0426708056 0.045038878 0.0113061819 1.643140e-02 0.035159189 0.03736989 0.05522765 0.07679630 0.03910410 0.04224122 0.03621725 0.03406130 0.02397999 0.03942067 0.03814298 0.04081464 0.027185285 0.031818238 0.02144032 0.03621591 0.031714900 0.017436675 0.024777365 0.020588384 0.023136717 0.026868500 0.01917418 0.006549197 0.017851245 0.013135042 0.006144821 0.004972978 0.0159927500 0.0035532280 0.0019723617 3.450319e-03 3.178376e-03 1.227244e-03 1.162441e-03 2.696399e-04 1.238562e-03 1.779940e-04
   96    1      2      0    0   500  9.020754e-08 4.767822e-03 3.102703e-02 0.0338742481 0.033577974 0.0230335408 1.575786e-02 0.014294925 0.04621221 0.06624435 0.04618367 0.05616580 0.02570290 0.03796003 0.03495428 0.05057326 0.05255907 0.02492190 0.02922159 0.033327633 0.028845702 0.03291314 0.03766917 0.025164910 0.018167856 0.025798972 0.017756198 0.012055320 0.022781500 0.02160669 0.020053050 0.015259336 0.015989842 0.009474922 0.009552668 0.0028161057 0.0039036419 0.0088898291 5.766544e-03 1.929649e-03 6.825891e-04 1.137899e-03 2.932393e-05 3.659268e-04 1.029031e-03
   98    1      2      0    0   500  3.191084e-08 1.761736e-03 1.014131e-02 0.0527678105 0.052347682 0.0156217850 1.420749e-02 0.029321570 0.04589398 0.06482468 0.05713434 0.03407836 0.02285269 0.02528928 0.03209552 0.02716399 0.03575273 0.05144428 0.02117759 0.036049317 0.031012605 0.02552329 0.02575850 0.022532424 0.038710803 0.027731016 0.030353267 0.020463468 0.025709706 0.02635273 0.026244303 0.014676859 0.009416818 0.015091263 0.010250489 0.0043506960 0.0023768649 0.0053621964 1.444254e-03 1.109590e-03 1.257619e-03 5.415660e-04 7.646042e-04 1.764468e-03 1.274425e-03
  100    1      2      0    0   500  4.121950e-15 2.737487e-03 9.221248e-03 0.0451393423 0.035815953 0.0288957766 2.233749e-02 0.020967798 0.03585691 0.03981550 0.05224910 0.04160970 0.02761832 0.03314879 0.03991094 0.04049770 0.04713654 0.03632428 0.02399716 0.024951543 0.066147236 0.03009155 0.03955190 0.021725209 0.020934963 0.030628523 0.023262357 0.026474306 0.026121448 0.02153017 0.021595379 0.019917848 0.004608976 0.005202493 0.005043820 0.0109917173 0.0059119396 0.0033171029 5.465218e-03 5.283926e-04 7.496028e-04 1.198384e-03 1.262912e-04 1.047684e-06 6.425503e-04
15 #_N_agebins
#_agebin_vector
1 2 3 4 5 6 7 8 9 10 11 12 13 14 15
1 #_N_ageerror_definitions
 #_age0   age1   age2   age3   age4   age5   age6   age7   age8   age9  age10  age11  age12  age13  age14  age15  age16  age17  age18  age19  age20  age21  age22  age23  age24  age25
 -1.000 -1.000 -1.000 -1.000 -1.000 -1.000 -1.000 -1.000 -1.000 -1.000 -1.000 -1.000 -1.000 -1.000 -1.000 -1.000 -1.000 -1.000 -1.000 -1.000 -1.000 -1.000 -1.000 -1.000 -1.000 -1.000
  0.001  0.001  0.001  0.001  0.001  0.001  0.001  0.001  0.001  0.001  0.001  0.001  0.001  0.001  0.001  0.001  0.001  0.001  0.001  0.001  0.001  0.001  0.001  0.001  0.001  0.001
85 #_N_agecomp
1 #_Lbin_method: 1=poplenbins; 2=datalenbins; 3=lengths
-1 #_combine males into females at or below this bin number
 #_Yr Seas FltSvy Gender Part Ageerr Lbin_lo Lbin_hi Nsamp          a1        a2         a3        a4         a5         a6         a7         a8         a9         a10         a11         a12          a13          a14         a15
   26    1      1      0    0      1      -1      -1   125  0.01307448 0.1350830 0.08886442 0.1237690 0.13550752 0.09619662 0.13580901 0.03794694 0.04605837 0.011914774 0.033714054 0.016676251 0.0280766827 3.873964e-02 0.058569308
   36    1      1      0    0      1      -1      -1   125  0.03198202 0.2741372 0.14873254 0.1618445 0.05837734 0.09902391 0.03235450 0.02895959 0.02083194 0.042743709 0.054557883 0.009631207 0.0172477335 1.671561e-03 0.017904410
   46    1      1      0    0      1      -1      -1   125  0.03958949 0.2113637 0.19981713 0.1132231 0.15604176 0.04142941 0.09328057 0.02561700 0.03075897 0.029087830 0.029636721 0.016446531 0.0067928006 2.958780e-03 0.003956191
   56    1      1      0    0      1      -1      -1   125  0.03482839 0.1632202 0.25474814 0.1533453 0.12673795 0.08371429 0.03479028 0.04053287 0.01266031 0.007209840 0.011420496 0.038609687 0.0101197043 8.418741e-04 0.027220675
   60    1      1      0    0      1      -1      -1   125  0.02565916 0.2351003 0.25526712 0.1522489 0.10089644 0.06831787 0.04099661 0.02107400 0.02251573 0.032546557 0.003432609 0.013644121 0.0153165551 1.432013e-03 0.011551963
   64    1      1      0    0      1      -1      -1   125  0.01585961 0.2296367 0.19717957 0.1385457 0.08869167 0.08909770 0.04051054 0.06882146 0.06859998 0.021187110 0.009069528 0.015594444 0.0030790502 1.625514e-03 0.012501416
   68    1      1      0    0      1      -1      -1   125  0.01412541 0.2263335 0.19250608 0.1644297 0.15034029 0.04511358 0.06370804 0.02420007 0.02684495 0.018257130 0.019233639 0.011708402 0.0205023566 7.659727e-04 0.021930937
   72    1      1      0    0      1      -1      -1   125  0.03250948 0.3085353 0.17640984 0.1470368 0.10636695 0.06788640 0.04801077 0.02901870 0.02419051 0.022557849 0.002041917 0.005704178 0.0076543061 1.242531e-02 0.009651768
   76    1      1      0    0      1      -1      -1   125  0.04775144 0.2340058 0.18008426 0.1535323 0.13798675 0.06599843 0.05413071 0.01226951 0.02964127 0.014378853 0.018245919 0.025188936 0.0135751709 2.871413e-04 0.012923477
   80    1      1      0    0      1      -1      -1   125  0.03185684 0.2335933 0.22574829 0.1640383 0.05489115 0.08003770 0.04701078 0.04180639 0.03474535 0.007371339 0.008423370 0.045429913 0.0003082721 3.843821e-05 0.024700508
   84    1      1      0    0      1      -1      -1   125  0.03381855 0.2597520 0.19566188 0.0921587 0.12195607 0.07689867 0.05990826 0.01822075 0.02988803 0.030153774 0.005867920 0.014913414 0.0428249902 5.519452e-03 0.012457588
   88    1      1      0    0      1      -1      -1   125  0.01695319 0.2313854 0.19856065 0.1658273 0.11207099 0.06131365 0.02191517 0.08279220 0.02907313 0.030588002 0.009957572 0.007531768 0.0000929634 7.507784e-03 0.024430184
   92    1      1      0    0      1      -1      -1   125  0.02028646 0.2764574 0.18202881 0.1648032 0.12589631 0.10013511 0.02076921 0.03271632 0.01292280 0.032778579 0.010872623 0.003107527 0.0020535722 2.653810e-03 0.012518269
   96    1      1      0    0      1      -1      -1   125  0.02315796 0.2075837 0.20809892 0.1826122 0.05348908 0.11745285 0.09123197 0.02088499 0.05446774 0.002172992 0.010725160 0.005258427 0.0039330597 2.740217e-04 0.018656883
  100    1      1      0    0      1      -1      -1   125  0.05172507 0.2845044 0.13805498 0.1020120 0.07530575 0.09997340 0.04154008 0.06664866 0.03468826 0.025370980 0.032066378 0.014560508 0.0042567672 1.290518e-02 0.016387608
   76    1      2      0    0      1      -1      -1   500  0.13655093 0.2306521 0.16510097 0.1303598 0.08726850 0.05515889 0.05232925 0.04013102 0.01935559 0.017084724 0.015748001 0.011568920 0.0078690913 1.246669e-02 0.018355536
   78    1      2      0    0      1      -1      -1   500  0.12010882 0.2138311 0.18486167 0.1344375 0.09897198 0.05796332 0.03915450 0.04653938 0.02650944 0.017982894 0.015779696 0.009627714 0.0067637120 7.078663e-03 0.020389592
   80    1      2      0    0      1      -1      -1   500  0.10341049 0.2532668 0.17034404 0.1455090 0.08597335 0.05137304 0.05149255 0.03893012 0.02053193 0.013329841 0.015686992 0.013964374 0.0075202325 7.495179e-03 0.021172087
   82    1      2      0    0      1      -1      -1   500  0.15478481 0.2109419 0.16493383 0.1161969 0.08396703 0.06845471 0.05575258 0.02967668 0.02466000 0.024157045 0.013307102 0.023028338 0.0093986040 4.425969e-03 0.016314472
   84    1      2      0    0      1      -1      -1   500  0.13830001 0.2165991 0.13168307 0.1443380 0.10878509 0.06855370 0.04663564 0.04258017 0.02607290 0.017586276 0.015149382 0.008447850 0.0145999776 8.470491e-03 0.012198383
   86    1      2      0    0      1      -1      -1   500  0.13575498 0.2231251 0.17097873 0.1263293 0.10560409 0.06953715 0.03976002 0.02746229 0.03557462 0.012788720 0.015527610 0.007999986 0.0086486215 1.026698e-03 0.019882097
   88    1      2      0    0      1      -1      -1   500  0.14521928 0.2190836 0.16833128 0.1128325 0.08164976 0.06661523 0.04092908 0.04267041 0.02682478 0.038127072 0.021505260 0.010671207 0.0087929131 3.805516e-03 0.012942119
   90    1      2      0    0      1      -1      -1   500  0.11592032 0.2440347 0.14957961 0.1444777 0.10937471 0.06710863 0.04781744 0.03414298 0.02507363 0.008160406 0.016743604 0.009091212 0.0036389961 2.607504e-03 0.022228554
   92    1      2      0    0      1      -1      -1   500  0.14659645 0.2458338 0.18380873 0.1070755 0.07636545 0.07193285 0.03526915 0.03004495 0.03521596 0.013479131 0.021860932 0.003796356 0.0115610318 4.776692e-03 0.012382987
   94    1      2      0    0      1      -1      -1   500  0.13405204 0.2036509 0.20461927 0.1515401 0.08723684 0.07280123 0.03169237 0.03922359 0.02109023 0.020412921 0.012289144 0.004510965 0.0058662124 2.613435e-03 0.008400680
   96    1      2      0    0      1      -1      -1   500  0.13159907 0.2184596 0.16869023 0.1383297 0.08875969 0.07405400 0.06983144 0.03460095 0.01767409 0.013610013 0.010621287 0.007459269 0.0070035293 3.219420e-03 0.016087754
   98    1      2      0    0      1      -1      -1   500  0.16255254 0.2451856 0.16280855 0.1256386 0.08630119 0.06491667 0.04067788 0.03309942 0.01125618 0.033731431 0.010070632 0.005077503 0.0041093279 5.904240e-03 0.008670257
  100    1      2      0    0      1      -1      -1   500  0.14288403 0.2031292 0.16377554 0.1141252 0.08898122 0.08804027 0.05437960 0.05104491 0.02823231 0.014600164 0.009428266 0.007948104 0.0107921512 6.912582e-03 0.015726432
   60    1      1      0    0      1       4       4     2  2.00000000 0.0000000 0.00000000 0.0000000 0.00000000 0.00000000 0.00000000 0.00000000 0.00000000 0.000000000 0.000000000 0.000000000 0.0000000000 0.000000e+00 0.000000000
   60    1      1      0    0      1       6       6     1  1.00000000 0.0000000 0.00000000 0.0000000 0.00000000 0.00000000 0.00000000 0.00000000 0.00000000 0.000000000 0.000000000 0.000000000 0.0000000000 0.000000e+00 0.000000000
   60    1      1      0    0      1       9       9     2  2.00000000 0.0000000 0.00000000 0.0000000 0.00000000 0.00000000 0.00000000 0.00000000 0.00000000 0.000000000 0.000000000 0.000000000 0.0000000000 0.000000e+00 0.000000000
   60    1      1      0    0      1      10      10     5  5.00000000 0.0000000 0.00000000 0.0000000 0.00000000 0.00000000 0.00000000 0.00000000 0.00000000 0.000000000 0.000000000 0.000000000 0.0000000000 0.000000e+00 0.000000000
   60    1      1      0    0      1      11      11     3  3.00000000 0.0000000 0.00000000 0.0000000 0.00000000 0.00000000 0.00000000 0.00000000 0.00000000 0.000000000 0.000000000 0.000000000 0.0000000000 0.000000e+00 0.000000000
   60    1      1      0    0      1      12      12     2  2.00000000 0.0000000 0.00000000 0.0000000 0.00000000 0.00000000 0.00000000 0.00000000 0.00000000 0.000000000 0.000000000 0.000000000 0.0000000000 0.000000e+00 0.000000000
   60    1      1      0    0      1      13      13     6  6.00000000 0.0000000 0.00000000 0.0000000 0.00000000 0.00000000 0.00000000 0.00000000 0.00000000 0.000000000 0.000000000 0.000000000 0.0000000000 0.000000e+00 0.000000000
   60    1      1      0    0      1      14      14     4  4.00000000 0.0000000 0.00000000 0.0000000 0.00000000 0.00000000 0.00000000 0.00000000 0.00000000 0.000000000 0.000000000 0.000000000 0.0000000000 0.000000e+00 0.000000000
   60    1      1      0    0      1      15      15     5  5.00000000 0.0000000 0.00000000 0.0000000 0.00000000 0.00000000 0.00000000 0.00000000 0.00000000 0.000000000 0.000000000 0.000000000 0.0000000000 0.000000e+00 0.000000000
   60    1      1      0    0      1      16      16    13 13.00000000 0.0000000 0.00000000 0.0000000 0.00000000 0.00000000 0.00000000 0.00000000 0.00000000 0.000000000 0.000000000 0.000000000 0.0000000000 0.000000e+00 0.000000000
   60    1      1      0    0      1      19      19     5  5.00000000 0.0000000 0.00000000 0.0000000 0.00000000 0.00000000 0.00000000 0.00000000 0.00000000 0.000000000 0.000000000 0.000000000 0.0000000000 0.000000e+00 0.000000000
   60    1      1      0    0      1      20      20     6  6.00000000 0.0000000 0.00000000 0.0000000 0.00000000 0.00000000 0.00000000 0.00000000 0.00000000 0.000000000 0.000000000 0.000000000 0.0000000000 0.000000e+00 0.000000000
   60    1      1      0    0      1      21      21     9  9.00000000 0.0000000 0.00000000 0.0000000 0.00000000 0.00000000 0.00000000 0.00000000 0.00000000 0.000000000 0.000000000 0.000000000 0.0000000000 0.000000e+00 0.000000000
   60    1      1      0    0      1      22      22     6  6.00000000 0.0000000 0.00000000 0.0000000 0.00000000 0.00000000 0.00000000 0.00000000 0.00000000 0.000000000 0.000000000 0.000000000 0.0000000000 0.000000e+00 0.000000000
   60    1      1      0    0      1      23      23     3  3.00000000 0.0000000 0.00000000 0.0000000 0.00000000 0.00000000 0.00000000 0.00000000 0.00000000 0.000000000 0.000000000 0.000000000 0.0000000000 0.000000e+00 0.000000000
   60    1      1      0    0      1      24      24     3  3.00000000 0.0000000 0.00000000 0.0000000 0.00000000 0.00000000 0.00000000 0.00000000 0.00000000 0.000000000 0.000000000 0.000000000 0.0000000000 0.000000e+00 0.000000000
   60    1      1      0    0      1      25      25     1  1.00000000 0.0000000 0.00000000 0.0000000 0.00000000 0.00000000 0.00000000 0.00000000 0.00000000 0.000000000 0.000000000 0.000000000 0.0000000000 0.000000e+00 0.000000000
   60    1      1      0    0      1      26      26     3  3.00000000 0.0000000 0.00000000 0.0000000 0.00000000 0.00000000 0.00000000 0.00000000 0.00000000 0.000000000 0.000000000 0.000000000 0.0000000000 0.000000e+00 0.000000000
   60    1      1      0    0      1      27      27     5  3.00000000 2.0000000 0.00000000 0.0000000 0.00000000 0.00000000 0.00000000 0.00000000 0.00000000 0.000000000 0.000000000 0.000000000 0.0000000000 0.000000e+00 0.000000000
   60    1      1      0    0      1      28      28     1  1.00000000 0.0000000 0.00000000 0.0000000 0.00000000 0.00000000 0.00000000 0.00000000 0.00000000 0.000000000 0.000000000 0.000000000 0.0000000000 0.000000e+00 0.000000000
   60    1      1      0    0      1      29      29     4  2.00000000 2.0000000 0.00000000 0.0000000 0.00000000 0.00000000 0.00000000 0.00000000 0.00000000 0.000000000 0.000000000 0.000000000 0.0000000000 0.000000e+00 0.000000000
   60    1      1      0    0      1      30      30     2  0.00000000 2.0000000 0.00000000 0.0000000 0.00000000 0.00000000 0.00000000 0.00000000 0.00000000 0.000000000 0.000000000 0.000000000 0.0000000000 0.000000e+00 0.000000000
   60    1      1      0    0      1      31      31     2  1.00000000 1.0000000 0.00000000 0.0000000 0.00000000 0.00000000 0.00000000 0.00000000 0.00000000 0.000000000 0.000000000 0.000000000 0.0000000000 0.000000e+00 0.000000000
   60    1      1      0    0      1      32      32     1  0.00000000 1.0000000 0.00000000 0.0000000 0.00000000 0.00000000 0.00000000 0.00000000 0.00000000 0.000000000 0.000000000 0.000000000 0.0000000000 0.000000e+00 0.000000000
   60    1      1      0    0      1      33      33     2  0.00000000 2.0000000 0.00000000 0.0000000 0.00000000 0.00000000 0.00000000 0.00000000 0.00000000 0.000000000 0.000000000 0.000000000 0.0000000000 0.000000e+00 0.000000000
   60    1      1      0    0      1      35      35     2  0.00000000 2.0000000 0.00000000 0.0000000 0.00000000 0.00000000 0.00000000 0.00000000 0.00000000 0.000000000 0.000000000 0.000000000 0.0000000000 0.000000e+00 0.000000000
   60    1      1      0    0      1      38      38     1  0.00000000 1.0000000 0.00000000 0.0000000 0.00000000 0.00000000 0.00000000 0.00000000 0.00000000 0.000000000 0.000000000 0.000000000 0.0000000000 0.000000e+00 0.000000000
   60    1      1      0    0      1      40      40     1  0.00000000 1.0000000 0.00000000 0.0000000 0.00000000 0.00000000 0.00000000 0.00000000 0.00000000 0.000000000 0.000000000 0.000000000 0.0000000000 0.000000e+00 0.000000000
  100    1      1      0    0      1       4       4     1  1.00000000 0.0000000 0.00000000 0.0000000 0.00000000 0.00000000 0.00000000 0.00000000 0.00000000 0.000000000 0.000000000 0.000000000 0.0000000000 0.000000e+00 0.000000000
  100    1      1      0    0      1       5       5     3  3.00000000 0.0000000 0.00000000 0.0000000 0.00000000 0.00000000 0.00000000 0.00000000 0.00000000 0.000000000 0.000000000 0.000000000 0.0000000000 0.000000e+00 0.000000000
  100    1      1      0    0      1       6       6     1  1.00000000 0.0000000 0.00000000 0.0000000 0.00000000 0.00000000 0.00000000 0.00000000 0.00000000 0.000000000 0.000000000 0.000000000 0.0000000000 0.000000e+00 0.000000000
  100    1      1      0    0      1       8       8     1  1.00000000 0.0000000 0.00000000 0.0000000 0.00000000 0.00000000 0.00000000 0.00000000 0.00000000 0.000000000 0.000000000 0.000000000 0.0000000000 0.000000e+00 0.000000000
  100    1      1      0    0      1       9       9    10 10.00000000 0.0000000 0.00000000 0.0000000 0.00000000 0.00000000 0.00000000 0.00000000 0.00000000 0.000000000 0.000000000 0.000000000 0.0000000000 0.000000e+00 0.000000000
  100    1      1      0    0      1      10      10     4  4.00000000 0.0000000 0.00000000 0.0000000 0.00000000 0.00000000 0.00000000 0.00000000 0.00000000 0.000000000 0.000000000 0.000000000 0.0000000000 0.000000e+00 0.000000000
  100    1      1      0    0      1      11      11     7  7.00000000 0.0000000 0.00000000 0.0000000 0.00000000 0.00000000 0.00000000 0.00000000 0.00000000 0.000000000 0.000000000 0.000000000 0.0000000000 0.000000e+00 0.000000000
  100    1      1      0    0      1      12      12     9  9.00000000 0.0000000 0.00000000 0.0000000 0.00000000 0.00000000 0.00000000 0.00000000 0.00000000 0.000000000 0.000000000 0.000000000 0.0000000000 0.000000e+00 0.000000000
  100    1      1      0    0      1      13      13     4  4.00000000 0.0000000 0.00000000 0.0000000 0.00000000 0.00000000 0.00000000 0.00000000 0.00000000 0.000000000 0.000000000 0.000000000 0.0000000000 0.000000e+00 0.000000000
  100    1      1      0    0      1      14      14     6  6.00000000 0.0000000 0.00000000 0.0000000 0.00000000 0.00000000 0.00000000 0.00000000 0.00000000 0.000000000 0.000000000 0.000000000 0.0000000000 0.000000e+00 0.000000000
  100    1      1      0    0      1      15      15     3  3.00000000 0.0000000 0.00000000 0.0000000 0.00000000 0.00000000 0.00000000 0.00000000 0.00000000 0.000000000 0.000000000 0.000000000 0.0000000000 0.000000e+00 0.000000000
  100    1      1      0    0      1      16      16     2  2.00000000 0.0000000 0.00000000 0.0000000 0.00000000 0.00000000 0.00000000 0.00000000 0.00000000 0.000000000 0.000000000 0.000000000 0.0000000000 0.000000e+00 0.000000000
  100    1      1      0    0      1      17      17     2  2.00000000 0.0000000 0.00000000 0.0000000 0.00000000 0.00000000 0.00000000 0.00000000 0.00000000 0.000000000 0.000000000 0.000000000 0.0000000000 0.000000e+00 0.000000000
  100    1      1      0    0      1      18      18     3  3.00000000 0.0000000 0.00000000 0.0000000 0.00000000 0.00000000 0.00000000 0.00000000 0.00000000 0.000000000 0.000000000 0.000000000 0.0000000000 0.000000e+00 0.000000000
  100    1      1      0    0      1      19      19     2  2.00000000 0.0000000 0.00000000 0.0000000 0.00000000 0.00000000 0.00000000 0.00000000 0.00000000 0.000000000 0.000000000 0.000000000 0.0000000000 0.000000e+00 0.000000000
  100    1      1      0    0      1      20      20     5  5.00000000 0.0000000 0.00000000 0.0000000 0.00000000 0.00000000 0.00000000 0.00000000 0.00000000 0.000000000 0.000000000 0.000000000 0.0000000000 0.000000e+00 0.000000000
  100    1      1      0    0      1      21      21     2  2.00000000 0.0000000 0.00000000 0.0000000 0.00000000 0.00000000 0.00000000 0.00000000 0.00000000 0.000000000 0.000000000 0.000000000 0.0000000000 0.000000e+00 0.000000000
  100    1      1      0    0      1      22      22     4  4.00000000 0.0000000 0.00000000 0.0000000 0.00000000 0.00000000 0.00000000 0.00000000 0.00000000 0.000000000 0.000000000 0.000000000 0.0000000000 0.000000e+00 0.000000000
  100    1      1      0    0      1      23      23     2  2.00000000 0.0000000 0.00000000 0.0000000 0.00000000 0.00000000 0.00000000 0.00000000 0.00000000 0.000000000 0.000000000 0.000000000 0.0000000000 0.000000e+00 0.000000000
  100    1      1      0    0      1      24      24     6  6.00000000 0.0000000 0.00000000 0.0000000 0.00000000 0.00000000 0.00000000 0.00000000 0.00000000 0.000000000 0.000000000 0.000000000 0.0000000000 0.000000e+00 0.000000000
  100    1      1      0    0      1      25      25     2  2.00000000 0.0000000 0.00000000 0.0000000 0.00000000 0.00000000 0.00000000 0.00000000 0.00000000 0.000000000 0.000000000 0.000000000 0.0000000000 0.000000e+00 0.000000000
  100    1      1      0    0      1      26      26     4  4.00000000 0.0000000 0.00000000 0.0000000 0.00000000 0.00000000 0.00000000 0.00000000 0.00000000 0.000000000 0.000000000 0.000000000 0.0000000000 0.000000e+00 0.000000000
  100    1      1      0    0      1      27      27     2  2.00000000 0.0000000 0.00000000 0.0000000 0.00000000 0.00000000 0.00000000 0.00000000 0.00000000 0.000000000 0.000000000 0.000000000 0.0000000000 0.000000e+00 0.000000000
  100    1      1      0    0      1      28      28     6  6.00000000 0.0000000 0.00000000 0.0000000 0.00000000 0.00000000 0.00000000 0.00000000 0.00000000 0.000000000 0.000000000 0.000000000 0.0000000000 0.000000e+00 0.000000000
  100    1      1      0    0      1      30      30     3  2.00000000 1.0000000 0.00000000 0.0000000 0.00000000 0.00000000 0.00000000 0.00000000 0.00000000 0.000000000 0.000000000 0.000000000 0.0000000000 0.000000e+00 0.000000000
  100    1      1      0    0      1      32      32     2  0.00000000 2.0000000 0.00000000 0.0000000 0.00000000 0.00000000 0.00000000 0.00000000 0.00000000 0.000000000 0.000000000 0.000000000 0.0000000000 0.000000e+00 0.000000000
  100    1      1      0    0      1      33      33     1  0.00000000 1.0000000 0.00000000 0.0000000 0.00000000 0.00000000 0.00000000 0.00000000 0.00000000 0.000000000 0.000000000 0.000000000 0.0000000000 0.000000e+00 0.000000000
  100    1      1      0    0      1      35      35     1  0.00000000 1.0000000 0.00000000 0.0000000 0.00000000 0.00000000 0.00000000 0.00000000 0.00000000 0.000000000 0.000000000 0.000000000 0.0000000000 0.000000e+00 0.000000000
  100    1      1      0    0      1      38      38     2  0.00000000 2.0000000 0.00000000 0.0000000 0.00000000 0.00000000 0.00000000 0.00000000 0.00000000 0.000000000 0.000000000 0.000000000 0.0000000000 0.000000e+00 0.000000000
0 #_N_MeanSize_at_Age_obs
0 #_N_environ_variables
0 #_N_environ_obs
0 #_N_sizefreq_methods
0 #_do_tags
0 #_morphcomp_data
#
999
