#C data file created using the SS_writedat function in the R package r4ss
#C should work with SS version: 
#C file write time: 2015-02-11 18:39:34
#
1 #_styr
100 #_endyr
1 #_nseas
12 #_months_per_seas
1 #_spawn_seas
1 #_Nfleet
2 #_Nsurveys
1 #_N_areas
Fishery%Survey%CPUE #_fleetnames
0.5 0.5 0.5 #_surveytiming_in_season
1 1 1 #_area_assignments_for_each_fishery_and_survey
1 #_units of catch:  1=bio; 2=num
0.01 #_se of log(catch) only used for init_eq_catch and for Fmethod 2 and 3
1 #_Ngenders
25 #_Nages
0 #_init_equil_catch_for_each_fishery
100 #_N_lines_of_catch_to_read
 #_Fishery year seas
         0    1    1
         0    2    1
         0    3    1
         0    4    1
         0    5    1
         0    6    1
         0    7    1
         0    8    1
         0    9    1
         0   10    1
         0   11    1
         0   12    1
         0   13    1
         0   14    1
         0   15    1
         0   16    1
         0   17    1
         0   18    1
         0   19    1
         0   20    1
         0   21    1
         0   22    1
         0   23    1
         0   24    1
         0   25    1
 444646000   26    1
 397608000   27    1
 357583000   28    1
 324161000   29    1
 296656000   30    1
 274240000   31    1
 256057000   32    1
 241314000   33    1
 229322000   34    1
 219511000   35    1
 211426000   36    1
 204710000   37    1
 199088000   38    1
 194347000   39    1
 190324000   40    1
 186891000   41    1
 183948000   42    1
 181416000   43    1
 179230000   44    1
 177337000   45    1
 175694000   46    1
 174266000   47    1
 173022000   48    1
 171937000   49    1
 170990000   50    1
 170161000   51    1
 169436000   52    1
 168801000   53    1
 168243000   54    1
 167755000   55    1
 167325000   56    1
 166948000   57    1
 166617000   58    1
 166326000   59    1
 166070000   60    1
 165844000   61    1
 165646000   62    1
 165471000   63    1
 165317000   64    1
 165182000   65    1
 165063000   66    1
 164958000   67    1
 164865000   68    1
 164784000   69    1
 164712000   70    1
 164649000   71    1
 164593000   72    1
 164544000   73    1
 164500000   74    1
 164462000   75    1
 164429000   76    1
 164399000   77    1
 164373000   78    1
 164350000   79    1
 164329000   80    1
 164311000   81    1
 164296000   82    1
 164282000   83    1
 164269000   84    1
 164258000   85    1
 164249000   86    1
 164240000   87    1
 164233000   88    1
 164227000   89    1
 164221000   90    1
 164216000   91    1
 164211000   92    1
 164207000   93    1
 164204000   94    1
 164201000   95    1
 164198000   96    1
 164195000   97    1
 164193000   98    1
 164192000   99    1
 164190000  100    1
13 #_N_cpue
 #_Fleet Units Errtype
       1     1       0
       2     1       0
       3     1       0
 #_year seas index        obs se_log
     76    1     2  871108026    0.2
     78    1     2 1297049350    0.2
     80    1     2 1173684833    0.2
     82    1     2 1500518367    0.2
     84    1     2 1524187713    0.2
     86    1     2 1363314500    0.2
     88    1     2 1758381610    0.2
     90    1     2 1051903239    0.2
     92    1     2 1608082203    0.2
     94    1     2 2363786732    0.2
     96    1     2 1300966073    0.2
     98    1     2 1292094864    0.2
    100    1     2 1351540469    0.2
0 #_N_discard_fleets
#_discard_units (1=same_as_catchunits(bio/num); 2=fraction; 3=numbers)
#_discard_errtype:  >0 for DF of T-dist(read CV below); 0 for normal with CV; -1 for normal with se; -2 for lognormal
0 #_N_discard
0 #_N_meanbodywt
1 #_DF_for_meanbodywt_T-distribution_like
2 # length bin method: 1=use databins; 2=generate from binwidth,min,max below; 3=read vector
1 # binwidth for population size comp
10 # minimum size in the population (lower edge of first bin and size at age 0.00)
200 # maximum size in the population (lower edge of last bin)
-0.001 #_comp_tail_compression
1e-05 #_add_to_comp
0 #_combine males into females at or below this bin number
45 #_N_lbins
#_lbin_vector
20 23 26 29 32 35 38 41 44 47 50 53 56 59 62 65 68 71 74 77 80 83 86 89 92 95 98 101 104 107 110 113 116 119 122 125 128 131 134 137 140 143 146 149 152
28 #_N_Length_comp_observations
 #_Yr Seas FltSvy Gender Part Nsamp           l20          l23          l26         l29          l32          l35          l38         l41        l44        l47        l50        l53        l56        l59        l62        l65        l68        l71        l74        l77        l80        l83        l86        l89         l92         l95         l98        l101        l104        l107        l110        l113        l116        l119         l122         l125         l128         l131         l134         l137         l140         l143         l146         l149         l152
   26    1      1      0    0   125 8.079886e-195 2.041387e-34 3.555958e-04 0.014650643 0.0086784232 1.663344e-03 0.0125509531 0.005030375 0.04460049 0.04837046 0.03112169 0.03351015 0.01568185 0.01368351 0.02892191 0.01592999 0.02673561 0.04581305 0.04461532 0.05360735 0.02596254 0.04144293 0.03057613 0.05520521 0.035793211 0.028292468 0.010739734 0.014485029 0.031114657 0.042602438 0.019842275 0.017424264 0.052472183 0.014794112 0.0424649739 0.0038215027 0.0148594061 1.865404e-02 2.643451e-02 4.882685e-03 8.020398e-03 3.741206e-03 5.062167e-03 8.196824e-04 4.971539e-03
   36    1      1      0    0   125 8.791883e-120 5.212785e-18 1.026582e-04 0.009728170 0.0068303370 2.865900e-03 0.0023766661 0.004492447 0.04812363 0.06030367 0.03262394 0.09438608 0.03469685 0.06750590 0.02878413 0.04917741 0.04929446 0.02881460 0.02232744 0.02535962 0.03033641 0.02764343 0.02657284 0.09438348 0.021037228 0.009391596 0.009341162 0.021065449 0.031743129 0.007438846 0.040415863 0.037834693 0.013158753 0.013990698 0.0098356850 0.0108450068 0.0120873599 3.358957e-03 5.875497e-03 5.438107e-03 4.190022e-05 5.243848e-05 3.164786e-04 1.232697e-07 9.772055e-07
   46    1      1      0    0   125  0.000000e+00 1.573834e-11 1.586857e-03 0.014530564 0.0093578167 1.198791e-04 0.0008973196 0.008011061 0.03835464 0.07896548 0.09810974 0.04067603 0.01826814 0.03466023 0.06045324 0.03478680 0.04773444 0.03764853 0.07325475 0.01441718 0.01185693 0.04881114 0.04649311 0.03298945 0.034800266 0.029365018 0.024087331 0.012980214 0.019469906 0.017333933 0.059268512 0.004799159 0.010056028 0.004575236 0.0123941672 0.0041749628 0.0008255514 4.338053e-03 3.378069e-03 1.135823e-03 1.090994e-05 3.758619e-03 4.623270e-06 1.260267e-03 3.011761e-12
   56    1      1      0    0   125 3.963542e-256 2.049893e-10 7.264086e-05 0.005053140 0.0073579810 3.435377e-03 0.0005501310 0.014244404 0.03591001 0.05889696 0.08154930 0.02717816 0.03785147 0.04024737 0.07538746 0.04075278 0.03959529 0.02973946 0.02174479 0.02696818 0.02629497 0.06913657 0.08766022 0.01681751 0.015925364 0.032225397 0.015887533 0.019739080 0.009305590 0.028748056 0.050333568 0.023646424 0.018302855 0.006672876 0.0083142269 0.0057321573 0.0121387858 2.100488e-05 1.193091e-03 7.341958e-04 4.634571e-03 2.203178e-07 9.250577e-17 6.403189e-08 7.823971e-07
   60    1      1      0    0   125  0.000000e+00 5.697951e-10 1.047220e-03 0.011030158 0.0202849749 2.640151e-03 0.0001297543 0.005201498 0.02065157 0.06257191 0.02833982 0.05171908 0.07195875 0.06978780 0.02678478 0.05784230 0.04948292 0.05586807 0.04482452 0.02249725 0.03712590 0.05606683 0.02440712 0.01219591 0.046359484 0.045886083 0.041632752 0.014927400 0.009298106 0.019125860 0.015763790 0.012859916 0.008631297 0.007838120 0.0074762506 0.0063018394 0.0039536995 5.164027e-04 2.584595e-02 1.098367e-03 9.867327e-07 2.846267e-07 1.580989e-06 2.353606e-05 7.120905e-11
   64    1      1      0    0   125  0.000000e+00 1.425668e-14 4.133728e-05 0.014070147 0.0081397303 3.083824e-02 0.0091489381 0.008384599 0.03225631 0.06152846 0.08930493 0.06571343 0.04011104 0.03025069 0.04162128 0.05297736 0.04691531 0.01184642 0.02980306 0.04019638 0.03912179 0.03682420 0.03713113 0.06310010 0.010476767 0.047983885 0.010797980 0.027367000 0.004263389 0.010058645 0.011659986 0.007993662 0.025796645 0.005336744 0.0240243783 0.0060378178 0.0005425757 1.185500e-03 2.320616e-03 2.896169e-03 4.611599e-06 5.750179e-05 2.541363e-06 1.184233e-02 2.638367e-05
   68    1      1      0    0   125 2.133961e-211 7.834993e-06 3.964448e-03 0.006540062 0.0058506283 8.903222e-03 0.0075955023 0.009311968 0.02369679 0.05625306 0.03443310 0.07024920 0.03812434 0.03839806 0.02978740 0.05585302 0.06743558 0.02637003 0.03591194 0.02765850 0.05292256 0.02882389 0.02277729 0.01533245 0.042416046 0.049370710 0.048773040 0.019388982 0.029085775 0.024032493 0.020979376 0.013154663 0.032544035 0.010272284 0.0005225872 0.0063837832 0.0050950821 9.753111e-05 5.351310e-03 1.300719e-02 1.487514e-04 2.143789e-03 1.095684e-02 7.485790e-05 5.476284e-11
   72    1      1      0    0   125 1.794557e-304 7.990801e-06 6.608118e-03 0.030068827 0.0095837749 4.312278e-05 0.0046946788 0.004831104 0.05324465 0.03803671 0.09911123 0.07124265 0.02923564 0.02385815 0.03701199 0.04048321 0.04855676 0.01353247 0.02970511 0.03387487 0.04243518 0.06259519 0.02979310 0.02777203 0.044552889 0.049136348 0.021986906 0.006242497 0.013233605 0.039610026 0.020924967 0.014900784 0.004635969 0.002002045 0.0024318369 0.0078812880 0.0002175535 3.267575e-02 3.896266e-07 1.792417e-03 3.216018e-05 4.891655e-04 2.854556e-04 6.413896e-04 9.166184e-13
   76    1      1      0    0   125  1.547738e-16 2.984316e-50 2.704079e-03 0.002711263 0.0044359803 5.324256e-03 0.0028159713 0.024220236 0.02226005 0.08008823 0.06331636 0.03752580 0.06440811 0.02309014 0.07122580 0.05011807 0.05026828 0.03112082 0.06072277 0.02319424 0.03435262 0.01550338 0.04381883 0.04808973 0.015857767 0.050314093 0.026148057 0.023932601 0.012959852 0.023793910 0.030076571 0.011087443 0.009781776 0.001023115 0.0064226708 0.0190180694 0.0003876163 2.146601e-03 2.867333e-03 5.557970e-04 4.918068e-04 8.241667e-05 7.316774e-16 8.504661e-07 1.736633e-03
   80    1      1      0    0   125  0.000000e+00 4.045364e-13 4.251893e-04 0.003588166 0.0125192420 9.387620e-03 0.0154254527 0.011450913 0.02459832 0.03080739 0.05407864 0.03659326 0.02075216 0.08926214 0.05767291 0.04177304 0.04965511 0.02251853 0.08129950 0.03846655 0.03293228 0.03531480 0.04872985 0.01364665 0.006418357 0.043018754 0.027872224 0.023281026 0.032510724 0.021475859 0.011145869 0.012079831 0.029754758 0.011923139 0.0024452450 0.0358254768 0.0009886523 2.578912e-03 2.740552e-05 6.020437e-03 1.671390e-03 3.000904e-08 3.329404e-07 3.824321e-09 6.384608e-05
   84    1      1      0    0   125  0.000000e+00 1.056553e-13 9.426720e-05 0.008505695 0.0294353890 6.487159e-03 0.0128624023 0.026881525 0.05056588 0.06314153 0.05463952 0.04258040 0.03453873 0.02034450 0.06131321 0.04312042 0.03779017 0.03698986 0.05517800 0.02790534 0.01055644 0.02372298 0.03411831 0.01750174 0.014030322 0.048480282 0.034876913 0.026925589 0.023254986 0.015897653 0.016512062 0.007280473 0.020319616 0.027102906 0.0027724418 0.0322764768 0.0042950016 1.748001e-03 5.286966e-06 8.532009e-04 9.105537e-03 2.849328e-07 2.310663e-04 1.575778e-02 6.225457e-07
   88    1      1      0    0   125  0.000000e+00 4.891216e-20 5.028658e-05 0.013133459 0.0100891555 1.859493e-02 0.0001368850 0.004999066 0.02903993 0.06655591 0.04136717 0.03951493 0.03989620 0.06622709 0.03743307 0.02648884 0.05227814 0.05472994 0.03229933 0.03318447 0.01864130 0.04260292 0.03523199 0.04043271 0.030702798 0.035666354 0.035987532 0.007972685 0.016498363 0.038678634 0.021645317 0.003956519 0.014051187 0.002743600 0.0228959734 0.0155302928 0.0257223795 9.374563e-05 1.883607e-03 3.923563e-05 2.165498e-02 1.069887e-03 2.639718e-10 5.562559e-06 2.736195e-04
   92    1      1      0    0   125  5.341353e-68 1.048343e-25 2.427983e-04 0.003134741 0.0064908289 3.838458e-03 0.0011096771 0.007670426 0.05232412 0.07114820 0.03153938 0.05359370 0.07085748 0.05138030 0.04184051 0.03130986 0.04628235 0.03020527 0.04286777 0.05330221 0.01924900 0.02735149 0.03753843 0.01929897 0.041277018 0.037756959 0.028330131 0.021351221 0.013714270 0.011637909 0.008710226 0.016677925 0.008337136 0.014989652 0.0299319825 0.0067301211 0.0123735327 3.246960e-02 2.906922e-03 9.196841e-04 3.069689e-03 1.543875e-13 4.763840e-04 5.164383e-03 5.992828e-04
   96    1      1      0    0   125 5.118275e-204 2.277702e-48 2.312801e-05 0.010242409 0.0002490823 3.006865e-03 0.0048752268 0.023171205 0.03019085 0.06413564 0.12046803 0.03803571 0.04263581 0.04995549 0.05179567 0.02814086 0.07751374 0.02738828 0.02447396 0.02828630 0.02647466 0.04226254 0.02186312 0.05205491 0.037923023 0.018853222 0.023387039 0.015470216 0.039270575 0.014076175 0.005683171 0.000791537 0.007537699 0.021279792 0.0259589807 0.0012497271 0.0104254809 3.371206e-03 1.122714e-03 4.311251e-07 5.559209e-03 1.987555e-04 5.975453e-04 2.888162e-20 3.408127e-11
  100    1      1      0    0   125  9.020631e-47 2.012613e-10 2.488907e-06 0.038114262 0.0211549036 8.340116e-03 0.0086374768 0.007745391 0.03424869 0.05202926 0.06955065 0.02978273 0.02309131 0.07313606 0.04441574 0.04410157 0.03637766 0.03048299 0.02719104 0.03324568 0.05432410 0.02737655 0.05893732 0.02240872 0.023161351 0.019672982 0.009252027 0.008967316 0.035090930 0.014056006 0.053645912 0.005337172 0.035565259 0.012225767 0.0076368663 0.0002252799 0.0261971583 7.834578e-04 1.631938e-03 1.747461e-03 1.167964e-05 5.052169e-05 6.665819e-07 4.077864e-22 4.554148e-05
   76    1      2      0    0   500  5.855714e-20 2.733485e-03 1.372923e-02 0.057943751 0.0440976783 1.352640e-02 0.0126828411 0.017991355 0.03888153 0.08287894 0.04506832 0.04266162 0.02794636 0.04684176 0.02636660 0.04362699 0.04140145 0.04355288 0.02544037 0.03462873 0.02286015 0.01769642 0.02037891 0.02592103 0.027476446 0.020521538 0.022962440 0.020340372 0.026496184 0.021647883 0.016046435 0.024023682 0.013413877 0.012727707 0.0085210311 0.0103189312 0.0074233778 5.729467e-03 2.927378e-04 6.687445e-03 5.527826e-03 5.439089e-05 3.598990e-04 6.955297e-06 5.645415e-04
   78    1      2      0    0   500  3.674321e-04 9.813630e-04 1.432840e-02 0.043499316 0.0463655004 3.151492e-02 0.0112741162 0.022062813 0.04650195 0.05679354 0.06461901 0.04121825 0.04154182 0.03401555 0.04526238 0.05388064 0.04514300 0.03905316 0.03144277 0.03534735 0.02633960 0.02831170 0.02076824 0.01736457 0.033991643 0.013831015 0.015326240 0.017661594 0.019725290 0.025423510 0.012981549 0.012793062 0.008326274 0.014104551 0.0078984505 0.0031513757 0.0057139601 1.577168e-03 4.716461e-03 1.515111e-03 1.005459e-03 5.376774e-04 1.923863e-06 1.714677e-03 5.611107e-06
   80    1      2      0    0   500  2.689767e-04 4.448472e-03 9.246717e-03 0.053793718 0.0505713900 1.050501e-02 0.0112061917 0.027627086 0.02742356 0.06698442 0.05154471 0.02861736 0.03084920 0.02359440 0.03631858 0.03269103 0.04806570 0.02916115 0.03022977 0.03131659 0.02212248 0.03087251 0.02989549 0.03821755 0.030976959 0.027747114 0.019876202 0.031507599 0.025785200 0.015283827 0.011038706 0.031079907 0.015483187 0.010851567 0.0180210011 0.0078991231 0.0057922299 7.222683e-03 5.227201e-03 8.470820e-04 3.225995e-03 5.539701e-03 2.404402e-04 7.618832e-04 2.035621e-05
   82    1      2      0    0   500  3.286093e-03 6.710013e-03 2.458917e-02 0.078032911 0.0441538723 1.355254e-02 0.0059037929 0.022590510 0.03803634 0.06493251 0.03677016 0.04771600 0.02211514 0.04105061 0.03145049 0.03566137 0.02462767 0.03553837 0.04803988 0.04393199 0.02864088 0.03466670 0.01638087 0.01681622 0.036672833 0.025120553 0.025988169 0.019168584 0.020563943 0.016416172 0.016000462 0.015073186 0.009498336 0.014020525 0.0133551408 0.0083700812 0.0043590309 2.572303e-03 4.968696e-03 1.786838e-03 3.116534e-04 2.207614e-04 1.708665e-04 1.646773e-04 3.061308e-06
   84    1      2      0    0   500  2.430631e-09 1.548485e-03 2.002071e-02 0.051094156 0.0511999094 1.663750e-02 0.0205333300 0.019686179 0.04216524 0.05981161 0.05210304 0.05697553 0.02751719 0.03658205 0.03529881 0.02590233 0.02682702 0.02631327 0.05026424 0.05173201 0.03478360 0.02232363 0.02502105 0.03060015 0.026462889 0.020571270 0.025272617 0.010601760 0.017551538 0.030131594 0.009258380 0.012358938 0.019305075 0.017153165 0.0064445739 0.0038876971 0.0053278245 3.825074e-03 1.357158e-03 1.071359e-03 1.177712e-03 6.567305e-04 1.344568e-03 3.545344e-04 9.445105e-04
   86    1      2      0    0   500  1.793217e-13 8.259722e-03 1.149633e-02 0.044630335 0.0444239071 1.538190e-02 0.0103192781 0.018408293 0.02719504 0.06149113 0.06073877 0.04724815 0.03573334 0.01676350 0.03487262 0.06330063 0.04260623 0.02751009 0.03983763 0.01582814 0.02752438 0.03009923 0.03632431 0.03637829 0.029384815 0.018716380 0.028346644 0.027045291 0.020984383 0.012855989 0.023459268 0.008723694 0.018384607 0.008494955 0.0241058861 0.0060060077 0.0067926474 2.107766e-03 1.760383e-03 2.057870e-03 2.211045e-03 8.920247e-04 9.749550e-06 2.216886e-05 1.267191e-03
   88    1      2      0    0   500  4.714835e-07 1.951880e-03 2.088941e-02 0.052923387 0.0805634257 1.435430e-02 0.0145444134 0.016505156 0.04745883 0.06423027 0.05459306 0.05277118 0.03581289 0.02757611 0.02258441 0.04965467 0.04615737 0.03171289 0.03662143 0.02498360 0.03428630 0.02503859 0.01236866 0.01589373 0.033368150 0.015757825 0.020358112 0.026307415 0.017091213 0.011078223 0.015785051 0.020299952 0.014166767 0.006530023 0.0155000581 0.0071719115 0.0016189932 4.161143e-03 1.570813e-03 3.991054e-03 1.533085e-04 7.614060e-04 2.578509e-05 8.232083e-04 3.157117e-06
   90    1      2      0    0   500  1.432454e-10 9.156363e-04 2.036201e-02 0.048114880 0.0584562852 1.849554e-02 0.0104383431 0.015580284 0.04649060 0.06895806 0.04805466 0.05561427 0.02509576 0.04261274 0.04527683 0.03496400 0.03552451 0.03241205 0.02694376 0.03402451 0.04048714 0.03247261 0.02332571 0.02113470 0.030686304 0.026718361 0.032245791 0.015570841 0.010241136 0.016771013 0.012186463 0.019856508 0.006593075 0.007239545 0.0053033717 0.0034274652 0.0141095733 8.918599e-03 6.197029e-04 4.532247e-04 4.698863e-05 1.994600e-03 3.920585e-06 1.035107e-03 2.235315e-04
   92    1      2      0    0   500  1.955148e-26 2.438647e-03 1.992328e-02 0.049316063 0.0451737495 1.010238e-02 0.0121161677 0.022640422 0.04597864 0.07097948 0.05549483 0.04992323 0.02771792 0.02382672 0.03524695 0.04956267 0.03794973 0.03230254 0.02742605 0.03584249 0.03947243 0.03049085 0.01479724 0.02564827 0.025015613 0.031020482 0.024133671 0.021519209 0.017330887 0.019383899 0.023638245 0.008174195 0.012634950 0.010048650 0.0052743820 0.0018469026 0.0162219798 7.958145e-03 7.748195e-03 6.554531e-04 1.748696e-03 3.365787e-04 1.874378e-04 5.072337e-08 7.516455e-04
   94    1      2      0    0   500  1.654457e-06 5.928301e-03 3.476101e-02 0.047735448 0.0458478408 2.072283e-02 0.0168427507 0.030954939 0.03943674 0.05122903 0.06257147 0.03501331 0.02446697 0.03808526 0.03640429 0.02984660 0.03480590 0.04434564 0.03249584 0.03938784 0.04172692 0.02385833 0.01608882 0.02360942 0.027378717 0.022653218 0.028551848 0.017640433 0.022281812 0.018592328 0.025522043 0.014349111 0.012075057 0.008594332 0.0057917674 0.0031766554 0.0057138274 6.153840e-03 1.195913e-03 1.941097e-03 1.574657e-03 3.308891e-04 2.981492e-04 1.675284e-05 4.281865e-07
   96    1      2      0    0   500  2.809193e-32 3.531599e-03 2.758344e-02 0.066494028 0.0386580814 1.882186e-02 0.0082494685 0.021372531 0.03565386 0.07910373 0.06933193 0.03542248 0.02897646 0.02525936 0.02286587 0.03868107 0.02790083 0.02786689 0.02135329 0.02596212 0.03348410 0.01943363 0.02076123 0.04581184 0.024293049 0.024127710 0.023151047 0.018153718 0.032509664 0.023379644 0.019692438 0.023224741 0.021118763 0.012020207 0.0167215614 0.0070037116 0.0030582161 5.580968e-03 1.418560e-03 6.808496e-04 1.308939e-04 2.779468e-04 7.564298e-04 3.443770e-05 8.575803e-05
   98    1      2      0    0   500  5.430825e-30 5.364276e-05 1.395799e-02 0.044334223 0.0464030482 1.707352e-02 0.0214875901 0.012956558 0.03518872 0.03934133 0.06993377 0.04484862 0.03286315 0.03660561 0.03585315 0.03203006 0.05776929 0.03668007 0.03219086 0.04360157 0.02618619 0.03833263 0.03093708 0.02693822 0.023337515 0.015556268 0.018356184 0.018259959 0.022344805 0.016513973 0.009749055 0.011327553 0.016474238 0.017046078 0.0116017702 0.0147925172 0.0084964323 9.045763e-03 5.835872e-03 4.338714e-04 2.530286e-03 1.366722e-03 1.364162e-03 4.837512e-08 3.555361e-08
  100    1      2      0    0   500  9.279595e-07 4.221553e-03 1.103339e-02 0.036473283 0.0562696937 1.615599e-02 0.0116407508 0.032246020 0.03368679 0.05398389 0.04258173 0.04142693 0.03902977 0.02931299 0.06602840 0.05332174 0.03344880 0.03805801 0.03276975 0.03248105 0.03144193 0.03234072 0.01560446 0.02866676 0.023040693 0.024825822 0.027389737 0.013214593 0.024006044 0.014751717 0.010734999 0.014960152 0.011238735 0.010634066 0.0095784946 0.0124629255 0.0061568521 3.116670e-03 9.296266e-03 4.480362e-03 6.073404e-03 8.294382e-05 1.406352e-03 3.238349e-04 7.693961e-09
15 #_N_agebins
#_agebin_vector
1 2 3 4 5 6 7 8 9 10 11 12 13 14 15
1 #_N_ageerror_definitions
 #_age0   age1   age2   age3   age4   age5   age6   age7   age8   age9  age10  age11  age12  age13  age14  age15  age16  age17  age18  age19  age20  age21  age22  age23  age24  age25
 -1.000 -1.000 -1.000 -1.000 -1.000 -1.000 -1.000 -1.000 -1.000 -1.000 -1.000 -1.000 -1.000 -1.000 -1.000 -1.000 -1.000 -1.000 -1.000 -1.000 -1.000 -1.000 -1.000 -1.000 -1.000 -1.000
  0.001  0.001  0.001  0.001  0.001  0.001  0.001  0.001  0.001  0.001  0.001  0.001  0.001  0.001  0.001  0.001  0.001  0.001  0.001  0.001  0.001  0.001  0.001  0.001  0.001  0.001
85 #_N_agecomp
1 #_Lbin_method: 1=poplenbins; 2=datalenbins; 3=lengths
-1 #_combine males into females at or below this bin number
 #_Yr Seas FltSvy Gender Part Ageerr Lbin_lo Lbin_hi Nsamp         a1        a2        a3         a4         a5         a6         a7         a8          a9         a10         a11         a12          a13          a14         a15
   26    1      1      0    0      1      -1      -1   125 0.03563779 0.1203198 0.1489181 0.14690852 0.11406331 0.04989015 0.06424806 0.07397837 0.042996052 0.031775705 0.013683179 0.022021644 0.0286027845 2.559770e-02 0.081358879
   36    1      1      0    0      1      -1      -1   125 0.01667620 0.2831825 0.1964486 0.10917348 0.09417314 0.04160142 0.04886818 0.07068913 0.023022550 0.023335870 0.028607514 0.016073148 0.0020771908 1.247460e-02 0.033596452
   46    1      1      0    0      1      -1      -1   125 0.04959453 0.2443054 0.1555851 0.17822377 0.07710601 0.12845632 0.05362863 0.03508760 0.024956330 0.008830813 0.017071014 0.003209450 0.0168882304 3.048043e-04 0.006752042
   56    1      1      0    0      1      -1      -1   125 0.02388666 0.2848758 0.1662043 0.12430684 0.09634728 0.07604916 0.10548213 0.02082804 0.035163542 0.022509526 0.003379979 0.007797096 0.0048365508 6.336421e-05 0.028269755
   60    1      1      0    0      1      -1      -1   125 0.02157797 0.3393171 0.1808944 0.13165001 0.12032563 0.08127147 0.03290594 0.01501682 0.002994189 0.018040436 0.005159276 0.010706739 0.0161971996 4.055553e-03 0.019887262
   64    1      1      0    0      1      -1      -1   125 0.05481525 0.2466829 0.2126986 0.14742851 0.12664752 0.06778045 0.02117982 0.05366023 0.016678000 0.015336127 0.017175268 0.002912466 0.0128820711 3.120313e-05 0.004091533
   68    1      1      0    0      1      -1      -1   125 0.03376139 0.2937293 0.2134599 0.11847685 0.11718577 0.05063886 0.04042184 0.05402421 0.014909350 0.003048882 0.006181437 0.013371166 0.0003298095 1.561053e-03 0.038900249
   72    1      1      0    0      1      -1      -1   125 0.05347326 0.1720631 0.1496427 0.12555119 0.09961464 0.07219832 0.07406375 0.06968908 0.053262004 0.038027048 0.041472099 0.018629897 0.0080133343 9.417265e-03 0.014882382
   76    1      1      0    0      1      -1      -1   125 0.05602178 0.2740621 0.2005226 0.15281403 0.08923777 0.07134569 0.05222027 0.02266456 0.019495243 0.005712300 0.018580334 0.007694034 0.0023834454 1.279629e-02 0.014449592
   80    1      1      0    0      1      -1      -1   125 0.03216698 0.2263962 0.1546095 0.10426477 0.08103977 0.11210291 0.03951174 0.07098832 0.043336527 0.021077662 0.007857225 0.020960475 0.0467320724 1.344346e-02 0.025512387
   84    1      1      0    0      1      -1      -1   125 0.06146078 0.2699016 0.1471418 0.15052534 0.06307622 0.05522873 0.11308441 0.06900413 0.010575816 0.009117477 0.016931342 0.004549190 0.0064778463 7.349341e-03 0.015575935
   88    1      1      0    0      1      -1      -1   125 0.03228407 0.2224743 0.2681720 0.14831363 0.06470599 0.04112740 0.04904855 0.05407119 0.068437976 0.020135923 0.000601007 0.015958430 0.0022636623 3.619011e-03 0.008786840
   92    1      1      0    0      1      -1      -1   125 0.03863893 0.1825578 0.2341325 0.16796380 0.06337776 0.06486788 0.06291322 0.07990361 0.021160440 0.029394738 0.002340313 0.026363259 0.0061574979 4.880951e-04 0.019740074
   96    1      1      0    0      1      -1      -1   125 0.02515785 0.2485664 0.2053054 0.14955288 0.06550051 0.09663198 0.05534644 0.03030471 0.052029376 0.027537873 0.021908133 0.007550397 0.0035556433 3.431858e-05 0.011018110
  100    1      1      0    0      1      -1      -1   125 0.02279879 0.2554624 0.2085348 0.15158866 0.10781433 0.06668106 0.04144725 0.07531219 0.014165746 0.010564917 0.011411719 0.004022382 0.0118179328 1.339683e-02 0.004981013
   76    1      2      0    0      1      -1      -1   500 0.13034198 0.2251660 0.1463435 0.14568981 0.10437849 0.05992429 0.05632688 0.03595985 0.031956032 0.017767849 0.013903888 0.009928346 0.0063840477 1.134751e-02 0.004581603
   78    1      2      0    0      1      -1      -1   500 0.12380858 0.2816994 0.1828855 0.12641706 0.06612813 0.07250906 0.03660143 0.03101656 0.022217402 0.020745370 0.010649771 0.009665670 0.0035404019 5.422139e-03 0.006693490
   80    1      2      0    0      1      -1      -1   500 0.15281527 0.2173962 0.1904690 0.11004477 0.08829046 0.06391339 0.05094010 0.04035398 0.015862713 0.015798013 0.019534307 0.012217962 0.0048010486 6.260057e-03 0.011302748
   82    1      2      0    0      1      -1      -1   500 0.15253635 0.2376709 0.1559781 0.10585312 0.10464556 0.06206045 0.04892372 0.04163234 0.031407770 0.010716112 0.016198143 0.005898400 0.0083802177 2.157537e-03 0.015941253
   84    1      2      0    0      1      -1      -1   500 0.15312484 0.1985501 0.1718559 0.13963795 0.07571014 0.05722407 0.04937342 0.03193958 0.030375510 0.021294009 0.015212930 0.012730732 0.0215411852 8.222566e-03 0.013207148
   86    1      2      0    0      1      -1      -1   500 0.13985169 0.2252963 0.1603082 0.09488362 0.10583656 0.06797961 0.04257004 0.04267684 0.033933439 0.025559411 0.015625191 0.013511616 0.0094190172 9.330258e-03 0.013218210
   88    1      2      0    0      1      -1      -1   500 0.13351162 0.2124014 0.1949279 0.14210878 0.10702000 0.06614251 0.03026439 0.03619362 0.020898365 0.012766763 0.008280615 0.005451647 0.0044989891 2.142443e-03 0.023390982
   90    1      2      0    0      1      -1      -1   500 0.17078170 0.2013829 0.1642670 0.12736441 0.09664673 0.05130862 0.04942295 0.02846364 0.024919542 0.029908273 0.015079868 0.022733837 0.0004829447 9.466543e-03 0.007771040
   92    1      2      0    0      1      -1      -1   500 0.14080286 0.2243231 0.1949852 0.11067655 0.10437746 0.05113149 0.04857263 0.03400791 0.019181135 0.016798888 0.020610126 0.009486701 0.0066827584 1.237000e-02 0.005993182
   94    1      2      0    0      1      -1      -1   500 0.16377241 0.2230590 0.1692163 0.11245399 0.08685810 0.06907209 0.05033075 0.02913472 0.025926546 0.011719487 0.018637130 0.009352024 0.0035953111 4.955059e-03 0.021917082
   96    1      2      0    0      1      -1      -1   500 0.12722432 0.2402099 0.1640075 0.11680637 0.09075689 0.06031794 0.04901944 0.04108698 0.030205120 0.027400494 0.016887770 0.016205279 0.0067038047 4.201015e-03 0.008967184
   98    1      2      0    0      1      -1      -1   500 0.15382467 0.2143605 0.1730270 0.13778843 0.09737164 0.06872466 0.06175350 0.02756679 0.028306270 0.009156154 0.007696978 0.003815574 0.0026557706 2.159337e-03 0.011792708
  100    1      2      0    0      1      -1      -1   500 0.13318853 0.2092392 0.1855412 0.12775987 0.09274466 0.06009688 0.05329379 0.03070308 0.023220209 0.023145581 0.014903040 0.027100758 0.0015736300 9.379852e-04 0.016551597
   60    1      1      0    0      1       4       4     2 2.00000000 0.0000000 0.0000000 0.00000000 0.00000000 0.00000000 0.00000000 0.00000000 0.000000000 0.000000000 0.000000000 0.000000000 0.0000000000 0.000000e+00 0.000000000
   60    1      1      0    0      1       5       5     2 2.00000000 0.0000000 0.0000000 0.00000000 0.00000000 0.00000000 0.00000000 0.00000000 0.000000000 0.000000000 0.000000000 0.000000000 0.0000000000 0.000000e+00 0.000000000
   60    1      1      0    0      1       9       9     3 3.00000000 0.0000000 0.0000000 0.00000000 0.00000000 0.00000000 0.00000000 0.00000000 0.000000000 0.000000000 0.000000000 0.000000000 0.0000000000 0.000000e+00 0.000000000
   60    1      1      0    0      1      10      10     4 4.00000000 0.0000000 0.0000000 0.00000000 0.00000000 0.00000000 0.00000000 0.00000000 0.000000000 0.000000000 0.000000000 0.000000000 0.0000000000 0.000000e+00 0.000000000
   60    1      1      0    0      1      11      11     4 4.00000000 0.0000000 0.0000000 0.00000000 0.00000000 0.00000000 0.00000000 0.00000000 0.000000000 0.000000000 0.000000000 0.000000000 0.0000000000 0.000000e+00 0.000000000
   60    1      1      0    0      1      12      12     5 5.00000000 0.0000000 0.0000000 0.00000000 0.00000000 0.00000000 0.00000000 0.00000000 0.000000000 0.000000000 0.000000000 0.000000000 0.0000000000 0.000000e+00 0.000000000
   60    1      1      0    0      1      13      13     3 3.00000000 0.0000000 0.0000000 0.00000000 0.00000000 0.00000000 0.00000000 0.00000000 0.000000000 0.000000000 0.000000000 0.000000000 0.0000000000 0.000000e+00 0.000000000
   60    1      1      0    0      1      14      14     6 6.00000000 0.0000000 0.0000000 0.00000000 0.00000000 0.00000000 0.00000000 0.00000000 0.000000000 0.000000000 0.000000000 0.000000000 0.0000000000 0.000000e+00 0.000000000
   60    1      1      0    0      1      15      15     3 3.00000000 0.0000000 0.0000000 0.00000000 0.00000000 0.00000000 0.00000000 0.00000000 0.000000000 0.000000000 0.000000000 0.000000000 0.0000000000 0.000000e+00 0.000000000
   60    1      1      0    0      1      16      16     7 7.00000000 0.0000000 0.0000000 0.00000000 0.00000000 0.00000000 0.00000000 0.00000000 0.000000000 0.000000000 0.000000000 0.000000000 0.0000000000 0.000000e+00 0.000000000
   60    1      1      0    0      1      17      17     2 2.00000000 0.0000000 0.0000000 0.00000000 0.00000000 0.00000000 0.00000000 0.00000000 0.000000000 0.000000000 0.000000000 0.000000000 0.0000000000 0.000000e+00 0.000000000
   60    1      1      0    0      1      18      18     8 8.00000000 0.0000000 0.0000000 0.00000000 0.00000000 0.00000000 0.00000000 0.00000000 0.000000000 0.000000000 0.000000000 0.000000000 0.0000000000 0.000000e+00 0.000000000
   60    1      1      0    0      1      19      19     5 5.00000000 0.0000000 0.0000000 0.00000000 0.00000000 0.00000000 0.00000000 0.00000000 0.000000000 0.000000000 0.000000000 0.000000000 0.0000000000 0.000000e+00 0.000000000
   60    1      1      0    0      1      20      20     3 3.00000000 0.0000000 0.0000000 0.00000000 0.00000000 0.00000000 0.00000000 0.00000000 0.000000000 0.000000000 0.000000000 0.000000000 0.0000000000 0.000000e+00 0.000000000
   60    1      1      0    0      1      21      21     4 4.00000000 0.0000000 0.0000000 0.00000000 0.00000000 0.00000000 0.00000000 0.00000000 0.000000000 0.000000000 0.000000000 0.000000000 0.0000000000 0.000000e+00 0.000000000
   60    1      1      0    0      1      22      22     8 8.00000000 0.0000000 0.0000000 0.00000000 0.00000000 0.00000000 0.00000000 0.00000000 0.000000000 0.000000000 0.000000000 0.000000000 0.0000000000 0.000000e+00 0.000000000
   60    1      1      0    0      1      23      23     3 3.00000000 0.0000000 0.0000000 0.00000000 0.00000000 0.00000000 0.00000000 0.00000000 0.000000000 0.000000000 0.000000000 0.000000000 0.0000000000 0.000000e+00 0.000000000
   60    1      1      0    0      1      25      25     8 8.00000000 0.0000000 0.0000000 0.00000000 0.00000000 0.00000000 0.00000000 0.00000000 0.000000000 0.000000000 0.000000000 0.000000000 0.0000000000 0.000000e+00 0.000000000
   60    1      1      0    0      1      26      26     3 3.00000000 0.0000000 0.0000000 0.00000000 0.00000000 0.00000000 0.00000000 0.00000000 0.000000000 0.000000000 0.000000000 0.000000000 0.0000000000 0.000000e+00 0.000000000
   60    1      1      0    0      1      27      27     4 4.00000000 0.0000000 0.0000000 0.00000000 0.00000000 0.00000000 0.00000000 0.00000000 0.000000000 0.000000000 0.000000000 0.000000000 0.0000000000 0.000000e+00 0.000000000
   60    1      1      0    0      1      28      28     2 2.00000000 0.0000000 0.0000000 0.00000000 0.00000000 0.00000000 0.00000000 0.00000000 0.000000000 0.000000000 0.000000000 0.000000000 0.0000000000 0.000000e+00 0.000000000
   60    1      1      0    0      1      30      30     1 0.00000000 1.0000000 0.0000000 0.00000000 0.00000000 0.00000000 0.00000000 0.00000000 0.000000000 0.000000000 0.000000000 0.000000000 0.0000000000 0.000000e+00 0.000000000
   60    1      1      0    0      1      31      31     3 0.00000000 3.0000000 0.0000000 0.00000000 0.00000000 0.00000000 0.00000000 0.00000000 0.000000000 0.000000000 0.000000000 0.000000000 0.0000000000 0.000000e+00 0.000000000
   60    1      1      0    0      1      34      34     1 0.00000000 1.0000000 0.0000000 0.00000000 0.00000000 0.00000000 0.00000000 0.00000000 0.000000000 0.000000000 0.000000000 0.000000000 0.0000000000 0.000000e+00 0.000000000
   60    1      1      0    0      1      35      35     1 0.00000000 0.0000000 1.0000000 0.00000000 0.00000000 0.00000000 0.00000000 0.00000000 0.000000000 0.000000000 0.000000000 0.000000000 0.0000000000 0.000000e+00 0.000000000
   60    1      1      0    0      1      39      39     4 0.00000000 4.0000000 0.0000000 0.00000000 0.00000000 0.00000000 0.00000000 0.00000000 0.000000000 0.000000000 0.000000000 0.000000000 0.0000000000 0.000000e+00 0.000000000
   60    1      1      0    0      1      40      40     1 0.00000000 1.0000000 0.0000000 0.00000000 0.00000000 0.00000000 0.00000000 0.00000000 0.000000000 0.000000000 0.000000000 0.000000000 0.0000000000 0.000000e+00 0.000000000
  100    1      1      0    0      1       4       4     2 2.00000000 0.0000000 0.0000000 0.00000000 0.00000000 0.00000000 0.00000000 0.00000000 0.000000000 0.000000000 0.000000000 0.000000000 0.0000000000 0.000000e+00 0.000000000
  100    1      1      0    0      1       5       5     4 4.00000000 0.0000000 0.0000000 0.00000000 0.00000000 0.00000000 0.00000000 0.00000000 0.000000000 0.000000000 0.000000000 0.000000000 0.0000000000 0.000000e+00 0.000000000
  100    1      1      0    0      1       8       8     2 2.00000000 0.0000000 0.0000000 0.00000000 0.00000000 0.00000000 0.00000000 0.00000000 0.000000000 0.000000000 0.000000000 0.000000000 0.0000000000 0.000000e+00 0.000000000
  100    1      1      0    0      1      10      10     4 4.00000000 0.0000000 0.0000000 0.00000000 0.00000000 0.00000000 0.00000000 0.00000000 0.000000000 0.000000000 0.000000000 0.000000000 0.0000000000 0.000000e+00 0.000000000
  100    1      1      0    0      1      11      11     7 7.00000000 0.0000000 0.0000000 0.00000000 0.00000000 0.00000000 0.00000000 0.00000000 0.000000000 0.000000000 0.000000000 0.000000000 0.0000000000 0.000000e+00 0.000000000
  100    1      1      0    0      1      12      12     2 2.00000000 0.0000000 0.0000000 0.00000000 0.00000000 0.00000000 0.00000000 0.00000000 0.000000000 0.000000000 0.000000000 0.000000000 0.0000000000 0.000000e+00 0.000000000
  100    1      1      0    0      1      13      13     4 4.00000000 0.0000000 0.0000000 0.00000000 0.00000000 0.00000000 0.00000000 0.00000000 0.000000000 0.000000000 0.000000000 0.000000000 0.0000000000 0.000000e+00 0.000000000
  100    1      1      0    0      1      14      14     7 7.00000000 0.0000000 0.0000000 0.00000000 0.00000000 0.00000000 0.00000000 0.00000000 0.000000000 0.000000000 0.000000000 0.000000000 0.0000000000 0.000000e+00 0.000000000
  100    1      1      0    0      1      15      15     5 5.00000000 0.0000000 0.0000000 0.00000000 0.00000000 0.00000000 0.00000000 0.00000000 0.000000000 0.000000000 0.000000000 0.000000000 0.0000000000 0.000000e+00 0.000000000
  100    1      1      0    0      1      16      16     7 7.00000000 0.0000000 0.0000000 0.00000000 0.00000000 0.00000000 0.00000000 0.00000000 0.000000000 0.000000000 0.000000000 0.000000000 0.0000000000 0.000000e+00 0.000000000
  100    1      1      0    0      1      17      17     3 3.00000000 0.0000000 0.0000000 0.00000000 0.00000000 0.00000000 0.00000000 0.00000000 0.000000000 0.000000000 0.000000000 0.000000000 0.0000000000 0.000000e+00 0.000000000
  100    1      1      0    0      1      18      18     1 1.00000000 0.0000000 0.0000000 0.00000000 0.00000000 0.00000000 0.00000000 0.00000000 0.000000000 0.000000000 0.000000000 0.000000000 0.0000000000 0.000000e+00 0.000000000
  100    1      1      0    0      1      19      19     4 4.00000000 0.0000000 0.0000000 0.00000000 0.00000000 0.00000000 0.00000000 0.00000000 0.000000000 0.000000000 0.000000000 0.000000000 0.0000000000 0.000000e+00 0.000000000
  100    1      1      0    0      1      20      20     5 5.00000000 0.0000000 0.0000000 0.00000000 0.00000000 0.00000000 0.00000000 0.00000000 0.000000000 0.000000000 0.000000000 0.000000000 0.0000000000 0.000000e+00 0.000000000
  100    1      1      0    0      1      21      21     5 5.00000000 0.0000000 0.0000000 0.00000000 0.00000000 0.00000000 0.00000000 0.00000000 0.000000000 0.000000000 0.000000000 0.000000000 0.0000000000 0.000000e+00 0.000000000
  100    1      1      0    0      1      22      22     4 4.00000000 0.0000000 0.0000000 0.00000000 0.00000000 0.00000000 0.00000000 0.00000000 0.000000000 0.000000000 0.000000000 0.000000000 0.0000000000 0.000000e+00 0.000000000
  100    1      1      0    0      1      23      23     5 5.00000000 0.0000000 0.0000000 0.00000000 0.00000000 0.00000000 0.00000000 0.00000000 0.000000000 0.000000000 0.000000000 0.000000000 0.0000000000 0.000000e+00 0.000000000
  100    1      1      0    0      1      24      24     3 3.00000000 0.0000000 0.0000000 0.00000000 0.00000000 0.00000000 0.00000000 0.00000000 0.000000000 0.000000000 0.000000000 0.000000000 0.0000000000 0.000000e+00 0.000000000
  100    1      1      0    0      1      25      25     5 5.00000000 0.0000000 0.0000000 0.00000000 0.00000000 0.00000000 0.00000000 0.00000000 0.000000000 0.000000000 0.000000000 0.000000000 0.0000000000 0.000000e+00 0.000000000
  100    1      1      0    0      1      26      26     1 1.00000000 0.0000000 0.0000000 0.00000000 0.00000000 0.00000000 0.00000000 0.00000000 0.000000000 0.000000000 0.000000000 0.000000000 0.0000000000 0.000000e+00 0.000000000
  100    1      1      0    0      1      27      27     1 1.00000000 0.0000000 0.0000000 0.00000000 0.00000000 0.00000000 0.00000000 0.00000000 0.000000000 0.000000000 0.000000000 0.000000000 0.0000000000 0.000000e+00 0.000000000
  100    1      1      0    0      1      28      28     1 1.00000000 0.0000000 0.0000000 0.00000000 0.00000000 0.00000000 0.00000000 0.00000000 0.000000000 0.000000000 0.000000000 0.000000000 0.0000000000 0.000000e+00 0.000000000
  100    1      1      0    0      1      29      29     1 0.00000000 1.0000000 0.0000000 0.00000000 0.00000000 0.00000000 0.00000000 0.00000000 0.000000000 0.000000000 0.000000000 0.000000000 0.0000000000 0.000000e+00 0.000000000
  100    1      1      0    0      1      30      30     1 0.00000000 1.0000000 0.0000000 0.00000000 0.00000000 0.00000000 0.00000000 0.00000000 0.000000000 0.000000000 0.000000000 0.000000000 0.0000000000 0.000000e+00 0.000000000
  100    1      1      0    0      1      31      31     2 0.00000000 2.0000000 0.0000000 0.00000000 0.00000000 0.00000000 0.00000000 0.00000000 0.000000000 0.000000000 0.000000000 0.000000000 0.0000000000 0.000000e+00 0.000000000
  100    1      1      0    0      1      32      32     1 0.00000000 1.0000000 0.0000000 0.00000000 0.00000000 0.00000000 0.00000000 0.00000000 0.000000000 0.000000000 0.000000000 0.000000000 0.0000000000 0.000000e+00 0.000000000
  100    1      1      0    0      1      33      33     5 0.00000000 5.0000000 0.0000000 0.00000000 0.00000000 0.00000000 0.00000000 0.00000000 0.000000000 0.000000000 0.000000000 0.000000000 0.0000000000 0.000000e+00 0.000000000
  100    1      1      0    0      1      34      34     2 0.00000000 2.0000000 0.0000000 0.00000000 0.00000000 0.00000000 0.00000000 0.00000000 0.000000000 0.000000000 0.000000000 0.000000000 0.0000000000 0.000000e+00 0.000000000
  100    1      1      0    0      1      35      35     1 0.00000000 1.0000000 0.0000000 0.00000000 0.00000000 0.00000000 0.00000000 0.00000000 0.000000000 0.000000000 0.000000000 0.000000000 0.0000000000 0.000000e+00 0.000000000
  100    1      1      0    0      1      37      37     5 0.00000000 5.0000000 0.0000000 0.00000000 0.00000000 0.00000000 0.00000000 0.00000000 0.000000000 0.000000000 0.000000000 0.000000000 0.0000000000 0.000000e+00 0.000000000
0 #_N_MeanSize_at_Age_obs
0 #_N_environ_variables
0 #_N_environ_obs
0 #_N_sizefreq_methods
0 #_do_tags
0 #_morphcomp_data
#
999
