#C data file created using the SS_writedat function in the R package r4ss
#C should work with SS version: 
#C file write time: 2015-02-11 18:33:38
#
1 #_styr
100 #_endyr
1 #_nseas
12 #_months_per_seas
1 #_spawn_seas
1 #_Nfleet
2 #_Nsurveys
1 #_N_areas
Fishery%Survey%CPUE #_fleetnames
0.5 0.5 0.5 #_surveytiming_in_season
1 1 1 #_area_assignments_for_each_fishery_and_survey
1 #_units of catch:  1=bio; 2=num
0.01 #_se of log(catch) only used for init_eq_catch and for Fmethod 2 and 3
1 #_Ngenders
25 #_Nages
0 #_init_equil_catch_for_each_fishery
100 #_N_lines_of_catch_to_read
 #_Fishery year seas
         0    1    1
         0    2    1
         0    3    1
         0    4    1
         0    5    1
         0    6    1
         0    7    1
         0    8    1
         0    9    1
         0   10    1
         0   11    1
         0   12    1
         0   13    1
         0   14    1
         0   15    1
         0   16    1
         0   17    1
         0   18    1
         0   19    1
         0   20    1
         0   21    1
         0   22    1
         0   23    1
         0   24    1
         0   25    1
 444646000   26    1
 397608000   27    1
 357583000   28    1
 324161000   29    1
 296656000   30    1
 274240000   31    1
 256057000   32    1
 241314000   33    1
 229322000   34    1
 219511000   35    1
 211426000   36    1
 204710000   37    1
 199088000   38    1
 194347000   39    1
 190324000   40    1
 186891000   41    1
 183948000   42    1
 181416000   43    1
 179230000   44    1
 177337000   45    1
 175694000   46    1
 174266000   47    1
 173022000   48    1
 171937000   49    1
 170990000   50    1
 170161000   51    1
 169436000   52    1
 168801000   53    1
 168243000   54    1
 167755000   55    1
 167325000   56    1
 166948000   57    1
 166617000   58    1
 166326000   59    1
 166070000   60    1
 165844000   61    1
 165646000   62    1
 165471000   63    1
 165317000   64    1
 165182000   65    1
 165063000   66    1
 164958000   67    1
 164865000   68    1
 164784000   69    1
 164712000   70    1
 164649000   71    1
 164593000   72    1
 164544000   73    1
 164500000   74    1
 164462000   75    1
 164429000   76    1
 164399000   77    1
 164373000   78    1
 164350000   79    1
 164329000   80    1
 164311000   81    1
 164296000   82    1
 164282000   83    1
 164269000   84    1
 164258000   85    1
 164249000   86    1
 164240000   87    1
 164233000   88    1
 164227000   89    1
 164221000   90    1
 164216000   91    1
 164211000   92    1
 164207000   93    1
 164204000   94    1
 164201000   95    1
 164198000   96    1
 164195000   97    1
 164193000   98    1
 164192000   99    1
 164190000  100    1
13 #_N_cpue
 #_Fleet Units Errtype
       1     1       0
       2     1       0
       3     1       0
 #_year seas index        obs se_log
     76    1     2 1735236546    0.2
     78    1     2 1080548324    0.2
     80    1     2 1767201017    0.2
     82    1     2 1402816257    0.2
     84    1     2 1380886955    0.2
     86    1     2 1093195591    0.2
     88    1     2 1405495691    0.2
     90    1     2  990040307    0.2
     92    1     2 1488834192    0.2
     94    1     2 1224571722    0.2
     96    1     2 1036823239    0.2
     98    1     2 1257009554    0.2
    100    1     2 1439442713    0.2
0 #_N_discard_fleets
#_discard_units (1=same_as_catchunits(bio/num); 2=fraction; 3=numbers)
#_discard_errtype:  >0 for DF of T-dist(read CV below); 0 for normal with CV; -1 for normal with se; -2 for lognormal
0 #_N_discard
0 #_N_meanbodywt
1 #_DF_for_meanbodywt_T-distribution_like
2 # length bin method: 1=use databins; 2=generate from binwidth,min,max below; 3=read vector
1 # binwidth for population size comp
10 # minimum size in the population (lower edge of first bin and size at age 0.00)
200 # maximum size in the population (lower edge of last bin)
-0.001 #_comp_tail_compression
1e-05 #_add_to_comp
0 #_combine males into females at or below this bin number
45 #_N_lbins
#_lbin_vector
20 23 26 29 32 35 38 41 44 47 50 53 56 59 62 65 68 71 74 77 80 83 86 89 92 95 98 101 104 107 110 113 116 119 122 125 128 131 134 137 140 143 146 149 152
28 #_N_Length_comp_observations
 #_Yr Seas FltSvy Gender Part Nsamp           l20          l23          l26          l29         l32         l35         l38         l41        l44        l47        l50         l53        l56        l59        l62        l65        l68        l71        l74        l77        l80         l83        l86        l89         l92         l95        l98       l101        l104        l107        l110        l113        l116        l119         l122         l125         l128         l131         l134         l137         l140         l143         l146         l149         l152
   26    1      1      0    0   125 4.250909e-114 3.287408e-09 1.442488e-02 0.0060252123 0.023339058 0.001111371 0.001795553 0.006120065 0.02748208 0.05708514 0.05570817 0.009832497 0.02077765 0.02267992 0.03378874 0.03021431 0.02281292 0.05763337 0.01367578 0.03729849 0.01763943 0.037656539 0.02420128 0.02455057 0.037395108 0.021298733 0.02874964 0.03829184 0.029727368 0.053136968 0.027469474 0.059780521 0.006551372 0.015322343 0.0371556633 0.0413132392 0.0150535855 0.0099520038 6.950333e-03 3.417679e-03 1.799037e-02 3.030443e-03 1.536349e-03 1.220023e-05 1.175214e-05
   36    1      1      0    0   125  3.025056e-31 1.903959e-08 6.480037e-04 0.0022864487 0.020054129 0.011733029 0.011655707 0.030838023 0.03521870 0.08091270 0.06287949 0.036205634 0.03336249 0.02124620 0.04535599 0.03736847 0.05211469 0.02656464 0.01108586 0.02451403 0.05027755 0.016297820 0.01192362 0.04872892 0.054955599 0.007154702 0.01084423 0.03422639 0.044926008 0.024804131 0.019243655 0.007724918 0.021783348 0.017260185 0.0254434689 0.0408254695 0.0008415664 0.0053284586 1.197961e-03 4.469427e-03 3.495612e-03 9.470578e-06 2.232889e-05 3.653524e-07 4.170545e-03
   46    1      1      0    0   125 4.404854e-242 2.958661e-11 3.781991e-03 0.0347893456 0.001639780 0.007894495 0.001487252 0.016151330 0.02225665 0.04955822 0.03814501 0.039143864 0.05153186 0.02725721 0.03868827 0.06191463 0.07217531 0.03212529 0.02520599 0.04345098 0.03039083 0.062128301 0.02060886 0.03956329 0.041478997 0.036132872 0.02037068 0.02324115 0.012435431 0.024618971 0.007909148 0.016601394 0.036823187 0.016028193 0.0028238491 0.0026171174 0.0302799083 0.0014317312 6.438721e-04 2.390516e-03 4.914129e-04 2.971265e-08 3.782842e-03 9.117756e-06 8.342383e-07
   56    1      1      0    0   125 3.325048e-202 2.372536e-05 8.315736e-03 0.0030107311 0.005906248 0.010366398 0.002697522 0.017817680 0.07656563 0.10778908 0.05367048 0.029231758 0.02955503 0.02029605 0.06247781 0.06497887 0.02443381 0.04619514 0.03456704 0.03408984 0.05595651 0.030247504 0.03634361 0.02393908 0.009692372 0.048645140 0.03610200 0.02591122 0.013619716 0.011361625 0.013293541 0.016193681 0.004157875 0.014336962 0.0007802401 0.0044173155 0.0052006467 0.0040465711 1.058918e-04 3.392867e-03 5.300360e-03 5.843950e-04 1.013955e-03 3.750202e-10 3.368364e-03
   60    1      1      0    0   125  4.530981e-55 9.236001e-05 1.885204e-04 0.0171358053 0.006106540 0.005504035 0.010354860 0.007667551 0.04317362 0.08866295 0.04449860 0.042444063 0.03641445 0.02401165 0.05512306 0.04375597 0.02456949 0.03794503 0.04749975 0.03768831 0.06411475 0.022445062 0.04101425 0.02906358 0.030409845 0.055111347 0.02180789 0.01233533 0.030425467 0.016168098 0.010224428 0.009054195 0.025796881 0.008847861 0.0071833455 0.0135908042 0.0045662478 0.0004174055 4.684527e-05 1.297206e-02 8.511364e-04 1.001208e-04 1.617891e-06 6.551541e-03 4.063280e-03
   64    1      1      0    0   125  7.653990e-86 2.118967e-33 4.603517e-04 0.0013607885 0.005172454 0.001902406 0.001057064 0.008435496 0.03097570 0.09210521 0.04509765 0.036883724 0.07352435 0.01318373 0.04483714 0.02894803 0.04973768 0.04249453 0.03922959 0.03493858 0.03169415 0.030867871 0.03086592 0.03400228 0.037367462 0.021905444 0.06651057 0.02774930 0.032896323 0.035632909 0.015656341 0.023173241 0.020525551 0.004371719 0.0016629300 0.0205658854 0.0014674332 0.0034787385 7.598373e-03 3.983088e-04 9.586546e-04 1.985008e-04 4.596273e-05 6.044960e-05 1.218199e-06
   68    1      1      0    0   125  6.538700e-94 9.447392e-04 1.993812e-05 0.0011611614 0.018299990 0.010402121 0.003623144 0.019534101 0.03576533 0.08265594 0.05392597 0.047578087 0.06216615 0.02879761 0.03284429 0.04462773 0.04497142 0.07868565 0.03962442 0.03235141 0.03964606 0.035878982 0.04094019 0.02513894 0.011096815 0.011529229 0.03012493 0.02109734 0.008929920 0.020854457 0.021528289 0.030786544 0.027117059 0.002520230 0.0069313112 0.0008301006 0.0032024038 0.0070575678 1.134933e-02 2.838045e-04 5.164023e-03 1.326448e-05 6.730028e-13 2.580590e-09 1.549561e-13
   72    1      1      0    0   125  0.000000e+00 3.588290e-05 9.042301e-05 0.0248790872 0.004107468 0.006300437 0.003400131 0.020190083 0.04489305 0.12701957 0.05513058 0.049363409 0.01612001 0.02938442 0.01908691 0.03871638 0.02053707 0.04813283 0.02619059 0.01508323 0.04787825 0.070342504 0.03704379 0.00932254 0.032987456 0.014463109 0.04422875 0.02553891 0.020831476 0.035530803 0.009226636 0.007192830 0.012590346 0.001817892 0.0127184753 0.0064870967 0.0045226685 0.0284411759 1.162260e-02 1.115028e-02 5.587448e-03 6.110940e-04 1.202242e-03 5.487865e-08 1.065079e-08
   76    1      1      0    0   125  1.889555e-92 1.744071e-06 2.661628e-04 0.0050660961 0.019770116 0.004991274 0.013183223 0.014085495 0.05799544 0.06015844 0.02176528 0.046769236 0.04375396 0.07448117 0.01412997 0.09776882 0.03388955 0.06214397 0.04689929 0.02227479 0.01488979 0.026041270 0.01046977 0.02614472 0.032275737 0.040829411 0.02541756 0.01271033 0.019928139 0.027534235 0.024599211 0.028444243 0.018413198 0.014573771 0.0113513619 0.0051881724 0.0032507629 0.0109053660 3.998812e-03 2.935209e-04 1.175664e-03 5.673972e-05 5.323790e-08 1.620883e-05 2.097929e-03
   80    1      1      0    0   125 3.463520e-175 1.608864e-39 4.377260e-03 0.0073316909 0.018115094 0.002103699 0.003864906 0.006320689 0.06660868 0.04272473 0.04768120 0.047484024 0.01260077 0.07099796 0.03651851 0.01415259 0.06049120 0.02711794 0.01891887 0.03812383 0.05459220 0.030346287 0.04000689 0.06402493 0.022122836 0.023126439 0.04037603 0.03340089 0.003725440 0.023300420 0.064400871 0.014432726 0.006736437 0.028076454 0.0058169652 0.0064215528 0.0036927733 0.0054468797 1.208609e-03 1.569563e-03 6.531910e-04 1.260880e-06 9.863026e-04 4.153703e-07 6.056998e-10
   84    1      1      0    0   125  2.231106e-28 6.696753e-08 2.382409e-05 0.0084594982 0.023191722 0.008090420 0.008905628 0.002075735 0.03513080 0.03758576 0.08653029 0.029614716 0.07387438 0.05840724 0.02897039 0.03992425 0.03124978 0.02147101 0.02924326 0.07569607 0.05263202 0.035034817 0.02810490 0.03135246 0.017216967 0.025578238 0.01949995 0.01353519 0.033287626 0.050759748 0.008900391 0.022166988 0.028575244 0.003832996 0.0080409447 0.0044319191 0.0063848939 0.0009168751 7.898172e-03 1.618922e-03 1.352857e-04 1.214499e-03 4.087540e-04 2.737122e-05 2.066464e-13
   88    1      1      0    0   125 6.536215e-148 2.031699e-11 1.794966e-03 0.0050919461 0.003435066 0.007476824 0.006040255 0.025457552 0.04973043 0.06935931 0.07692757 0.037346454 0.02916801 0.02261420 0.04130654 0.05328061 0.03465433 0.03152897 0.03195529 0.02730914 0.03455567 0.008426652 0.07974408 0.03524682 0.058638797 0.012865031 0.03239415 0.02184864 0.016250008 0.020974022 0.031762460 0.015901827 0.024173738 0.016565309 0.0083201010 0.0060440196 0.0051475647 0.0100680833 3.755040e-03 1.052789e-04 1.774588e-03 8.713047e-04 5.158713e-15 3.787938e-14 8.937212e-05
   92    1      1      0    0   125 8.302180e-107 9.271526e-05 1.457349e-02 0.0028024955 0.027777737 0.002784556 0.013197990 0.029720448 0.03128307 0.07352475 0.05963764 0.023550245 0.03167870 0.03872299 0.04553374 0.03667797 0.03007793 0.03832907 0.03687148 0.03194249 0.04114845 0.041825603 0.04866785 0.02903004 0.067670298 0.008314097 0.02781685 0.01048444 0.035048093 0.010802637 0.030451427 0.003008183 0.007027804 0.011793961 0.0242015764 0.0187655615 0.0100027520 0.0019096107 1.872667e-04 2.444249e-04 7.108529e-06 2.782438e-03 8.668206e-06 1.315273e-06 2.002528e-05
   96    1      1      0    0   125  0.000000e+00 9.915217e-13 4.694828e-05 0.0002624344 0.008557717 0.002305912 0.002433830 0.012668697 0.05717358 0.06113623 0.06285979 0.049148388 0.02294677 0.05387339 0.03326808 0.04199457 0.03549554 0.01868518 0.01533712 0.04215587 0.06666968 0.048715687 0.07327467 0.03340739 0.042884688 0.021835497 0.04434098 0.03540197 0.008446789 0.022991223 0.015513924 0.018219006 0.021362777 0.017500223 0.0005579912 0.0019062818 0.0014618972 0.0010489582 9.530628e-04 6.033810e-06 6.030877e-06 4.411990e-04 4.766861e-06 2.682932e-03 1.628401e-05
  100    1      1      0    0   125  3.856278e-74 3.646824e-07 1.044498e-03 0.0071543934 0.009544889 0.005646974 0.012754465 0.012375893 0.06454570 0.06054245 0.07405266 0.057387199 0.05800057 0.03144004 0.01854876 0.04213546 0.02829542 0.01616790 0.04113704 0.02289987 0.03059608 0.041722545 0.04099287 0.02090083 0.014485950 0.023883300 0.03786427 0.02880464 0.047875647 0.035910853 0.015399254 0.015445636 0.033165358 0.020839424 0.0042883256 0.0005852907 0.0062609778 0.0067983145 1.476376e-04 9.469216e-03 2.993807e-06 8.757668e-04 3.917543e-07 9.903269e-06 1.126973e-10
   76    1      2      0    0   500  1.788416e-21 1.884314e-03 1.074824e-02 0.0508626531 0.042232611 0.017130005 0.015224492 0.021624333 0.04906453 0.04366812 0.04594407 0.028302599 0.04779750 0.02579729 0.03412031 0.03546951 0.03599112 0.04711555 0.03168186 0.04778244 0.04395068 0.048684588 0.02027368 0.02460786 0.024073055 0.030478666 0.02556712 0.02226314 0.023266623 0.015352258 0.026063202 0.007794266 0.018867425 0.010536258 0.0084202256 0.0039868487 0.0058043786 0.0016730625 1.905047e-03 2.363213e-03 7.707993e-04 2.094895e-04 1.021780e-04 2.806101e-04 2.637713e-04
   78    1      2      0    0   500  8.441237e-11 6.160538e-04 2.274150e-02 0.0421547815 0.036343331 0.012905972 0.017668593 0.018537301 0.03728494 0.07131366 0.04860190 0.017291283 0.04514587 0.03177628 0.04563355 0.04452741 0.04228216 0.05154667 0.02495740 0.01886668 0.03078777 0.031945011 0.02678103 0.03492504 0.037950125 0.026879204 0.02575255 0.02455057 0.027000890 0.017580803 0.006996806 0.017503978 0.007109078 0.011308685 0.0035113757 0.0185135311 0.0079229258 0.0030590259 2.246330e-03 4.912762e-03 1.709355e-03 7.243027e-04 7.325812e-05 1.439981e-05 4.587089e-05
   80    1      2      0    0   500  1.023332e-09 1.817541e-03 2.503868e-02 0.0334116072 0.068537410 0.024355289 0.007166717 0.033304790 0.04023810 0.05984540 0.04192720 0.035196700 0.02877273 0.04945569 0.04261276 0.03470384 0.04021069 0.02983795 0.03150496 0.03480748 0.04224339 0.042454087 0.01731338 0.02239660 0.021138976 0.020830565 0.01676820 0.02611971 0.019208252 0.014185820 0.025692525 0.013971907 0.015743202 0.004548297 0.0122735086 0.0083101406 0.0080687925 0.0008559326 3.460934e-03 2.507105e-04 1.015336e-03 2.156739e-04 6.952629e-07 1.550420e-04 3.277681e-05
   82    1      2      0    0   500  1.507107e-18 6.061706e-03 1.846852e-02 0.0404283646 0.044777378 0.020982706 0.014503527 0.034803089 0.03768898 0.07035160 0.04085498 0.044692529 0.03948621 0.02416948 0.02013463 0.04306951 0.02415956 0.04451219 0.02443167 0.03435480 0.03180892 0.045275106 0.03607546 0.02411142 0.023736334 0.020270623 0.02115952 0.03109658 0.014983287 0.011543397 0.017341266 0.016952762 0.023508605 0.016667354 0.0129254206 0.0079436009 0.0018854782 0.0058849279 5.161839e-04 4.183398e-04 6.452085e-04 2.897901e-03 2.179731e-03 4.733109e-04 1.767831e-03
   84    1      2      0    0   500  3.718520e-19 1.170451e-03 2.052171e-02 0.0771723320 0.052467866 0.026357858 0.012181815 0.016922268 0.05258171 0.06263532 0.05857941 0.025452557 0.01756890 0.03165396 0.04896859 0.03447897 0.03771037 0.02840335 0.03029908 0.04828464 0.03722530 0.018445591 0.02250485 0.02160061 0.031281368 0.020291358 0.02841271 0.02425719 0.015982490 0.019910220 0.020075537 0.012536867 0.007342641 0.009505624 0.0097342222 0.0054365074 0.0039898110 0.0027319276 2.786912e-03 1.094904e-03 6.357007e-04 6.593067e-04 2.078660e-05 5.907237e-05 6.733656e-05
   86    1      2      0    0   500  2.727881e-20 7.137780e-03 1.417392e-02 0.0631349594 0.057090294 0.014690188 0.007695589 0.025430793 0.04420978 0.05328264 0.06719797 0.045395560 0.04464407 0.02974094 0.03179470 0.04302414 0.04714216 0.02745852 0.02809719 0.03147581 0.02304471 0.033190342 0.02785441 0.01863316 0.028726700 0.026372103 0.01523254 0.02269659 0.028528495 0.026114415 0.015618830 0.013243100 0.005102079 0.004925022 0.0076693647 0.0047812803 0.0046594485 0.0061049581 8.126253e-04 4.641245e-04 7.246835e-04 1.615962e-03 4.438253e-04 4.566776e-05 5.785587e-04
   88    1      2      0    0   500  1.037409e-09 2.133478e-03 1.395578e-02 0.0595260659 0.043077466 0.023547332 0.012197203 0.020593785 0.04518839 0.06573201 0.04325631 0.053831389 0.03192733 0.04951500 0.03753737 0.03151055 0.03102803 0.02724442 0.04215953 0.03461945 0.03535350 0.018646243 0.03147365 0.03658687 0.029822427 0.023084261 0.01939231 0.01010738 0.029392050 0.015874864 0.018553475 0.017579513 0.008870322 0.003502646 0.0073695202 0.0039908351 0.0082696474 0.0043110836 3.744603e-03 8.684149e-05 5.613884e-04 3.753454e-03 9.668705e-05 1.154307e-05 9.839946e-04
   90    1      2      0    0   500  1.834388e-04 2.027122e-03 2.041009e-02 0.0475522778 0.056193376 0.022804002 0.004278211 0.027719465 0.03694745 0.07640627 0.06813827 0.026397391 0.03589283 0.01905360 0.05031384 0.02906089 0.03886692 0.03609955 0.02066407 0.02597135 0.02299505 0.023633271 0.03149529 0.03977769 0.030996711 0.017081387 0.01595752 0.02160673 0.019819851 0.011034381 0.006794850 0.015494784 0.012704132 0.013216828 0.0102268052 0.0183544843 0.0146030184 0.0082480450 7.575517e-03 6.888995e-04 2.247699e-03 1.284923e-03 7.184727e-03 1.993558e-03 3.448856e-06
   92    1      2      0    0   500  1.180005e-15 1.145401e-02 1.614118e-02 0.0483737256 0.050234727 0.030168567 0.012995841 0.021812086 0.04703723 0.06085647 0.05386457 0.038937437 0.02674264 0.02278825 0.04538053 0.04711733 0.02540970 0.05378643 0.02021011 0.04914807 0.02427448 0.030607655 0.01934725 0.02501218 0.025213061 0.022048539 0.03456679 0.02005063 0.018210540 0.007160206 0.018944771 0.008724625 0.006761242 0.012336713 0.0155199928 0.0149477296 0.0035697680 0.0066411217 2.661271e-04 9.213204e-04 1.050665e-04 1.481223e-04 1.342462e-03 4.680033e-05 7.739030e-04
   94    1      2      0    0   500 1.831668e-102 3.300332e-03 1.328487e-02 0.0462442045 0.053312204 0.007603597 0.004528581 0.033070690 0.05490426 0.05214083 0.05180075 0.041720527 0.02311969 0.03143735 0.02843264 0.04109056 0.03358540 0.03302143 0.02960226 0.03857582 0.03292583 0.018282601 0.04040898 0.03460979 0.032908092 0.048075276 0.02362376 0.01955831 0.017507667 0.007222264 0.015652672 0.014415622 0.014448872 0.021756611 0.0123917184 0.0020225262 0.0037243780 0.0116352542 1.815827e-03 1.759226e-03 1.330142e-03 9.741442e-04 1.829878e-03 3.251194e-04 1.943502e-05
   96    1      2      0    0   500  1.203845e-28 7.394598e-04 7.982681e-03 0.0408202678 0.053352820 0.017532997 0.005823989 0.020734701 0.03282680 0.04761701 0.04617451 0.040522755 0.03983870 0.03289604 0.04680845 0.05274162 0.02779528 0.03879375 0.03761856 0.05190809 0.01700453 0.026837315 0.03326292 0.03473154 0.020587506 0.018583930 0.02728017 0.02320428 0.018670688 0.025206281 0.015758083 0.027996935 0.009182825 0.011513239 0.0107393803 0.0070875308 0.0048053388 0.0013248053 2.405719e-03 1.918642e-02 7.599572e-05 3.011614e-04 1.626351e-03 9.171760e-05 6.852864e-06
   98    1      2      0    0   500  1.255331e-25 7.110868e-04 1.937749e-02 0.0346624832 0.059260376 0.034252399 0.021762931 0.019218014 0.02803088 0.05123260 0.05499177 0.052046289 0.03704699 0.02250642 0.04443993 0.04436478 0.03694439 0.03321109 0.02717000 0.02914162 0.03703801 0.020290311 0.02521235 0.03674900 0.029610839 0.022111560 0.02976397 0.02328455 0.020208396 0.016671118 0.005285248 0.015280757 0.012594224 0.013924523 0.0055825958 0.0038776419 0.0125199333 0.0089151889 1.652229e-03 3.329947e-03 1.093181e-05 3.883842e-05 1.338342e-04 9.966610e-04 4.545794e-03
  100    1      2      0    0   500  2.213741e-08 9.258337e-03 2.616569e-02 0.0431306548 0.045112451 0.013907457 0.005982198 0.023856779 0.05214290 0.04045336 0.04032447 0.051204833 0.03957762 0.03116636 0.02397595 0.05104314 0.03427071 0.03127200 0.03108034 0.05023522 0.03176218 0.036291224 0.02342377 0.03446524 0.015976076 0.033352476 0.01071060 0.02344855 0.023664643 0.015553527 0.009889809 0.029632757 0.010167610 0.019241932 0.0115657762 0.0067868554 0.0050898144 0.0065567551 5.237830e-03 8.098036e-04 1.015350e-03 1.328898e-04 1.332422e-04 1.199860e-04 8.108232e-04
15 #_N_agebins
#_agebin_vector
1 2 3 4 5 6 7 8 9 10 11 12 13 14 15
1 #_N_ageerror_definitions
 #_age0   age1   age2   age3   age4   age5   age6   age7   age8   age9  age10  age11  age12  age13  age14  age15  age16  age17  age18  age19  age20  age21  age22  age23  age24  age25
 -1.000 -1.000 -1.000 -1.000 -1.000 -1.000 -1.000 -1.000 -1.000 -1.000 -1.000 -1.000 -1.000 -1.000 -1.000 -1.000 -1.000 -1.000 -1.000 -1.000 -1.000 -1.000 -1.000 -1.000 -1.000 -1.000
  0.001  0.001  0.001  0.001  0.001  0.001  0.001  0.001  0.001  0.001  0.001  0.001  0.001  0.001  0.001  0.001  0.001  0.001  0.001  0.001  0.001  0.001  0.001  0.001  0.001  0.001
80 #_N_agecomp
1 #_Lbin_method: 1=poplenbins; 2=datalenbins; 3=lengths
-1 #_combine males into females at or below this bin number
 #_Yr Seas FltSvy Gender Part Ageerr Lbin_lo Lbin_hi Nsamp         a1        a2        a3        a4         a5         a6         a7         a8         a9         a10         a11         a12          a13          a14         a15
   26    1      1      0    0      1      -1      -1   125 0.02797254 0.1537545 0.1078153 0.1257570 0.11625571 0.08072311 0.07836320 0.06908748 0.03852502 0.034828247 0.055097341 0.014472343 0.0129828173 3.047165e-02 0.053893804
   36    1      1      0    0      1      -1      -1   125 0.01534461 0.2123170 0.2037992 0.1196179 0.10243552 0.07850003 0.05323014 0.04403425 0.02484768 0.040875164 0.043329996 0.027343074 0.0082585526 9.140737e-04 0.025152812
   46    1      1      0    0      1      -1      -1   125 0.06632990 0.2799113 0.1991529 0.1280177 0.13022610 0.04416483 0.03634464 0.02682113 0.02733700 0.008646577 0.030846433 0.002206619 0.0108224071 1.364724e-03 0.007807673
   56    1      1      0    0      1      -1      -1   125 0.04941871 0.1808470 0.1889893 0.1630005 0.08960156 0.07748800 0.08091241 0.04511175 0.04157005 0.044704675 0.011407741 0.005727255 0.0061570721 1.920165e-03 0.013143829
   60    1      1      0    0      1      -1      -1   125 0.05371168 0.2732446 0.2059928 0.1294965 0.03139834 0.09620293 0.07063679 0.02182108 0.04734218 0.030612702 0.004642740 0.007519124 0.0037363621 4.839834e-03 0.018802337
   64    1      1      0    0      1      -1      -1   125 0.01316249 0.2357165 0.2307430 0.1415626 0.07341110 0.09859496 0.04525868 0.02955235 0.02415658 0.036595663 0.016962476 0.019297035 0.0075293720 2.783020e-03 0.024674129
   68    1      1      0    0      1      -1      -1   125 0.03655489 0.2000589 0.1659001 0.1224087 0.12289923 0.06460598 0.06705008 0.07422626 0.02256831 0.051675609 0.028412002 0.017616333 0.0028367962 1.023419e-02 0.012952636
   72    1      1      0    0      1      -1      -1   125 0.05415332 0.2592248 0.1752903 0.1440273 0.09074937 0.08128404 0.05095861 0.04655617 0.02769222 0.017342654 0.008002745 0.006855321 0.0101490832 1.724917e-03 0.025989046
   76    1      1      0    0      1      -1      -1   125 0.04033341 0.3083348 0.1784352 0.1131081 0.06922929 0.06200166 0.05703802 0.03161284 0.02563256 0.042969739 0.013757296 0.034806956 0.0029421145 1.505946e-03 0.018292054
   80    1      1      0    0      1      -1      -1   125 0.05047495 0.2497660 0.1565067 0.1677565 0.08934509 0.09459240 0.05101840 0.01731240 0.04194527 0.002244639 0.032796460 0.016205632 0.0052611629 2.917159e-05 0.024745215
   84    1      1      0    0      1      -1      -1   125 0.02970230 0.2711333 0.1565581 0.1671951 0.07614101 0.06163891 0.05005270 0.03430743 0.01630325 0.012715147 0.047718581 0.001092838 0.0194872985 1.124936e-02 0.044704666
   88    1      1      0    0      1      -1      -1   125 0.02834236 0.2138169 0.1520145 0.1878755 0.19004177 0.03446484 0.04225171 0.05289929 0.01015899 0.011739528 0.009604484 0.001612868 0.0372840981 1.154050e-03 0.026739059
   92    1      1      0    0      1      -1      -1   125 0.03307368 0.1957200 0.2350137 0.1526970 0.16242671 0.04968126 0.04944636 0.02099461 0.02827354 0.007636118 0.013617378 0.017917423 0.0022152238 6.515002e-03 0.024772040
   96    1      1      0    0      1      -1      -1   125 0.04199969 0.2889453 0.1083630 0.1806068 0.09718434 0.10900149 0.04283650 0.03485807 0.02428214 0.017922055 0.012119338 0.003590469 0.0029956673 1.488750e-02 0.020407547
  100    1      1      0    0      1      -1      -1   125 0.03223921 0.2027549 0.2208875 0.1531065 0.09016964 0.05478845 0.03758613 0.05162846 0.06829959 0.044269465 0.008027190 0.025550929 0.0003489055 3.119588e-03 0.007223498
   76    1      2      0    0      1      -1      -1   500 0.12522112 0.2601886 0.1571507 0.1249896 0.08066057 0.05856752 0.04249765 0.03058749 0.02812782 0.016744206 0.045145948 0.009833051 0.0076742867 5.163655e-03 0.007447760
   78    1      2      0    0      1      -1      -1   500 0.13932398 0.2118265 0.1726128 0.1148306 0.11424767 0.05514449 0.04888202 0.03546929 0.01926250 0.022270379 0.013886052 0.019270694 0.0072882553 1.100799e-02 0.014676784
   80    1      2      0    0      1      -1      -1   500 0.14327552 0.2276101 0.1494247 0.1341057 0.08177122 0.07014012 0.05545023 0.04177438 0.02013944 0.010122123 0.021556518 0.024226728 0.0086165201 6.251845e-03 0.005534897
   82    1      2      0    0      1      -1      -1   500 0.13006788 0.2399186 0.1384025 0.1344035 0.10375777 0.05151385 0.04851109 0.05386636 0.03431882 0.009163802 0.016153449 0.018924249 0.0043669837 4.073581e-03 0.012557609
   84    1      2      0    0      1      -1      -1   500 0.13337029 0.2500132 0.1665389 0.1057923 0.09608312 0.06546199 0.03496697 0.03547712 0.03462626 0.012332571 0.019937632 0.015291478 0.0055463479 2.830225e-03 0.021731573
   86    1      2      0    0      1      -1      -1   500 0.14949556 0.2316492 0.1485007 0.1371892 0.08905768 0.06264850 0.04204918 0.04168950 0.03255252 0.014224837 0.012831588 0.006080310 0.0047542015 1.576323e-03 0.025700656
   88    1      2      0    0      1      -1      -1   500 0.13789389 0.2246065 0.1693012 0.1252166 0.09826104 0.06359655 0.05749753 0.02834711 0.02003835 0.018618933 0.015009010 0.011101810 0.0045480763 4.411259e-03 0.021552190
   90    1      2      0    0      1      -1      -1   500 0.15511851 0.2365746 0.1414872 0.1277215 0.08392189 0.06193527 0.06178294 0.02614800 0.01979232 0.026131880 0.016264489 0.011993654 0.0078183488 7.910655e-03 0.015398723
   92    1      2      0    0      1      -1      -1   500 0.13510383 0.2080878 0.1926830 0.1398239 0.09685098 0.05445117 0.03820880 0.02829353 0.02710786 0.022468007 0.023077961 0.013858066 0.0015302122 7.985215e-03 0.010469725
   94    1      2      0    0      1      -1      -1   500 0.13109348 0.1972109 0.2047513 0.1429070 0.08323568 0.06441197 0.03726362 0.04487975 0.03973693 0.012385468 0.011945849 0.008042862 0.0059923815 3.943200e-03 0.012199630
   96    1      2      0    0      1      -1      -1   500 0.13520713 0.2525530 0.1726416 0.1120463 0.09623034 0.04878145 0.04933762 0.02672182 0.02419274 0.020509503 0.016949236 0.016980548 0.0076552725 5.282077e-03 0.014911336
   98    1      2      0    0      1      -1      -1   500 0.14044635 0.2449503 0.1743661 0.1103429 0.08277297 0.08515291 0.02820314 0.04181409 0.01180761 0.022062332 0.024780256 0.009603080 0.0066900112 5.065240e-03 0.011942750
  100    1      2      0    0      1      -1      -1   500 0.16719389 0.2204309 0.1853984 0.1180498 0.06273589 0.05853255 0.04906625 0.04576893 0.02228635 0.020831215 0.007089179 0.006801648 0.0072504761 5.516424e-03 0.023048181
   60    1      1      0    0      1       4       4     4 4.00000000 0.0000000 0.0000000 0.0000000 0.00000000 0.00000000 0.00000000 0.00000000 0.00000000 0.000000000 0.000000000 0.000000000 0.0000000000 0.000000e+00 0.000000000
   60    1      1      0    0      1       6       6     2 2.00000000 0.0000000 0.0000000 0.0000000 0.00000000 0.00000000 0.00000000 0.00000000 0.00000000 0.000000000 0.000000000 0.000000000 0.0000000000 0.000000e+00 0.000000000
   60    1      1      0    0      1       9       9     2 2.00000000 0.0000000 0.0000000 0.0000000 0.00000000 0.00000000 0.00000000 0.00000000 0.00000000 0.000000000 0.000000000 0.000000000 0.0000000000 0.000000e+00 0.000000000
   60    1      1      0    0      1      10      10     8 8.00000000 0.0000000 0.0000000 0.0000000 0.00000000 0.00000000 0.00000000 0.00000000 0.00000000 0.000000000 0.000000000 0.000000000 0.0000000000 0.000000e+00 0.000000000
   60    1      1      0    0      1      11      11     8 8.00000000 0.0000000 0.0000000 0.0000000 0.00000000 0.00000000 0.00000000 0.00000000 0.00000000 0.000000000 0.000000000 0.000000000 0.0000000000 0.000000e+00 0.000000000
   60    1      1      0    0      1      12      12     3 3.00000000 0.0000000 0.0000000 0.0000000 0.00000000 0.00000000 0.00000000 0.00000000 0.00000000 0.000000000 0.000000000 0.000000000 0.0000000000 0.000000e+00 0.000000000
   60    1      1      0    0      1      13      13     6 6.00000000 0.0000000 0.0000000 0.0000000 0.00000000 0.00000000 0.00000000 0.00000000 0.00000000 0.000000000 0.000000000 0.000000000 0.0000000000 0.000000e+00 0.000000000
   60    1      1      0    0      1      15      15     6 6.00000000 0.0000000 0.0000000 0.0000000 0.00000000 0.00000000 0.00000000 0.00000000 0.00000000 0.000000000 0.000000000 0.000000000 0.0000000000 0.000000e+00 0.000000000
   60    1      1      0    0      1      16      16     4 4.00000000 0.0000000 0.0000000 0.0000000 0.00000000 0.00000000 0.00000000 0.00000000 0.00000000 0.000000000 0.000000000 0.000000000 0.0000000000 0.000000e+00 0.000000000
   60    1      1      0    0      1      17      17     2 2.00000000 0.0000000 0.0000000 0.0000000 0.00000000 0.00000000 0.00000000 0.00000000 0.00000000 0.000000000 0.000000000 0.000000000 0.0000000000 0.000000e+00 0.000000000
   60    1      1      0    0      1      18      18     3 3.00000000 0.0000000 0.0000000 0.0000000 0.00000000 0.00000000 0.00000000 0.00000000 0.00000000 0.000000000 0.000000000 0.000000000 0.0000000000 0.000000e+00 0.000000000
   60    1      1      0    0      1      19      19     7 7.00000000 0.0000000 0.0000000 0.0000000 0.00000000 0.00000000 0.00000000 0.00000000 0.00000000 0.000000000 0.000000000 0.000000000 0.0000000000 0.000000e+00 0.000000000
   60    1      1      0    0      1      20      20     6 6.00000000 0.0000000 0.0000000 0.0000000 0.00000000 0.00000000 0.00000000 0.00000000 0.00000000 0.000000000 0.000000000 0.000000000 0.0000000000 0.000000e+00 0.000000000
   60    1      1      0    0      1      21      21     8 8.00000000 0.0000000 0.0000000 0.0000000 0.00000000 0.00000000 0.00000000 0.00000000 0.00000000 0.000000000 0.000000000 0.000000000 0.0000000000 0.000000e+00 0.000000000
   60    1      1      0    0      1      22      22     3 3.00000000 0.0000000 0.0000000 0.0000000 0.00000000 0.00000000 0.00000000 0.00000000 0.00000000 0.000000000 0.000000000 0.000000000 0.0000000000 0.000000e+00 0.000000000
   60    1      1      0    0      1      23      23     1 1.00000000 0.0000000 0.0000000 0.0000000 0.00000000 0.00000000 0.00000000 0.00000000 0.00000000 0.000000000 0.000000000 0.000000000 0.0000000000 0.000000e+00 0.000000000
   60    1      1      0    0      1      24      24     2 2.00000000 0.0000000 0.0000000 0.0000000 0.00000000 0.00000000 0.00000000 0.00000000 0.00000000 0.000000000 0.000000000 0.000000000 0.0000000000 0.000000e+00 0.000000000
   60    1      1      0    0      1      25      25     4 4.00000000 0.0000000 0.0000000 0.0000000 0.00000000 0.00000000 0.00000000 0.00000000 0.00000000 0.000000000 0.000000000 0.000000000 0.0000000000 0.000000e+00 0.000000000
   60    1      1      0    0      1      26      26     7 7.00000000 0.0000000 0.0000000 0.0000000 0.00000000 0.00000000 0.00000000 0.00000000 0.00000000 0.000000000 0.000000000 0.000000000 0.0000000000 0.000000e+00 0.000000000
   60    1      1      0    0      1      27      27     3 3.00000000 0.0000000 0.0000000 0.0000000 0.00000000 0.00000000 0.00000000 0.00000000 0.00000000 0.000000000 0.000000000 0.000000000 0.0000000000 0.000000e+00 0.000000000
   60    1      1      0    0      1      28      28     1 0.00000000 1.0000000 0.0000000 0.0000000 0.00000000 0.00000000 0.00000000 0.00000000 0.00000000 0.000000000 0.000000000 0.000000000 0.0000000000 0.000000e+00 0.000000000
   60    1      1      0    0      1      29      29     1 0.00000000 1.0000000 0.0000000 0.0000000 0.00000000 0.00000000 0.00000000 0.00000000 0.00000000 0.000000000 0.000000000 0.000000000 0.0000000000 0.000000e+00 0.000000000
   60    1      1      0    0      1      30      30     2 1.00000000 1.0000000 0.0000000 0.0000000 0.00000000 0.00000000 0.00000000 0.00000000 0.00000000 0.000000000 0.000000000 0.000000000 0.0000000000 0.000000e+00 0.000000000
   60    1      1      0    0      1      33      33     5 0.00000000 5.0000000 0.0000000 0.0000000 0.00000000 0.00000000 0.00000000 0.00000000 0.00000000 0.000000000 0.000000000 0.000000000 0.0000000000 0.000000e+00 0.000000000
   60    1      1      0    0      1      36      36     1 0.00000000 1.0000000 0.0000000 0.0000000 0.00000000 0.00000000 0.00000000 0.00000000 0.00000000 0.000000000 0.000000000 0.000000000 0.0000000000 0.000000e+00 0.000000000
   60    1      1      0    0      1      40      40     1 0.00000000 1.0000000 0.0000000 0.0000000 0.00000000 0.00000000 0.00000000 0.00000000 0.00000000 0.000000000 0.000000000 0.000000000 0.0000000000 0.000000e+00 0.000000000
  100    1      1      0    0      1       7       7     1 1.00000000 0.0000000 0.0000000 0.0000000 0.00000000 0.00000000 0.00000000 0.00000000 0.00000000 0.000000000 0.000000000 0.000000000 0.0000000000 0.000000e+00 0.000000000
  100    1      1      0    0      1       9       9     6 6.00000000 0.0000000 0.0000000 0.0000000 0.00000000 0.00000000 0.00000000 0.00000000 0.00000000 0.000000000 0.000000000 0.000000000 0.0000000000 0.000000e+00 0.000000000
  100    1      1      0    0      1      10      10     8 8.00000000 0.0000000 0.0000000 0.0000000 0.00000000 0.00000000 0.00000000 0.00000000 0.00000000 0.000000000 0.000000000 0.000000000 0.0000000000 0.000000e+00 0.000000000
  100    1      1      0    0      1      11      11     9 9.00000000 0.0000000 0.0000000 0.0000000 0.00000000 0.00000000 0.00000000 0.00000000 0.00000000 0.000000000 0.000000000 0.000000000 0.0000000000 0.000000e+00 0.000000000
  100    1      1      0    0      1      12      12     5 5.00000000 0.0000000 0.0000000 0.0000000 0.00000000 0.00000000 0.00000000 0.00000000 0.00000000 0.000000000 0.000000000 0.000000000 0.0000000000 0.000000e+00 0.000000000
  100    1      1      0    0      1      13      13     7 7.00000000 0.0000000 0.0000000 0.0000000 0.00000000 0.00000000 0.00000000 0.00000000 0.00000000 0.000000000 0.000000000 0.000000000 0.0000000000 0.000000e+00 0.000000000
  100    1      1      0    0      1      14      14     4 4.00000000 0.0000000 0.0000000 0.0000000 0.00000000 0.00000000 0.00000000 0.00000000 0.00000000 0.000000000 0.000000000 0.000000000 0.0000000000 0.000000e+00 0.000000000
  100    1      1      0    0      1      16      16     7 7.00000000 0.0000000 0.0000000 0.0000000 0.00000000 0.00000000 0.00000000 0.00000000 0.00000000 0.000000000 0.000000000 0.000000000 0.0000000000 0.000000e+00 0.000000000
  100    1      1      0    0      1      17      17     2 2.00000000 0.0000000 0.0000000 0.0000000 0.00000000 0.00000000 0.00000000 0.00000000 0.00000000 0.000000000 0.000000000 0.000000000 0.0000000000 0.000000e+00 0.000000000
  100    1      1      0    0      1      18      18     1 1.00000000 0.0000000 0.0000000 0.0000000 0.00000000 0.00000000 0.00000000 0.00000000 0.00000000 0.000000000 0.000000000 0.000000000 0.0000000000 0.000000e+00 0.000000000
  100    1      1      0    0      1      19      19     2 2.00000000 0.0000000 0.0000000 0.0000000 0.00000000 0.00000000 0.00000000 0.00000000 0.00000000 0.000000000 0.000000000 0.000000000 0.0000000000 0.000000e+00 0.000000000
  100    1      1      0    0      1      20      20     2 2.00000000 0.0000000 0.0000000 0.0000000 0.00000000 0.00000000 0.00000000 0.00000000 0.00000000 0.000000000 0.000000000 0.000000000 0.0000000000 0.000000e+00 0.000000000
  100    1      1      0    0      1      22      22     3 3.00000000 0.0000000 0.0000000 0.0000000 0.00000000 0.00000000 0.00000000 0.00000000 0.00000000 0.000000000 0.000000000 0.000000000 0.0000000000 0.000000e+00 0.000000000
  100    1      1      0    0      1      23      23     7 7.00000000 0.0000000 0.0000000 0.0000000 0.00000000 0.00000000 0.00000000 0.00000000 0.00000000 0.000000000 0.000000000 0.000000000 0.0000000000 0.000000e+00 0.000000000
  100    1      1      0    0      1      24      24     1 1.00000000 0.0000000 0.0000000 0.0000000 0.00000000 0.00000000 0.00000000 0.00000000 0.00000000 0.000000000 0.000000000 0.000000000 0.0000000000 0.000000e+00 0.000000000
  100    1      1      0    0      1      25      25     6 6.00000000 0.0000000 0.0000000 0.0000000 0.00000000 0.00000000 0.00000000 0.00000000 0.00000000 0.000000000 0.000000000 0.000000000 0.0000000000 0.000000e+00 0.000000000
  100    1      1      0    0      1      26      26     3 3.00000000 0.0000000 0.0000000 0.0000000 0.00000000 0.00000000 0.00000000 0.00000000 0.00000000 0.000000000 0.000000000 0.000000000 0.0000000000 0.000000e+00 0.000000000
  100    1      1      0    0      1      27      27     3 2.00000000 1.0000000 0.0000000 0.0000000 0.00000000 0.00000000 0.00000000 0.00000000 0.00000000 0.000000000 0.000000000 0.000000000 0.0000000000 0.000000e+00 0.000000000
  100    1      1      0    0      1      28      28     2 1.00000000 1.0000000 0.0000000 0.0000000 0.00000000 0.00000000 0.00000000 0.00000000 0.00000000 0.000000000 0.000000000 0.000000000 0.0000000000 0.000000e+00 0.000000000
  100    1      1      0    0      1      29      29     6 4.00000000 2.0000000 0.0000000 0.0000000 0.00000000 0.00000000 0.00000000 0.00000000 0.00000000 0.000000000 0.000000000 0.000000000 0.0000000000 0.000000e+00 0.000000000
  100    1      1      0    0      1      30      30     5 0.00000000 5.0000000 0.0000000 0.0000000 0.00000000 0.00000000 0.00000000 0.00000000 0.00000000 0.000000000 0.000000000 0.000000000 0.0000000000 0.000000e+00 0.000000000
  100    1      1      0    0      1      32      32     1 0.00000000 1.0000000 0.0000000 0.0000000 0.00000000 0.00000000 0.00000000 0.00000000 0.00000000 0.000000000 0.000000000 0.000000000 0.0000000000 0.000000e+00 0.000000000
  100    1      1      0    0      1      33      33     5 0.00000000 5.0000000 0.0000000 0.0000000 0.00000000 0.00000000 0.00000000 0.00000000 0.00000000 0.000000000 0.000000000 0.000000000 0.0000000000 0.000000e+00 0.000000000
  100    1      1      0    0      1      34      34     1 0.00000000 1.0000000 0.0000000 0.0000000 0.00000000 0.00000000 0.00000000 0.00000000 0.00000000 0.000000000 0.000000000 0.000000000 0.0000000000 0.000000e+00 0.000000000
  100    1      1      0    0      1      35      35     2 0.00000000 2.0000000 0.0000000 0.0000000 0.00000000 0.00000000 0.00000000 0.00000000 0.00000000 0.000000000 0.000000000 0.000000000 0.0000000000 0.000000e+00 0.000000000
  100    1      1      0    0      1      40      40     1 0.00000000 1.0000000 0.0000000 0.0000000 0.00000000 0.00000000 0.00000000 0.00000000 0.00000000 0.000000000 0.000000000 0.000000000 0.0000000000 0.000000e+00 0.000000000
0 #_N_MeanSize_at_Age_obs
0 #_N_environ_variables
0 #_N_environ_obs
0 #_N_sizefreq_methods
0 #_do_tags
0 #_morphcomp_data
#
999
