#C data file created using the SS_writedat function in the R package r4ss
#C should work with SS version: 
#C file write time: 2015-02-11 18:16:52
#
1 #_styr
100 #_endyr
1 #_nseas
12 #_months_per_seas
1 #_spawn_seas
1 #_Nfleet
2 #_Nsurveys
1 #_N_areas
Fishery%Survey%CPUE #_fleetnames
0.5 0.5 0.5 #_surveytiming_in_season
1 1 1 #_area_assignments_for_each_fishery_and_survey
1 #_units of catch:  1=bio; 2=num
0.01 #_se of log(catch) only used for init_eq_catch and for Fmethod 2 and 3
1 #_Ngenders
25 #_Nages
0 #_init_equil_catch_for_each_fishery
100 #_N_lines_of_catch_to_read
 #_Fishery year seas
         0    1    1
         0    2    1
         0    3    1
         0    4    1
         0    5    1
         0    6    1
         0    7    1
         0    8    1
         0    9    1
         0   10    1
         0   11    1
         0   12    1
         0   13    1
         0   14    1
         0   15    1
         0   16    1
         0   17    1
         0   18    1
         0   19    1
         0   20    1
         0   21    1
         0   22    1
         0   23    1
         0   24    1
         0   25    1
 444646000   26    1
 397608000   27    1
 357583000   28    1
 324161000   29    1
 296656000   30    1
 274240000   31    1
 256057000   32    1
 241314000   33    1
 229322000   34    1
 219511000   35    1
 211426000   36    1
 204710000   37    1
 199088000   38    1
 194347000   39    1
 190324000   40    1
 186891000   41    1
 183948000   42    1
 181416000   43    1
 179230000   44    1
 177337000   45    1
 175694000   46    1
 174266000   47    1
 173022000   48    1
 171937000   49    1
 170990000   50    1
 170161000   51    1
 169436000   52    1
 168801000   53    1
 168243000   54    1
 167755000   55    1
 167325000   56    1
 166948000   57    1
 166617000   58    1
 166326000   59    1
 166070000   60    1
 165844000   61    1
 165646000   62    1
 165471000   63    1
 165317000   64    1
 165182000   65    1
 165063000   66    1
 164958000   67    1
 164865000   68    1
 164784000   69    1
 164712000   70    1
 164649000   71    1
 164593000   72    1
 164544000   73    1
 164500000   74    1
 164462000   75    1
 164429000   76    1
 164399000   77    1
 164373000   78    1
 164350000   79    1
 164329000   80    1
 164311000   81    1
 164296000   82    1
 164282000   83    1
 164269000   84    1
 164258000   85    1
 164249000   86    1
 164240000   87    1
 164233000   88    1
 164227000   89    1
 164221000   90    1
 164216000   91    1
 164211000   92    1
 164207000   93    1
 164204000   94    1
 164201000   95    1
 164198000   96    1
 164195000   97    1
 164193000   98    1
 164192000   99    1
 164190000  100    1
13 #_N_cpue
 #_Fleet Units Errtype
       1     1       0
       2     1       0
       3     1       0
 #_year seas index        obs se_log
     76    1     2 1255397985    0.2
     78    1     2 1319875462    0.2
     80    1     2 1351696020    0.2
     82    1     2 1424478008    0.2
     84    1     2 1195751514    0.2
     86    1     2 1155382396    0.2
     88    1     2 1275643179    0.2
     90    1     2 1225420850    0.2
     92    1     2 1500620332    0.2
     94    1     2 1389291908    0.2
     96    1     2 1551459959    0.2
     98    1     2 1379460529    0.2
    100    1     2 1342584403    0.2
0 #_N_discard_fleets
#_discard_units (1=same_as_catchunits(bio/num); 2=fraction; 3=numbers)
#_discard_errtype:  >0 for DF of T-dist(read CV below); 0 for normal with CV; -1 for normal with se; -2 for lognormal
0 #_N_discard
0 #_N_meanbodywt
1 #_DF_for_meanbodywt_T-distribution_like
2 # length bin method: 1=use databins; 2=generate from binwidth,min,max below; 3=read vector
1 # binwidth for population size comp
10 # minimum size in the population (lower edge of first bin and size at age 0.00)
200 # maximum size in the population (lower edge of last bin)
-0.001 #_comp_tail_compression
1e-05 #_add_to_comp
0 #_combine males into females at or below this bin number
45 #_N_lbins
#_lbin_vector
20 23 26 29 32 35 38 41 44 47 50 53 56 59 62 65 68 71 74 77 80 83 86 89 92 95 98 101 104 107 110 113 116 119 122 125 128 131 134 137 140 143 146 149 152
28 #_N_Length_comp_observations
 #_Yr Seas FltSvy Gender Part Nsamp           l20          l23          l26         l29         l32          l35          l38         l41        l44        l47        l50        l53        l56         l59        l62        l65        l68        l71        l74        l77        l80         l83         l86        l89        l92        l95        l98        l101        l104        l107        l110        l113        l116        l119        l122         l125        l128         l131         l134         l137         l140         l143         l146         l149         l152
   26    1      1      0    0   125 5.057678e-310 1.421925e-17 1.434605e-03 0.003104382 0.001035020 0.0255467362 0.0014354615 0.023195006 0.03565562 0.02142607 0.06865632 0.04160115 0.04481596 0.005540634 0.01738112 0.01252728 0.01162854 0.05758888 0.03223985 0.02046439 0.04100333 0.064714267 0.029475886 0.03119642 0.02377977 0.01775569 0.03211834 0.031749415 0.029580953 0.049393614 0.022484129 0.057493324 0.036022322 0.008730657 0.034072448 0.0154484137 0.001847905 2.309014e-03 1.152335e-02 2.534055e-03 2.469913e-02 2.418006e-03 4.981026e-04 2.887431e-03 9.870148e-04
   36    1      1      0    0   125  4.741971e-35 3.823827e-08 2.015333e-04 0.004906628 0.031185947 0.0086972018 0.0060444124 0.006763410 0.06039472 0.10630529 0.05888550 0.04273172 0.05871677 0.033039095 0.05757921 0.01692787 0.01936684 0.02685565 0.02800943 0.01924609 0.03430980 0.036940782 0.040321706 0.03084926 0.01588404 0.02975382 0.02646914 0.021850648 0.026392949 0.026112196 0.010662067 0.018239378 0.004800058 0.010314982 0.010089643 0.0078587231 0.004018603 5.824113e-03 4.205959e-02 1.097805e-03 1.649958e-03 6.615881e-03 7.499974e-04 2.320225e-14 1.277487e-03
   46    1      1      0    0   125  1.601746e-64 1.576553e-27 2.068713e-03 0.011810802 0.005546851 0.0051551200 0.0094280598 0.005383491 0.05288250 0.06302233 0.06305238 0.03463673 0.03510191 0.050905556 0.03441025 0.02674090 0.06296652 0.02272041 0.02397001 0.03000562 0.02846541 0.057040146 0.030549842 0.02352515 0.02973874 0.04304201 0.02699554 0.042482009 0.006162272 0.029100853 0.026640261 0.022642047 0.037310361 0.023618205 0.005883858 0.0087370959 0.016051311 2.106569e-05 5.675338e-05 1.497053e-04 6.210818e-04 1.303090e-04 5.528343e-05 1.172510e-03 3.383329e-09
   56    1      1      0    0   125 1.585726e-251 3.414996e-37 1.132275e-03 0.016673612 0.020954251 0.0165698966 0.0012411874 0.009346109 0.02854131 0.05369524 0.05225732 0.02605669 0.04106616 0.025146748 0.08293570 0.08188064 0.02778975 0.06620870 0.02385445 0.03584642 0.01975021 0.023704720 0.022412708 0.02647061 0.02703650 0.01475481 0.06142124 0.029307638 0.006531014 0.029738045 0.012456112 0.032737121 0.023362325 0.010926045 0.011894408 0.0005798077 0.009285938 1.923183e-02 5.726185e-04 4.244276e-03 3.273730e-06 6.681777e-05 5.371067e-07 8.218377e-07 2.314124e-03
   60    1      1      0    0   125  0.000000e+00 8.782451e-09 1.011772e-04 0.029740651 0.002877274 0.0017939094 0.0003896511 0.024554091 0.04537891 0.04525921 0.08268278 0.06705524 0.03363607 0.028576267 0.04280685 0.02882074 0.03609299 0.05192941 0.05885927 0.02787343 0.01204426 0.029259664 0.013789550 0.02362134 0.01653761 0.05573751 0.02942981 0.008619254 0.036097351 0.040388161 0.025815958 0.021069225 0.014500254 0.010309000 0.005876279 0.0001328744 0.012471675 2.296828e-03 1.925677e-03 2.998551e-03 2.216051e-03 1.948133e-03 1.558796e-21 1.929796e-08 2.448704e-02
   64    1      1      0    0   125 3.143525e-102 1.201845e-13 7.018851e-04 0.012467163 0.001987118 0.0051735739 0.0021384210 0.023673415 0.03424004 0.06793691 0.07564827 0.05656830 0.03931869 0.057511277 0.02203177 0.02888900 0.01455395 0.03473277 0.02408203 0.03001208 0.05877483 0.007573406 0.047266910 0.02869497 0.03048511 0.05139052 0.01437553 0.049531663 0.021247851 0.020388277 0.010701249 0.035443005 0.028055036 0.003538143 0.007332682 0.0105834107 0.018636891 1.442203e-02 1.458212e-03 7.749920e-05 6.247675e-04 1.896726e-07 4.975310e-04 6.894274e-03 3.393350e-04
   68    1      1      0    0   125  0.000000e+00 1.688741e-11 3.439256e-04 0.002910040 0.003949578 0.0022271014 0.0079091954 0.025302749 0.03017737 0.04445399 0.05251436 0.04743152 0.03489367 0.026178019 0.02543941 0.03241523 0.06366621 0.06165211 0.04362827 0.02368915 0.04036217 0.043356143 0.043087821 0.02276752 0.01879076 0.02697938 0.02348335 0.066765076 0.029814193 0.040490854 0.007702745 0.022550910 0.028111688 0.023111341 0.018811582 0.0017876223 0.004191767 3.773457e-04 1.047220e-03 6.290901e-03 9.283791e-04 2.251901e-14 9.055001e-07 4.084100e-04 6.564505e-10
   72    1      1      0    0   125 2.491035e-129 3.109426e-03 1.856624e-03 0.002397799 0.019161620 0.0022907489 0.0069564274 0.018218880 0.05121181 0.05541197 0.07543798 0.04829095 0.04051322 0.049247453 0.05277239 0.02871056 0.03818343 0.04408038 0.02699082 0.05760966 0.06586854 0.026401665 0.033869994 0.02972325 0.01046544 0.04335903 0.03061702 0.009470082 0.015374448 0.020106590 0.011459102 0.019876976 0.024713617 0.006240584 0.002145574 0.0034927745 0.013578053 6.475298e-04 7.994256e-03 8.019953e-05 1.822598e-03 1.511540e-07 2.403732e-04 7.936158e-10 5.220656e-09
   76    1      1      0    0   125 9.158532e-185 3.179621e-05 7.341443e-05 0.014393627 0.033429369 0.0008683157 0.0030551592 0.004530567 0.06595826 0.08188540 0.06310121 0.03969544 0.04224320 0.030966935 0.07875755 0.02013203 0.03673991 0.01869088 0.04319227 0.03051767 0.02393236 0.038225156 0.032434582 0.03224580 0.03067981 0.02973567 0.01597108 0.018902454 0.029549738 0.019802219 0.005696737 0.019739683 0.008106504 0.025378781 0.021434557 0.0061488241 0.008069009 1.368379e-02 1.224585e-03 4.805380e-03 2.897088e-05 1.816441e-05 8.745789e-04 2.688053e-03 2.360520e-03
   80    1      1      0    0   125  2.997329e-21 7.510187e-10 6.427535e-03 0.011748352 0.021979069 0.0033231245 0.0002446115 0.009345826 0.07494813 0.04385234 0.03707516 0.03360943 0.02127481 0.046581361 0.01736299 0.06461530 0.05887551 0.03988775 0.04809759 0.02285803 0.01928124 0.032752803 0.044424183 0.03281049 0.01536351 0.01742508 0.02911975 0.044221286 0.027776442 0.029890042 0.017090356 0.031367367 0.021773836 0.008859705 0.020904194 0.0002162650 0.017973127 2.267072e-02 1.737277e-03 5.725917e-04 1.602841e-03 4.140235e-07 2.428857e-06 5.233024e-07 5.661545e-05
   84    1      1      0    0   125 7.059542e-155 7.934742e-06 5.092084e-06 0.025955442 0.011385414 0.0159724136 0.0032110724 0.056668754 0.03089620 0.04578333 0.06120583 0.02087004 0.02122087 0.083388565 0.01395453 0.03644825 0.02924741 0.06382851 0.04554442 0.03735807 0.05159601 0.026812958 0.029176788 0.02557259 0.04643213 0.02982040 0.02738494 0.022903427 0.004308621 0.021317436 0.018723744 0.011362126 0.005253996 0.029454090 0.023197830 0.0118453219 0.005532049 1.887870e-03 4.156696e-03 9.485108e-05 2.201697e-09 1.290224e-10 2.063797e-04 1.822193e-16 7.586900e-06
   88    1      1      0    0   125  8.552113e-33 8.046734e-04 2.461459e-03 0.032992679 0.007298499 0.0112467732 0.0068337448 0.005334568 0.01565227 0.06830139 0.03218795 0.04980904 0.04477204 0.043573165 0.04771335 0.04327190 0.08464849 0.06031245 0.02984980 0.02371894 0.03686795 0.036192569 0.007392717 0.03093984 0.06833030 0.03360213 0.01213431 0.018133029 0.015709645 0.008421152 0.016712028 0.036827841 0.009011895 0.009965702 0.001734482 0.0104063016 0.002855101 2.961555e-02 1.119982e-03 1.143772e-03 1.447883e-03 1.529460e-04 3.461573e-04 1.458919e-04 7.658341e-06
   92    1      1      0    0   125  0.000000e+00 6.373764e-18 1.256353e-03 0.008647388 0.002756583 0.0011164239 0.0017715684 0.011351337 0.10281089 0.05117274 0.03172867 0.02248401 0.03689617 0.035979741 0.04745019 0.02705473 0.08007808 0.03949402 0.06040905 0.01741726 0.05649193 0.026454333 0.035811294 0.01512330 0.02633928 0.02098496 0.02299502 0.037279737 0.008644846 0.049465039 0.002993779 0.007530864 0.019515140 0.019291006 0.007328688 0.0233881163 0.031013173 5.061020e-03 3.190267e-03 9.316825e-06 1.163338e-03 1.053920e-05 2.716407e-12 3.979861e-05 4.866922e-17
   96    1      1      0    0   125 3.292101e-272 4.354556e-14 1.379808e-05 0.005926537 0.014575743 0.0046187538 0.0094705962 0.020817716 0.03446659 0.04586012 0.07977546 0.03731630 0.03618910 0.045230965 0.07661055 0.03577254 0.02085441 0.03462424 0.06358675 0.03829268 0.06545834 0.030764716 0.022433661 0.02250971 0.03283599 0.01352022 0.01436235 0.040727167 0.016904012 0.022589521 0.047432736 0.005621315 0.013624309 0.003560303 0.010907279 0.0033164413 0.005626466 6.057046e-03 5.712285e-04 2.799799e-03 1.533115e-04 5.657932e-07 1.418009e-02 6.331992e-09 4.056832e-05
  100    1      1      0    0   125 1.956280e-116 1.672474e-04 2.916671e-05 0.001998428 0.025200848 0.0073267038 0.0219558337 0.006594683 0.04208501 0.04188201 0.06153127 0.04482760 0.05529558 0.057976641 0.06718122 0.03711029 0.05874490 0.02509767 0.04054340 0.03046463 0.04152174 0.014076547 0.033803375 0.02970116 0.04042651 0.03721215 0.02891302 0.027971775 0.001469953 0.015203639 0.016433493 0.041219222 0.013569139 0.009295299 0.003410154 0.0092188278 0.001494732 7.917932e-03 5.594039e-04 1.514084e-04 4.149876e-04 1.107158e-06 9.225794e-07 2.466849e-07 1.065551e-07
   76    1      2      0    0   500  7.229664e-17 5.484856e-04 1.245587e-02 0.053333200 0.053830410 0.0111514071 0.0061973133 0.021562096 0.03399576 0.07028381 0.06141173 0.05771219 0.04342350 0.027424466 0.03431934 0.02584005 0.03109208 0.03905795 0.03959751 0.02756944 0.02119851 0.040305021 0.022454484 0.02826742 0.02595837 0.03144317 0.03084848 0.022479859 0.024232715 0.010267863 0.009868385 0.015106953 0.018820946 0.006916561 0.012241005 0.0025616687 0.004387955 3.768307e-03 1.289804e-02 1.576902e-03 1.501379e-04 2.203178e-03 2.296905e-06 6.740260e-08 1.235096e-03
   78    1      2      0    0   500  3.054322e-38 2.066936e-03 1.613747e-02 0.051564320 0.031011478 0.0293747271 0.0106243069 0.029378843 0.03597079 0.06412269 0.04247396 0.03966658 0.02746253 0.027926261 0.03094766 0.04815110 0.03502472 0.03550474 0.04046419 0.03335816 0.03177351 0.026377219 0.017746253 0.01550365 0.04948903 0.01617252 0.03607155 0.021013903 0.019867072 0.022281863 0.013456546 0.019087503 0.019653478 0.008362912 0.009413255 0.0055674200 0.024499834 3.618617e-03 3.212394e-03 1.045560e-03 1.357301e-03 2.405926e-04 1.141837e-03 7.791147e-04 1.035604e-03
   80    1      2      0    0   500  1.798298e-18 5.903687e-03 2.572556e-02 0.064894816 0.042417149 0.0203482557 0.0093829839 0.028142276 0.05081523 0.03784388 0.05133441 0.04054607 0.03450939 0.034634555 0.04169460 0.04603948 0.04497775 0.02963890 0.02628245 0.03508344 0.02645393 0.030518074 0.033798211 0.01777235 0.02455226 0.03604100 0.02467624 0.020821781 0.017748692 0.015177786 0.017638332 0.009037262 0.013455645 0.007862621 0.017724804 0.0066907074 0.004122731 7.907715e-04 4.811755e-04 1.109827e-03 6.670711e-04 1.916729e-03 6.997969e-04 1.186832e-10 2.731960e-05
   82    1      2      0    0   500  1.065897e-14 1.600973e-03 2.343030e-02 0.045774640 0.053032348 0.0231018880 0.0072776446 0.025583423 0.02826222 0.06550636 0.04164864 0.03567071 0.03045156 0.028954206 0.02662419 0.05081037 0.06095974 0.03689091 0.02684897 0.03107300 0.02185319 0.021113579 0.040166536 0.02764884 0.02113928 0.02994669 0.02605735 0.024008193 0.025792254 0.022134148 0.019546180 0.008851006 0.016976037 0.013453147 0.004530612 0.0056555223 0.001367928 6.923703e-03 6.895069e-03 3.766047e-03 3.609819e-03 1.183267e-04 1.590077e-04 3.262943e-03 1.522487e-03
   84    1      2      0    0   500  6.534507e-45 1.122251e-03 9.687332e-03 0.069455209 0.061222478 0.0148893466 0.0074806893 0.015427586 0.04566556 0.04671016 0.06114163 0.04593036 0.03952564 0.039486039 0.03316278 0.03402652 0.03007577 0.03347092 0.03759944 0.04027542 0.03147218 0.021344855 0.022875607 0.02856934 0.03050136 0.02774281 0.02735120 0.016022918 0.009724700 0.022337583 0.015630837 0.013064482 0.022672511 0.012535274 0.005132557 0.0103832372 0.001705911 5.293299e-03 1.635306e-03 6.833896e-03 5.320891e-04 3.345269e-05 2.465370e-04 2.916686e-06 1.278261e-08
   86    1      2      0    0   500  5.981022e-08 4.693077e-03 2.076379e-02 0.053827609 0.037206640 0.0280253034 0.0085680152 0.021926001 0.03125945 0.03500461 0.03930224 0.05325753 0.03173087 0.040322490 0.02843613 0.04445220 0.04263117 0.03087343 0.03224097 0.02728282 0.02437829 0.033112749 0.021159035 0.02587456 0.03112165 0.02692639 0.01387312 0.028769380 0.020965733 0.035931599 0.015565905 0.022918760 0.012098559 0.016944256 0.027411124 0.0082285415 0.006358927 5.443745e-03 6.319783e-03 6.347487e-05 1.061087e-04 3.626012e-04 7.595414e-04 1.640943e-04 3.337677e-03
   88    1      2      0    0   500  8.929760e-11 1.934852e-03 1.666067e-02 0.066494511 0.040293857 0.0157768482 0.0055109005 0.042113449 0.05392498 0.06513391 0.04923815 0.03311985 0.02593630 0.037689783 0.03709408 0.03697958 0.05278433 0.03265553 0.02959982 0.04725127 0.02625312 0.025789533 0.024108281 0.02414385 0.01902562 0.02305931 0.03258476 0.012159882 0.026360006 0.013769634 0.013349818 0.007385494 0.015639679 0.011589035 0.007871701 0.0120341553 0.005259553 1.636933e-03 1.245531e-03 2.033674e-03 8.349742e-04 6.004718e-04 9.991793e-06 1.786642e-03 1.275680e-03
   90    1      2      0    0   500  6.844083e-06 3.770023e-03 1.090198e-02 0.047942703 0.051176005 0.0230396229 0.0086055370 0.028967253 0.04836807 0.05729051 0.06976888 0.02632592 0.02950951 0.025286534 0.03093079 0.04427270 0.05823337 0.02150913 0.03425369 0.01867330 0.01899769 0.033119728 0.020507901 0.02262681 0.03601985 0.01881360 0.03337333 0.017984935 0.010943978 0.025075064 0.019766068 0.010835029 0.016817980 0.007662654 0.010100409 0.0135234176 0.008441541 1.812745e-02 6.011294e-04 6.324077e-03 3.153102e-03 7.399837e-03 9.346422e-04 1.475944e-07 1.726032e-05
   92    1      2      0    0   500  5.243695e-07 1.043907e-03 1.278052e-02 0.049795136 0.049061293 0.0215361790 0.0085348671 0.024201393 0.03707369 0.07185903 0.05461899 0.03959185 0.05700762 0.035509098 0.03432179 0.03126638 0.04966702 0.03930462 0.03279285 0.02564650 0.02105917 0.021859113 0.021429213 0.02216655 0.02774374 0.02850201 0.02327235 0.026060475 0.020245071 0.014581327 0.029835021 0.016297221 0.016309459 0.008604480 0.004893089 0.0018818653 0.009047124 6.309005e-03 1.329827e-03 1.443703e-03 4.847564e-04 3.408517e-05 4.720707e-04 5.235277e-04 2.465945e-06
   94    1      2      0    0   500  5.117523e-09 2.347738e-03 2.120080e-02 0.038061904 0.054825305 0.0116671965 0.0062939480 0.022789019 0.05246665 0.08374249 0.05163141 0.03413654 0.04058062 0.024900655 0.02444949 0.03840418 0.04725122 0.01759936 0.04098503 0.04437250 0.03397786 0.029592572 0.023953839 0.02307659 0.02730060 0.02497484 0.02867540 0.025366653 0.014062132 0.020059553 0.020468788 0.012163862 0.013132425 0.006499960 0.006963780 0.0104708014 0.003289375 4.293591e-03 3.749807e-03 1.264864e-03 4.357587e-03 2.515977e-03 2.271560e-05 3.211999e-04 1.739174e-03
   96    1      2      0    0   500  9.598007e-07 5.479434e-04 1.191536e-02 0.034657344 0.040728829 0.0175012280 0.0144503917 0.022924906 0.05631035 0.05825827 0.07399734 0.02230495 0.03829910 0.033671257 0.03241735 0.03558940 0.03966509 0.03468183 0.03227653 0.03088179 0.03426245 0.029616796 0.027033448 0.02288470 0.02513341 0.02389248 0.02300377 0.034010096 0.029677811 0.023078961 0.016280993 0.012880047 0.008877211 0.011063717 0.011217524 0.0081429761 0.004006486 7.964781e-03 1.515599e-03 1.143145e-03 6.408877e-03 8.896550e-04 2.382420e-03 2.407373e-03 1.145034e-03
   98    1      2      0    0   500  1.171450e-26 5.625846e-04 1.050296e-02 0.045502090 0.041155012 0.0133687714 0.0106505697 0.026118050 0.05227194 0.06015756 0.05741084 0.04163102 0.03198644 0.062376289 0.02563762 0.04131814 0.05345738 0.03608893 0.04618508 0.02143625 0.03167470 0.023508202 0.029162417 0.02477576 0.01996115 0.02522655 0.02003693 0.013905516 0.018822072 0.021590282 0.019314828 0.008961278 0.013096602 0.011537119 0.007207101 0.0100024768 0.007086935 1.086387e-02 2.257460e-03 1.452872e-04 1.141232e-03 1.842524e-03 1.652276e-09 1.768607e-07 6.198379e-05
  100    1      2      0    0   500  7.000492e-10 1.261144e-03 2.703800e-02 0.044145034 0.043518345 0.0243438984 0.0172833316 0.034360832 0.04587939 0.05275674 0.05255844 0.04630576 0.02578883 0.039257639 0.02337451 0.02985337 0.03805180 0.03114087 0.02383344 0.03117958 0.01540128 0.051785745 0.027783638 0.02707252 0.03682172 0.02626077 0.02507937 0.012595139 0.018546945 0.020532714 0.033252607 0.018926561 0.006950466 0.012785833 0.011945017 0.0066331263 0.009153881 1.052554e-03 2.782515e-03 1.052455e-04 6.163219e-05 5.263060e-05 4.042089e-04 6.734068e-05 2.015587e-03
15 #_N_agebins
#_agebin_vector
1 2 3 4 5 6 7 8 9 10 11 12 13 14 15
1 #_N_ageerror_definitions
 #_age0   age1   age2   age3   age4   age5   age6   age7   age8   age9  age10  age11  age12  age13  age14  age15  age16  age17  age18  age19  age20  age21  age22  age23  age24  age25
 -1.000 -1.000 -1.000 -1.000 -1.000 -1.000 -1.000 -1.000 -1.000 -1.000 -1.000 -1.000 -1.000 -1.000 -1.000 -1.000 -1.000 -1.000 -1.000 -1.000 -1.000 -1.000 -1.000 -1.000 -1.000 -1.000
  0.001  0.001  0.001  0.001  0.001  0.001  0.001  0.001  0.001  0.001  0.001  0.001  0.001  0.001  0.001  0.001  0.001  0.001  0.001  0.001  0.001  0.001  0.001  0.001  0.001  0.001
86 #_N_agecomp
1 #_Lbin_method: 1=poplenbins; 2=datalenbins; 3=lengths
-1 #_combine males into females at or below this bin number
 #_Yr Seas FltSvy Gender Part Ageerr Lbin_lo Lbin_hi Nsamp           a1        a2        a3        a4         a5         a6         a7         a8          a9         a10         a11          a12          a13          a14         a15
   26    1      1      0    0      1      -1      -1   125  0.007335489 0.1440193 0.1177726 0.1622329 0.09234936 0.07879766 0.06281701 0.09612029 0.040803089 0.020951437 0.028083719 0.0045432388 0.0298292146 0.0180173006 0.096327397
   36    1      1      0    0      1      -1      -1   125  0.009261653 0.2058094 0.1570589 0.1097423 0.12968899 0.09678281 0.06058603 0.03737758 0.024111874 0.073222473 0.019172641 0.0076635446 0.0088592842 0.0418166294 0.018845908
   46    1      1      0    0      1      -1      -1   125  0.034588015 0.2048906 0.2042371 0.1542380 0.11776133 0.07362258 0.03954063 0.04366421 0.025363700 0.034668463 0.011415077 0.0050703122 0.0244482216 0.0006460260 0.025845655
   56    1      1      0    0      1      -1      -1   125  0.017617798 0.1979353 0.2250537 0.2078198 0.15782100 0.01846985 0.07190966 0.02648808 0.013754889 0.014018906 0.016762994 0.0107260300 0.0037986972 0.0022867555 0.015536568
   60    1      1      0    0      1      -1      -1   125  0.018131716 0.2653756 0.1938481 0.1293814 0.08919056 0.08095350 0.06641362 0.04779331 0.007647221 0.021863780 0.018583013 0.0212015357 0.0116046200 0.0003981373 0.027613916
   64    1      1      0    0      1      -1      -1   125  0.017834147 0.2371535 0.2223775 0.1401183 0.10492590 0.08143135 0.02823321 0.05794953 0.039841382 0.015311353 0.015791560 0.0044324579 0.0123835121 0.0054236837 0.016792630
   68    1      1      0    0      1      -1      -1   125  0.035181979 0.2037427 0.1984230 0.1290155 0.18018054 0.10848498 0.03625260 0.02002574 0.015952029 0.020268169 0.014337496 0.0172116983 0.0021687108 0.0079561516 0.010798651
   72    1      1      0    0      1      -1      -1   125  0.042598305 0.1924868 0.2208505 0.1133126 0.08732915 0.10458918 0.05204092 0.03698379 0.083006653 0.008281716 0.016247665 0.0310518599 0.0017325594 0.0005179430 0.008970363
   76    1      1      0    0      1      -1      -1   125  0.025056873 0.2497296 0.1569845 0.1473345 0.11607571 0.07153588 0.08557233 0.04167469 0.012747345 0.030336674 0.010064640 0.0017229940 0.0113207570 0.0093521592 0.030491366
   80    1      1      0    0      1      -1      -1   125  0.036493836 0.2697980 0.2130208 0.1297079 0.09931308 0.07977246 0.03717546 0.04522635 0.021328825 0.020446176 0.007006166 0.0260648703 0.0018986512 0.0067661666 0.005981303
   84    1      1      0    0      1      -1      -1   125  0.032307190 0.2168416 0.1552731 0.1122205 0.17172666 0.06775437 0.07998788 0.05062048 0.041520952 0.030393387 0.023072941 0.0074467378 0.0000335794 0.0030644310 0.007736276
   88    1      1      0    0      1      -1      -1   125  0.030670807 0.2274112 0.2121583 0.1706887 0.10979085 0.09036192 0.05644753 0.02021247 0.030347706 0.007448316 0.015073280 0.0064889984 0.0047843359 0.0000816450 0.018033974
   92    1      1      0    0      1      -1      -1   125  0.060497654 0.1771376 0.2169018 0.1574480 0.10412036 0.05815402 0.05699007 0.02818217 0.050224300 0.018593722 0.007593829 0.0264632668 0.0190665845 0.0055081950 0.013118389
   96    1      1      0    0      1      -1      -1   125  0.018951768 0.2812999 0.2115581 0.1111524 0.06954932 0.06306635 0.08396202 0.06077350 0.017551716 0.022477445 0.011523251 0.0202769638 0.0034841010 0.0065566568 0.017816487
  100    1      1      0    0      1      -1      -1   125  0.017921268 0.2463006 0.2553821 0.1290477 0.07401765 0.05071015 0.05843652 0.04208913 0.016086395 0.008923331 0.004175597 0.0008517432 0.0738360852 0.0002764882 0.021945222
   76    1      2      0    0      1      -1      -1   500  0.148383615 0.2354987 0.1565925 0.1009342 0.10016321 0.08268515 0.04216578 0.03567200 0.017339961 0.027828371 0.018721704 0.0088382346 0.0038294774 0.0059242391 0.015422871
   78    1      2      0    0      1      -1      -1   500  0.160373733 0.2315737 0.1591984 0.1111050 0.07700536 0.07885261 0.06343023 0.03058814 0.029303736 0.018313182 0.009464046 0.0115088198 0.0055921364 0.0049126777 0.008778236
   80    1      2      0    0      1      -1      -1   500  0.127527365 0.2562106 0.1538138 0.1149835 0.08950024 0.07576315 0.05440739 0.03839623 0.016097893 0.018678844 0.011993292 0.0131418059 0.0035074322 0.0052257263 0.020752740
   82    1      2      0    0      1      -1      -1   500  0.158060895 0.2569649 0.1640152 0.1191645 0.08248927 0.05398643 0.03506458 0.03210199 0.028099888 0.021162149 0.020792325 0.0031824586 0.0046619230 0.0043436596 0.015909772
   84    1      2      0    0      1      -1      -1   500  0.135599525 0.2174834 0.1628229 0.1310595 0.08822923 0.06331948 0.04800925 0.04647459 0.030328848 0.019034181 0.021276180 0.0075748766 0.0047688503 0.0068005658 0.017218728
   86    1      2      0    0      1      -1      -1   500  0.139708632 0.2079023 0.1978810 0.1415475 0.08858361 0.06577683 0.03897558 0.02801764 0.037106574 0.015436314 0.009043485 0.0063915664 0.0075057213 0.0037189539 0.012404341
   88    1      2      0    0      1      -1      -1   500  0.116959477 0.2564743 0.1782202 0.1115133 0.08437820 0.07722671 0.05043238 0.03671410 0.019012125 0.022879252 0.007208828 0.0064815377 0.0153229228 0.0039567155 0.013219978
   90    1      2      0    0      1      -1      -1   500  0.158675582 0.2407632 0.1778661 0.1228455 0.05310947 0.05823796 0.05333928 0.05592607 0.024197056 0.014667444 0.007711577 0.0077469041 0.0132082987 0.0041455193 0.007559982
   92    1      2      0    0      1      -1      -1   500  0.154525186 0.2135025 0.1729571 0.1197771 0.09139529 0.05518004 0.03934505 0.06011287 0.019568247 0.028237072 0.012382202 0.0065773408 0.0077507018 0.0016371456 0.017052152
   94    1      2      0    0      1      -1      -1   500  0.151770041 0.2402889 0.1535114 0.1396912 0.08728336 0.05602410 0.04173884 0.04957609 0.015990105 0.018225977 0.014317359 0.0134504282 0.0043008916 0.0026386549 0.011192717
   96    1      2      0    0      1      -1      -1   500  0.144701087 0.2204714 0.1640701 0.1229391 0.09906746 0.06200106 0.05765887 0.04544480 0.016866126 0.022249125 0.007497240 0.0073918461 0.0067963044 0.0039178766 0.018927624
   98    1      2      0    0      1      -1      -1   500  0.139828027 0.2389773 0.1912758 0.1054361 0.08476646 0.06619775 0.03729016 0.03341197 0.024951460 0.026522248 0.012722211 0.0058451918 0.0059809360 0.0133687336 0.013425654
  100    1      2      0    0      1      -1      -1   500  0.159447735 0.2231265 0.1687588 0.1381416 0.06346872 0.06526048 0.05038159 0.03465712 0.025288378 0.013769684 0.019784592 0.0046476818 0.0080227737 0.0107303189 0.014514024
   60    1      1      0    0      1       4       4     3  3.000000000 0.0000000 0.0000000 0.0000000 0.00000000 0.00000000 0.00000000 0.00000000 0.000000000 0.000000000 0.000000000 0.0000000000 0.0000000000 0.0000000000 0.000000000
   60    1      1      0    0      1       8       8     2  2.000000000 0.0000000 0.0000000 0.0000000 0.00000000 0.00000000 0.00000000 0.00000000 0.000000000 0.000000000 0.000000000 0.0000000000 0.0000000000 0.0000000000 0.000000000
   60    1      1      0    0      1       9       9     5  5.000000000 0.0000000 0.0000000 0.0000000 0.00000000 0.00000000 0.00000000 0.00000000 0.000000000 0.000000000 0.000000000 0.0000000000 0.0000000000 0.0000000000 0.000000000
   60    1      1      0    0      1      10      10     9  9.000000000 0.0000000 0.0000000 0.0000000 0.00000000 0.00000000 0.00000000 0.00000000 0.000000000 0.000000000 0.000000000 0.0000000000 0.0000000000 0.0000000000 0.000000000
   60    1      1      0    0      1      11      11    11 11.000000000 0.0000000 0.0000000 0.0000000 0.00000000 0.00000000 0.00000000 0.00000000 0.000000000 0.000000000 0.000000000 0.0000000000 0.0000000000 0.0000000000 0.000000000
   60    1      1      0    0      1      12      12     8  8.000000000 0.0000000 0.0000000 0.0000000 0.00000000 0.00000000 0.00000000 0.00000000 0.000000000 0.000000000 0.000000000 0.0000000000 0.0000000000 0.0000000000 0.000000000
   60    1      1      0    0      1      13      13     2  2.000000000 0.0000000 0.0000000 0.0000000 0.00000000 0.00000000 0.00000000 0.00000000 0.000000000 0.000000000 0.000000000 0.0000000000 0.0000000000 0.0000000000 0.000000000
   60    1      1      0    0      1      14      14     4  4.000000000 0.0000000 0.0000000 0.0000000 0.00000000 0.00000000 0.00000000 0.00000000 0.000000000 0.000000000 0.000000000 0.0000000000 0.0000000000 0.0000000000 0.000000000
   60    1      1      0    0      1      15      15     1  1.000000000 0.0000000 0.0000000 0.0000000 0.00000000 0.00000000 0.00000000 0.00000000 0.000000000 0.000000000 0.000000000 0.0000000000 0.0000000000 0.0000000000 0.000000000
   60    1      1      0    0      1      16      16     2  2.000000000 0.0000000 0.0000000 0.0000000 0.00000000 0.00000000 0.00000000 0.00000000 0.000000000 0.000000000 0.000000000 0.0000000000 0.0000000000 0.0000000000 0.000000000
   60    1      1      0    0      1      17      17     3  3.000000000 0.0000000 0.0000000 0.0000000 0.00000000 0.00000000 0.00000000 0.00000000 0.000000000 0.000000000 0.000000000 0.0000000000 0.0000000000 0.0000000000 0.000000000
   60    1      1      0    0      1      18      18     7  7.000000000 0.0000000 0.0000000 0.0000000 0.00000000 0.00000000 0.00000000 0.00000000 0.000000000 0.000000000 0.000000000 0.0000000000 0.0000000000 0.0000000000 0.000000000
   60    1      1      0    0      1      19      19     4  4.000000000 0.0000000 0.0000000 0.0000000 0.00000000 0.00000000 0.00000000 0.00000000 0.000000000 0.000000000 0.000000000 0.0000000000 0.0000000000 0.0000000000 0.000000000
   60    1      1      0    0      1      20      20     1  1.000000000 0.0000000 0.0000000 0.0000000 0.00000000 0.00000000 0.00000000 0.00000000 0.000000000 0.000000000 0.000000000 0.0000000000 0.0000000000 0.0000000000 0.000000000
   60    1      1      0    0      1      21      21     2  2.000000000 0.0000000 0.0000000 0.0000000 0.00000000 0.00000000 0.00000000 0.00000000 0.000000000 0.000000000 0.000000000 0.0000000000 0.0000000000 0.0000000000 0.000000000
   60    1      1      0    0      1      22      22     1  1.000000000 0.0000000 0.0000000 0.0000000 0.00000000 0.00000000 0.00000000 0.00000000 0.000000000 0.000000000 0.000000000 0.0000000000 0.0000000000 0.0000000000 0.000000000
   60    1      1      0    0      1      25      25     5  5.000000000 0.0000000 0.0000000 0.0000000 0.00000000 0.00000000 0.00000000 0.00000000 0.000000000 0.000000000 0.000000000 0.0000000000 0.0000000000 0.0000000000 0.000000000
   60    1      1      0    0      1      26      26     5  4.000000000 1.0000000 0.0000000 0.0000000 0.00000000 0.00000000 0.00000000 0.00000000 0.000000000 0.000000000 0.000000000 0.0000000000 0.0000000000 0.0000000000 0.000000000
   60    1      1      0    0      1      27      27     6  6.000000000 0.0000000 0.0000000 0.0000000 0.00000000 0.00000000 0.00000000 0.00000000 0.000000000 0.000000000 0.000000000 0.0000000000 0.0000000000 0.0000000000 0.000000000
   60    1      1      0    0      1      30      30     7  1.000000000 6.0000000 0.0000000 0.0000000 0.00000000 0.00000000 0.00000000 0.00000000 0.000000000 0.000000000 0.000000000 0.0000000000 0.0000000000 0.0000000000 0.000000000
   60    1      1      0    0      1      31      31     2  0.000000000 2.0000000 0.0000000 0.0000000 0.00000000 0.00000000 0.00000000 0.00000000 0.000000000 0.000000000 0.000000000 0.0000000000 0.0000000000 0.0000000000 0.000000000
   60    1      1      0    0      1      32      32     3  0.000000000 3.0000000 0.0000000 0.0000000 0.00000000 0.00000000 0.00000000 0.00000000 0.000000000 0.000000000 0.000000000 0.0000000000 0.0000000000 0.0000000000 0.000000000
   60    1      1      0    0      1      33      33     1  0.000000000 1.0000000 0.0000000 0.0000000 0.00000000 0.00000000 0.00000000 0.00000000 0.000000000 0.000000000 0.000000000 0.0000000000 0.0000000000 0.0000000000 0.000000000
   60    1      1      0    0      1      34      34     1  0.000000000 1.0000000 0.0000000 0.0000000 0.00000000 0.00000000 0.00000000 0.00000000 0.000000000 0.000000000 0.000000000 0.0000000000 0.0000000000 0.0000000000 0.000000000
   60    1      1      0    0      1      37      37     1  0.000000000 1.0000000 0.0000000 0.0000000 0.00000000 0.00000000 0.00000000 0.00000000 0.000000000 0.000000000 0.000000000 0.0000000000 0.0000000000 0.0000000000 0.000000000
   60    1      1      0    0      1      39      39     1  0.000000000 1.0000000 0.0000000 0.0000000 0.00000000 0.00000000 0.00000000 0.00000000 0.000000000 0.000000000 0.000000000 0.0000000000 0.0000000000 0.0000000000 0.000000000
   60    1      1      0    0      1      40      40     1  0.000000000 1.0000000 0.0000000 0.0000000 0.00000000 0.00000000 0.00000000 0.00000000 0.000000000 0.000000000 0.000000000 0.0000000000 0.0000000000 0.0000000000 0.000000000
   60    1      1      0    0      1      45      45     2  0.000000000 0.0000000 2.0000000 0.0000000 0.00000000 0.00000000 0.00000000 0.00000000 0.000000000 0.000000000 0.000000000 0.0000000000 0.0000000000 0.0000000000 0.000000000
  100    1      1      0    0      1       5       5     2  2.000000000 0.0000000 0.0000000 0.0000000 0.00000000 0.00000000 0.00000000 0.00000000 0.000000000 0.000000000 0.000000000 0.0000000000 0.0000000000 0.0000000000 0.000000000
  100    1      1      0    0      1       6       6     1  1.000000000 0.0000000 0.0000000 0.0000000 0.00000000 0.00000000 0.00000000 0.00000000 0.000000000 0.000000000 0.000000000 0.0000000000 0.0000000000 0.0000000000 0.000000000
  100    1      1      0    0      1       7       7     1  1.000000000 0.0000000 0.0000000 0.0000000 0.00000000 0.00000000 0.00000000 0.00000000 0.000000000 0.000000000 0.000000000 0.0000000000 0.0000000000 0.0000000000 0.000000000
  100    1      1      0    0      1       8       8     1  1.000000000 0.0000000 0.0000000 0.0000000 0.00000000 0.00000000 0.00000000 0.00000000 0.000000000 0.000000000 0.000000000 0.0000000000 0.0000000000 0.0000000000 0.000000000
  100    1      1      0    0      1       9       9     7  7.000000000 0.0000000 0.0000000 0.0000000 0.00000000 0.00000000 0.00000000 0.00000000 0.000000000 0.000000000 0.000000000 0.0000000000 0.0000000000 0.0000000000 0.000000000
  100    1      1      0    0      1      10      10     2  2.000000000 0.0000000 0.0000000 0.0000000 0.00000000 0.00000000 0.00000000 0.00000000 0.000000000 0.000000000 0.000000000 0.0000000000 0.0000000000 0.0000000000 0.000000000
  100    1      1      0    0      1      11      11     2  2.000000000 0.0000000 0.0000000 0.0000000 0.00000000 0.00000000 0.00000000 0.00000000 0.000000000 0.000000000 0.000000000 0.0000000000 0.0000000000 0.0000000000 0.000000000
  100    1      1      0    0      1      12      12     5  5.000000000 0.0000000 0.0000000 0.0000000 0.00000000 0.00000000 0.00000000 0.00000000 0.000000000 0.000000000 0.000000000 0.0000000000 0.0000000000 0.0000000000 0.000000000
  100    1      1      0    0      1      13      13     5  5.000000000 0.0000000 0.0000000 0.0000000 0.00000000 0.00000000 0.00000000 0.00000000 0.000000000 0.000000000 0.000000000 0.0000000000 0.0000000000 0.0000000000 0.000000000
  100    1      1      0    0      1      14      14     9  9.000000000 0.0000000 0.0000000 0.0000000 0.00000000 0.00000000 0.00000000 0.00000000 0.000000000 0.000000000 0.000000000 0.0000000000 0.0000000000 0.0000000000 0.000000000
  100    1      1      0    0      1      15      15    13 13.000000000 0.0000000 0.0000000 0.0000000 0.00000000 0.00000000 0.00000000 0.00000000 0.000000000 0.000000000 0.000000000 0.0000000000 0.0000000000 0.0000000000 0.000000000
  100    1      1      0    0      1      16      16     5  5.000000000 0.0000000 0.0000000 0.0000000 0.00000000 0.00000000 0.00000000 0.00000000 0.000000000 0.000000000 0.000000000 0.0000000000 0.0000000000 0.0000000000 0.000000000
  100    1      1      0    0      1      17      17     4  4.000000000 0.0000000 0.0000000 0.0000000 0.00000000 0.00000000 0.00000000 0.00000000 0.000000000 0.000000000 0.000000000 0.0000000000 0.0000000000 0.0000000000 0.000000000
  100    1      1      0    0      1      18      18     2  2.000000000 0.0000000 0.0000000 0.0000000 0.00000000 0.00000000 0.00000000 0.00000000 0.000000000 0.000000000 0.000000000 0.0000000000 0.0000000000 0.0000000000 0.000000000
  100    1      1      0    0      1      19      19     4  4.000000000 0.0000000 0.0000000 0.0000000 0.00000000 0.00000000 0.00000000 0.00000000 0.000000000 0.000000000 0.000000000 0.0000000000 0.0000000000 0.0000000000 0.000000000
  100    1      1      0    0      1      20      20     2  2.000000000 0.0000000 0.0000000 0.0000000 0.00000000 0.00000000 0.00000000 0.00000000 0.000000000 0.000000000 0.000000000 0.0000000000 0.0000000000 0.0000000000 0.000000000
  100    1      1      0    0      1      21      21     2  2.000000000 0.0000000 0.0000000 0.0000000 0.00000000 0.00000000 0.00000000 0.00000000 0.000000000 0.000000000 0.000000000 0.0000000000 0.0000000000 0.0000000000 0.000000000
  100    1      1      0    0      1      22      22     1  1.000000000 0.0000000 0.0000000 0.0000000 0.00000000 0.00000000 0.00000000 0.00000000 0.000000000 0.000000000 0.000000000 0.0000000000 0.0000000000 0.0000000000 0.000000000
  100    1      1      0    0      1      23      23     2  2.000000000 0.0000000 0.0000000 0.0000000 0.00000000 0.00000000 0.00000000 0.00000000 0.000000000 0.000000000 0.000000000 0.0000000000 0.0000000000 0.0000000000 0.000000000
  100    1      1      0    0      1      24      24     4  4.000000000 0.0000000 0.0000000 0.0000000 0.00000000 0.00000000 0.00000000 0.00000000 0.000000000 0.000000000 0.000000000 0.0000000000 0.0000000000 0.0000000000 0.000000000
  100    1      1      0    0      1      25      25     8  8.000000000 0.0000000 0.0000000 0.0000000 0.00000000 0.00000000 0.00000000 0.00000000 0.000000000 0.000000000 0.000000000 0.0000000000 0.0000000000 0.0000000000 0.000000000
  100    1      1      0    0      1      26      26     3  3.000000000 0.0000000 0.0000000 0.0000000 0.00000000 0.00000000 0.00000000 0.00000000 0.000000000 0.000000000 0.000000000 0.0000000000 0.0000000000 0.0000000000 0.000000000
  100    1      1      0    0      1      27      27     2  2.000000000 0.0000000 0.0000000 0.0000000 0.00000000 0.00000000 0.00000000 0.00000000 0.000000000 0.000000000 0.000000000 0.0000000000 0.0000000000 0.0000000000 0.000000000
  100    1      1      0    0      1      28      28     2  2.000000000 0.0000000 0.0000000 0.0000000 0.00000000 0.00000000 0.00000000 0.00000000 0.000000000 0.000000000 0.000000000 0.0000000000 0.0000000000 0.0000000000 0.000000000
  100    1      1      0    0      1      30      30     1  0.000000000 1.0000000 0.0000000 0.0000000 0.00000000 0.00000000 0.00000000 0.00000000 0.000000000 0.000000000 0.000000000 0.0000000000 0.0000000000 0.0000000000 0.000000000
  100    1      1      0    0      1      31      31     1  0.000000000 1.0000000 0.0000000 0.0000000 0.00000000 0.00000000 0.00000000 0.00000000 0.000000000 0.000000000 0.000000000 0.0000000000 0.0000000000 0.0000000000 0.000000000
  100    1      1      0    0      1      32      32     5  0.000000000 5.0000000 0.0000000 0.0000000 0.00000000 0.00000000 0.00000000 0.00000000 0.000000000 0.000000000 0.000000000 0.0000000000 0.0000000000 0.0000000000 0.000000000
  100    1      1      0    0      1      33      33     1  0.000000000 1.0000000 0.0000000 0.0000000 0.00000000 0.00000000 0.00000000 0.00000000 0.000000000 0.000000000 0.000000000 0.0000000000 0.0000000000 0.0000000000 0.000000000
  100    1      1      0    0      1      34      34     1  0.000000000 1.0000000 0.0000000 0.0000000 0.00000000 0.00000000 0.00000000 0.00000000 0.000000000 0.000000000 0.000000000 0.0000000000 0.0000000000 0.0000000000 0.000000000
  100    1      1      0    0      1      38      38     2  0.000000000 2.0000000 0.0000000 0.0000000 0.00000000 0.00000000 0.00000000 0.00000000 0.000000000 0.000000000 0.000000000 0.0000000000 0.0000000000 0.0000000000 0.000000000
0 #_N_MeanSize_at_Age_obs
0 #_N_environ_variables
0 #_N_environ_obs
0 #_N_sizefreq_methods
0 #_do_tags
0 #_morphcomp_data
#
999
