#C data file created using the SS_writedat function in the R package r4ss
#C should work with SS version: 
#C file write time: 2015-02-11 18:10:31
#
1 #_styr
100 #_endyr
1 #_nseas
12 #_months_per_seas
1 #_spawn_seas
1 #_Nfleet
2 #_Nsurveys
1 #_N_areas
Fishery%Survey%CPUE #_fleetnames
0.5 0.5 0.5 #_surveytiming_in_season
1 1 1 #_area_assignments_for_each_fishery_and_survey
1 #_units of catch:  1=bio; 2=num
0.01 #_se of log(catch) only used for init_eq_catch and for Fmethod 2 and 3
1 #_Ngenders
25 #_Nages
0 #_init_equil_catch_for_each_fishery
100 #_N_lines_of_catch_to_read
 #_Fishery year seas
         0    1    1
         0    2    1
         0    3    1
         0    4    1
         0    5    1
         0    6    1
         0    7    1
         0    8    1
         0    9    1
         0   10    1
         0   11    1
         0   12    1
         0   13    1
         0   14    1
         0   15    1
         0   16    1
         0   17    1
         0   18    1
         0   19    1
         0   20    1
         0   21    1
         0   22    1
         0   23    1
         0   24    1
         0   25    1
 444646000   26    1
 397608000   27    1
 357583000   28    1
 324161000   29    1
 296656000   30    1
 274240000   31    1
 256057000   32    1
 241314000   33    1
 229322000   34    1
 219511000   35    1
 211426000   36    1
 204710000   37    1
 199088000   38    1
 194347000   39    1
 190324000   40    1
 186891000   41    1
 183948000   42    1
 181416000   43    1
 179230000   44    1
 177337000   45    1
 175694000   46    1
 174266000   47    1
 173022000   48    1
 171937000   49    1
 170990000   50    1
 170161000   51    1
 169436000   52    1
 168801000   53    1
 168243000   54    1
 167755000   55    1
 167325000   56    1
 166948000   57    1
 166617000   58    1
 166326000   59    1
 166070000   60    1
 165844000   61    1
 165646000   62    1
 165471000   63    1
 165317000   64    1
 165182000   65    1
 165063000   66    1
 164958000   67    1
 164865000   68    1
 164784000   69    1
 164712000   70    1
 164649000   71    1
 164593000   72    1
 164544000   73    1
 164500000   74    1
 164462000   75    1
 164429000   76    1
 164399000   77    1
 164373000   78    1
 164350000   79    1
 164329000   80    1
 164311000   81    1
 164296000   82    1
 164282000   83    1
 164269000   84    1
 164258000   85    1
 164249000   86    1
 164240000   87    1
 164233000   88    1
 164227000   89    1
 164221000   90    1
 164216000   91    1
 164211000   92    1
 164207000   93    1
 164204000   94    1
 164201000   95    1
 164198000   96    1
 164195000   97    1
 164193000   98    1
 164192000   99    1
 164190000  100    1
13 #_N_cpue
 #_Fleet Units Errtype
       1     1       0
       2     1       0
       3     1       0
 #_year seas index        obs se_log
     76    1     2  958371759    0.2
     78    1     2 1113053820    0.2
     80    1     2 1777638210    0.2
     82    1     2 1616794398    0.2
     84    1     2 1337049504    0.2
     86    1     2 1670375407    0.2
     88    1     2 1340508986    0.2
     90    1     2 1840786644    0.2
     92    1     2 1298286183    0.2
     94    1     2 1248915130    0.2
     96    1     2 1248725930    0.2
     98    1     2 1292500436    0.2
    100    1     2 1234797115    0.2
0 #_N_discard_fleets
#_discard_units (1=same_as_catchunits(bio/num); 2=fraction; 3=numbers)
#_discard_errtype:  >0 for DF of T-dist(read CV below); 0 for normal with CV; -1 for normal with se; -2 for lognormal
0 #_N_discard
0 #_N_meanbodywt
1 #_DF_for_meanbodywt_T-distribution_like
2 # length bin method: 1=use databins; 2=generate from binwidth,min,max below; 3=read vector
1 # binwidth for population size comp
10 # minimum size in the population (lower edge of first bin and size at age 0.00)
200 # maximum size in the population (lower edge of last bin)
-0.001 #_comp_tail_compression
1e-05 #_add_to_comp
0 #_combine males into females at or below this bin number
45 #_N_lbins
#_lbin_vector
20 23 26 29 32 35 38 41 44 47 50 53 56 59 62 65 68 71 74 77 80 83 86 89 92 95 98 101 104 107 110 113 116 119 122 125 128 131 134 137 140 143 146 149 152
28 #_N_Length_comp_observations
 #_Yr Seas FltSvy Gender Part Nsamp           l20          l23          l26          l29         l32          l35          l38         l41        l44        l47        l50        l53         l56         l59        l62        l65        l68        l71        l74         l77        l80        l83        l86         l89         l92        l95         l98       l101        l104        l107        l110        l113        l116         l119        l122        l125         l128         l131         l134         l137         l140         l143         l146         l149         l152
   26    1      1      0    0   125  1.134896e-49 2.285348e-32 2.648486e-05 0.0034180006 0.019030679 0.0073766000 0.0006135149 0.009173102 0.01882294 0.01840183 0.02029761 0.02441474 0.004579287 0.040824626 0.04238844 0.02483176 0.06598891 0.02447339 0.06186248 0.019052781 0.03401242 0.03056259 0.01700294 0.054612832 0.046564257 0.03131833 0.038535671 0.01806822 0.028618029 0.026647049 0.025366176 0.013826250 0.034663861 0.0235743177 0.010161069 0.034262713 2.415399e-02 3.810376e-02 0.0240114272 1.711352e-02 2.156019e-02 3.721318e-04 1.213007e-03 2.120299e-05 7.685969e-05
   36    1      1      0    0   125  0.000000e+00 4.996403e-03 5.893398e-03 0.0096189665 0.013909786 0.0036480266 0.0014977019 0.018740955 0.04622476 0.04004271 0.04580981 0.05588845 0.050362505 0.007733013 0.03235325 0.05611362 0.04428611 0.03338092 0.04777329 0.045392101 0.05679588 0.04808814 0.02042102 0.022605431 0.027178152 0.02575185 0.026540782 0.01425537 0.035863043 0.008184411 0.009836681 0.032675416 0.024071291 0.0106438762 0.014907339 0.002610779 1.065242e-02 1.831428e-02 0.0145061099 1.229702e-03 3.198619e-03 9.815667e-05 5.480831e-03 6.356095e-07 2.423998e-03
   46    1      1      0    0   125  0.000000e+00 7.235263e-19 6.378693e-03 0.0133318112 0.012798663 0.0037480073 0.0001616616 0.043158893 0.01872792 0.06356538 0.04147024 0.04402213 0.024148607 0.033935830 0.04055751 0.02701109 0.03523587 0.02701597 0.04714854 0.035014623 0.03572572 0.02594814 0.03739092 0.019659943 0.011385304 0.07726816 0.036579438 0.04397714 0.005985034 0.057292551 0.013349881 0.022345008 0.019504691 0.0501377695 0.011494928 0.003786465 5.991015e-04 7.052301e-05 0.0005879020 8.906753e-04 2.158437e-07 3.575349e-10 8.589053e-03 3.001411e-09 2.517094e-10
   56    1      1      0    0   125  1.612079e-72 1.377546e-19 2.528875e-03 0.0024105745 0.023296025 0.0039077661 0.0015211906 0.016951679 0.08461483 0.07429224 0.07274070 0.02795760 0.013074900 0.038422133 0.03788952 0.03546890 0.03253072 0.04141891 0.06634101 0.046361254 0.03504645 0.03085970 0.03668575 0.033791076 0.045328644 0.03058572 0.024816139 0.02025249 0.022946816 0.031556946 0.032393509 0.002411483 0.006334255 0.0067048270 0.002043730 0.001882026 7.467315e-04 1.402249e-03 0.0074188659 1.027795e-03 3.176958e-03 8.480915e-04 2.157432e-06 2.079787e-11 8.782548e-06
   60    1      1      0    0   125  4.463454e-22 1.410508e-02 5.055113e-04 0.0012595957 0.010151572 0.0091539171 0.0052228185 0.024735772 0.04811715 0.04399588 0.05277842 0.05758843 0.046516291 0.062188844 0.02957474 0.03734712 0.03556493 0.03058677 0.03229417 0.055981620 0.03060727 0.05744607 0.04323909 0.037225958 0.016624476 0.01266919 0.041271545 0.02778261 0.016706619 0.031607169 0.027196967 0.014470685 0.008699021 0.0018887785 0.004337032 0.012266737 6.180867e-03 1.731707e-03 0.0029010490 3.005868e-03 3.668063e-03 8.028759e-04 7.897328e-10 1.186458e-06 5.423735e-07
   64    1      1      0    0   125  1.791842e-73 1.183823e-08 6.605087e-03 0.0131235643 0.014539978 0.0055904513 0.0008414593 0.036619340 0.03128837 0.08748089 0.10938807 0.06212478 0.024314606 0.041669603 0.01806374 0.03728025 0.03163376 0.02823409 0.02517597 0.062214468 0.02098338 0.05368139 0.05903425 0.030673353 0.006792007 0.01650010 0.009064925 0.04585526 0.015289076 0.029993897 0.005344925 0.014376772 0.015290897 0.0052682912 0.011262573 0.010927515 5.347248e-04 2.720813e-03 0.0002760896 8.225267e-03 1.676878e-03 3.868334e-05 4.352518e-07 1.315042e-16 8.141914e-15
   68    1      1      0    0   125  9.614968e-75 5.680286e-08 7.435704e-06 0.0192203815 0.013324647 0.0024657807 0.0158232996 0.024323102 0.03976788 0.04400110 0.06644011 0.04365242 0.019092820 0.043243296 0.06396179 0.04134502 0.06897483 0.02990939 0.10180571 0.025403835 0.02095743 0.02540537 0.03759274 0.040980169 0.010169109 0.03217797 0.040266926 0.01860653 0.013305690 0.004472157 0.022610207 0.005904420 0.013970158 0.0263132139 0.011233977 0.001592890 1.857912e-03 1.925072e-04 0.0064510581 6.099644e-05 2.708097e-03 3.347426e-04 7.815532e-07 7.205038e-05 4.231791e-13
   72    1      1      0    0   125 1.324089e-110 4.653191e-03 1.573745e-03 0.0007746276 0.014081691 0.0053271823 0.0103296663 0.021845328 0.05242385 0.05653627 0.05215514 0.07028393 0.030689834 0.037906436 0.02461447 0.03923590 0.01866395 0.02864893 0.01095315 0.027949996 0.06263881 0.05829224 0.07541122 0.009801167 0.035860895 0.02811987 0.017391662 0.02923439 0.024120553 0.028215042 0.016109526 0.005956358 0.018996722 0.0121963692 0.020353038 0.007468893 1.523106e-02 6.486715e-03 0.0190002461 4.130175e-04 7.468578e-07 5.413863e-05 2.260448e-10 5.022074e-08 4.467615e-10
   76    1      1      0    0   125 4.645271e-309 3.994864e-18 4.359182e-04 0.0007042752 0.016234415 0.0025758191 0.0008812905 0.030935500 0.04734100 0.05203302 0.07959353 0.02550857 0.023092521 0.045626316 0.04967780 0.02241757 0.03297844 0.05613831 0.01703289 0.071786986 0.02930126 0.02305038 0.03956847 0.077956578 0.017516252 0.01474855 0.018415749 0.01131294 0.010306579 0.092091703 0.005718372 0.020046391 0.018379387 0.0029338666 0.011982690 0.019716258 9.400187e-04 2.425365e-03 0.0013568364 1.268554e-03 2.430707e-04 2.134480e-06 1.913856e-05 5.705275e-03 5.689707e-11
   80    1      1      0    0   125 1.399203e-160 7.543353e-08 3.256574e-04 0.0072803980 0.008580394 0.0010777893 0.0215243643 0.021093368 0.03439714 0.07211965 0.07508387 0.04999145 0.041894115 0.032648651 0.05492888 0.06452805 0.03349005 0.03937628 0.03701150 0.043776371 0.01426327 0.00758307 0.07759319 0.022831574 0.041712783 0.03598848 0.010482878 0.03296885 0.015215745 0.035765558 0.015719185 0.001724414 0.015276526 0.0018013908 0.020769063 0.002698857 4.317107e-05 2.733269e-03 0.0016312512 6.262818e-04 1.607536e-05 3.417727e-03 4.982021e-06 9.495483e-07 3.400817e-06
   84    1      1      0    0   125 2.347430e-124 2.238499e-07 1.434294e-04 0.0064203727 0.042411152 0.0015827980 0.0030356424 0.021277107 0.04547703 0.06285075 0.06965707 0.06204988 0.049150096 0.045786766 0.03192345 0.02906237 0.02881805 0.05991796 0.02072655 0.008519389 0.01287021 0.02955318 0.04567080 0.032162204 0.037754416 0.03104125 0.027973625 0.02626184 0.016878567 0.019887759 0.010012146 0.022223309 0.014121818 0.0241550055 0.004071136 0.003136770 1.019060e-02 3.525878e-02 0.0016910091 1.880063e-03 4.366138e-05 5.343556e-06 2.559755e-05 2.104627e-10 4.320829e-03
   88    1      1      0    0   125 4.769225e-151 1.700998e-06 8.943937e-04 0.0086375993 0.032813438 0.0037761946 0.0091935327 0.009085110 0.04216062 0.10458575 0.07383949 0.03782612 0.037855164 0.029487046 0.03859269 0.08337834 0.05622892 0.03948306 0.01188684 0.048248444 0.01280368 0.04440020 0.01138530 0.064041049 0.038472996 0.03290513 0.023338128 0.01740921 0.020684159 0.005289120 0.003894296 0.017298044 0.002064817 0.0008359339 0.009885485 0.015603811 1.065015e-04 8.910195e-03 0.0024422185 1.518971e-04 4.683244e-07 2.058693e-05 1.014157e-09 8.232213e-05 3.390807e-13
   92    1      1      0    0   125 1.346172e-172 1.176361e-22 1.090019e-02 0.0058261584 0.010493135 0.0097696305 0.0103304154 0.006654388 0.08447232 0.04457267 0.05355086 0.05483985 0.028379482 0.020977070 0.02092334 0.07349433 0.04367456 0.03910855 0.03403398 0.058960130 0.05619905 0.04716361 0.02963687 0.016946333 0.035306868 0.01059164 0.014091120 0.03149299 0.015126806 0.037818577 0.009975138 0.007659541 0.011245887 0.0029618847 0.012096313 0.014081008 1.872570e-02 5.776611e-05 0.0137224478 3.887025e-03 2.259155e-08 4.647397e-09 3.224576e-09 2.202698e-05 2.302938e-04
   96    1      1      0    0   125  1.853548e-72 1.269642e-07 2.037755e-03 0.0121638682 0.006593442 0.0040686571 0.0017979109 0.035795948 0.01171489 0.06009958 0.03396649 0.05717958 0.044689317 0.041050746 0.04136766 0.01419803 0.04262737 0.04395630 0.08640672 0.041721861 0.03733754 0.01769365 0.05807189 0.026478867 0.023616554 0.01975899 0.035415080 0.02107012 0.018021543 0.011201467 0.037384843 0.017965685 0.021856346 0.0285044229 0.010386005 0.018255127 2.764129e-04 1.976227e-03 0.0026978711 9.289180e-03 9.684784e-04 8.199807e-19 5.586736e-07 4.934975e-10 3.368863e-04
  100    1      1      0    0   125  1.703732e-63 2.758020e-22 7.000776e-03 0.0086848223 0.016964611 0.0002194951 0.0222576809 0.004556903 0.06180286 0.09904797 0.05379627 0.01678891 0.026670088 0.026634654 0.05046535 0.02660596 0.02825418 0.05096478 0.02832019 0.058733132 0.06463229 0.04629085 0.03270610 0.025627859 0.018813327 0.05792118 0.015761024 0.01668621 0.016821854 0.033716765 0.014754510 0.029419854 0.011225438 0.0080120700 0.001582275 0.002771577 2.437413e-03 2.113868e-03 0.0002743444 1.043040e-02 6.072976e-08 2.315887e-04 1.413091e-11 4.744516e-11 5.211041e-07
   76    1      2      0    0   500  1.447136e-10 2.272525e-03 1.248379e-02 0.0503695054 0.047789616 0.0176346340 0.0081058008 0.027288457 0.04681279 0.06641601 0.07617240 0.03139885 0.038685741 0.045227398 0.05766733 0.01982419 0.04689712 0.03343630 0.01643174 0.020624619 0.04073667 0.03768766 0.02539385 0.020413494 0.027569444 0.02415969 0.018907197 0.01366030 0.007824971 0.022618237 0.020537744 0.015873702 0.005881175 0.0128747031 0.008418363 0.005359925 4.836968e-03 6.750767e-03 0.0030696883 6.569294e-03 3.946430e-03 8.620609e-04 8.194127e-05 1.366424e-04 2.902707e-04
   78    1      2      0    0   500  1.289570e-05 3.990914e-03 3.058086e-02 0.0361332416 0.049997921 0.0241701049 0.0079346029 0.021277807 0.05440164 0.04082066 0.04640930 0.02437988 0.020238650 0.037872118 0.05762474 0.02888476 0.03907417 0.03245923 0.02194955 0.028833974 0.04009430 0.02475534 0.02875965 0.022381223 0.026470466 0.04137695 0.024233281 0.02868129 0.015557055 0.016353308 0.019858163 0.026384476 0.016854842 0.0069822360 0.008028577 0.014173649 1.348859e-02 3.013637e-03 0.0049192967 2.125038e-03 9.003627e-04 4.492403e-03 2.583247e-03 9.152886e-05 3.940633e-04
   80    1      2      0    0   500  1.942414e-04 1.874955e-03 2.202096e-02 0.0450700776 0.052152769 0.0261198707 0.0136314432 0.031277223 0.03593056 0.05621627 0.05699646 0.03914662 0.025436777 0.025874949 0.03371938 0.03267514 0.04539669 0.05405558 0.02941104 0.019633175 0.03593248 0.02154913 0.04269680 0.030001733 0.031633377 0.04116131 0.015739165 0.01764256 0.019037099 0.018785070 0.017284526 0.009180350 0.011586793 0.0083008177 0.010440128 0.003417882 2.785002e-03 5.301432e-03 0.0033561217 3.338156e-03 6.148313e-05 2.138895e-03 3.340004e-06 6.525613e-05 1.726908e-03
   82    1      2      0    0   500  2.485774e-14 1.904333e-03 1.353917e-02 0.0310222217 0.066338590 0.0305352856 0.0052763322 0.014228977 0.03928731 0.04964785 0.06734340 0.05575003 0.033824042 0.031281255 0.03615575 0.03974962 0.03123013 0.04144571 0.03015895 0.039586573 0.03761856 0.03247541 0.02585618 0.027501359 0.023956747 0.02081889 0.017768972 0.02194609 0.020659571 0.014044757 0.022571882 0.014352100 0.014035307 0.0070680653 0.011046923 0.010358878 3.081344e-03 5.282767e-03 0.0016639305 2.405917e-03 3.339562e-03 3.640682e-03 2.666293e-07 3.737653e-07 1.999429e-04
   84    1      2      0    0   500  3.707104e-17 2.842378e-03 2.003806e-02 0.0528692900 0.043874652 0.0195235619 0.0042290092 0.015506942 0.04977644 0.04808556 0.03505277 0.03949893 0.038292773 0.050723152 0.04123222 0.04392023 0.04524101 0.04528734 0.03436557 0.029316812 0.04058428 0.03458218 0.02553224 0.021578736 0.020094426 0.01801041 0.029547760 0.01630905 0.012441258 0.016320482 0.015520161 0.019609859 0.019235464 0.0100209558 0.008705622 0.012341843 5.149594e-03 5.855351e-03 0.0004643064 1.184848e-03 8.963447e-04 2.709377e-03 1.246511e-04 5.145411e-05 3.452650e-03
   86    1      2      0    0   500  9.343562e-12 1.987530e-03 2.065195e-02 0.0489346859 0.055006465 0.0143437967 0.0059102317 0.021314389 0.03515475 0.04751905 0.05181291 0.03201367 0.033955297 0.030537693 0.03662155 0.05074026 0.03724578 0.04871655 0.02890297 0.036236994 0.03741596 0.03490840 0.02881417 0.025889761 0.022650527 0.02815176 0.040940786 0.02281815 0.012737984 0.026577302 0.010439966 0.011347661 0.017122766 0.0016797459 0.006828577 0.006217988 1.461921e-02 7.009096e-03 0.0004700733 1.495294e-03 1.170475e-04 1.092294e-03 1.866562e-03 2.518970e-04 9.305196e-04
   88    1      2      0    0   500  2.024296e-32 3.707753e-03 1.546358e-02 0.0450943691 0.053468910 0.0163736747 0.0086685855 0.033647907 0.02546391 0.07801112 0.06994215 0.03558528 0.047432131 0.039886202 0.03342107 0.02837950 0.03958126 0.02055646 0.02558015 0.032740084 0.02896933 0.01875339 0.03767501 0.031437580 0.018734732 0.02152490 0.017990538 0.02599230 0.015685260 0.022599043 0.019147385 0.009913810 0.014131524 0.0168422556 0.014040804 0.011311891 2.151183e-03 8.018213e-03 0.0033593221 1.634554e-03 3.526958e-03 2.382080e-04 2.881666e-03 6.949971e-05 3.665602e-04
   90    1      2      0    0   500  1.720621e-05 1.293576e-04 2.890227e-02 0.0488857078 0.047158532 0.0291752651 0.0184604450 0.026605060 0.05856328 0.06384016 0.03571354 0.04313023 0.027240711 0.035035560 0.04195618 0.03619683 0.03408338 0.03265193 0.03411877 0.027329066 0.03061375 0.03858965 0.02715444 0.018174448 0.020825231 0.03795518 0.023705917 0.02652128 0.023082380 0.016930153 0.012330016 0.012645235 0.007795659 0.0091842263 0.006528405 0.005798830 6.239166e-03 1.780602e-03 0.0014069912 1.229755e-03 2.594089e-04 1.506631e-03 3.255359e-04 1.001278e-04 1.235067e-04
   92    1      2      0    0   500  4.368300e-22 1.306908e-03 1.278607e-02 0.0413009226 0.049420185 0.0171698851 0.0062717490 0.030433450 0.04208040 0.05750517 0.04747096 0.05295279 0.031019220 0.031289598 0.07093590 0.02857266 0.01958213 0.03819586 0.04263273 0.025349148 0.02538692 0.02649935 0.02661713 0.023991599 0.032440224 0.02356815 0.019832855 0.02328214 0.032093873 0.023023745 0.019989915 0.016548228 0.012949397 0.0111589924 0.007827367 0.005979891 5.563739e-03 3.532376e-03 0.0070088097 4.118519e-03 1.168550e-03 5.743220e-05 9.882224e-04 7.233943e-05 2.450140e-05
   94    1      2      0    0   500  2.436121e-58 2.813603e-03 1.361763e-02 0.0307851321 0.063705129 0.0187039898 0.0083673983 0.020637962 0.07057841 0.05924106 0.03733369 0.03907922 0.015201352 0.049515754 0.03361085 0.03942349 0.04440473 0.03141292 0.03747035 0.022921877 0.03050908 0.03384013 0.03787563 0.028615488 0.024665310 0.02767419 0.025818357 0.01159361 0.027150645 0.020544568 0.018197682 0.025059371 0.014609085 0.0066159871 0.007275247 0.007234735 3.156832e-03 2.459122e-03 0.0028047265 6.983704e-04 2.873729e-03 2.149750e-04 1.298950e-03 8.395879e-06 3.812559e-04
   96    1      2      0    0   500  1.711651e-17 1.351901e-03 1.623274e-02 0.0563861678 0.050348237 0.0156831709 0.0125574208 0.022038228 0.05614617 0.05194535 0.06200207 0.02677337 0.030427247 0.030852613 0.04088653 0.04254979 0.02838056 0.03292570 0.02500078 0.038200408 0.03047105 0.06294156 0.03325985 0.024524317 0.024347654 0.01135672 0.017389779 0.02231544 0.017293714 0.019872675 0.016052975 0.015056879 0.007374977 0.0211534130 0.009697143 0.007030682 6.830241e-03 4.063328e-03 0.0008476556 3.590086e-03 8.001489e-05 1.313924e-03 6.792841e-04 7.423315e-06 1.760764e-03
   98    1      2      0    0   500  7.261572e-10 2.521770e-03 1.139317e-02 0.0353253985 0.042090331 0.0290112787 0.0227482703 0.012087121 0.03078295 0.06136386 0.05201050 0.04287463 0.033233773 0.039640808 0.02494940 0.04115447 0.05527311 0.03793911 0.02275407 0.066353748 0.02553321 0.02129600 0.03574882 0.029762863 0.033411372 0.01673706 0.030922844 0.02635524 0.017923290 0.011997152 0.011033835 0.018548639 0.009611643 0.0094115842 0.007318908 0.003119221 6.363890e-03 2.506282e-03 0.0019132169 2.851942e-03 1.105003e-02 8.150659e-04 5.451786e-07 9.175466e-04 1.342029e-03
  100    1      2      0    0   500  6.710509e-04 7.397344e-03 3.784817e-02 0.0540518082 0.050544674 0.0090516437 0.0109595365 0.016272317 0.04556412 0.04857623 0.05547668 0.05078555 0.033170571 0.031185931 0.04762282 0.03434685 0.03740743 0.02474378 0.03702266 0.020621397 0.02754850 0.01968350 0.02044613 0.050686470 0.020995178 0.01836298 0.029476920 0.02702988 0.021282887 0.014156632 0.012355390 0.016503425 0.011207535 0.0117763506 0.006554664 0.005698240 1.042535e-02 5.847051e-03 0.0032893937 4.890403e-03 1.503564e-03 5.341757e-03 1.956192e-04 6.838452e-05 1.353214e-03
15 #_N_agebins
#_agebin_vector
1 2 3 4 5 6 7 8 9 10 11 12 13 14 15
1 #_N_ageerror_definitions
 #_age0   age1   age2   age3   age4   age5   age6   age7   age8   age9  age10  age11  age12  age13  age14  age15  age16  age17  age18  age19  age20  age21  age22  age23  age24  age25
 -1.000 -1.000 -1.000 -1.000 -1.000 -1.000 -1.000 -1.000 -1.000 -1.000 -1.000 -1.000 -1.000 -1.000 -1.000 -1.000 -1.000 -1.000 -1.000 -1.000 -1.000 -1.000 -1.000 -1.000 -1.000 -1.000
  0.001  0.001  0.001  0.001  0.001  0.001  0.001  0.001  0.001  0.001  0.001  0.001  0.001  0.001  0.001  0.001  0.001  0.001  0.001  0.001  0.001  0.001  0.001  0.001  0.001  0.001
85 #_N_agecomp
1 #_Lbin_method: 1=poplenbins; 2=datalenbins; 3=lengths
-1 #_combine males into females at or below this bin number
 #_Yr Seas FltSvy Gender Part Ageerr Lbin_lo Lbin_hi Nsamp          a1        a2        a3         a4         a5         a6         a7         a8          a9         a10         a11          a12          a13          a14         a15
   26    1      1      0    0      1      -1      -1   125  0.03374216 0.1497753 0.1297770 0.14342464 0.07763661 0.07815674 0.08314946 0.05686322 0.029535020 0.030716312 0.033137351 0.0112121468 0.0079971554 5.857433e-02 0.076302472
   36    1      1      0    0      1      -1      -1   125  0.01598983 0.2920194 0.1616172 0.09259419 0.08147318 0.09302933 0.05931612 0.05037376 0.055954834 0.016734124 0.011748048 0.0088361265 0.0041529711 1.940782e-02 0.036753078
   46    1      1      0    0      1      -1      -1   125  0.03463983 0.2421738 0.1715025 0.11494482 0.07439461 0.10135642 0.05362710 0.08049403 0.019246216 0.036189670 0.034913324 0.0004140522 0.0195558249 1.609768e-03 0.014938070
   56    1      1      0    0      1      -1      -1   125  0.04518629 0.2210661 0.1956563 0.11406606 0.07319547 0.07074480 0.03246832 0.07571055 0.032375529 0.034251372 0.036355682 0.0064881128 0.0076691568 1.894644e-03 0.052871661
   60    1      1      0    0      1      -1      -1   125  0.04086753 0.1660183 0.2600372 0.14915159 0.07043348 0.08217902 0.04084102 0.03695187 0.024638926 0.039131699 0.019497647 0.0034430385 0.0137961487 2.038194e-02 0.032630670
   64    1      1      0    0      1      -1      -1   125  0.02120578 0.2797868 0.2328432 0.17291288 0.04155832 0.09509612 0.04852327 0.02195501 0.026617524 0.017170394 0.012026233 0.0140985352 0.0078295548 5.725729e-03 0.002650667
   68    1      1      0    0      1      -1      -1   125  0.07106448 0.2327760 0.1472846 0.12393580 0.09207983 0.10541873 0.05206022 0.03477863 0.051874726 0.015100721 0.019804773 0.0091432476 0.0090770775 3.640189e-05 0.035564809
   72    1      1      0    0      1      -1      -1   125  0.04358080 0.2022741 0.1644053 0.17299804 0.14278647 0.06441993 0.03953160 0.03833237 0.045132276 0.025410875 0.004938189 0.0176616093 0.0122333646 1.858332e-02 0.007711738
   76    1      1      0    0      1      -1      -1   125  0.03469503 0.2362633 0.1592392 0.13303960 0.09108729 0.10798735 0.07858620 0.07611328 0.024162609 0.004326741 0.021267158 0.0026611847 0.0132081893 1.652654e-03 0.015710255
   80    1      1      0    0      1      -1      -1   125  0.05932376 0.2938039 0.1824443 0.09252736 0.09353077 0.06430574 0.03078159 0.05529893 0.024193014 0.013691264 0.030842086 0.0311163026 0.0208194232 1.201221e-04 0.007201393
   84    1      1      0    0      1      -1      -1   125  0.03877281 0.1959053 0.2104727 0.14929002 0.13405310 0.03988794 0.04688935 0.04837149 0.050431851 0.014820173 0.005627213 0.0209237783 0.0203114213 8.346288e-04 0.023408164
   88    1      1      0    0      1      -1      -1   125  0.03266022 0.2421347 0.2547506 0.12504111 0.09468687 0.05451007 0.04150732 0.01552499 0.012994316 0.041004639 0.014521180 0.0278866701 0.0175916756 4.928186e-03 0.020257536
   92    1      1      0    0      1      -1      -1   125  0.04452387 0.2794063 0.1790586 0.12188203 0.10432036 0.06582246 0.08187908 0.05558811 0.009686344 0.022608030 0.010274379 0.0127563507 0.0008157745 5.621690e-04 0.010816189
   96    1      1      0    0      1      -1      -1   125  0.03590783 0.1563700 0.3509386 0.10959423 0.11584086 0.05097016 0.01971080 0.03270690 0.046259896 0.016128552 0.039714053 0.0060323187 0.0004832711 1.444988e-03 0.017897572
  100    1      1      0    0      1      -1      -1   125  0.01934098 0.2630884 0.1792648 0.19667160 0.07601643 0.09024672 0.04624555 0.04387753 0.030040271 0.024065495 0.004076360 0.0004461867 0.0030957154 2.162489e-03 0.021361503
   76    1      2      0    0      1      -1      -1   500  0.11371905 0.2857365 0.1682724 0.12431882 0.10804148 0.04864965 0.04655846 0.02612447 0.017403921 0.024166088 0.011563278 0.0062601160 0.0081304893 2.823318e-03 0.008231904
   78    1      2      0    0      1      -1      -1   500  0.15515547 0.2026401 0.1633017 0.12889154 0.10669290 0.05881304 0.03994385 0.03260282 0.026267115 0.033915170 0.017537247 0.0063715702 0.0088975596 3.225683e-03 0.015744243
   80    1      2      0    0      1      -1      -1   500  0.13299264 0.2150653 0.2201489 0.11687523 0.09072388 0.07632315 0.02708623 0.03139362 0.028514502 0.010445183 0.012153141 0.0101809733 0.0058445184 9.647539e-04 0.021287944
   82    1      2      0    0      1      -1      -1   500  0.14615148 0.2082745 0.1765508 0.14331363 0.06887711 0.04853810 0.06330808 0.04631116 0.023730485 0.022433389 0.013791713 0.0144784154 0.0056614428 7.482590e-04 0.017831408
   84    1      2      0    0      1      -1      -1   500  0.15534130 0.2249134 0.1584731 0.11341631 0.10026252 0.07453455 0.04871880 0.03805473 0.022109544 0.012581902 0.008739197 0.0072887260 0.0086213096 5.213283e-03 0.021731294
   86    1      2      0    0      1      -1      -1   500  0.13504942 0.2231400 0.1634706 0.12088548 0.08205948 0.07017587 0.04834802 0.02545179 0.040558228 0.030974105 0.008873540 0.0246518352 0.0054134223 6.411224e-03 0.014536945
   88    1      2      0    0      1      -1      -1   500  0.13068051 0.2104264 0.1767535 0.12326241 0.10982635 0.06858322 0.06604085 0.03536206 0.018043195 0.014964620 0.010102092 0.0101067464 0.0120147130 1.829682e-03 0.012003696
   90    1      2      0    0      1      -1      -1   500  0.13308990 0.2220361 0.1771850 0.10311065 0.07666540 0.05706434 0.07395675 0.04408726 0.026787266 0.021323675 0.017373818 0.0126037027 0.0069751963 5.301577e-03 0.022439412
   92    1      2      0    0      1      -1      -1   500  0.14256316 0.2282541 0.1639696 0.13789157 0.10150680 0.05530225 0.05587986 0.02970679 0.020561954 0.014512471 0.011218284 0.0172247762 0.0073227213 7.331870e-03 0.006753730
   94    1      2      0    0      1      -1      -1   500  0.14246588 0.2487612 0.1321250 0.10910009 0.10530503 0.06713513 0.06006672 0.02858727 0.022445067 0.021196188 0.009901163 0.0146901666 0.0082235322 1.025026e-02 0.019747248
   96    1      2      0    0      1      -1      -1   500  0.11682093 0.2356208 0.1580529 0.13573766 0.11578752 0.04692114 0.04418288 0.03992684 0.030981021 0.018110672 0.013848034 0.0197392888 0.0062740090 8.853983e-03 0.009142313
   98    1      2      0    0      1      -1      -1   500  0.14002368 0.2431600 0.1471923 0.12481292 0.08551731 0.07282728 0.04970613 0.03207008 0.016403196 0.031081149 0.016731332 0.0064761802 0.0140597047 6.023525e-03 0.013915225
  100    1      2      0    0      1      -1      -1   500  0.12979717 0.2365271 0.1852478 0.13918460 0.09805522 0.05176485 0.03033102 0.03163904 0.019297286 0.017090272 0.021820061 0.0127463203 0.0022478605 6.349118e-03 0.017902273
   60    1      1      0    0      1       2       2     3  3.00000000 0.0000000 0.0000000 0.00000000 0.00000000 0.00000000 0.00000000 0.00000000 0.000000000 0.000000000 0.000000000 0.0000000000 0.0000000000 0.000000e+00 0.000000000
   60    1      1      0    0      1       5       5     1  1.00000000 0.0000000 0.0000000 0.00000000 0.00000000 0.00000000 0.00000000 0.00000000 0.000000000 0.000000000 0.000000000 0.0000000000 0.0000000000 0.000000e+00 0.000000000
   60    1      1      0    0      1       6       6     1  1.00000000 0.0000000 0.0000000 0.00000000 0.00000000 0.00000000 0.00000000 0.00000000 0.000000000 0.000000000 0.000000000 0.0000000000 0.0000000000 0.000000e+00 0.000000000
   60    1      1      0    0      1       7       7     1  1.00000000 0.0000000 0.0000000 0.00000000 0.00000000 0.00000000 0.00000000 0.00000000 0.000000000 0.000000000 0.000000000 0.0000000000 0.0000000000 0.000000e+00 0.000000000
   60    1      1      0    0      1       8       8     2  2.00000000 0.0000000 0.0000000 0.00000000 0.00000000 0.00000000 0.00000000 0.00000000 0.000000000 0.000000000 0.000000000 0.0000000000 0.0000000000 0.000000e+00 0.000000000
   60    1      1      0    0      1       9       9     4  4.00000000 0.0000000 0.0000000 0.00000000 0.00000000 0.00000000 0.00000000 0.00000000 0.000000000 0.000000000 0.000000000 0.0000000000 0.0000000000 0.000000e+00 0.000000000
   60    1      1      0    0      1      10      10     3  3.00000000 0.0000000 0.0000000 0.00000000 0.00000000 0.00000000 0.00000000 0.00000000 0.000000000 0.000000000 0.000000000 0.0000000000 0.0000000000 0.000000e+00 0.000000000
   60    1      1      0    0      1      11      11     3  3.00000000 0.0000000 0.0000000 0.00000000 0.00000000 0.00000000 0.00000000 0.00000000 0.000000000 0.000000000 0.000000000 0.0000000000 0.0000000000 0.000000e+00 0.000000000
   60    1      1      0    0      1      12      12     4  4.00000000 0.0000000 0.0000000 0.00000000 0.00000000 0.00000000 0.00000000 0.00000000 0.000000000 0.000000000 0.000000000 0.0000000000 0.0000000000 0.000000e+00 0.000000000
   60    1      1      0    0      1      13      13     9  9.00000000 0.0000000 0.0000000 0.00000000 0.00000000 0.00000000 0.00000000 0.00000000 0.000000000 0.000000000 0.000000000 0.0000000000 0.0000000000 0.000000e+00 0.000000000
   60    1      1      0    0      1      14      14     6  6.00000000 0.0000000 0.0000000 0.00000000 0.00000000 0.00000000 0.00000000 0.00000000 0.000000000 0.000000000 0.000000000 0.0000000000 0.0000000000 0.000000e+00 0.000000000
   60    1      1      0    0      1      16      16     1  1.00000000 0.0000000 0.0000000 0.00000000 0.00000000 0.00000000 0.00000000 0.00000000 0.000000000 0.000000000 0.000000000 0.0000000000 0.0000000000 0.000000e+00 0.000000000
   60    1      1      0    0      1      17      17     3  3.00000000 0.0000000 0.0000000 0.00000000 0.00000000 0.00000000 0.00000000 0.00000000 0.000000000 0.000000000 0.000000000 0.0000000000 0.0000000000 0.000000e+00 0.000000000
   60    1      1      0    0      1      18      18     2  2.00000000 0.0000000 0.0000000 0.00000000 0.00000000 0.00000000 0.00000000 0.00000000 0.000000000 0.000000000 0.000000000 0.0000000000 0.0000000000 0.000000e+00 0.000000000
   60    1      1      0    0      1      19      19     5  5.00000000 0.0000000 0.0000000 0.00000000 0.00000000 0.00000000 0.00000000 0.00000000 0.000000000 0.000000000 0.000000000 0.0000000000 0.0000000000 0.000000e+00 0.000000000
   60    1      1      0    0      1      20      20    12 12.00000000 0.0000000 0.0000000 0.00000000 0.00000000 0.00000000 0.00000000 0.00000000 0.000000000 0.000000000 0.000000000 0.0000000000 0.0000000000 0.000000e+00 0.000000000
   60    1      1      0    0      1      21      21     2  2.00000000 0.0000000 0.0000000 0.00000000 0.00000000 0.00000000 0.00000000 0.00000000 0.000000000 0.000000000 0.000000000 0.0000000000 0.0000000000 0.000000e+00 0.000000000
   60    1      1      0    0      1      22      22     7  7.00000000 0.0000000 0.0000000 0.00000000 0.00000000 0.00000000 0.00000000 0.00000000 0.000000000 0.000000000 0.000000000 0.0000000000 0.0000000000 0.000000e+00 0.000000000
   60    1      1      0    0      1      23      23     4  4.00000000 0.0000000 0.0000000 0.00000000 0.00000000 0.00000000 0.00000000 0.00000000 0.000000000 0.000000000 0.000000000 0.0000000000 0.0000000000 0.000000e+00 0.000000000
   60    1      1      0    0      1      24      24     5  5.00000000 0.0000000 0.0000000 0.00000000 0.00000000 0.00000000 0.00000000 0.00000000 0.000000000 0.000000000 0.000000000 0.0000000000 0.0000000000 0.000000e+00 0.000000000
   60    1      1      0    0      1      25      25     1  1.00000000 0.0000000 0.0000000 0.00000000 0.00000000 0.00000000 0.00000000 0.00000000 0.000000000 0.000000000 0.000000000 0.0000000000 0.0000000000 0.000000e+00 0.000000000
   60    1      1      0    0      1      27      27     4  3.00000000 1.0000000 0.0000000 0.00000000 0.00000000 0.00000000 0.00000000 0.00000000 0.000000000 0.000000000 0.000000000 0.0000000000 0.0000000000 0.000000e+00 0.000000000
   60    1      1      0    0      1      28      28     2  2.00000000 0.0000000 0.0000000 0.00000000 0.00000000 0.00000000 0.00000000 0.00000000 0.000000000 0.000000000 0.000000000 0.0000000000 0.0000000000 0.000000e+00 0.000000000
   60    1      1      0    0      1      29      29     2  2.00000000 0.0000000 0.0000000 0.00000000 0.00000000 0.00000000 0.00000000 0.00000000 0.000000000 0.000000000 0.000000000 0.0000000000 0.0000000000 0.000000e+00 0.000000000
   60    1      1      0    0      1      30      30     7  0.00000000 7.0000000 0.0000000 0.00000000 0.00000000 0.00000000 0.00000000 0.00000000 0.000000000 0.000000000 0.000000000 0.0000000000 0.0000000000 0.000000e+00 0.000000000
   60    1      1      0    0      1      31      31     2  0.00000000 2.0000000 0.0000000 0.00000000 0.00000000 0.00000000 0.00000000 0.00000000 0.000000000 0.000000000 0.000000000 0.0000000000 0.0000000000 0.000000e+00 0.000000000
   60    1      1      0    0      1      36      36     1  0.00000000 1.0000000 0.0000000 0.00000000 0.00000000 0.00000000 0.00000000 0.00000000 0.000000000 0.000000000 0.000000000 0.0000000000 0.0000000000 0.000000e+00 0.000000000
   60    1      1      0    0      1      37      37     1  0.00000000 1.0000000 0.0000000 0.00000000 0.00000000 0.00000000 0.00000000 0.00000000 0.000000000 0.000000000 0.000000000 0.0000000000 0.0000000000 0.000000e+00 0.000000000
   60    1      1      0    0      1      39      39     1  0.00000000 1.0000000 0.0000000 0.00000000 0.00000000 0.00000000 0.00000000 0.00000000 0.000000000 0.000000000 0.000000000 0.0000000000 0.0000000000 0.000000e+00 0.000000000
   60    1      1      0    0      1      40      40     1  0.00000000 1.0000000 0.0000000 0.00000000 0.00000000 0.00000000 0.00000000 0.00000000 0.000000000 0.000000000 0.000000000 0.0000000000 0.0000000000 0.000000e+00 0.000000000
  100    1      1      0    0      1       4       4     1  1.00000000 0.0000000 0.0000000 0.00000000 0.00000000 0.00000000 0.00000000 0.00000000 0.000000000 0.000000000 0.000000000 0.0000000000 0.0000000000 0.000000e+00 0.000000000
  100    1      1      0    0      1       5       5     4  4.00000000 0.0000000 0.0000000 0.00000000 0.00000000 0.00000000 0.00000000 0.00000000 0.000000000 0.000000000 0.000000000 0.0000000000 0.0000000000 0.000000e+00 0.000000000
  100    1      1      0    0      1       7       7     5  5.00000000 0.0000000 0.0000000 0.00000000 0.00000000 0.00000000 0.00000000 0.00000000 0.000000000 0.000000000 0.000000000 0.0000000000 0.0000000000 0.000000e+00 0.000000000
  100    1      1      0    0      1       8       8     1  1.00000000 0.0000000 0.0000000 0.00000000 0.00000000 0.00000000 0.00000000 0.00000000 0.000000000 0.000000000 0.000000000 0.0000000000 0.0000000000 0.000000e+00 0.000000000
  100    1      1      0    0      1       9       9     8  8.00000000 0.0000000 0.0000000 0.00000000 0.00000000 0.00000000 0.00000000 0.00000000 0.000000000 0.000000000 0.000000000 0.0000000000 0.0000000000 0.000000e+00 0.000000000
  100    1      1      0    0      1      10      10    10 10.00000000 0.0000000 0.0000000 0.00000000 0.00000000 0.00000000 0.00000000 0.00000000 0.000000000 0.000000000 0.000000000 0.0000000000 0.0000000000 0.000000e+00 0.000000000
  100    1      1      0    0      1      11      11     2  2.00000000 0.0000000 0.0000000 0.00000000 0.00000000 0.00000000 0.00000000 0.00000000 0.000000000 0.000000000 0.000000000 0.0000000000 0.0000000000 0.000000e+00 0.000000000
  100    1      1      0    0      1      12      12     2  2.00000000 0.0000000 0.0000000 0.00000000 0.00000000 0.00000000 0.00000000 0.00000000 0.000000000 0.000000000 0.000000000 0.0000000000 0.0000000000 0.000000e+00 0.000000000
  100    1      1      0    0      1      13      13     5  5.00000000 0.0000000 0.0000000 0.00000000 0.00000000 0.00000000 0.00000000 0.00000000 0.000000000 0.000000000 0.000000000 0.0000000000 0.0000000000 0.000000e+00 0.000000000
  100    1      1      0    0      1      14      14     4  4.00000000 0.0000000 0.0000000 0.00000000 0.00000000 0.00000000 0.00000000 0.00000000 0.000000000 0.000000000 0.000000000 0.0000000000 0.0000000000 0.000000e+00 0.000000000
  100    1      1      0    0      1      15      15     3  3.00000000 0.0000000 0.0000000 0.00000000 0.00000000 0.00000000 0.00000000 0.00000000 0.000000000 0.000000000 0.000000000 0.0000000000 0.0000000000 0.000000e+00 0.000000000
  100    1      1      0    0      1      16      16     2  2.00000000 0.0000000 0.0000000 0.00000000 0.00000000 0.00000000 0.00000000 0.00000000 0.000000000 0.000000000 0.000000000 0.0000000000 0.0000000000 0.000000e+00 0.000000000
  100    1      1      0    0      1      17      17     3  3.00000000 0.0000000 0.0000000 0.00000000 0.00000000 0.00000000 0.00000000 0.00000000 0.000000000 0.000000000 0.000000000 0.0000000000 0.0000000000 0.000000e+00 0.000000000
  100    1      1      0    0      1      18      18     6  6.00000000 0.0000000 0.0000000 0.00000000 0.00000000 0.00000000 0.00000000 0.00000000 0.000000000 0.000000000 0.000000000 0.0000000000 0.0000000000 0.000000e+00 0.000000000
  100    1      1      0    0      1      19      19     3  3.00000000 0.0000000 0.0000000 0.00000000 0.00000000 0.00000000 0.00000000 0.00000000 0.000000000 0.000000000 0.000000000 0.0000000000 0.0000000000 0.000000e+00 0.000000000
  100    1      1      0    0      1      20      20     7  7.00000000 0.0000000 0.0000000 0.00000000 0.00000000 0.00000000 0.00000000 0.00000000 0.000000000 0.000000000 0.000000000 0.0000000000 0.0000000000 0.000000e+00 0.000000000
  100    1      1      0    0      1      21      21    10 10.00000000 0.0000000 0.0000000 0.00000000 0.00000000 0.00000000 0.00000000 0.00000000 0.000000000 0.000000000 0.000000000 0.0000000000 0.0000000000 0.000000e+00 0.000000000
  100    1      1      0    0      1      22      22     4  4.00000000 0.0000000 0.0000000 0.00000000 0.00000000 0.00000000 0.00000000 0.00000000 0.000000000 0.000000000 0.000000000 0.0000000000 0.0000000000 0.000000e+00 0.000000000
  100    1      1      0    0      1      23      23     5  5.00000000 0.0000000 0.0000000 0.00000000 0.00000000 0.00000000 0.00000000 0.00000000 0.000000000 0.000000000 0.000000000 0.0000000000 0.0000000000 0.000000e+00 0.000000000
  100    1      1      0    0      1      24      24     2  2.00000000 0.0000000 0.0000000 0.00000000 0.00000000 0.00000000 0.00000000 0.00000000 0.000000000 0.000000000 0.000000000 0.0000000000 0.0000000000 0.000000e+00 0.000000000
  100    1      1      0    0      1      25      25     1  1.00000000 0.0000000 0.0000000 0.00000000 0.00000000 0.00000000 0.00000000 0.00000000 0.000000000 0.000000000 0.000000000 0.0000000000 0.0000000000 0.000000e+00 0.000000000
  100    1      1      0    0      1      26      26     5  4.00000000 1.0000000 0.0000000 0.00000000 0.00000000 0.00000000 0.00000000 0.00000000 0.000000000 0.000000000 0.000000000 0.0000000000 0.0000000000 0.000000e+00 0.000000000
  100    1      1      0    0      1      27      27     1  1.00000000 0.0000000 0.0000000 0.00000000 0.00000000 0.00000000 0.00000000 0.00000000 0.000000000 0.000000000 0.000000000 0.0000000000 0.0000000000 0.000000e+00 0.000000000
  100    1      1      0    0      1      30      30     2  0.00000000 2.0000000 0.0000000 0.00000000 0.00000000 0.00000000 0.00000000 0.00000000 0.000000000 0.000000000 0.000000000 0.0000000000 0.0000000000 0.000000e+00 0.000000000
  100    1      1      0    0      1      32      32     2  0.00000000 2.0000000 0.0000000 0.00000000 0.00000000 0.00000000 0.00000000 0.00000000 0.000000000 0.000000000 0.000000000 0.0000000000 0.0000000000 0.000000e+00 0.000000000
  100    1      1      0    0      1      33      33     1  0.00000000 1.0000000 0.0000000 0.00000000 0.00000000 0.00000000 0.00000000 0.00000000 0.000000000 0.000000000 0.000000000 0.0000000000 0.0000000000 0.000000e+00 0.000000000
  100    1      1      0    0      1      34      34     1  0.00000000 1.0000000 0.0000000 0.00000000 0.00000000 0.00000000 0.00000000 0.00000000 0.000000000 0.000000000 0.000000000 0.0000000000 0.0000000000 0.000000e+00 0.000000000
0 #_N_MeanSize_at_Age_obs
0 #_N_environ_variables
0 #_N_environ_obs
0 #_N_sizefreq_methods
0 #_do_tags
0 #_morphcomp_data
#
999
