#C data file created using the SS_writedat function in the R package r4ss
#C should work with SS version: 
#C file write time: 2015-02-11 18:02:22
#
1 #_styr
100 #_endyr
1 #_nseas
12 #_months_per_seas
1 #_spawn_seas
1 #_Nfleet
2 #_Nsurveys
1 #_N_areas
Fishery%Survey%CPUE #_fleetnames
0.5 0.5 0.5 #_surveytiming_in_season
1 1 1 #_area_assignments_for_each_fishery_and_survey
1 #_units of catch:  1=bio; 2=num
0.01 #_se of log(catch) only used for init_eq_catch and for Fmethod 2 and 3
1 #_Ngenders
25 #_Nages
0 #_init_equil_catch_for_each_fishery
100 #_N_lines_of_catch_to_read
 #_Fishery year seas
         0    1    1
         0    2    1
         0    3    1
         0    4    1
         0    5    1
         0    6    1
         0    7    1
         0    8    1
         0    9    1
         0   10    1
         0   11    1
         0   12    1
         0   13    1
         0   14    1
         0   15    1
         0   16    1
         0   17    1
         0   18    1
         0   19    1
         0   20    1
         0   21    1
         0   22    1
         0   23    1
         0   24    1
         0   25    1
 444646000   26    1
 397608000   27    1
 357583000   28    1
 324161000   29    1
 296656000   30    1
 274240000   31    1
 256057000   32    1
 241314000   33    1
 229322000   34    1
 219511000   35    1
 211426000   36    1
 204710000   37    1
 199088000   38    1
 194347000   39    1
 190324000   40    1
 186891000   41    1
 183948000   42    1
 181416000   43    1
 179230000   44    1
 177337000   45    1
 175694000   46    1
 174266000   47    1
 173022000   48    1
 171937000   49    1
 170990000   50    1
 170161000   51    1
 169436000   52    1
 168801000   53    1
 168243000   54    1
 167755000   55    1
 167325000   56    1
 166948000   57    1
 166617000   58    1
 166326000   59    1
 166070000   60    1
 165844000   61    1
 165646000   62    1
 165471000   63    1
 165317000   64    1
 165182000   65    1
 165063000   66    1
 164958000   67    1
 164865000   68    1
 164784000   69    1
 164712000   70    1
 164649000   71    1
 164593000   72    1
 164544000   73    1
 164500000   74    1
 164462000   75    1
 164429000   76    1
 164399000   77    1
 164373000   78    1
 164350000   79    1
 164329000   80    1
 164311000   81    1
 164296000   82    1
 164282000   83    1
 164269000   84    1
 164258000   85    1
 164249000   86    1
 164240000   87    1
 164233000   88    1
 164227000   89    1
 164221000   90    1
 164216000   91    1
 164211000   92    1
 164207000   93    1
 164204000   94    1
 164201000   95    1
 164198000   96    1
 164195000   97    1
 164193000   98    1
 164192000   99    1
 164190000  100    1
13 #_N_cpue
 #_Fleet Units Errtype
       1     1       0
       2     1       0
       3     1       0
 #_year seas index        obs se_log
     76    1     2 1237086838    0.2
     78    1     2 1296795516    0.2
     80    1     2 1460550985    0.2
     82    1     2 1257817861    0.2
     84    1     2 1640097409    0.2
     86    1     2 1268441953    0.2
     88    1     2 1568762976    0.2
     90    1     2 1332060679    0.2
     92    1     2 1398522322    0.2
     94    1     2 1389136810    0.2
     96    1     2 1607871216    0.2
     98    1     2 1390785489    0.2
    100    1     2 1625976065    0.2
0 #_N_discard_fleets
#_discard_units (1=same_as_catchunits(bio/num); 2=fraction; 3=numbers)
#_discard_errtype:  >0 for DF of T-dist(read CV below); 0 for normal with CV; -1 for normal with se; -2 for lognormal
0 #_N_discard
0 #_N_meanbodywt
1 #_DF_for_meanbodywt_T-distribution_like
2 # length bin method: 1=use databins; 2=generate from binwidth,min,max below; 3=read vector
1 # binwidth for population size comp
10 # minimum size in the population (lower edge of first bin and size at age 0.00)
200 # maximum size in the population (lower edge of last bin)
-0.001 #_comp_tail_compression
1e-05 #_add_to_comp
0 #_combine males into females at or below this bin number
45 #_N_lbins
#_lbin_vector
20 23 26 29 32 35 38 41 44 47 50 53 56 59 62 65 68 71 74 77 80 83 86 89 92 95 98 101 104 107 110 113 116 119 122 125 128 131 134 137 140 143 146 149 152
28 #_N_Length_comp_observations
 #_Yr Seas FltSvy Gender Part Nsamp           l20          l23          l26          l29         l32          l35          l38         l41        l44        l47        l50        l53        l56        l59        l62        l65        l68        l71        l74        l77        l80        l83         l86         l89         l92         l95         l98       l101       l104        l107        l110        l113        l116        l119         l122         l125         l128         l131         l134         l137         l140         l143         l146         l149         l152
   26    1      1      0    0   125 5.617181e-250 4.203332e-06 3.560080e-04 0.0007878553 0.006057910 0.0126469153 0.0011810570 0.002306315 0.04284046 0.04253665 0.02846160 0.06402216 0.02511045 0.01499553 0.02461105 0.03941036 0.02613615 0.03995868 0.02831553 0.03366280 0.03999240 0.08386506 0.040528469 0.030933101 0.052501780 0.008309871 0.006797585 0.04105303 0.01485769 0.019788720 0.030003990 0.049976868 0.013578900 0.029445382 0.0231159922 0.0303502558 0.0134900439 0.0125944092 1.121250e-02 4.266967e-03 6.128854e-03 2.704531e-03 7.385653e-04 2.549603e-05 3.378400e-04
   36    1      1      0    0   125  4.045457e-49 4.513629e-04 1.044215e-04 0.0040951584 0.024462137 0.0095112526 0.0002894343 0.031955869 0.02097277 0.01872803 0.04236544 0.05638322 0.05614233 0.03296991 0.05721349 0.03922030 0.01608547 0.02787133 0.02817615 0.09066201 0.01521964 0.02166433 0.042533073 0.038590091 0.033367680 0.014231074 0.018164952 0.01082715 0.02415417 0.037131034 0.024461011 0.027339648 0.003443618 0.021562132 0.0146312327 0.0040239469 0.0199750978 0.0154689830 3.294051e-02 1.906089e-04 5.698442e-05 2.181060e-02 5.520209e-04 6.502294e-11 3.193881e-07
   46    1      1      0    0   125  1.116577e-97 2.225582e-19 3.374641e-03 0.0050859293 0.004343323 0.0007598126 0.0193011766 0.032426052 0.01978024 0.09934546 0.04370773 0.03888681 0.01534739 0.05918619 0.05638688 0.04787780 0.07960564 0.05052938 0.02575825 0.01186402 0.04246195 0.04425776 0.007554038 0.016587178 0.052609807 0.023191359 0.017575802 0.01457032 0.04057652 0.011411536 0.008573004 0.015850607 0.012190956 0.026522412 0.0150596821 0.0154406814 0.0062090684 0.0014675515 1.223430e-02 1.090497e-03 6.281806e-04 4.974510e-07 3.688962e-04 4.672236e-11 6.794056e-07
   56    1      1      0    0   125  4.961519e-21 8.997414e-17 2.527478e-06 0.0062883227 0.007341762 0.0165183489 0.0100328853 0.010618199 0.02965409 0.07910715 0.07542967 0.07159657 0.01863018 0.05550663 0.05660490 0.02546880 0.02776136 0.05028498 0.02495094 0.05488993 0.03567452 0.01849074 0.045316261 0.011643546 0.039356763 0.021222036 0.036563877 0.01397117 0.02285714 0.011741801 0.013440647 0.022976681 0.005430948 0.002496280 0.0182164279 0.0110891839 0.0011418529 0.0079256398 7.112987e-05 1.519631e-02 1.510926e-03 7.279992e-03 1.329451e-02 2.372123e-03 3.223945e-05
   60    1      1      0    0   125  4.418385e-44 5.246717e-09 2.992796e-03 0.0104564015 0.012599349 0.0216998312 0.0054162199 0.022851708 0.03611964 0.03846410 0.09117104 0.04807732 0.01178022 0.04854409 0.03240470 0.07816238 0.05286031 0.05226211 0.03591461 0.02603564 0.02656721 0.04468923 0.041326222 0.015408427 0.035141502 0.022786789 0.022695120 0.01044925 0.01253587 0.005002614 0.020713022 0.031164369 0.006329854 0.008152321 0.0031940654 0.0261545566 0.0081850359 0.0120119409 4.153141e-03 6.121463e-03 2.186268e-06 9.232917e-03 2.997049e-10 1.128057e-11 1.704150e-04
   64    1      1      0    0   125 4.569132e-113 1.974401e-33 6.208182e-05 0.0340757635 0.011514707 0.0254649587 0.0043676181 0.021097938 0.02206160 0.05777043 0.07343823 0.04530899 0.03663851 0.03461916 0.02741972 0.01988547 0.08762588 0.09599879 0.04434541 0.04393664 0.01788322 0.01610954 0.021490268 0.018506827 0.024555122 0.025304180 0.033036455 0.02092256 0.03167214 0.006618319 0.005730270 0.009535421 0.028718990 0.009616431 0.0133675372 0.0150128939 0.0008594371 0.0074190741 3.025505e-03 1.161997e-03 1.914058e-04 5.853709e-04 1.226167e-03 4.041741e-18 1.818962e-03
   68    1      1      0    0   125  1.846013e-38 6.817367e-07 2.426431e-06 0.0011393728 0.014980514 0.0046083848 0.0067686114 0.044236745 0.01543159 0.07471597 0.06724500 0.06072231 0.03141957 0.02244157 0.03897405 0.03320560 0.04976879 0.06713862 0.02754840 0.04070998 0.02183722 0.03672291 0.038282954 0.025947670 0.016562464 0.039590021 0.033809365 0.02675103 0.03357836 0.010393322 0.016310463 0.038697847 0.007123600 0.014630584 0.0017510709 0.0008053298 0.0028494700 0.0011817628 2.075299e-02 8.264262e-03 1.162015e-03 5.071177e-05 1.881704e-03 1.019904e-08 4.685110e-06
   72    1      1      0    0   125 2.108506e-149 1.023903e-10 9.641005e-04 0.0015303985 0.005458371 0.0100847497 0.0030202798 0.010870182 0.05625103 0.06411462 0.05634190 0.07386512 0.02686100 0.04153482 0.04741498 0.04161784 0.04038845 0.02806140 0.05273109 0.04179638 0.03600141 0.02894838 0.034068303 0.004714099 0.008524183 0.034564255 0.047045329 0.02685118 0.03726839 0.022209468 0.026532358 0.033515708 0.008065536 0.011592061 0.0010642886 0.0059756114 0.0058679420 0.0001515530 2.362374e-02 7.778910e-08 7.994473e-10 4.282994e-05 3.463441e-04 5.733147e-05 6.289832e-05
   76    1      1      0    0   125  1.973782e-85 4.581212e-05 5.804612e-04 0.0225504233 0.010022324 0.0007583662 0.0048999952 0.013351680 0.04517899 0.07587630 0.07527362 0.03076248 0.03767799 0.04771595 0.04260986 0.05122357 0.03505698 0.02835102 0.03201288 0.02358247 0.03411917 0.02578322 0.019454452 0.071579809 0.019198843 0.027481869 0.041460778 0.01141284 0.01960976 0.015594908 0.026648010 0.024263232 0.003813367 0.010155717 0.0061068333 0.0194706536 0.0142659175 0.0137177099 1.362685e-02 8.242359e-07 3.599200e-03 6.337214e-04 7.466246e-05 3.964633e-04 1.669253e-16
   80    1      1      0    0   125 1.609255e-294 7.861316e-04 6.767945e-04 0.0186270583 0.012804987 0.0031493786 0.0008158677 0.013428985 0.03038620 0.06966022 0.04130897 0.02783295 0.03128383 0.04801060 0.07849027 0.02532769 0.04527586 0.03788331 0.04647632 0.05682413 0.03605722 0.03538453 0.037068504 0.013055143 0.021683208 0.033813210 0.042382684 0.04067595 0.02733818 0.010592296 0.022764612 0.024973030 0.014044187 0.007084037 0.0045272342 0.0153103685 0.0024468661 0.0106728911 1.065504e-03 2.539615e-05 1.548937e-10 1.611784e-04 1.431900e-19 8.817199e-09 9.824209e-03
   84    1      1      0    0   125  1.197661e-46 5.194065e-06 1.797077e-04 0.0025776976 0.014676192 0.0019263422 0.0002033420 0.013968554 0.07430863 0.09434642 0.05621700 0.04432182 0.02435587 0.04836070 0.06133449 0.04234703 0.06230919 0.02876922 0.02957574 0.01988812 0.03204362 0.03957017 0.019217552 0.016603205 0.031364396 0.057121565 0.028573415 0.02898855 0.02161850 0.010419515 0.014588993 0.016836511 0.002547789 0.012478604 0.0043735326 0.0132246929 0.0118514065 0.0076240634 1.106051e-02 1.279717e-04 8.413406e-05 1.954613e-09 2.480800e-07 2.730752e-11 9.804391e-06
   88    1      1      0    0   125 1.976263e-323 7.795190e-14 4.248262e-03 0.0253720782 0.021186209 0.0027956972 0.0036544111 0.004746889 0.07743742 0.06499852 0.06274788 0.06823951 0.02354124 0.04144451 0.05591766 0.01860231 0.02608145 0.01175241 0.03080836 0.01824919 0.02794655 0.05833843 0.015956170 0.060580824 0.013523044 0.020596481 0.037334003 0.03970834 0.04528895 0.026960899 0.020192698 0.005488381 0.001389123 0.005173685 0.0047868877 0.0240890101 0.0257156536 0.0008874413 1.380014e-03 4.365086e-08 1.882957e-09 2.602135e-05 5.859179e-04 6.497559e-06 2.220919e-03
   92    1      1      0    0   125 2.150993e-100 1.204688e-17 5.167225e-03 0.0021496930 0.012502604 0.0087916630 0.0005877516 0.011656757 0.04596087 0.08614451 0.07681507 0.05389079 0.04204181 0.05757091 0.03932861 0.03704995 0.04537735 0.05628271 0.03102707 0.06350621 0.01309784 0.01518078 0.024509180 0.013448051 0.032301859 0.022724555 0.026880630 0.02932127 0.01652865 0.038865134 0.005503961 0.035779160 0.017341891 0.001931768 0.0091458558 0.0094043108 0.0050664804 0.0059452558 1.705538e-04 8.692595e-05 7.873240e-04 7.512943e-05 5.166171e-05 9.562644e-15 2.206347e-07
   96    1      1      0    0   125  2.176940e-35 5.223080e-07 1.108354e-04 0.0059985108 0.008519960 0.0102421157 0.0056944037 0.014607941 0.03497354 0.06011112 0.06178566 0.03318951 0.01245648 0.03404059 0.07455980 0.03634222 0.05171977 0.04401781 0.03251409 0.06513387 0.02103515 0.03445795 0.048271265 0.039087746 0.035127282 0.017836320 0.028508013 0.01885697 0.01740202 0.012108412 0.056529792 0.011780813 0.002809360 0.006830742 0.0210907343 0.0078098803 0.0140866993 0.0020310228 1.652697e-02 6.485473e-06 9.285809e-04 6.817846e-07 4.508895e-04 8.901796e-16 4.074550e-04
  100    1      1      0    0   125  4.326769e-52 3.191927e-14 5.266013e-04 0.0296216296 0.011892708 0.0038849537 0.0032352654 0.006158918 0.06093373 0.08747552 0.02971133 0.04050685 0.06642606 0.05070258 0.02686211 0.07913396 0.03482684 0.05614337 0.02697000 0.03272063 0.02459613 0.02517999 0.047490015 0.043076620 0.023542208 0.027557013 0.040296351 0.01223595 0.01659517 0.006753056 0.007307903 0.015048898 0.015461595 0.001969597 0.0003795789 0.0272240426 0.0014170525 0.0045909555 7.721855e-03 8.251373e-05 6.004484e-06 3.656679e-03 7.619429e-05 1.536076e-06 7.178675e-18
   76    1      2      0    0   500  5.443428e-12 2.254348e-03 1.977109e-02 0.0383184577 0.046184263 0.0186628507 0.0135617361 0.015431282 0.03637616 0.06736470 0.05301393 0.04713803 0.04337965 0.02747568 0.02921109 0.05455091 0.03927125 0.03364137 0.03190660 0.01855359 0.02974577 0.03500535 0.029961228 0.040728110 0.020828035 0.023948042 0.021826277 0.01288896 0.02688134 0.021551386 0.008305030 0.019427982 0.026140925 0.013591846 0.0053953642 0.0096602808 0.0038107858 0.0032830428 7.573593e-03 6.838348e-04 1.822340e-03 1.981247e-04 4.286382e-04 2.361614e-04 1.058114e-05
   78    1      2      0    0   500  6.237470e-16 1.979845e-03 1.870350e-02 0.0634993734 0.037323042 0.0166812588 0.0092603764 0.019445000 0.04526585 0.06835641 0.04959092 0.02336988 0.03045390 0.02403742 0.02427012 0.04288840 0.05180944 0.02735918 0.02341402 0.03238516 0.03621886 0.03730164 0.023870413 0.020475169 0.042835475 0.028643491 0.032130578 0.02937942 0.02144477 0.018233252 0.009959203 0.012831308 0.010479561 0.015912508 0.0190249192 0.0169335878 0.0036850105 0.0011691567 7.552113e-04 3.858152e-03 3.941506e-03 4.377343e-04 5.078366e-05 2.960533e-05 3.055847e-04
   80    1      2      0    0   500  2.210167e-27 1.187385e-03 1.695737e-02 0.0483299743 0.053718441 0.0179675888 0.0090426850 0.019539326 0.04593143 0.05511715 0.03920063 0.04156860 0.02071072 0.04577675 0.03536487 0.03923252 0.05254687 0.02529404 0.02902156 0.02796161 0.03915337 0.02795421 0.024896968 0.034749169 0.029959781 0.020181655 0.029678916 0.01666432 0.02231067 0.020973027 0.024675894 0.011600628 0.027278912 0.009526578 0.0079189997 0.0048317315 0.0090208028 0.0065215567 2.681499e-03 1.800867e-03 1.122212e-03 1.090950e-03 2.726329e-04 2.614059e-07 6.648645e-04
   82    1      2      0    0   500  1.088978e-16 6.175936e-03 1.323965e-02 0.0436523789 0.050186446 0.0186237516 0.0064472098 0.017804171 0.03394157 0.03865569 0.05944154 0.04104590 0.03175310 0.03619192 0.05159216 0.03228864 0.03873556 0.03757522 0.02501383 0.04522683 0.03954336 0.03509985 0.041050211 0.033736528 0.018717255 0.024834883 0.029889775 0.03078657 0.01290656 0.030548628 0.010879752 0.011957466 0.008111028 0.007475105 0.0122393733 0.0041107837 0.0074754341 0.0017022024 1.317289e-03 1.518320e-03 4.208339e-03 7.618616e-06 1.771617e-03 2.225475e-03 2.950731e-04
   84    1      2      0    0   500  2.187441e-05 5.345964e-03 2.187684e-02 0.0643231416 0.045243734 0.0231165396 0.0119093415 0.026428771 0.03583078 0.05624139 0.06240479 0.05400574 0.04991471 0.02916282 0.03613994 0.03524370 0.03515009 0.03211564 0.02775825 0.03034108 0.02280375 0.01455583 0.025021611 0.015655016 0.020898500 0.026516609 0.023801295 0.03743881 0.01308488 0.032817200 0.017845186 0.013344684 0.017521749 0.004962413 0.0067544111 0.0060785075 0.0066758314 0.0028386216 2.651530e-03 2.501853e-04 1.103000e-03 2.645126e-03 2.004056e-04 1.830101e-03 1.296009e-04
   86    1      2      0    0   500  1.242211e-23 3.495579e-03 3.057971e-02 0.0432164795 0.043914221 0.0160086585 0.0120415179 0.013361733 0.04812331 0.05346503 0.06088518 0.03123546 0.04511892 0.04205062 0.05057144 0.04581566 0.03488259 0.02474179 0.04401724 0.03033029 0.02707571 0.03661140 0.038538609 0.022844484 0.035923100 0.019410357 0.019498228 0.02388191 0.02713515 0.015033971 0.004893447 0.013264670 0.008375262 0.009284699 0.0066520810 0.0063269450 0.0023043829 0.0030916129 2.398626e-03 7.055607e-04 1.927569e-03 9.296840e-04 2.945357e-05 9.508668e-07 6.719010e-06
   88    1      2      0    0   500  2.637618e-24 8.950942e-04 1.108641e-02 0.0457717203 0.049596978 0.0257697871 0.0067184126 0.026361174 0.03947977 0.05003440 0.03838342 0.05724737 0.03129544 0.02278010 0.03741351 0.04975716 0.04315920 0.03051482 0.03993437 0.04249134 0.03130765 0.03024345 0.028628485 0.034912615 0.022182839 0.020284414 0.023452377 0.02048207 0.01508867 0.026887197 0.013399575 0.020507010 0.008978050 0.010262659 0.0063547161 0.0059709621 0.0116759218 0.0062919129 5.069104e-03 7.886297e-04 1.922511e-03 1.200695e-04 5.181112e-03 1.167342e-03 1.501730e-04
   90    1      2      0    0   500  2.222093e-34 2.357188e-03 1.327313e-02 0.0688914634 0.063004011 0.0162312672 0.0061974352 0.020327146 0.05200970 0.06985304 0.04619521 0.04558706 0.03133678 0.03278794 0.02622320 0.03080588 0.05104091 0.02065288 0.03734506 0.03450701 0.02078837 0.01873400 0.027025371 0.021082367 0.035142822 0.019972735 0.024902350 0.01635818 0.02349882 0.028985351 0.016790767 0.006035258 0.009902439 0.016010387 0.0135511595 0.0131331650 0.0110301541 0.0024126720 1.075782e-03 1.864169e-03 1.596223e-03 6.534175e-04 6.245873e-04 1.927092e-04 1.044729e-05
   92    1      2      0    0   500  4.858676e-06 5.689002e-03 1.496451e-02 0.0587684160 0.058792986 0.0225667779 0.0053756442 0.032101762 0.04782990 0.04836537 0.06263525 0.04717007 0.03022204 0.03186231 0.02953252 0.03727870 0.03101687 0.02782449 0.03871870 0.03605619 0.02736912 0.02357533 0.022596443 0.023142397 0.021063417 0.022065609 0.019710324 0.02258102 0.01675519 0.025862675 0.018101860 0.014443778 0.009981640 0.024112037 0.0080072194 0.0070733401 0.0105540702 0.0025521472 8.069646e-03 1.244010e-03 7.933367e-04 2.532550e-03 5.117405e-04 1.877868e-04 3.369730e-04
   94    1      2      0    0   500  4.502202e-18 7.638286e-04 2.893278e-02 0.0428091880 0.047308065 0.0150430733 0.0055504244 0.026630835 0.04265264 0.06141070 0.05241838 0.04481297 0.03319089 0.03006815 0.02247300 0.04562365 0.05208464 0.03729944 0.02593876 0.02569528 0.02365245 0.02931979 0.031606889 0.028724840 0.024412244 0.024879281 0.025892870 0.01714650 0.03359987 0.019515631 0.024975830 0.021248809 0.010390830 0.007602361 0.0107648824 0.0068183153 0.0090625027 0.0018417960 7.908808e-04 4.799391e-03 8.539967e-04 3.338695e-04 5.820871e-04 4.747147e-04 2.658486e-06
   96    1      2      0    0   500  4.402799e-28 1.185957e-03 2.435178e-02 0.0423334600 0.038122128 0.0302152848 0.0128407844 0.024187677 0.05883210 0.04818502 0.04401223 0.04062683 0.02399309 0.02932863 0.04001271 0.02672365 0.03143116 0.02673815 0.03830643 0.03567298 0.01521771 0.03384286 0.040754240 0.050405007 0.023220471 0.021749706 0.034799786 0.02311669 0.03636273 0.023288122 0.017055791 0.008553963 0.009136976 0.006756708 0.0019823164 0.0176790002 0.0110194300 0.0047093520 1.346568e-03 1.834026e-04 1.647548e-03 4.295869e-05 2.452030e-06 2.615868e-05 6.901622e-09
   98    1      2      0    0   500  1.870460e-15 9.763406e-04 1.911168e-02 0.0540289031 0.035240696 0.0170932820 0.0066387336 0.015338098 0.04748105 0.05995646 0.05836680 0.03552862 0.02356942 0.02929116 0.04266705 0.02367064 0.03776422 0.03450036 0.02328510 0.04148167 0.04222890 0.03327509 0.037897294 0.037510174 0.029150694 0.021488954 0.029874705 0.03097162 0.01766256 0.020502143 0.011111651 0.009125324 0.016864229 0.010301226 0.0107079370 0.0114814126 0.0058541365 0.0022607560 6.458107e-03 3.794342e-03 4.245915e-03 9.889313e-05 3.163408e-05 1.081281e-03 3.071083e-05
  100    1      2      0    0   500  1.550279e-11 5.684328e-03 2.755655e-02 0.0708210612 0.048618047 0.0270817248 0.0050190598 0.020282363 0.03875739 0.05057652 0.04843523 0.05134604 0.02778382 0.02436885 0.02812435 0.03607599 0.02816119 0.03045940 0.04088392 0.03276453 0.02116511 0.02805212 0.032278693 0.044223573 0.016561949 0.037763826 0.026665558 0.02488184 0.01425417 0.015254054 0.011233671 0.016988096 0.013841008 0.006470880 0.0095532946 0.0078720221 0.0154378401 0.0017841897 1.980183e-03 1.649521e-03 1.425893e-03 4.708472e-03 1.543152e-03 1.444837e-03 1.656903e-04
15 #_N_agebins
#_agebin_vector
1 2 3 4 5 6 7 8 9 10 11 12 13 14 15
1 #_N_ageerror_definitions
 #_age0   age1   age2   age3   age4   age5   age6   age7   age8   age9  age10  age11  age12  age13  age14  age15  age16  age17  age18  age19  age20  age21  age22  age23  age24  age25
 -1.000 -1.000 -1.000 -1.000 -1.000 -1.000 -1.000 -1.000 -1.000 -1.000 -1.000 -1.000 -1.000 -1.000 -1.000 -1.000 -1.000 -1.000 -1.000 -1.000 -1.000 -1.000 -1.000 -1.000 -1.000 -1.000
  0.001  0.001  0.001  0.001  0.001  0.001  0.001  0.001  0.001  0.001  0.001  0.001  0.001  0.001  0.001  0.001  0.001  0.001  0.001  0.001  0.001  0.001  0.001  0.001  0.001  0.001
87 #_N_agecomp
1 #_Lbin_method: 1=poplenbins; 2=datalenbins; 3=lengths
-1 #_combine males into females at or below this bin number
 #_Yr Seas FltSvy Gender Part Ageerr Lbin_lo Lbin_hi Nsamp          a1        a2        a3         a4         a5         a6         a7         a8          a9         a10         a11         a12         a13          a14         a15
   26    1      1      0    0      1      -1      -1   125  0.03422866 0.1872811 0.1089666 0.12059436 0.10340413 0.07647823 0.06251169 0.06733857 0.071268612 0.023272034 0.007556066 0.025249331 0.017520967 0.0014516424 0.092877927
   36    1      1      0    0      1      -1      -1   125  0.02441860 0.1605786 0.1791203 0.16893192 0.09277517 0.05350931 0.07339578 0.02477252 0.047870746 0.049995931 0.049791082 0.003855962 0.031140273 0.0052499081 0.034593907
   46    1      1      0    0      1      -1      -1   125  0.01116681 0.1695289 0.2479394 0.14390986 0.11364045 0.08735878 0.05157892 0.03078048 0.035753643 0.012938623 0.030400565 0.008754935 0.008761234 0.0021090418 0.045378292
   56    1      1      0    0      1      -1      -1   125  0.02959214 0.1853319 0.1669570 0.21897530 0.10349094 0.07176599 0.11129055 0.03013299 0.006537954 0.010491380 0.032965028 0.007206395 0.003068265 0.0019990827 0.020195040
   60    1      1      0    0      1      -1      -1   125  0.06780892 0.2370304 0.1434553 0.17664058 0.08174278 0.06423536 0.04650187 0.04709247 0.012942853 0.009018570 0.005050332 0.007439440 0.025765758 0.0085875034 0.066687873
   64    1      1      0    0      1      -1      -1   125  0.09421791 0.2274875 0.1371615 0.14396089 0.10811514 0.06680245 0.05213066 0.06433651 0.042401729 0.024319926 0.006301610 0.004439575 0.001736707 0.0099597349 0.016628188
   68    1      1      0    0      1      -1      -1   125  0.02067462 0.2323340 0.1600156 0.06493440 0.17798041 0.10996500 0.08864654 0.04043502 0.009317800 0.021616679 0.032367704 0.008828832 0.008471319 0.0034296942 0.020982431
   72    1      1      0    0      1      -1      -1   125  0.01916605 0.1991472 0.1697800 0.20395537 0.09392338 0.07935679 0.09835031 0.03621705 0.038890403 0.013465433 0.020855767 0.005410250 0.013762456 0.0008334519 0.006886006
   76    1      1      0    0      1      -1      -1   125  0.07461732 0.1654656 0.2015845 0.13810877 0.10536888 0.06731907 0.10939477 0.02762618 0.020446588 0.032177166 0.018753965 0.015116568 0.001385813 0.0039431592 0.018691603
   80    1      1      0    0      1      -1      -1   125  0.03787501 0.2644590 0.2040018 0.14448521 0.10240220 0.07206787 0.05611086 0.03720610 0.017553030 0.005771304 0.008785978 0.009879075 0.021220738 0.0138568549 0.004324879
   84    1      1      0    0      1      -1      -1   125  0.02535539 0.1992093 0.2447009 0.14173589 0.09854844 0.08250690 0.06733932 0.01635009 0.012334242 0.009129544 0.042272889 0.008399906 0.007934623 0.0064285634 0.037754022
   88    1      1      0    0      1      -1      -1   125  0.03496370 0.2584599 0.1843711 0.10324357 0.11360574 0.10151949 0.02492681 0.06042147 0.061988023 0.011376237 0.007792537 0.009663769 0.006567461 0.0019657704 0.019134439
   92    1      1      0    0      1      -1      -1   125  0.03744322 0.1964701 0.1877131 0.10765203 0.12413631 0.09654497 0.03207373 0.06689659 0.054096090 0.011188667 0.020008550 0.021507152 0.017330623 0.0023464897 0.024592295
   96    1      1      0    0      1      -1      -1   125  0.03832432 0.2348154 0.2297478 0.10365146 0.11748054 0.08713306 0.02717358 0.03526322 0.038587040 0.053373909 0.009665920 0.015982312 0.002142963 0.0008205938 0.005837862
  100    1      1      0    0      1      -1      -1   125  0.04064124 0.2346515 0.2152713 0.14296555 0.07653383 0.07723799 0.05951231 0.02702272 0.027401602 0.010642546 0.004952786 0.027562827 0.018382928 0.0009033894 0.036317476
   76    1      2      0    0      1      -1      -1   500  0.12575146 0.2446639 0.1801165 0.12460389 0.09226318 0.06821619 0.04455535 0.03096440 0.023799451 0.015430605 0.014386854 0.003975731 0.006599348 0.0058364027 0.018836694
   78    1      2      0    0      1      -1      -1   500  0.12166865 0.2489169 0.1853984 0.12885343 0.08526228 0.06669039 0.04945706 0.03033216 0.021608531 0.019632775 0.006831812 0.011647427 0.006520673 0.0039807616 0.013198663
   80    1      2      0    0      1      -1      -1   500  0.15467246 0.2202186 0.1919938 0.09740942 0.10176033 0.05762598 0.06209393 0.02692306 0.024496057 0.022720121 0.009163724 0.004637811 0.005027344 0.0018218999 0.019435523
   82    1      2      0    0      1      -1      -1   500  0.12210613 0.2392895 0.1792421 0.13465764 0.08452437 0.06233517 0.04361780 0.02796585 0.032785878 0.022342948 0.017265283 0.010912337 0.004224121 0.0074738834 0.011256935
   84    1      2      0    0      1      -1      -1   500  0.12687017 0.2186343 0.1813737 0.12447394 0.09566433 0.08593020 0.03195201 0.03564687 0.034396510 0.014493353 0.018900412 0.006406282 0.011471669 0.0060703865 0.007715876
   86    1      2      0    0      1      -1      -1   500  0.15259131 0.1755722 0.1853212 0.12912333 0.10036435 0.06641827 0.06591629 0.03612078 0.025547304 0.026681825 0.011714728 0.007907559 0.005905766 0.0028198908 0.007995260
   88    1      2      0    0      1      -1      -1   500  0.14556218 0.2214967 0.1704966 0.11899863 0.09369000 0.07739464 0.05549728 0.03238465 0.027031410 0.013927135 0.009007290 0.007847926 0.013100669 0.0047458189 0.008819159
   90    1      2      0    0      1      -1      -1   500  0.16061316 0.1912528 0.1835875 0.10894638 0.11016077 0.05712491 0.05816496 0.03000106 0.025650739 0.019885411 0.022166588 0.009534571 0.002208564 0.0029770444 0.017725492
   92    1      2      0    0      1      -1      -1   500  0.13991900 0.2435992 0.1542693 0.10483876 0.10791039 0.07404380 0.05465585 0.02645012 0.031416181 0.035857602 0.007305417 0.005065358 0.004061514 0.0010182383 0.009589236
   94    1      2      0    0      1      -1      -1   500  0.13758525 0.2217823 0.1603742 0.13316256 0.09979652 0.06056395 0.05910716 0.04172036 0.023979099 0.012688247 0.019269405 0.005467571 0.002616668 0.0065639328 0.015322777
   96    1      2      0    0      1      -1      -1   500  0.13938694 0.2118602 0.1589589 0.13872878 0.08402319 0.07784655 0.05750093 0.04090534 0.018701382 0.027440008 0.011314743 0.009509362 0.002360998 0.0031703896 0.018292209
   98    1      2      0    0      1      -1      -1   500  0.12235820 0.2572229 0.2196334 0.11128596 0.08194032 0.04939390 0.04563068 0.02449297 0.031336002 0.018244857 0.012850973 0.006212116 0.004700248 0.0019518915 0.012745553
  100    1      2      0    0      1      -1      -1   500  0.13376998 0.2136775 0.1580506 0.13738177 0.08018453 0.06801885 0.05437621 0.04583529 0.021541707 0.025719087 0.014475632 0.018441732 0.005340213 0.0037202380 0.019466633
   60    1      1      0    0      1       3       3     1  1.00000000 0.0000000 0.0000000 0.00000000 0.00000000 0.00000000 0.00000000 0.00000000 0.000000000 0.000000000 0.000000000 0.000000000 0.000000000 0.0000000000 0.000000000
   60    1      1      0    0      1       5       5     1  1.00000000 0.0000000 0.0000000 0.00000000 0.00000000 0.00000000 0.00000000 0.00000000 0.000000000 0.000000000 0.000000000 0.000000000 0.000000000 0.0000000000 0.000000000
   60    1      1      0    0      1       6       6     4  4.00000000 0.0000000 0.0000000 0.00000000 0.00000000 0.00000000 0.00000000 0.00000000 0.000000000 0.000000000 0.000000000 0.000000000 0.000000000 0.0000000000 0.000000000
   60    1      1      0    0      1       8       8     2  2.00000000 0.0000000 0.0000000 0.00000000 0.00000000 0.00000000 0.00000000 0.00000000 0.000000000 0.000000000 0.000000000 0.000000000 0.000000000 0.0000000000 0.000000000
   60    1      1      0    0      1       9       9     3  3.00000000 0.0000000 0.0000000 0.00000000 0.00000000 0.00000000 0.00000000 0.00000000 0.000000000 0.000000000 0.000000000 0.000000000 0.000000000 0.0000000000 0.000000000
   60    1      1      0    0      1      10      10     5  5.00000000 0.0000000 0.0000000 0.00000000 0.00000000 0.00000000 0.00000000 0.00000000 0.000000000 0.000000000 0.000000000 0.000000000 0.000000000 0.0000000000 0.000000000
   60    1      1      0    0      1      11      11     3  3.00000000 0.0000000 0.0000000 0.00000000 0.00000000 0.00000000 0.00000000 0.00000000 0.000000000 0.000000000 0.000000000 0.000000000 0.000000000 0.0000000000 0.000000000
   60    1      1      0    0      1      12      12     7  7.00000000 0.0000000 0.0000000 0.00000000 0.00000000 0.00000000 0.00000000 0.00000000 0.000000000 0.000000000 0.000000000 0.000000000 0.000000000 0.0000000000 0.000000000
   60    1      1      0    0      1      13      13     1  1.00000000 0.0000000 0.0000000 0.00000000 0.00000000 0.00000000 0.00000000 0.00000000 0.000000000 0.000000000 0.000000000 0.000000000 0.000000000 0.0000000000 0.000000000
   60    1      1      0    0      1      14      14     5  5.00000000 0.0000000 0.0000000 0.00000000 0.00000000 0.00000000 0.00000000 0.00000000 0.000000000 0.000000000 0.000000000 0.000000000 0.000000000 0.0000000000 0.000000000
   60    1      1      0    0      1      15      15     3  3.00000000 0.0000000 0.0000000 0.00000000 0.00000000 0.00000000 0.00000000 0.00000000 0.000000000 0.000000000 0.000000000 0.000000000 0.000000000 0.0000000000 0.000000000
   60    1      1      0    0      1      16      16    13 13.00000000 0.0000000 0.0000000 0.00000000 0.00000000 0.00000000 0.00000000 0.00000000 0.000000000 0.000000000 0.000000000 0.000000000 0.000000000 0.0000000000 0.000000000
   60    1      1      0    0      1      17      17     4  4.00000000 0.0000000 0.0000000 0.00000000 0.00000000 0.00000000 0.00000000 0.00000000 0.000000000 0.000000000 0.000000000 0.000000000 0.000000000 0.0000000000 0.000000000
   60    1      1      0    0      1      18      18     7  7.00000000 0.0000000 0.0000000 0.00000000 0.00000000 0.00000000 0.00000000 0.00000000 0.000000000 0.000000000 0.000000000 0.000000000 0.000000000 0.0000000000 0.000000000
   60    1      1      0    0      1      19      19     5  5.00000000 0.0000000 0.0000000 0.00000000 0.00000000 0.00000000 0.00000000 0.00000000 0.000000000 0.000000000 0.000000000 0.000000000 0.000000000 0.0000000000 0.000000000
   60    1      1      0    0      1      20      20     2  2.00000000 0.0000000 0.0000000 0.00000000 0.00000000 0.00000000 0.00000000 0.00000000 0.000000000 0.000000000 0.000000000 0.000000000 0.000000000 0.0000000000 0.000000000
   60    1      1      0    0      1      21      21     2  2.00000000 0.0000000 0.0000000 0.00000000 0.00000000 0.00000000 0.00000000 0.00000000 0.000000000 0.000000000 0.000000000 0.000000000 0.000000000 0.0000000000 0.000000000
   60    1      1      0    0      1      22      22     6  6.00000000 0.0000000 0.0000000 0.00000000 0.00000000 0.00000000 0.00000000 0.00000000 0.000000000 0.000000000 0.000000000 0.000000000 0.000000000 0.0000000000 0.000000000
   60    1      1      0    0      1      23      23     3  3.00000000 0.0000000 0.0000000 0.00000000 0.00000000 0.00000000 0.00000000 0.00000000 0.000000000 0.000000000 0.000000000 0.000000000 0.000000000 0.0000000000 0.000000000
   60    1      1      0    0      1      25      25     2  2.00000000 0.0000000 0.0000000 0.00000000 0.00000000 0.00000000 0.00000000 0.00000000 0.000000000 0.000000000 0.000000000 0.000000000 0.000000000 0.0000000000 0.000000000
   60    1      1      0    0      1      26      26     1  1.00000000 0.0000000 0.0000000 0.00000000 0.00000000 0.00000000 0.00000000 0.00000000 0.000000000 0.000000000 0.000000000 0.000000000 0.000000000 0.0000000000 0.000000000
   60    1      1      0    0      1      27      27     2  2.00000000 0.0000000 0.0000000 0.00000000 0.00000000 0.00000000 0.00000000 0.00000000 0.000000000 0.000000000 0.000000000 0.000000000 0.000000000 0.0000000000 0.000000000
   60    1      1      0    0      1      29      29     1  1.00000000 0.0000000 0.0000000 0.00000000 0.00000000 0.00000000 0.00000000 0.00000000 0.000000000 0.000000000 0.000000000 0.000000000 0.000000000 0.0000000000 0.000000000
   60    1      1      0    0      1      30      30     1  0.00000000 1.0000000 0.0000000 0.00000000 0.00000000 0.00000000 0.00000000 0.00000000 0.000000000 0.000000000 0.000000000 0.000000000 0.000000000 0.0000000000 0.000000000
   60    1      1      0    0      1      31      31     3  0.00000000 3.0000000 0.0000000 0.00000000 0.00000000 0.00000000 0.00000000 0.00000000 0.000000000 0.000000000 0.000000000 0.000000000 0.000000000 0.0000000000 0.000000000
   60    1      1      0    0      1      32      32     4  0.00000000 4.0000000 0.0000000 0.00000000 0.00000000 0.00000000 0.00000000 0.00000000 0.000000000 0.000000000 0.000000000 0.000000000 0.000000000 0.0000000000 0.000000000
   60    1      1      0    0      1      34      34     2  0.00000000 2.0000000 0.0000000 0.00000000 0.00000000 0.00000000 0.00000000 0.00000000 0.000000000 0.000000000 0.000000000 0.000000000 0.000000000 0.0000000000 0.000000000
   60    1      1      0    0      1      36      36     1  0.00000000 1.0000000 0.0000000 0.00000000 0.00000000 0.00000000 0.00000000 0.00000000 0.000000000 0.000000000 0.000000000 0.000000000 0.000000000 0.0000000000 0.000000000
   60    1      1      0    0      1      37      37     2  0.00000000 2.0000000 0.0000000 0.00000000 0.00000000 0.00000000 0.00000000 0.00000000 0.000000000 0.000000000 0.000000000 0.000000000 0.000000000 0.0000000000 0.000000000
   60    1      1      0    0      1      38      38     1  0.00000000 1.0000000 0.0000000 0.00000000 0.00000000 0.00000000 0.00000000 0.00000000 0.000000000 0.000000000 0.000000000 0.000000000 0.000000000 0.0000000000 0.000000000
   60    1      1      0    0      1      40      40     2  0.00000000 2.0000000 0.0000000 0.00000000 0.00000000 0.00000000 0.00000000 0.00000000 0.000000000 0.000000000 0.000000000 0.000000000 0.000000000 0.0000000000 0.000000000
   60    1      1      0    0      1      42      42     1  0.00000000 0.0000000 1.0000000 0.00000000 0.00000000 0.00000000 0.00000000 0.00000000 0.000000000 0.000000000 0.000000000 0.000000000 0.000000000 0.0000000000 0.000000000
  100    1      1      0    0      1       4       4     4  4.00000000 0.0000000 0.0000000 0.00000000 0.00000000 0.00000000 0.00000000 0.00000000 0.000000000 0.000000000 0.000000000 0.000000000 0.000000000 0.0000000000 0.000000000
  100    1      1      0    0      1       7       7     2  2.00000000 0.0000000 0.0000000 0.00000000 0.00000000 0.00000000 0.00000000 0.00000000 0.000000000 0.000000000 0.000000000 0.000000000 0.000000000 0.0000000000 0.000000000
  100    1      1      0    0      1       9       9     6  6.00000000 0.0000000 0.0000000 0.00000000 0.00000000 0.00000000 0.00000000 0.00000000 0.000000000 0.000000000 0.000000000 0.000000000 0.000000000 0.0000000000 0.000000000
  100    1      1      0    0      1      10      10     9  9.00000000 0.0000000 0.0000000 0.00000000 0.00000000 0.00000000 0.00000000 0.00000000 0.000000000 0.000000000 0.000000000 0.000000000 0.000000000 0.0000000000 0.000000000
  100    1      1      0    0      1      11      11     2  2.00000000 0.0000000 0.0000000 0.00000000 0.00000000 0.00000000 0.00000000 0.00000000 0.000000000 0.000000000 0.000000000 0.000000000 0.000000000 0.0000000000 0.000000000
  100    1      1      0    0      1      12      12     5  5.00000000 0.0000000 0.0000000 0.00000000 0.00000000 0.00000000 0.00000000 0.00000000 0.000000000 0.000000000 0.000000000 0.000000000 0.000000000 0.0000000000 0.000000000
  100    1      1      0    0      1      13      13     6  6.00000000 0.0000000 0.0000000 0.00000000 0.00000000 0.00000000 0.00000000 0.00000000 0.000000000 0.000000000 0.000000000 0.000000000 0.000000000 0.0000000000 0.000000000
  100    1      1      0    0      1      14      14     4  4.00000000 0.0000000 0.0000000 0.00000000 0.00000000 0.00000000 0.00000000 0.00000000 0.000000000 0.000000000 0.000000000 0.000000000 0.000000000 0.0000000000 0.000000000
  100    1      1      0    0      1      15      15     3  3.00000000 0.0000000 0.0000000 0.00000000 0.00000000 0.00000000 0.00000000 0.00000000 0.000000000 0.000000000 0.000000000 0.000000000 0.000000000 0.0000000000 0.000000000
  100    1      1      0    0      1      16      16    12 12.00000000 0.0000000 0.0000000 0.00000000 0.00000000 0.00000000 0.00000000 0.00000000 0.000000000 0.000000000 0.000000000 0.000000000 0.000000000 0.0000000000 0.000000000
  100    1      1      0    0      1      17      17     3  3.00000000 0.0000000 0.0000000 0.00000000 0.00000000 0.00000000 0.00000000 0.00000000 0.000000000 0.000000000 0.000000000 0.000000000 0.000000000 0.0000000000 0.000000000
  100    1      1      0    0      1      18      18     7  7.00000000 0.0000000 0.0000000 0.00000000 0.00000000 0.00000000 0.00000000 0.00000000 0.000000000 0.000000000 0.000000000 0.000000000 0.000000000 0.0000000000 0.000000000
  100    1      1      0    0      1      19      19     1  1.00000000 0.0000000 0.0000000 0.00000000 0.00000000 0.00000000 0.00000000 0.00000000 0.000000000 0.000000000 0.000000000 0.000000000 0.000000000 0.0000000000 0.000000000
  100    1      1      0    0      1      20      20     3  3.00000000 0.0000000 0.0000000 0.00000000 0.00000000 0.00000000 0.00000000 0.00000000 0.000000000 0.000000000 0.000000000 0.000000000 0.000000000 0.0000000000 0.000000000
  100    1      1      0    0      1      21      21     2  2.00000000 0.0000000 0.0000000 0.00000000 0.00000000 0.00000000 0.00000000 0.00000000 0.000000000 0.000000000 0.000000000 0.000000000 0.000000000 0.0000000000 0.000000000
  100    1      1      0    0      1      22      22     2  2.00000000 0.0000000 0.0000000 0.00000000 0.00000000 0.00000000 0.00000000 0.00000000 0.000000000 0.000000000 0.000000000 0.000000000 0.000000000 0.0000000000 0.000000000
  100    1      1      0    0      1      23      23     6  6.00000000 0.0000000 0.0000000 0.00000000 0.00000000 0.00000000 0.00000000 0.00000000 0.000000000 0.000000000 0.000000000 0.000000000 0.000000000 0.0000000000 0.000000000
  100    1      1      0    0      1      24      24     3  3.00000000 0.0000000 0.0000000 0.00000000 0.00000000 0.00000000 0.00000000 0.00000000 0.000000000 0.000000000 0.000000000 0.000000000 0.000000000 0.0000000000 0.000000000
  100    1      1      0    0      1      25      25     2  1.00000000 1.0000000 0.0000000 0.00000000 0.00000000 0.00000000 0.00000000 0.00000000 0.000000000 0.000000000 0.000000000 0.000000000 0.000000000 0.0000000000 0.000000000
  100    1      1      0    0      1      26      26     2  2.00000000 0.0000000 0.0000000 0.00000000 0.00000000 0.00000000 0.00000000 0.00000000 0.000000000 0.000000000 0.000000000 0.000000000 0.000000000 0.0000000000 0.000000000
  100    1      1      0    0      1      27      27     4  3.00000000 1.0000000 0.0000000 0.00000000 0.00000000 0.00000000 0.00000000 0.00000000 0.000000000 0.000000000 0.000000000 0.000000000 0.000000000 0.0000000000 0.000000000
  100    1      1      0    0      1      29      29     4  2.00000000 2.0000000 0.0000000 0.00000000 0.00000000 0.00000000 0.00000000 0.00000000 0.000000000 0.000000000 0.000000000 0.000000000 0.000000000 0.0000000000 0.000000000
  100    1      1      0    0      1      30      30     1  0.00000000 1.0000000 0.0000000 0.00000000 0.00000000 0.00000000 0.00000000 0.00000000 0.000000000 0.000000000 0.000000000 0.000000000 0.000000000 0.0000000000 0.000000000
  100    1      1      0    0      1      31      31     1  0.00000000 1.0000000 0.0000000 0.00000000 0.00000000 0.00000000 0.00000000 0.00000000 0.000000000 0.000000000 0.000000000 0.000000000 0.000000000 0.0000000000 0.000000000
  100    1      1      0    0      1      32      32     2  0.00000000 2.0000000 0.0000000 0.00000000 0.00000000 0.00000000 0.00000000 0.00000000 0.000000000 0.000000000 0.000000000 0.000000000 0.000000000 0.0000000000 0.000000000
  100    1      1      0    0      1      36      36     3  0.00000000 3.0000000 0.0000000 0.00000000 0.00000000 0.00000000 0.00000000 0.00000000 0.000000000 0.000000000 0.000000000 0.000000000 0.000000000 0.0000000000 0.000000000
  100    1      1      0    0      1      39      39     1  0.00000000 1.0000000 0.0000000 0.00000000 0.00000000 0.00000000 0.00000000 0.00000000 0.000000000 0.000000000 0.000000000 0.000000000 0.000000000 0.0000000000 0.000000000
0 #_N_MeanSize_at_Age_obs
0 #_N_environ_variables
0 #_N_environ_obs
0 #_N_sizefreq_methods
0 #_do_tags
0 #_morphcomp_data
#
999
