#C data file created using the SS_writedat function in the R package r4ss
#C should work with SS version: 
#C file write time: 2015-02-11 18:24:35
#
1 #_styr
100 #_endyr
1 #_nseas
12 #_months_per_seas
1 #_spawn_seas
1 #_Nfleet
2 #_Nsurveys
1 #_N_areas
Fishery%Survey%CPUE #_fleetnames
0.5 0.5 0.5 #_surveytiming_in_season
1 1 1 #_area_assignments_for_each_fishery_and_survey
1 #_units of catch:  1=bio; 2=num
0.01 #_se of log(catch) only used for init_eq_catch and for Fmethod 2 and 3
1 #_Ngenders
25 #_Nages
0 #_init_equil_catch_for_each_fishery
100 #_N_lines_of_catch_to_read
 #_Fishery year seas
         0    1    1
         0    2    1
         0    3    1
         0    4    1
         0    5    1
         0    6    1
         0    7    1
         0    8    1
         0    9    1
         0   10    1
         0   11    1
         0   12    1
         0   13    1
         0   14    1
         0   15    1
         0   16    1
         0   17    1
         0   18    1
         0   19    1
         0   20    1
         0   21    1
         0   22    1
         0   23    1
         0   24    1
         0   25    1
 444646000   26    1
 397608000   27    1
 357583000   28    1
 324161000   29    1
 296656000   30    1
 274240000   31    1
 256057000   32    1
 241314000   33    1
 229322000   34    1
 219511000   35    1
 211426000   36    1
 204710000   37    1
 199088000   38    1
 194347000   39    1
 190324000   40    1
 186891000   41    1
 183948000   42    1
 181416000   43    1
 179230000   44    1
 177337000   45    1
 175694000   46    1
 174266000   47    1
 173022000   48    1
 171937000   49    1
 170990000   50    1
 170161000   51    1
 169436000   52    1
 168801000   53    1
 168243000   54    1
 167755000   55    1
 167325000   56    1
 166948000   57    1
 166617000   58    1
 166326000   59    1
 166070000   60    1
 165844000   61    1
 165646000   62    1
 165471000   63    1
 165317000   64    1
 165182000   65    1
 165063000   66    1
 164958000   67    1
 164865000   68    1
 164784000   69    1
 164712000   70    1
 164649000   71    1
 164593000   72    1
 164544000   73    1
 164500000   74    1
 164462000   75    1
 164429000   76    1
 164399000   77    1
 164373000   78    1
 164350000   79    1
 164329000   80    1
 164311000   81    1
 164296000   82    1
 164282000   83    1
 164269000   84    1
 164258000   85    1
 164249000   86    1
 164240000   87    1
 164233000   88    1
 164227000   89    1
 164221000   90    1
 164216000   91    1
 164211000   92    1
 164207000   93    1
 164204000   94    1
 164201000   95    1
 164198000   96    1
 164195000   97    1
 164193000   98    1
 164192000   99    1
 164190000  100    1
13 #_N_cpue
 #_Fleet Units Errtype
       1     1       0
       2     1       0
       3     1       0
 #_year seas index        obs se_log
     76    1     2 1422682807    0.2
     78    1     2 1213548740    0.2
     80    1     2 1593801868    0.2
     82    1     2 1318020181    0.2
     84    1     2 1027983576    0.2
     86    1     2 1315664184    0.2
     88    1     2 1091465222    0.2
     90    1     2 1352403291    0.2
     92    1     2 1582164754    0.2
     94    1     2 1760536901    0.2
     96    1     2 1877014242    0.2
     98    1     2 1127219717    0.2
    100    1     2 1167439754    0.2
0 #_N_discard_fleets
#_discard_units (1=same_as_catchunits(bio/num); 2=fraction; 3=numbers)
#_discard_errtype:  >0 for DF of T-dist(read CV below); 0 for normal with CV; -1 for normal with se; -2 for lognormal
0 #_N_discard
0 #_N_meanbodywt
1 #_DF_for_meanbodywt_T-distribution_like
2 # length bin method: 1=use databins; 2=generate from binwidth,min,max below; 3=read vector
1 # binwidth for population size comp
10 # minimum size in the population (lower edge of first bin and size at age 0.00)
200 # maximum size in the population (lower edge of last bin)
-0.001 #_comp_tail_compression
1e-05 #_add_to_comp
0 #_combine males into females at or below this bin number
45 #_N_lbins
#_lbin_vector
20 23 26 29 32 35 38 41 44 47 50 53 56 59 62 65 68 71 74 77 80 83 86 89 92 95 98 101 104 107 110 113 116 119 122 125 128 131 134 137 140 143 146 149 152
28 #_N_Length_comp_observations
 #_Yr Seas FltSvy Gender Part Nsamp           l20          l23          l26          l29         l32          l35          l38         l41        l44        l47        l50        l53         l56        l59        l62        l65        l68        l71         l74        l77        l80         l83         l86        l89         l92        l95         l98        l101        l104        l107        l110        l113        l116         l119         l122         l125         l128         l131         l134         l137         l140         l143         l146         l149         l152
   26    1      1      0    0   125 9.252115e-269 8.728731e-04 3.401354e-04 0.0002251112 0.001261036 0.0082192553 1.343643e-04 0.017310645 0.03081817 0.01589758 0.04127557 0.02170137 0.020429025 0.02438398 0.01938612 0.03392063 0.08808896 0.02309723 0.105795762 0.03600798 0.03550452 0.040976151 0.024434100 0.01609427 0.013572907 0.03639830 0.023760609 0.048661160 0.039854449 0.010064035 0.034488136 0.017096743 0.040181816 0.0274493147 0.0275515234 0.0075738049 1.601744e-02 0.0197192016 1.414541e-02 4.103421e-03 3.054501e-03 8.527659e-03 4.361941e-05 1.359939e-03 2.011769e-04
   36    1      1      0    0   125  0.000000e+00 1.075825e-10 2.928551e-08 0.0110934138 0.007500724 0.0069356227 2.207240e-02 0.008501611 0.06960778 0.06625227 0.10782011 0.03883146 0.031883508 0.05489086 0.06026412 0.02840955 0.03672822 0.03527879 0.043118921 0.01590293 0.02508067 0.013313875 0.028683488 0.01946143 0.014955738 0.01538942 0.029807504 0.041875175 0.030106251 0.010972672 0.036038163 0.019355650 0.021012607 0.0292686707 0.0028619423 0.0009196014 8.327739e-03 0.0002240079 1.100566e-03 9.490863e-05 4.561871e-03 4.741375e-10 1.237768e-07 2.518714e-05 1.470428e-03
   46    1      1      0    0   125 9.964505e-149 2.665474e-10 5.845394e-03 0.0073086545 0.008947179 0.0002960440 4.956668e-03 0.008811874 0.04320268 0.08718575 0.07915162 0.08745055 0.052254638 0.03258456 0.04880432 0.02765061 0.02309388 0.03760775 0.025393806 0.01746902 0.03316110 0.036753241 0.026954743 0.03679291 0.015039542 0.03383117 0.024598334 0.013680189 0.009364323 0.016780437 0.014655822 0.026659768 0.040343390 0.0122626543 0.0067539091 0.0124218159 1.112182e-02 0.0078992840 5.214913e-03 2.167458e-03 9.402136e-03 6.378944e-04 5.488092e-03 1.698547e-13 6.232300e-08
   56    1      1      0    0   125 5.381153e-117 4.872470e-04 6.661014e-06 0.0012501610 0.002477752 0.0041098193 5.519118e-04 0.027294954 0.02188473 0.03088305 0.08472086 0.04146656 0.008160867 0.01776312 0.08072832 0.10026646 0.05938228 0.03624794 0.034900149 0.01339781 0.04125251 0.028104209 0.046192819 0.04510312 0.022446308 0.02342055 0.010112152 0.040235486 0.053952245 0.012936674 0.015803477 0.019122177 0.028342554 0.0044964927 0.0055143545 0.0024572231 1.678392e-02 0.0035316690 7.881071e-03 4.474221e-03 1.416054e-03 4.226685e-04 1.721467e-05 1.632852e-07 6.870854e-10
   60    1      1      0    0   125  1.643577e-48 4.952880e-08 5.248973e-04 0.0020430996 0.006163700 0.0241734174 1.281342e-02 0.015522796 0.02696876 0.05956002 0.06455453 0.05557249 0.018750749 0.08308278 0.05576859 0.04179107 0.03294368 0.02795358 0.047517731 0.07190663 0.02075837 0.073426791 0.008006737 0.02281896 0.003766497 0.01110971 0.020779440 0.026231077 0.019422994 0.026905986 0.025993399 0.020179597 0.020809115 0.0131395471 0.0164196165 0.0110912557 2.182126e-03 0.0028963834 1.988487e-03 2.310870e-03 1.082041e-04 1.441589e-03 2.399136e-09 1.139189e-05 5.898671e-04
   64    1      1      0    0   125  7.650728e-11 2.294213e-24 6.352976e-04 0.0037190656 0.004136745 0.0032401547 3.987384e-03 0.028616644 0.03500756 0.06473933 0.04856916 0.04716531 0.037094010 0.03977112 0.05316579 0.06190183 0.01173723 0.01536166 0.079999319 0.03207435 0.03556249 0.023982453 0.032892006 0.06261337 0.025494397 0.05111851 0.031913054 0.036970837 0.023845687 0.022838455 0.029476424 0.014278379 0.016266381 0.0091600851 0.0053093057 0.0044994575 2.864505e-04 0.0001233483 9.162257e-05 2.920445e-05 1.757143e-03 5.147459e-04 5.414223e-05 9.577574e-08 7.576584e-11
   68    1      1      0    0   125  0.000000e+00 1.668356e-04 2.529144e-03 0.0005914522 0.020385667 0.0254634042 1.627217e-03 0.015311322 0.02739460 0.08092557 0.04323817 0.02957840 0.027190900 0.02581234 0.04666233 0.03844437 0.02231545 0.02278429 0.045305632 0.07098474 0.02757456 0.086486675 0.025701880 0.04801890 0.051392900 0.04137192 0.010008236 0.018987860 0.020897103 0.015205278 0.019467200 0.016907772 0.012620312 0.0060607603 0.0063703985 0.0013370787 1.235480e-03 0.0028991932 4.756018e-03 1.124184e-02 2.782591e-03 1.557282e-08 1.962115e-02 2.004962e-03 3.380863e-04
   72    1      1      0    0   125 6.307847e-106 2.345790e-15 2.466631e-03 0.0093496960 0.008578347 0.0104280326 1.012889e-02 0.030716588 0.05954428 0.08278438 0.09212729 0.05099206 0.016893838 0.06764435 0.04436392 0.03754627 0.01334719 0.02480891 0.049398991 0.02391487 0.01394250 0.041588876 0.023239530 0.01509609 0.014598090 0.02681814 0.053166830 0.023328016 0.022296476 0.017139577 0.006567272 0.020139394 0.017776242 0.0146438725 0.0186679291 0.0088029639 7.086237e-03 0.0049090758 1.405432e-02 2.933763e-04 1.873439e-08 2.727520e-04 1.153397e-07 5.377793e-04 3.497086e-09
   76    1      1      0    0   125 1.256597e-161 1.512893e-05 6.410209e-03 0.0137162009 0.003558180 0.0073651692 9.124913e-05 0.024769510 0.04732369 0.05897256 0.12012376 0.04463039 0.034721164 0.01261794 0.02876690 0.03685644 0.03678811 0.02642992 0.008962058 0.02470916 0.05389636 0.040528964 0.024438522 0.06485217 0.020599344 0.06453166 0.040581327 0.009026300 0.016156772 0.018350076 0.018700088 0.038222069 0.008331770 0.0053059562 0.0198748766 0.0050656042 3.250852e-03 0.0019766864 4.377247e-03 1.054310e-03 3.097251e-03 2.792640e-04 2.686851e-05 6.479240e-04 8.633661e-35
   80    1      1      0    0   125  3.533801e-25 1.869365e-05 2.076865e-03 0.0076968602 0.006740102 0.0291508103 7.585003e-04 0.016575090 0.06607476 0.03737992 0.09979901 0.02756368 0.005737207 0.02430799 0.02640459 0.06143000 0.08071667 0.02793387 0.041094404 0.04493657 0.04859040 0.064329533 0.038244979 0.03184101 0.019679198 0.03380962 0.008406063 0.008613502 0.009691223 0.008394461 0.004948046 0.002836573 0.021042406 0.0182425232 0.0237883909 0.0001923606 5.716936e-05 0.0459623815 7.341839e-05 2.194305e-04 2.094922e-03 2.246448e-03 2.412167e-04 4.839040e-07 5.865159e-05
   84    1      1      0    0   125  9.249583e-17 3.901122e-04 1.394485e-03 0.0148627895 0.006663619 0.0039954741 9.202580e-03 0.015010036 0.04711926 0.05841970 0.07101742 0.03097935 0.049720631 0.04112277 0.04770482 0.04413334 0.03928903 0.02669810 0.017649550 0.03165825 0.05550355 0.047564301 0.015304423 0.01362001 0.043400209 0.03583953 0.011257740 0.013667803 0.023260734 0.077472408 0.038273638 0.004447946 0.014396066 0.0199292138 0.0168143886 0.0024222702 7.092086e-03 0.0001788965 7.594413e-05 3.934547e-05 1.281462e-03 9.452929e-04 1.698118e-04 2.183549e-08 1.160019e-05
   88    1      1      0    0   125  0.000000e+00 7.884095e-10 1.531121e-02 0.0015329150 0.004844505 0.0026057926 2.452527e-03 0.022768481 0.07594224 0.04818340 0.04543858 0.05158230 0.066592622 0.05542445 0.02352214 0.06153775 0.04634871 0.05473681 0.038105003 0.06488659 0.02208163 0.030874962 0.031940682 0.04730554 0.012160318 0.01431635 0.009819088 0.007432693 0.035800057 0.018895645 0.026879307 0.011931545 0.014670937 0.0020470769 0.0021632140 0.0149141332 1.725437e-03 0.0003961806 4.016529e-03 2.489864e-04 5.843133e-03 4.539853e-04 2.738970e-04 1.992660e-03 3.549626e-11
   92    1      1      0    0   125  7.642545e-58 6.105757e-06 2.257037e-03 0.0285611215 0.011443731 0.0016271027 3.428257e-03 0.032850349 0.04683915 0.06471636 0.04746857 0.03461869 0.041123863 0.02408961 0.04051834 0.02160378 0.04133772 0.03631224 0.046651583 0.04513820 0.02142276 0.066572192 0.030198148 0.04181705 0.041801969 0.02835045 0.037232725 0.028247485 0.023067422 0.018314785 0.011891869 0.013692418 0.019763609 0.0008519555 0.0027702994 0.0359407733 4.409029e-03 0.0006795117 6.167397e-04 3.209359e-04 8.246703e-07 1.287123e-03 1.612258e-09 2.318829e-09 1.581072e-04
   96    1      1      0    0   125  7.848650e-97 1.234054e-11 9.183963e-03 0.0148102148 0.001015157 0.0005353501 5.008326e-03 0.004477889 0.05060365 0.07740077 0.05852009 0.05316559 0.032629377 0.01505817 0.03632488 0.04301624 0.03108776 0.04582420 0.043971789 0.05734475 0.04511610 0.032924625 0.038146977 0.02520143 0.020719522 0.03697245 0.037885651 0.009395801 0.018546281 0.048221717 0.028948919 0.012524619 0.007291408 0.0133726664 0.0134632853 0.0007646358 7.773148e-03 0.0159789213 2.932677e-03 4.455378e-05 2.986289e-03 8.099552e-04 2.170094e-07 7.322339e-14 6.549472e-11
  100    1      1      0    0   125  2.048880e-53 1.708802e-06 5.560164e-03 0.0150720055 0.020394368 0.0027538305 1.144656e-04 0.032628684 0.04780234 0.05460964 0.05632495 0.03878898 0.049001581 0.05360102 0.03007517 0.02875278 0.03872996 0.04150541 0.053470858 0.03939041 0.03324503 0.007738138 0.039388268 0.03560935 0.031793072 0.03818275 0.028841952 0.008782239 0.008651190 0.029680600 0.012447498 0.012698028 0.002371822 0.0463220987 0.0006447161 0.0302610979 5.248882e-03 0.0093575263 8.357115e-03 8.816616e-05 9.988009e-04 1.595672e-11 8.470311e-20 5.532119e-04 1.601313e-04
   76    1      2      0    0   500  6.373786e-23 7.869327e-04 2.587524e-02 0.0511295303 0.046593332 0.0150740872 7.037397e-03 0.011224786 0.03543323 0.05854044 0.06214386 0.04666931 0.029861931 0.04690882 0.03829654 0.04250527 0.02978780 0.03222721 0.020448099 0.02496342 0.03246616 0.019568533 0.028545149 0.01954084 0.029514412 0.03244882 0.031055092 0.029328777 0.026348374 0.021119552 0.014229638 0.016742412 0.007230802 0.0220867995 0.0080758497 0.0121616132 6.468752e-03 0.0030389133 3.192613e-03 7.029217e-03 1.470651e-03 2.697197e-03 2.749135e-05 1.050791e-04 4.587024e-09
   78    1      2      0    0   500  8.817398e-07 2.738678e-03 1.024224e-02 0.0595812296 0.057940130 0.0247839521 1.245771e-02 0.010027814 0.05893694 0.07107007 0.04411348 0.03529932 0.031514242 0.03872982 0.02884863 0.02750508 0.03101687 0.03485957 0.043872757 0.02806398 0.02342414 0.025952843 0.033640115 0.01500104 0.032579056 0.03139005 0.021292156 0.026650893 0.012848258 0.026566784 0.027418069 0.012073036 0.013285892 0.0114360704 0.0063380340 0.0025821839 5.422218e-03 0.0087812288 4.111182e-03 4.173148e-03 1.528823e-03 1.026885e-03 2.848480e-04 4.822668e-04 1.073962e-04
   80    1      2      0    0   500  3.167984e-29 1.038318e-03 1.647265e-02 0.0479721955 0.043843578 0.0290817698 1.296348e-02 0.020514262 0.05232988 0.05599327 0.06445491 0.04034190 0.037547473 0.02667100 0.03034960 0.02607592 0.03012609 0.03004108 0.038031638 0.03184397 0.03871693 0.029837344 0.023907197 0.04411434 0.023905133 0.02413540 0.023997282 0.020102265 0.010748776 0.026362154 0.017018553 0.021155266 0.008924566 0.0118556069 0.0118421252 0.0059296536 9.550419e-03 0.0027185926 3.894302e-03 2.986535e-03 1.546698e-03 2.669176e-04 7.908574e-04 9.547953e-08 5.762019e-11
   82    1      2      0    0   500  8.795698e-07 2.027814e-03 1.569195e-02 0.0487226361 0.041996275 0.0242707472 7.566756e-03 0.029576376 0.03390872 0.05176856 0.07223140 0.03179643 0.036931198 0.02554486 0.02976527 0.04186575 0.04170187 0.03203931 0.036149417 0.05331799 0.04224433 0.023148804 0.029439918 0.03479037 0.027582121 0.03038070 0.018972670 0.019869382 0.010261722 0.015129955 0.023456224 0.011747740 0.010078405 0.0108393419 0.0059291419 0.0096539394 1.883023e-03 0.0067071061 1.286464e-03 6.166993e-04 4.349388e-03 1.191150e-03 9.514336e-05 2.255192e-03 1.216865e-03
   84    1      2      0    0   500  3.294726e-10 2.164529e-03 1.834813e-02 0.0344264677 0.048029395 0.0158869406 1.362137e-02 0.027029456 0.04521231 0.08565534 0.06609034 0.03692891 0.023307229 0.02873002 0.02732605 0.03120548 0.03231302 0.05379721 0.030848052 0.04020512 0.02873680 0.023172301 0.039227549 0.03867988 0.021745667 0.02470349 0.032165882 0.030401477 0.012955295 0.015074676 0.010465666 0.011671333 0.006663378 0.0057997384 0.0072787016 0.0109457321 2.833191e-03 0.0044349482 1.534007e-03 4.975711e-03 4.137915e-03 6.243652e-04 3.305915e-09 5.099188e-04 1.369813e-04
   86    1      2      0    0   500  2.643886e-04 1.278025e-03 2.531847e-02 0.0482274408 0.040639622 0.0224665709 5.300759e-03 0.018205954 0.04447973 0.04919613 0.06449949 0.03768517 0.037420694 0.04427033 0.03195931 0.03507480 0.04695594 0.03595218 0.027835388 0.02308681 0.03447778 0.035519010 0.036659774 0.03302066 0.020497706 0.03242500 0.020040050 0.032934337 0.017080295 0.017705863 0.015543433 0.007604786 0.009073747 0.0077251901 0.0161116469 0.0105632168 2.147921e-03 0.0023504048 3.464879e-03 6.686049e-04 3.170482e-03 7.341408e-05 4.196528e-06 5.509601e-04 4.694344e-04
   88    1      2      0    0   500  4.437567e-05 3.989478e-03 1.568580e-02 0.0600130710 0.057537257 0.0243802164 9.334252e-03 0.025424903 0.04482421 0.05895113 0.04563143 0.05073008 0.033894223 0.03316252 0.04123908 0.04011835 0.02236345 0.04048807 0.027690501 0.03901565 0.03276615 0.035623023 0.015004347 0.02014009 0.024166667 0.01897579 0.022865489 0.020058740 0.015172274 0.031355242 0.012477273 0.007727579 0.009274658 0.0075301160 0.0066457885 0.0133543464 1.153012e-02 0.0017154699 7.189894e-03 2.100877e-03 7.399029e-03 2.909064e-04 1.070649e-03 9.454356e-04 1.020019e-04
   90    1      2      0    0   500  2.291545e-04 1.262083e-03 2.282847e-02 0.0648771395 0.048601003 0.0156920727 1.765785e-02 0.023234150 0.05434926 0.05833687 0.05428879 0.02903359 0.031442271 0.04184521 0.04115018 0.04004515 0.03862509 0.03369267 0.035131733 0.02543663 0.01945021 0.029550446 0.023453413 0.05031262 0.020237675 0.02275235 0.023328453 0.027784145 0.021317451 0.007509877 0.015813723 0.012873533 0.009633844 0.0104589683 0.0026083354 0.0054696006 1.528007e-03 0.0058135261 4.194173e-03 6.812223e-04 1.269708e-03 1.470285e-03 4.649116e-03 5.639759e-05 2.355534e-05
   92    1      2      0    0   500  3.247667e-06 3.663279e-03 2.145230e-02 0.0627104829 0.039501750 0.0186059241 1.687823e-02 0.020530666 0.03635770 0.04822915 0.05581123 0.04628164 0.033594393 0.03537280 0.05160447 0.02750922 0.03920864 0.04314460 0.030703698 0.03695518 0.02636373 0.025419007 0.028645727 0.02786111 0.033559518 0.02051125 0.018915713 0.022746492 0.024204819 0.019635390 0.016376369 0.010645384 0.009731036 0.0095018196 0.0067191184 0.0052417142 1.158811e-02 0.0014942981 6.555391e-04 2.761904e-03 1.658798e-03 1.468271e-03 2.251865e-06 5.755366e-03 4.186643e-04
   94    1      2      0    0   500  5.100581e-14 1.084325e-03 1.860381e-02 0.0539574070 0.067196579 0.0202574622 1.088400e-02 0.020001327 0.04444643 0.04842138 0.03760130 0.04437655 0.022233985 0.04238811 0.03265247 0.04969355 0.02395832 0.03452564 0.037728126 0.03605469 0.04261912 0.025790890 0.024674893 0.03634574 0.017523916 0.02750070 0.030660377 0.013819482 0.017072493 0.015826987 0.006990979 0.015693701 0.017489763 0.0077872785 0.0090595268 0.0174675238 3.846673e-03 0.0088330759 5.920247e-03 4.753735e-03 1.683228e-03 2.504486e-03 6.201768e-05 6.829283e-06 8.722836e-07
   96    1      2      0    0   500  1.117846e-11 1.116014e-03 2.022277e-02 0.0446216180 0.061839864 0.0198719359 3.552890e-03 0.018256608 0.05190486 0.06095595 0.05436580 0.04383956 0.040976527 0.03541095 0.04639901 0.05147895 0.03475883 0.04462934 0.033362436 0.03114494 0.02018922 0.036302813 0.017250435 0.02141039 0.011415098 0.02491441 0.034874143 0.019435775 0.017299117 0.012873640 0.011011530 0.016628792 0.011947268 0.0081665913 0.0105364015 0.0065720220 5.394428e-03 0.0040084713 4.808037e-03 2.700579e-03 3.304867e-03 3.437194e-06 2.336833e-04 6.059982e-11 1.000140e-05
   98    1      2      0    0   500  7.698347e-12 2.068927e-03 1.408957e-02 0.0506862913 0.049795726 0.0136020961 1.085580e-02 0.012185312 0.05347837 0.06832164 0.04214532 0.06069465 0.055140094 0.02523090 0.04174617 0.03725302 0.02987583 0.03778011 0.035084865 0.02665954 0.03485394 0.018550141 0.022829248 0.03335192 0.017231933 0.02160894 0.024766191 0.025675359 0.027158941 0.018335434 0.019442972 0.009124734 0.014979063 0.0140514189 0.0053194479 0.0052326992 8.701082e-03 0.0053305409 3.146018e-04 6.601665e-04 1.697017e-03 6.214524e-04 1.870123e-03 4.790651e-04 1.119345e-03
  100    1      2      0    0   500  7.110596e-06 5.525061e-03 1.421357e-02 0.0493811629 0.059343411 0.0127775699 1.366027e-02 0.021497165 0.03670570 0.04855537 0.06357460 0.04262672 0.050229795 0.03463423 0.03651708 0.03950608 0.03873599 0.02828500 0.034643632 0.03520692 0.03137764 0.027264265 0.028224320 0.03372248 0.025201225 0.02458424 0.021591100 0.014840075 0.015769774 0.007755803 0.008587598 0.018827530 0.018029741 0.0145912069 0.0073132972 0.0119868432 3.191117e-03 0.0038465912 3.541619e-03 4.913404e-03 3.017558e-03 2.487093e-03 2.420497e-04 8.616638e-04 2.605313e-03
15 #_N_agebins
#_agebin_vector
1 2 3 4 5 6 7 8 9 10 11 12 13 14 15
1 #_N_ageerror_definitions
 #_age0   age1   age2   age3   age4   age5   age6   age7   age8   age9  age10  age11  age12  age13  age14  age15  age16  age17  age18  age19  age20  age21  age22  age23  age24  age25
 -1.000 -1.000 -1.000 -1.000 -1.000 -1.000 -1.000 -1.000 -1.000 -1.000 -1.000 -1.000 -1.000 -1.000 -1.000 -1.000 -1.000 -1.000 -1.000 -1.000 -1.000 -1.000 -1.000 -1.000 -1.000 -1.000
  0.001  0.001  0.001  0.001  0.001  0.001  0.001  0.001  0.001  0.001  0.001  0.001  0.001  0.001  0.001  0.001  0.001  0.001  0.001  0.001  0.001  0.001  0.001  0.001  0.001  0.001
86 #_N_agecomp
1 #_Lbin_method: 1=poplenbins; 2=datalenbins; 3=lengths
-1 #_combine males into females at or below this bin number
 #_Yr Seas FltSvy Gender Part Ageerr Lbin_lo Lbin_hi Nsamp         a1        a2        a3         a4         a5         a6         a7         a8         a9         a10         a11          a12         a13          a14         a15
   26    1      1      0    0      1      -1      -1   125 0.01085987 0.1583268 0.1101811 0.11847760 0.08311467 0.10911376 0.09361124 0.05460176 0.02257912 0.038947469 0.037029580 0.0132820614 0.039192910 2.056495e-02 0.090117188
   36    1      1      0    0      1      -1      -1   125 0.03087137 0.2120376 0.1555735 0.14569797 0.08520513 0.07406451 0.06690485 0.07581151 0.01590709 0.021564765 0.018401418 0.0070426279 0.009361316 6.551708e-03 0.075004645
   46    1      1      0    0      1      -1      -1   125 0.03514950 0.2173116 0.1838824 0.12670686 0.10338541 0.08773258 0.05743641 0.02835692 0.02423395 0.040719233 0.013018267 0.0344685054 0.009344173 2.477943e-03 0.035776280
   56    1      1      0    0      1      -1      -1   125 0.01712454 0.3315658 0.1964858 0.13669177 0.08391627 0.07884931 0.04579254 0.03215808 0.02729433 0.008538994 0.012599920 0.0016095440 0.007196617 1.222797e-02 0.007948444
   60    1      1      0    0      1      -1      -1   125 0.07102390 0.2535644 0.1871347 0.13644758 0.09898330 0.08883942 0.02817382 0.04516825 0.04018248 0.022657070 0.005404917 0.0075580670 0.012936724 8.779293e-06 0.001916545
   64    1      1      0    0      1      -1      -1   125 0.02897732 0.2225195 0.1616007 0.17177300 0.10364854 0.05543790 0.09028368 0.03764429 0.03455443 0.040507106 0.009216674 0.0105443327 0.001565537 1.868091e-02 0.013046126
   68    1      1      0    0      1      -1      -1   125 0.01684922 0.2470812 0.1937196 0.13597804 0.09903768 0.07080976 0.05210947 0.04903446 0.04936416 0.030817356 0.013760721 0.0111108416 0.008107704 1.375211e-03 0.020844633
   72    1      1      0    0      1      -1      -1   125 0.03330153 0.2459692 0.1747898 0.13236699 0.08835090 0.05572161 0.07669367 0.01405904 0.04782152 0.015318470 0.015444568 0.0509052444 0.017602261 1.838344e-02 0.013271676
   76    1      1      0    0      1      -1      -1   125 0.05574241 0.2165177 0.1965715 0.14540080 0.11579306 0.06734184 0.05530200 0.03122284 0.02938440 0.023196730 0.028383171 0.0026382249 0.006053532 4.077083e-04 0.026044009
   80    1      1      0    0      1      -1      -1   125 0.01081391 0.2914121 0.1394977 0.11082850 0.14497184 0.05812402 0.07290421 0.07169214 0.02843752 0.026461022 0.008317753 0.0001263493 0.012336084 1.930213e-03 0.022146600
   84    1      1      0    0      1      -1      -1   125 0.03165515 0.2693205 0.1597560 0.18743206 0.12975474 0.06641777 0.03386050 0.03848950 0.02451525 0.011089169 0.026664001 0.0023422949 0.004265398 7.813371e-04 0.013656334
   88    1      1      0    0      1      -1      -1   125 0.04366211 0.1856998 0.1561274 0.12672293 0.10897279 0.10823186 0.07941596 0.07061514 0.04709143 0.034509124 0.005598956 0.0038889743 0.002382119 7.310052e-03 0.019771346
   92    1      1      0    0      1      -1      -1   125 0.04103735 0.3239809 0.2035215 0.09678875 0.11837189 0.04771929 0.03405391 0.04290411 0.03330844 0.026608946 0.003951663 0.0002283510 0.004577127 4.842871e-03 0.018104871
   96    1      1      0    0      1      -1      -1   125 0.03749383 0.2202135 0.2188409 0.16381467 0.12539878 0.07881359 0.04103380 0.04499039 0.01329251 0.020178330 0.003163166 0.0169718572 0.003074093 2.491350e-03 0.010229174
  100    1      1      0    0      1      -1      -1   125 0.04517539 0.2465447 0.1941082 0.14916974 0.09692189 0.08033381 0.07080666 0.04194973 0.01919013 0.004574500 0.013162415 0.0014069215 0.007840719 2.613601e-05 0.028789010
   76    1      2      0    0      1      -1      -1   500 0.13568030 0.2663616 0.1569803 0.11658341 0.09946379 0.07704328 0.03735007 0.03546466 0.02210776 0.012941944 0.007673505 0.0117119879 0.007713421 5.387352e-03 0.007536614
   78    1      2      0    0      1      -1      -1   500 0.14828401 0.2568640 0.1685468 0.11328124 0.08630564 0.05011667 0.06440744 0.02642973 0.02184637 0.014146747 0.011929242 0.0122089692 0.008014270 3.623798e-03 0.013995094
   80    1      2      0    0      1      -1      -1   500 0.12527177 0.2233758 0.1706184 0.13379002 0.09294571 0.08296742 0.06786201 0.03300088 0.02066640 0.009666039 0.009030401 0.0052149152 0.005848120 7.638896e-03 0.012103270
   82    1      2      0    0      1      -1      -1   500 0.15454128 0.2755721 0.1281313 0.13347340 0.07998830 0.04769339 0.04530907 0.04241661 0.02492752 0.014897375 0.017242234 0.0094650050 0.013542009 2.502467e-03 0.010297966
   84    1      2      0    0      1      -1      -1   500 0.14571605 0.2473702 0.1608089 0.11460251 0.08949702 0.05759147 0.04668131 0.03899918 0.03208761 0.010158639 0.019701720 0.0064677234 0.017945410 3.663577e-03 0.008708615
   86    1      2      0    0      1      -1      -1   500 0.14026068 0.2664877 0.1679909 0.10741320 0.07406350 0.08103312 0.03824559 0.02766550 0.02360798 0.016719458 0.014213570 0.0152884110 0.009367151 2.611563e-03 0.015031725
   88    1      2      0    0      1      -1      -1   500 0.15580230 0.2528234 0.1627738 0.11486629 0.07803138 0.08077995 0.04147255 0.02722777 0.01606475 0.016380998 0.007771472 0.0144157963 0.004785842 1.134659e-02 0.015457071
   90    1      2      0    0      1      -1      -1   500 0.12875581 0.2701230 0.1713517 0.08882621 0.08506253 0.08144339 0.04112850 0.02666743 0.01739108 0.028313018 0.016647194 0.0075806874 0.005674778 4.682739e-03 0.026351909
   92    1      2      0    0      1      -1      -1   500 0.14958315 0.2369748 0.1748753 0.11037516 0.09112643 0.05071837 0.04738432 0.03507165 0.02813152 0.027046908 0.014237645 0.0100825488 0.009696572 5.092323e-03 0.009603378
   94    1      2      0    0      1      -1      -1   500 0.15630475 0.2334644 0.1850878 0.10521161 0.07605363 0.06214052 0.05078702 0.03302950 0.01949052 0.019671779 0.012116450 0.0064466374 0.018056025 2.728780e-03 0.019410597
   96    1      2      0    0      1      -1      -1   500 0.12940233 0.2308594 0.1871837 0.11224871 0.11143635 0.07129210 0.03658727 0.03534737 0.01694035 0.019890900 0.010822995 0.0105913405 0.004107935 1.018643e-02 0.013102871
   98    1      2      0    0      1      -1      -1   500 0.13149157 0.2376261 0.1757701 0.12761078 0.08787274 0.06123277 0.05581333 0.02466995 0.03035585 0.023567352 0.013056692 0.0052972260 0.004997254 4.828987e-03 0.015809306
  100    1      2      0    0      1      -1      -1   500 0.12383599 0.2243311 0.1758551 0.11075614 0.10457873 0.07258389 0.06734073 0.04806309 0.01039458 0.020183032 0.011468910 0.0061782333 0.004261897 6.377702e-03 0.013790838
   60    1      1      0    0      1       5       5     1 1.00000000 0.0000000 0.0000000 0.00000000 0.00000000 0.00000000 0.00000000 0.00000000 0.00000000 0.000000000 0.000000000 0.0000000000 0.000000000 0.000000e+00 0.000000000
   60    1      1      0    0      1       6       6     2 2.00000000 0.0000000 0.0000000 0.00000000 0.00000000 0.00000000 0.00000000 0.00000000 0.00000000 0.000000000 0.000000000 0.0000000000 0.000000000 0.000000e+00 0.000000000
   60    1      1      0    0      1       7       7     3 3.00000000 0.0000000 0.0000000 0.00000000 0.00000000 0.00000000 0.00000000 0.00000000 0.00000000 0.000000000 0.000000000 0.0000000000 0.000000000 0.000000e+00 0.000000000
   60    1      1      0    0      1       8       8     2 2.00000000 0.0000000 0.0000000 0.00000000 0.00000000 0.00000000 0.00000000 0.00000000 0.00000000 0.000000000 0.000000000 0.0000000000 0.000000000 0.000000e+00 0.000000000
   60    1      1      0    0      1      10      10     5 5.00000000 0.0000000 0.0000000 0.00000000 0.00000000 0.00000000 0.00000000 0.00000000 0.00000000 0.000000000 0.000000000 0.0000000000 0.000000000 0.000000e+00 0.000000000
   60    1      1      0    0      1      11      11     9 9.00000000 0.0000000 0.0000000 0.00000000 0.00000000 0.00000000 0.00000000 0.00000000 0.00000000 0.000000000 0.000000000 0.0000000000 0.000000000 0.000000e+00 0.000000000
   60    1      1      0    0      1      12      12     7 7.00000000 0.0000000 0.0000000 0.00000000 0.00000000 0.00000000 0.00000000 0.00000000 0.00000000 0.000000000 0.000000000 0.0000000000 0.000000000 0.000000e+00 0.000000000
   60    1      1      0    0      1      13      13     3 3.00000000 0.0000000 0.0000000 0.00000000 0.00000000 0.00000000 0.00000000 0.00000000 0.00000000 0.000000000 0.000000000 0.0000000000 0.000000000 0.000000e+00 0.000000000
   60    1      1      0    0      1      14      14     4 4.00000000 0.0000000 0.0000000 0.00000000 0.00000000 0.00000000 0.00000000 0.00000000 0.00000000 0.000000000 0.000000000 0.0000000000 0.000000000 0.000000e+00 0.000000000
   60    1      1      0    0      1      15      15     3 3.00000000 0.0000000 0.0000000 0.00000000 0.00000000 0.00000000 0.00000000 0.00000000 0.00000000 0.000000000 0.000000000 0.0000000000 0.000000000 0.000000e+00 0.000000000
   60    1      1      0    0      1      16      16     4 4.00000000 0.0000000 0.0000000 0.00000000 0.00000000 0.00000000 0.00000000 0.00000000 0.00000000 0.000000000 0.000000000 0.0000000000 0.000000000 0.000000e+00 0.000000000
   60    1      1      0    0      1      17      17     6 6.00000000 0.0000000 0.0000000 0.00000000 0.00000000 0.00000000 0.00000000 0.00000000 0.00000000 0.000000000 0.000000000 0.0000000000 0.000000000 0.000000e+00 0.000000000
   60    1      1      0    0      1      18      18     3 3.00000000 0.0000000 0.0000000 0.00000000 0.00000000 0.00000000 0.00000000 0.00000000 0.00000000 0.000000000 0.000000000 0.0000000000 0.000000000 0.000000e+00 0.000000000
   60    1      1      0    0      1      19      19     4 4.00000000 0.0000000 0.0000000 0.00000000 0.00000000 0.00000000 0.00000000 0.00000000 0.00000000 0.000000000 0.000000000 0.0000000000 0.000000000 0.000000e+00 0.000000000
   60    1      1      0    0      1      20      20     7 7.00000000 0.0000000 0.0000000 0.00000000 0.00000000 0.00000000 0.00000000 0.00000000 0.00000000 0.000000000 0.000000000 0.0000000000 0.000000000 0.000000e+00 0.000000000
   60    1      1      0    0      1      21      21     1 1.00000000 0.0000000 0.0000000 0.00000000 0.00000000 0.00000000 0.00000000 0.00000000 0.00000000 0.000000000 0.000000000 0.0000000000 0.000000000 0.000000e+00 0.000000000
   60    1      1      0    0      1      22      22     8 8.00000000 0.0000000 0.0000000 0.00000000 0.00000000 0.00000000 0.00000000 0.00000000 0.00000000 0.000000000 0.000000000 0.0000000000 0.000000000 0.000000e+00 0.000000000
   60    1      1      0    0      1      23      23     1 1.00000000 0.0000000 0.0000000 0.00000000 0.00000000 0.00000000 0.00000000 0.00000000 0.00000000 0.000000000 0.000000000 0.0000000000 0.000000000 0.000000e+00 0.000000000
   60    1      1      0    0      1      24      24     2 2.00000000 0.0000000 0.0000000 0.00000000 0.00000000 0.00000000 0.00000000 0.00000000 0.00000000 0.000000000 0.000000000 0.0000000000 0.000000000 0.000000e+00 0.000000000
   60    1      1      0    0      1      26      26     1 1.00000000 0.0000000 0.0000000 0.00000000 0.00000000 0.00000000 0.00000000 0.00000000 0.00000000 0.000000000 0.000000000 0.0000000000 0.000000000 0.000000e+00 0.000000000
   60    1      1      0    0      1      28      28     3 2.00000000 1.0000000 0.0000000 0.00000000 0.00000000 0.00000000 0.00000000 0.00000000 0.00000000 0.000000000 0.000000000 0.0000000000 0.000000000 0.000000e+00 0.000000000
   60    1      1      0    0      1      29      29     2 0.00000000 2.0000000 0.0000000 0.00000000 0.00000000 0.00000000 0.00000000 0.00000000 0.00000000 0.000000000 0.000000000 0.0000000000 0.000000000 0.000000e+00 0.000000000
   60    1      1      0    0      1      30      30     4 0.00000000 4.0000000 0.0000000 0.00000000 0.00000000 0.00000000 0.00000000 0.00000000 0.00000000 0.000000000 0.000000000 0.0000000000 0.000000000 0.000000e+00 0.000000000
   60    1      1      0    0      1      31      31     3 0.00000000 3.0000000 0.0000000 0.00000000 0.00000000 0.00000000 0.00000000 0.00000000 0.00000000 0.000000000 0.000000000 0.0000000000 0.000000000 0.000000e+00 0.000000000
   60    1      1      0    0      1      32      32     2 0.00000000 2.0000000 0.0000000 0.00000000 0.00000000 0.00000000 0.00000000 0.00000000 0.00000000 0.000000000 0.000000000 0.0000000000 0.000000000 0.000000e+00 0.000000000
   60    1      1      0    0      1      33      33     2 0.00000000 2.0000000 0.0000000 0.00000000 0.00000000 0.00000000 0.00000000 0.00000000 0.00000000 0.000000000 0.000000000 0.0000000000 0.000000000 0.000000e+00 0.000000000
   60    1      1      0    0      1      34      34     1 0.00000000 1.0000000 0.0000000 0.00000000 0.00000000 0.00000000 0.00000000 0.00000000 0.00000000 0.000000000 0.000000000 0.0000000000 0.000000000 0.000000e+00 0.000000000
   60    1      1      0    0      1      35      35     3 0.00000000 3.0000000 0.0000000 0.00000000 0.00000000 0.00000000 0.00000000 0.00000000 0.00000000 0.000000000 0.000000000 0.0000000000 0.000000000 0.000000e+00 0.000000000
   60    1      1      0    0      1      36      36     1 0.00000000 1.0000000 0.0000000 0.00000000 0.00000000 0.00000000 0.00000000 0.00000000 0.00000000 0.000000000 0.000000000 0.0000000000 0.000000000 0.000000e+00 0.000000000
   60    1      1      0    0      1      38      38     1 0.00000000 1.0000000 0.0000000 0.00000000 0.00000000 0.00000000 0.00000000 0.00000000 0.00000000 0.000000000 0.000000000 0.0000000000 0.000000000 0.000000e+00 0.000000000
   60    1      1      0    0      1      40      40     2 0.00000000 2.0000000 0.0000000 0.00000000 0.00000000 0.00000000 0.00000000 0.00000000 0.00000000 0.000000000 0.000000000 0.0000000000 0.000000000 0.000000e+00 0.000000000
  100    1      1      0    0      1       4       4     3 3.00000000 0.0000000 0.0000000 0.00000000 0.00000000 0.00000000 0.00000000 0.00000000 0.00000000 0.000000000 0.000000000 0.0000000000 0.000000000 0.000000e+00 0.000000000
  100    1      1      0    0      1       6       6     1 1.00000000 0.0000000 0.0000000 0.00000000 0.00000000 0.00000000 0.00000000 0.00000000 0.00000000 0.000000000 0.000000000 0.0000000000 0.000000000 0.000000e+00 0.000000000
  100    1      1      0    0      1       8       8     4 4.00000000 0.0000000 0.0000000 0.00000000 0.00000000 0.00000000 0.00000000 0.00000000 0.00000000 0.000000000 0.000000000 0.0000000000 0.000000000 0.000000e+00 0.000000000
  100    1      1      0    0      1       9       9     4 4.00000000 0.0000000 0.0000000 0.00000000 0.00000000 0.00000000 0.00000000 0.00000000 0.00000000 0.000000000 0.000000000 0.0000000000 0.000000000 0.000000e+00 0.000000000
  100    1      1      0    0      1      10      10     2 2.00000000 0.0000000 0.0000000 0.00000000 0.00000000 0.00000000 0.00000000 0.00000000 0.00000000 0.000000000 0.000000000 0.0000000000 0.000000000 0.000000e+00 0.000000000
  100    1      1      0    0      1      11      11     6 6.00000000 0.0000000 0.0000000 0.00000000 0.00000000 0.00000000 0.00000000 0.00000000 0.00000000 0.000000000 0.000000000 0.0000000000 0.000000000 0.000000e+00 0.000000000
  100    1      1      0    0      1      12      12     6 6.00000000 0.0000000 0.0000000 0.00000000 0.00000000 0.00000000 0.00000000 0.00000000 0.00000000 0.000000000 0.000000000 0.0000000000 0.000000000 0.000000e+00 0.000000000
  100    1      1      0    0      1      13      13     3 3.00000000 0.0000000 0.0000000 0.00000000 0.00000000 0.00000000 0.00000000 0.00000000 0.00000000 0.000000000 0.000000000 0.0000000000 0.000000000 0.000000e+00 0.000000000
  100    1      1      0    0      1      14      14     6 6.00000000 0.0000000 0.0000000 0.00000000 0.00000000 0.00000000 0.00000000 0.00000000 0.00000000 0.000000000 0.000000000 0.0000000000 0.000000000 0.000000e+00 0.000000000
  100    1      1      0    0      1      15      15     3 3.00000000 0.0000000 0.0000000 0.00000000 0.00000000 0.00000000 0.00000000 0.00000000 0.00000000 0.000000000 0.000000000 0.0000000000 0.000000000 0.000000e+00 0.000000000
  100    1      1      0    0      1      16      16     3 3.00000000 0.0000000 0.0000000 0.00000000 0.00000000 0.00000000 0.00000000 0.00000000 0.00000000 0.000000000 0.000000000 0.0000000000 0.000000000 0.000000e+00 0.000000000
  100    1      1      0    0      1      17      17     5 5.00000000 0.0000000 0.0000000 0.00000000 0.00000000 0.00000000 0.00000000 0.00000000 0.00000000 0.000000000 0.000000000 0.0000000000 0.000000000 0.000000e+00 0.000000000
  100    1      1      0    0      1      18      18     6 6.00000000 0.0000000 0.0000000 0.00000000 0.00000000 0.00000000 0.00000000 0.00000000 0.00000000 0.000000000 0.000000000 0.0000000000 0.000000000 0.000000e+00 0.000000000
  100    1      1      0    0      1      19      19     8 8.00000000 0.0000000 0.0000000 0.00000000 0.00000000 0.00000000 0.00000000 0.00000000 0.00000000 0.000000000 0.000000000 0.0000000000 0.000000000 0.000000e+00 0.000000000
  100    1      1      0    0      1      21      21     3 3.00000000 0.0000000 0.0000000 0.00000000 0.00000000 0.00000000 0.00000000 0.00000000 0.00000000 0.000000000 0.000000000 0.0000000000 0.000000000 0.000000e+00 0.000000000
  100    1      1      0    0      1      23      23     7 7.00000000 0.0000000 0.0000000 0.00000000 0.00000000 0.00000000 0.00000000 0.00000000 0.00000000 0.000000000 0.000000000 0.0000000000 0.000000000 0.000000e+00 0.000000000
  100    1      1      0    0      1      24      24     3 3.00000000 0.0000000 0.0000000 0.00000000 0.00000000 0.00000000 0.00000000 0.00000000 0.00000000 0.000000000 0.000000000 0.0000000000 0.000000000 0.000000e+00 0.000000000
  100    1      1      0    0      1      25      25     3 2.00000000 1.0000000 0.0000000 0.00000000 0.00000000 0.00000000 0.00000000 0.00000000 0.00000000 0.000000000 0.000000000 0.0000000000 0.000000000 0.000000e+00 0.000000000
  100    1      1      0    0      1      26      26     5 5.00000000 0.0000000 0.0000000 0.00000000 0.00000000 0.00000000 0.00000000 0.00000000 0.00000000 0.000000000 0.000000000 0.0000000000 0.000000000 0.000000e+00 0.000000000
  100    1      1      0    0      1      27      27     2 2.00000000 0.0000000 0.0000000 0.00000000 0.00000000 0.00000000 0.00000000 0.00000000 0.00000000 0.000000000 0.000000000 0.0000000000 0.000000000 0.000000e+00 0.000000000
  100    1      1      0    0      1      30      30     1 0.00000000 1.0000000 0.0000000 0.00000000 0.00000000 0.00000000 0.00000000 0.00000000 0.00000000 0.000000000 0.000000000 0.0000000000 0.000000000 0.000000e+00 0.000000000
  100    1      1      0    0      1      31      31     3 0.00000000 3.0000000 0.0000000 0.00000000 0.00000000 0.00000000 0.00000000 0.00000000 0.00000000 0.000000000 0.000000000 0.0000000000 0.000000000 0.000000e+00 0.000000000
  100    1      1      0    0      1      32      32     3 0.00000000 3.0000000 0.0000000 0.00000000 0.00000000 0.00000000 0.00000000 0.00000000 0.00000000 0.000000000 0.000000000 0.0000000000 0.000000000 0.000000e+00 0.000000000
  100    1      1      0    0      1      34      34     4 0.00000000 4.0000000 0.0000000 0.00000000 0.00000000 0.00000000 0.00000000 0.00000000 0.00000000 0.000000000 0.000000000 0.0000000000 0.000000000 0.000000e+00 0.000000000
  100    1      1      0    0      1      36      36     3 0.00000000 3.0000000 0.0000000 0.00000000 0.00000000 0.00000000 0.00000000 0.00000000 0.00000000 0.000000000 0.000000000 0.0000000000 0.000000000 0.000000e+00 0.000000000
  100    1      1      0    0      1      37      37     2 0.00000000 1.0000000 1.0000000 0.00000000 0.00000000 0.00000000 0.00000000 0.00000000 0.00000000 0.000000000 0.000000000 0.0000000000 0.000000000 0.000000e+00 0.000000000
  100    1      1      0    0      1      38      38     1 0.00000000 1.0000000 0.0000000 0.00000000 0.00000000 0.00000000 0.00000000 0.00000000 0.00000000 0.000000000 0.000000000 0.0000000000 0.000000000 0.000000e+00 0.000000000
0 #_N_MeanSize_at_Age_obs
0 #_N_environ_variables
0 #_N_environ_obs
0 #_N_sizefreq_methods
0 #_do_tags
0 #_morphcomp_data
#
999
