#C data file created using the SS_writedat function in the R package r4ss
#C should work with SS version: 
#C file write time: 2015-02-11 18:22:20
#
1 #_styr
100 #_endyr
1 #_nseas
12 #_months_per_seas
1 #_spawn_seas
1 #_Nfleet
2 #_Nsurveys
1 #_N_areas
Fishery%Survey%CPUE #_fleetnames
0.5 0.5 0.5 #_surveytiming_in_season
1 1 1 #_area_assignments_for_each_fishery_and_survey
1 #_units of catch:  1=bio; 2=num
0.01 #_se of log(catch) only used for init_eq_catch and for Fmethod 2 and 3
1 #_Ngenders
25 #_Nages
0 #_init_equil_catch_for_each_fishery
100 #_N_lines_of_catch_to_read
 #_Fishery year seas
         0    1    1
         0    2    1
         0    3    1
         0    4    1
         0    5    1
         0    6    1
         0    7    1
         0    8    1
         0    9    1
         0   10    1
         0   11    1
         0   12    1
         0   13    1
         0   14    1
         0   15    1
         0   16    1
         0   17    1
         0   18    1
         0   19    1
         0   20    1
         0   21    1
         0   22    1
         0   23    1
         0   24    1
         0   25    1
 444646000   26    1
 397608000   27    1
 357583000   28    1
 324161000   29    1
 296656000   30    1
 274240000   31    1
 256057000   32    1
 241314000   33    1
 229322000   34    1
 219511000   35    1
 211426000   36    1
 204710000   37    1
 199088000   38    1
 194347000   39    1
 190324000   40    1
 186891000   41    1
 183948000   42    1
 181416000   43    1
 179230000   44    1
 177337000   45    1
 175694000   46    1
 174266000   47    1
 173022000   48    1
 171937000   49    1
 170990000   50    1
 170161000   51    1
 169436000   52    1
 168801000   53    1
 168243000   54    1
 167755000   55    1
 167325000   56    1
 166948000   57    1
 166617000   58    1
 166326000   59    1
 166070000   60    1
 165844000   61    1
 165646000   62    1
 165471000   63    1
 165317000   64    1
 165182000   65    1
 165063000   66    1
 164958000   67    1
 164865000   68    1
 164784000   69    1
 164712000   70    1
 164649000   71    1
 164593000   72    1
 164544000   73    1
 164500000   74    1
 164462000   75    1
 164429000   76    1
 164399000   77    1
 164373000   78    1
 164350000   79    1
 164329000   80    1
 164311000   81    1
 164296000   82    1
 164282000   83    1
 164269000   84    1
 164258000   85    1
 164249000   86    1
 164240000   87    1
 164233000   88    1
 164227000   89    1
 164221000   90    1
 164216000   91    1
 164211000   92    1
 164207000   93    1
 164204000   94    1
 164201000   95    1
 164198000   96    1
 164195000   97    1
 164193000   98    1
 164192000   99    1
 164190000  100    1
13 #_N_cpue
 #_Fleet Units Errtype
       1     1       0
       2     1       0
       3     1       0
 #_year seas index        obs se_log
     76    1     2 1507341221    0.2
     78    1     2 1581551696    0.2
     80    1     2 1591857822    0.2
     82    1     2 1523858369    0.2
     84    1     2 1399954711    0.2
     86    1     2 1820827639    0.2
     88    1     2 1562325897    0.2
     90    1     2 1470803584    0.2
     92    1     2 1560314118    0.2
     94    1     2 1811564935    0.2
     96    1     2 1273685689    0.2
     98    1     2 1641413334    0.2
    100    1     2 1637051524    0.2
0 #_N_discard_fleets
#_discard_units (1=same_as_catchunits(bio/num); 2=fraction; 3=numbers)
#_discard_errtype:  >0 for DF of T-dist(read CV below); 0 for normal with CV; -1 for normal with se; -2 for lognormal
0 #_N_discard
0 #_N_meanbodywt
1 #_DF_for_meanbodywt_T-distribution_like
2 # length bin method: 1=use databins; 2=generate from binwidth,min,max below; 3=read vector
1 # binwidth for population size comp
10 # minimum size in the population (lower edge of first bin and size at age 0.00)
200 # maximum size in the population (lower edge of last bin)
-0.001 #_comp_tail_compression
1e-05 #_add_to_comp
0 #_combine males into females at or below this bin number
45 #_N_lbins
#_lbin_vector
20 23 26 29 32 35 38 41 44 47 50 53 56 59 62 65 68 71 74 77 80 83 86 89 92 95 98 101 104 107 110 113 116 119 122 125 128 131 134 137 140 143 146 149 152
28 #_N_Length_comp_observations
 #_Yr Seas FltSvy Gender Part Nsamp           l20          l23          l26         l29         l32          l35          l38         l41        l44         l47        l50        l53        l56        l59        l62        l65        l68        l71         l74        l77        l80        l83        l86        l89        l92         l95         l98        l101        l104        l107        l110        l113        l116        l119        l122         l125         l128         l131         l134         l137         l140         l143         l146         l149         l152
   26    1      1      0    0   125 1.096594e-113 6.676765e-12 6.896273e-04 0.002174012 0.008702389 2.486821e-03 0.0005383672 0.015669430 0.04421314 0.005495359 0.05354426 0.06090812 0.01132522 0.04645352 0.01884371 0.02880089 0.03592011 0.08275428 0.008807372 0.03479302 0.01703692 0.03617403 0.01660557 0.04813624 0.04422075 0.044407588 0.027456316 0.020764624 0.019712607 0.024251473 0.043911603 0.011612912 0.014786299 0.015175965 0.008159387 0.0190622272 0.0582303130 0.0309041604 7.205114e-03 1.149152e-02 1.098723e-02 5.313249e-03 6.620200e-06 1.283338e-04 2.139310e-03
   36    1      1      0    0   125  0.000000e+00 8.903677e-33 1.054268e-05 0.015700459 0.012171438 3.020498e-02 0.0012383609 0.005294602 0.05132990 0.102883126 0.08248931 0.05435667 0.03128142 0.06083053 0.04290463 0.03420251 0.02026535 0.03647232 0.032280687 0.01846220 0.02278155 0.02863207 0.03599335 0.04482809 0.01977077 0.016911792 0.023010910 0.032990863 0.003122388 0.030192386 0.019857543 0.016988250 0.009659809 0.001735456 0.017609502 0.0062802583 0.0193640734 0.0044591006 2.142131e-03 3.161540e-04 5.257707e-03 4.237512e-05 5.517716e-03 1.183841e-04 3.833648e-05
   46    1      1      0    0   125 5.101760e-101 9.990283e-04 7.114515e-05 0.015058786 0.007992025 1.098658e-02 0.0126648604 0.018143290 0.03440266 0.089425096 0.02670986 0.04418911 0.05631062 0.01608425 0.03924033 0.04970973 0.02751721 0.03289581 0.032795179 0.04697331 0.05656626 0.05099056 0.02551394 0.01118200 0.02710365 0.029646283 0.019774757 0.008500875 0.023199130 0.041734337 0.019395180 0.014074028 0.032500919 0.016592812 0.004053927 0.0023518424 0.0034807496 0.0060276353 1.042167e-02 2.705635e-04 8.405570e-03 2.970727e-04 9.896881e-08 8.703749e-04 2.487689e-02
   56    1      1      0    0   125 1.342673e-284 6.665932e-20 3.589498e-03 0.015008144 0.006970639 9.923332e-03 0.0031170905 0.045835629 0.02593251 0.065426332 0.06051765 0.02528008 0.03852276 0.02344792 0.02282422 0.04685431 0.05475335 0.04945271 0.067759457 0.03953446 0.04780248 0.03782866 0.03813836 0.03198422 0.01891582 0.024470156 0.009655837 0.012131834 0.006173824 0.031348812 0.019552947 0.029270848 0.022291016 0.029458374 0.014093519 0.0031141066 0.0043724066 0.0045726182 1.364220e-06 1.279939e-03 1.540275e-05 9.407671e-05 5.167777e-03 3.515524e-03 4.144100e-11
   60    1      1      0    0   125  0.000000e+00 2.933731e-16 1.531104e-03 0.013869081 0.033606408 9.350918e-05 0.0020268960 0.009923084 0.06769610 0.052270121 0.01990947 0.03236848 0.03177426 0.03128511 0.07618098 0.03460253 0.08058895 0.05202555 0.052935378 0.02274804 0.04781263 0.02272275 0.01570376 0.04914459 0.02785677 0.009256932 0.034505693 0.007413437 0.015393246 0.030779322 0.009027014 0.009474782 0.002472549 0.022997550 0.010700238 0.0305694849 0.0113791977 0.0007815347 6.725005e-06 2.652456e-02 9.245555e-06 8.217998e-07 2.866463e-07 3.183595e-05 5.428538e-15
   64    1      1      0    0   125 4.340370e-122 1.341428e-04 1.051726e-03 0.002164894 0.033420099 8.523172e-03 0.0035077065 0.007473412 0.03291870 0.050786577 0.05627583 0.05606079 0.02975034 0.02019233 0.06420325 0.01984888 0.06170006 0.04412208 0.015426671 0.03257770 0.03470129 0.04485318 0.02437836 0.05249217 0.01984907 0.042286275 0.022325069 0.053167592 0.020633736 0.018834573 0.011942251 0.028267291 0.009102219 0.023851013 0.018782610 0.0048184026 0.0023013551 0.0025760544 1.284305e-03 4.146348e-03 7.485779e-03 1.177461e-02 7.827647e-08 1.750248e-08 7.980984e-06
   68    1      1      0    0   125  3.400875e-15 2.534003e-08 3.818046e-03 0.004871832 0.028983263 8.862370e-04 0.0059678972 0.047916746 0.05784001 0.063667878 0.03069208 0.03081786 0.04594379 0.05291712 0.02418710 0.02977006 0.06668414 0.01595419 0.029638190 0.01921003 0.04707169 0.03138956 0.05256049 0.03680641 0.02876564 0.036211556 0.031182143 0.035855977 0.015265258 0.015003883 0.007833984 0.018159973 0.033571189 0.007584066 0.014077513 0.0067412427 0.0023650937 0.0079734005 4.354652e-03 4.534337e-03 3.406547e-04 6.735752e-06 2.578072e-03 7.045596e-13 4.396001e-09
   72    1      1      0    0   125 1.671502e-147 6.788332e-28 1.964294e-04 0.005645461 0.003440494 1.356465e-02 0.0159074836 0.013541738 0.04448317 0.075008721 0.08283466 0.02220514 0.06109915 0.01323021 0.03658073 0.04416565 0.02254088 0.04758212 0.017718012 0.04518368 0.02016026 0.04298504 0.04167849 0.05470054 0.03330980 0.047491957 0.012174820 0.033592705 0.001638087 0.008427715 0.022873001 0.029286914 0.010460176 0.006135176 0.020917029 0.0086874196 0.0049818140 0.0017692441 1.235592e-02 2.038289e-02 1.691046e-05 2.303407e-05 1.900512e-05 6.930426e-20 1.003664e-03
   76    1      1      0    0   125  1.336455e-21 9.571908e-06 4.484757e-03 0.006727045 0.034117696 3.678020e-03 0.0170227467 0.010752349 0.05718537 0.096203551 0.06953548 0.03151527 0.05827305 0.03861111 0.05964729 0.02346319 0.05334028 0.05657640 0.019073703 0.03593535 0.04188893 0.02439521 0.02197016 0.03098530 0.02055026 0.028326682 0.018271537 0.021420494 0.011039897 0.005491135 0.020508277 0.001495517 0.019744921 0.002996644 0.027268939 0.0092688064 0.0012804856 0.0006043282 1.010985e-02 1.016292e-03 3.241244e-04 7.920476e-04 4.097884e-03 1.009932e-14 5.586689e-08
   80    1      1      0    0   125  0.000000e+00 6.827646e-11 1.774705e-03 0.018029517 0.013114430 6.629118e-05 0.0048895241 0.030853846 0.04160623 0.079708400 0.07606334 0.03088766 0.04139984 0.02668360 0.03650866 0.02021033 0.01263615 0.03939202 0.023575538 0.06399005 0.04231918 0.04700690 0.03957087 0.03384373 0.04635262 0.023364214 0.018481912 0.022074257 0.031454284 0.002883553 0.032170244 0.020179171 0.026198822 0.012499014 0.002962789 0.0073993752 0.0051013075 0.0070429583 1.724092e-02 3.065618e-04 1.568631e-04 1.126888e-09 1.182023e-09 4.796878e-13 3.228451e-07
   84    1      1      0    0   125 1.482197e-322 9.802750e-14 6.777466e-03 0.016785862 0.022453286 1.120074e-03 0.0003171764 0.008895087 0.02524622 0.069008404 0.04913215 0.03229588 0.04728912 0.05263699 0.04591031 0.06144286 0.02585477 0.04298298 0.035376783 0.03826860 0.07211550 0.03583496 0.03974148 0.04304422 0.02406736 0.014530999 0.019589870 0.023778220 0.017854436 0.039092858 0.015869901 0.008587631 0.012562959 0.002787515 0.002338072 0.0006444504 0.0251041093 0.0003158359 1.112768e-03 1.564429e-04 1.329434e-07 1.104226e-02 3.254822e-10 8.034006e-03 3.606841e-15
   88    1      1      0    0   125 5.869562e-273 6.033869e-12 2.187926e-03 0.005089151 0.001416890 3.060640e-03 0.0089629087 0.027510736 0.01953976 0.055090323 0.06256696 0.05090528 0.03687078 0.06672291 0.06672213 0.02673193 0.05115066 0.04836561 0.024460967 0.04238615 0.03448250 0.01139884 0.02179748 0.01519373 0.04727807 0.009761876 0.063907462 0.033283215 0.016911271 0.019782537 0.010516931 0.031525474 0.033364792 0.005325564 0.006420224 0.0283030828 0.0006994902 0.0005992907 8.314178e-03 3.831544e-05 2.388999e-05 1.440419e-07 1.316340e-03 1.358449e-05 2.302235e-29
   92    1      1      0    0   125 1.216471e-153 1.871166e-11 4.461705e-03 0.004294089 0.006077362 7.588955e-04 0.0092353176 0.014748605 0.06845008 0.036846800 0.03685145 0.06221687 0.02003835 0.02189767 0.02900842 0.02850786 0.07388550 0.04396678 0.049251537 0.04014940 0.04717280 0.05269274 0.02537498 0.04087517 0.02273241 0.024987539 0.052898041 0.034138463 0.012097756 0.004279248 0.036727455 0.018480914 0.015007148 0.009637046 0.002532583 0.0337951360 0.0089742925 0.0007951937 1.200260e-03 1.904591e-03 1.880328e-04 2.785957e-03 7.555170e-05 4.125245e-29 1.457393e-08
   96    1      1      0    0   125 8.325611e-254 1.319434e-08 2.359479e-03 0.001007642 0.036359572 6.150154e-03 0.0038716560 0.019045586 0.05628716 0.043881625 0.06751583 0.03634322 0.05245240 0.08647672 0.03068707 0.04456898 0.03005355 0.03437081 0.028012878 0.03638935 0.05028487 0.03609412 0.03713115 0.02785980 0.01311782 0.019881804 0.010670384 0.014337550 0.031518122 0.035157965 0.019329391 0.020243711 0.010510238 0.017793398 0.002507019 0.0036216592 0.0011126916 0.0061030323 3.644228e-03 5.896159e-04 2.097251e-02 1.596054e-03 2.374641e-10 8.836241e-05 8.073485e-07
  100    1      1      0    0   125 1.456148e-116 1.105366e-09 1.308407e-03 0.018872923 0.038525532 4.205808e-03 0.0032462153 0.027282290 0.03630211 0.042809196 0.04775153 0.07048485 0.06757706 0.01920620 0.01166410 0.03940019 0.03456303 0.03787571 0.040484090 0.04899377 0.02224963 0.01412108 0.03247399 0.03397397 0.05281467 0.032878874 0.028289501 0.028979288 0.031597139 0.014670581 0.021612563 0.040225431 0.016098746 0.001248965 0.006948280 0.0024805012 0.0072098084 0.0018344064 6.863202e-04 1.426972e-02 2.724898e-06 4.755743e-12 4.780792e-03 2.198396e-15 1.056408e-08
   76    1      2      0    0   500  2.646080e-06 2.860244e-04 8.734851e-03 0.037236040 0.038829334 2.042408e-02 0.0124075078 0.040052582 0.03462903 0.077723375 0.05969709 0.04063199 0.02803371 0.02837138 0.05000571 0.03879224 0.04141500 0.03891708 0.028769376 0.03301510 0.02558200 0.03271343 0.01988513 0.02620336 0.04053638 0.020102300 0.024423724 0.021817957 0.021076839 0.012472304 0.020221156 0.010410931 0.003498435 0.011575255 0.013088130 0.0038105108 0.0039867239 0.0090767172 5.670938e-03 8.597928e-04 1.180808e-04 1.278873e-02 1.028754e-03 8.259741e-04 2.523071e-04
   78    1      2      0    0   500  5.576431e-06 8.773220e-04 2.254039e-02 0.040033103 0.042980491 1.973820e-02 0.0170184406 0.036145263 0.04285544 0.063047478 0.04450448 0.03637953 0.02625527 0.05216655 0.04065424 0.03396207 0.03654183 0.03948114 0.026268560 0.02921417 0.02395006 0.02463648 0.03902931 0.03402381 0.03315486 0.028720121 0.023543667 0.016027987 0.024952406 0.011880956 0.015925013 0.004726467 0.012123120 0.009624266 0.017292929 0.0104011374 0.0024709392 0.0103884332 2.548007e-03 1.142031e-03 1.059592e-03 1.167015e-03 4.393772e-04 2.418933e-06 1.000565e-04
   80    1      2      0    0   500  1.040085e-10 1.662433e-03 2.652670e-02 0.053936704 0.036246194 2.705709e-02 0.0179448865 0.014474794 0.04772809 0.059841817 0.04796386 0.03433809 0.03898825 0.02416024 0.03376223 0.03178944 0.02514375 0.02952651 0.030741229 0.03251186 0.03103125 0.02764330 0.05264343 0.03681654 0.03087539 0.025183127 0.014517858 0.010765818 0.019379112 0.024204149 0.026693546 0.011367669 0.027916009 0.008215838 0.005645918 0.0055457070 0.0025513935 0.0042738141 6.223283e-03 5.448610e-03 3.933027e-03 2.331020e-03 2.083312e-03 1.597827e-05 3.507376e-04
   82    1      2      0    0   500  4.881201e-30 2.160979e-03 9.767964e-03 0.054248621 0.044661138 2.094546e-02 0.0083233871 0.018447320 0.04447633 0.072923146 0.04668663 0.03570190 0.03447158 0.02985375 0.04789259 0.04214577 0.05040033 0.02115282 0.024691602 0.04157102 0.02170260 0.02767062 0.02046068 0.03126852 0.03521727 0.034567465 0.013200190 0.008777449 0.039892707 0.016947015 0.015012766 0.016417490 0.016517411 0.011442171 0.009889814 0.0112128056 0.0093571902 0.0026961087 3.150499e-03 6.905794e-04 6.492580e-04 7.968599e-04 1.099560e-03 2.330870e-04 6.075321e-04
   84    1      2      0    0   500  1.791777e-16 2.388769e-03 2.407759e-02 0.056285945 0.044903295 1.888416e-02 0.0156971565 0.016559069 0.03859898 0.050673362 0.07167127 0.03330782 0.03300024 0.03235624 0.03209250 0.04099463 0.02759965 0.04045539 0.053171335 0.02122600 0.04815813 0.02916203 0.02657549 0.02611995 0.02825814 0.016404351 0.013101506 0.015519667 0.032042844 0.019941760 0.013367142 0.013707455 0.014929058 0.010728541 0.016038009 0.0093337158 0.0050604935 0.0016191444 3.458075e-03 3.907313e-04 3.107833e-05 1.726060e-04 1.468404e-03 5.549223e-05 4.127794e-04
   86    1      2      0    0   500  1.061090e-05 4.646575e-04 2.586220e-02 0.047155050 0.061229265 1.499251e-02 0.0100949455 0.023921182 0.04006991 0.080101083 0.04581928 0.02849480 0.03276706 0.03484136 0.03891374 0.05323721 0.04028842 0.03742461 0.030236415 0.01500626 0.03352963 0.01828235 0.02789509 0.02120669 0.02063937 0.024337308 0.031923118 0.021688432 0.018033493 0.019698489 0.014544510 0.021522554 0.018977506 0.008238383 0.010840508 0.0075779083 0.0076329401 0.0032061059 1.621510e-03 9.447224e-04 9.231460e-04 5.187349e-03 5.900500e-04 2.826053e-05 1.209309e-10
   88    1      2      0    0   500  4.342611e-18 6.258265e-03 1.668662e-02 0.039533232 0.084047654 2.341824e-02 0.0076578906 0.017491838 0.03781678 0.074330233 0.04652409 0.04285268 0.03059507 0.03709503 0.04151088 0.03796001 0.02395724 0.03613055 0.041870274 0.02669558 0.02896888 0.02237197 0.02638473 0.02270271 0.02475286 0.026506122 0.017713064 0.026991179 0.017773405 0.019301459 0.015592546 0.015399580 0.014881567 0.007887966 0.003133523 0.0028725588 0.0188054152 0.0057220941 3.313070e-03 1.554741e-03 1.857718e-04 1.334100e-03 5.134867e-04 4.656397e-09 2.905035e-03
   90    1      2      0    0   500  1.489101e-06 3.409480e-03 1.557683e-02 0.039161856 0.057925059 1.947449e-02 0.0095300322 0.017774348 0.05833056 0.056826789 0.05788249 0.04062268 0.02924969 0.02499289 0.03515894 0.03944430 0.05192108 0.03933225 0.038977454 0.02085471 0.04116334 0.02681432 0.03508820 0.02311050 0.02418714 0.030194008 0.027656932 0.016933859 0.011671048 0.015350939 0.016131250 0.020291581 0.009236455 0.014300319 0.010999109 0.0042981163 0.0042952304 0.0031496980 6.664678e-03 4.160787e-04 4.333647e-04 1.113649e-04 1.958555e-09 1.288073e-04 9.262407e-04
   92    1      2      0    0   500  1.566610e-21 1.408893e-03 2.635448e-02 0.039178673 0.048044016 2.365467e-02 0.0071094165 0.016424559 0.04275580 0.059594071 0.06019864 0.03415992 0.03701836 0.04078591 0.03473696 0.04702884 0.02820460 0.03508999 0.042284032 0.02696139 0.03608426 0.02146363 0.03780939 0.02203360 0.03781984 0.025782386 0.026037487 0.017000000 0.016969529 0.010845759 0.011282624 0.022590069 0.015900358 0.008485530 0.004254347 0.0115052577 0.0048887849 0.0117419940 3.145475e-03 9.612314e-04 3.564018e-04 3.068587e-04 6.703956e-04 1.209449e-04 9.506091e-04
   94    1      2      0    0   500  2.023028e-09 3.527013e-04 1.552325e-02 0.058971149 0.046309729 8.574955e-03 0.0194020952 0.019943456 0.04307462 0.032571972 0.06318386 0.03527960 0.03132555 0.02591526 0.05352672 0.06295410 0.02594333 0.02998330 0.035511126 0.01679856 0.03230528 0.03283081 0.02154474 0.02644960 0.02889744 0.020230648 0.028526854 0.017840623 0.018484065 0.025517443 0.013813285 0.023996288 0.021205828 0.008080400 0.008765093 0.0081909526 0.0084556170 0.0012424924 6.686922e-03 1.407568e-02 7.055839e-03 3.517573e-04 3.067582e-04 2.372071e-09 2.403650e-07
   96    1      2      0    0   500  6.361240e-06 2.017395e-03 2.258653e-02 0.064046792 0.056524588 1.155839e-02 0.0101710270 0.027209283 0.02900168 0.054813289 0.05443201 0.03368167 0.02917468 0.03342027 0.03933804 0.03504951 0.03009686 0.02259639 0.025439973 0.03553016 0.04286703 0.02032377 0.01976940 0.02689398 0.02526292 0.035634398 0.032203823 0.028559817 0.023146307 0.019232411 0.014270629 0.019805871 0.010227249 0.005734863 0.025956831 0.0085902174 0.0072382121 0.0108228699 2.839778e-04 4.815010e-03 1.037488e-04 5.571733e-06 1.424286e-03 3.818914e-06 1.280940e-04
   98    1      2      0    0   500  2.272162e-06 4.821775e-03 2.174392e-02 0.042189561 0.040899159 1.348500e-02 0.0061863709 0.021835925 0.03965838 0.048945122 0.04015142 0.04738258 0.03193880 0.03419618 0.03889234 0.06055465 0.04387214 0.04669936 0.030591258 0.03552825 0.03025135 0.03200023 0.02518989 0.03929670 0.01208544 0.024234807 0.016526067 0.033851309 0.014024044 0.027035469 0.012463667 0.016785424 0.013060604 0.012093307 0.005651284 0.0056502247 0.0102680977 0.0074219226 1.684572e-03 2.501302e-03 5.186889e-03 1.787819e-04 6.036186e-04 1.470527e-06 2.379090e-03
  100    1      2      0    0   500  3.459262e-07 8.423236e-04 1.922419e-02 0.039120665 0.046484420 1.286371e-02 0.0123646277 0.020861350 0.03468733 0.046115506 0.06976227 0.04210905 0.03341441 0.02385685 0.05146495 0.02768354 0.03420261 0.03715590 0.028973283 0.02706124 0.02293390 0.02917955 0.02822779 0.03896586 0.03140263 0.029939493 0.030841087 0.022627624 0.018197034 0.038121284 0.018563247 0.018463210 0.011842268 0.007462588 0.009432399 0.0112131229 0.0130377016 0.0036940304 6.765491e-04 1.189295e-03 1.942321e-03 9.917145e-04 2.465585e-03 4.079673e-05 3.003547e-04
15 #_N_agebins
#_agebin_vector
1 2 3 4 5 6 7 8 9 10 11 12 13 14 15
1 #_N_ageerror_definitions
 #_age0   age1   age2   age3   age4   age5   age6   age7   age8   age9  age10  age11  age12  age13  age14  age15  age16  age17  age18  age19  age20  age21  age22  age23  age24  age25
 -1.000 -1.000 -1.000 -1.000 -1.000 -1.000 -1.000 -1.000 -1.000 -1.000 -1.000 -1.000 -1.000 -1.000 -1.000 -1.000 -1.000 -1.000 -1.000 -1.000 -1.000 -1.000 -1.000 -1.000 -1.000 -1.000
  0.001  0.001  0.001  0.001  0.001  0.001  0.001  0.001  0.001  0.001  0.001  0.001  0.001  0.001  0.001  0.001  0.001  0.001  0.001  0.001  0.001  0.001  0.001  0.001  0.001  0.001
91 #_N_agecomp
1 #_Lbin_method: 1=poplenbins; 2=datalenbins; 3=lengths
-1 #_combine males into females at or below this bin number
 #_Yr Seas FltSvy Gender Part Ageerr Lbin_lo Lbin_hi Nsamp         a1        a2        a3         a4         a5         a6         a7          a8          a9         a10         a11          a12          a13          a14         a15
   26    1      1      0    0      1      -1      -1   125 0.01775179 0.2142200 0.1316758 0.11260581 0.10697894 0.09604422 0.02375524 0.058511332 0.044039193 0.044492475 0.036936684 0.0310711531 0.0192100137 0.0132008452 0.049506505
   36    1      1      0    0      1      -1      -1   125 0.02049518 0.1839599 0.1543439 0.15005463 0.09580737 0.09322040 0.06224136 0.076925780 0.013562898 0.025673375 0.010620637 0.0234040493 0.0003454817 0.0010332712 0.088311725
   46    1      1      0    0      1      -1      -1   125 0.07869379 0.2119108 0.1997556 0.14069715 0.10357298 0.04583867 0.08513608 0.040028749 0.011288915 0.009697341 0.031331848 0.0043919245 0.0068973228 0.0124685654 0.018290313
   56    1      1      0    0      1      -1      -1   125 0.10280895 0.1918267 0.1793132 0.13718557 0.11166642 0.05825576 0.05807791 0.034729587 0.028190911 0.003611309 0.051928745 0.0014115395 0.0052254437 0.0167825612 0.018985372
   60    1      1      0    0      1      -1      -1   125 0.04463169 0.2041559 0.1854783 0.17910226 0.11180933 0.05443896 0.07195098 0.064329743 0.011770514 0.027552006 0.013927697 0.0162166529 0.0043273135 0.0036620053 0.006646569
   64    1      1      0    0      1      -1      -1   125 0.04576851 0.1808744 0.2135544 0.19023393 0.11332025 0.10603963 0.05293135 0.008527109 0.023822729 0.015028226 0.017937189 0.0007276446 0.0091333150 0.0002153826 0.021885919
   68    1      1      0    0      1      -1      -1   125 0.01517010 0.3008962 0.2226992 0.11811416 0.11683004 0.04029058 0.07748512 0.026450209 0.004703731 0.019425129 0.009695362 0.0080332710 0.0009139658 0.0224065086 0.016886397
   72    1      1      0    0      1      -1      -1   125 0.07910823 0.2429467 0.2141208 0.08630191 0.13007298 0.07951357 0.04238267 0.044973003 0.024780464 0.001913337 0.016231255 0.0160783597 0.0124081519 0.0014574160 0.007711121
   76    1      1      0    0      1      -1      -1   125 0.04033527 0.2949978 0.1240145 0.16671627 0.12990762 0.05474482 0.05238183 0.020825084 0.060406105 0.009791854 0.023035576 0.0127502089 0.0002009566 0.0011420956 0.008750028
   80    1      1      0    0      1      -1      -1   125 0.01930753 0.2241604 0.2185644 0.10352982 0.10951139 0.07307083 0.09082936 0.038407065 0.039086842 0.015560202 0.008343208 0.0064843326 0.0025720661 0.0093096041 0.041262973
   84    1      1      0    0      1      -1      -1   125 0.03265346 0.2125682 0.1543922 0.14529430 0.11717900 0.11112189 0.06741859 0.034901268 0.037125610 0.022594619 0.015324143 0.0067818740 0.0024216552 0.0057864817 0.034436685
   88    1      1      0    0      1      -1      -1   125 0.02832640 0.2643959 0.2003840 0.13938576 0.10331175 0.05757166 0.05884873 0.036874415 0.052476361 0.013263591 0.026746117 0.0068161831 0.0035804205 0.0053245226 0.002694193
   92    1      1      0    0      1      -1      -1   125 0.02445643 0.2584111 0.2503674 0.13455032 0.10171610 0.06795280 0.01711660 0.017895753 0.028285825 0.012876817 0.030428308 0.0158909055 0.0001124956 0.0016874082 0.038251819
   96    1      1      0    0      1      -1      -1   125 0.02656713 0.3231834 0.1868602 0.09030326 0.09282627 0.04709101 0.09002397 0.042034300 0.024624344 0.028291227 0.007365197 0.0130218432 0.0001153987 0.0038429847 0.023849517
  100    1      1      0    0      1      -1      -1   125 0.04695044 0.2629799 0.2019143 0.11150819 0.09599310 0.04011149 0.04658977 0.055899345 0.028189957 0.030435514 0.039983180 0.0069671851 0.0012635508 0.0099269531 0.021287119
   76    1      2      0    0      1      -1      -1   500 0.18973764 0.1906907 0.1817164 0.13915543 0.07493638 0.05792772 0.05564976 0.043896516 0.017559107 0.009965779 0.006520470 0.0112711872 0.0032974207 0.0035422494 0.014133193
   78    1      2      0    0      1      -1      -1   500 0.15698863 0.2026385 0.1632526 0.13682956 0.07855019 0.06303527 0.03645372 0.047958452 0.036387480 0.026870059 0.005763161 0.0112428306 0.0119750946 0.0102491738 0.011805291
   80    1      2      0    0      1      -1      -1   500 0.13619581 0.2399253 0.1832775 0.11470562 0.08549579 0.06712347 0.04992960 0.039192783 0.021076077 0.011291125 0.009775446 0.0108715399 0.0153661180 0.0027922411 0.012981536
   82    1      2      0    0      1      -1      -1   500 0.13933377 0.2288230 0.1728408 0.11666034 0.08378642 0.08931104 0.03225032 0.024210202 0.030643453 0.018697278 0.026766221 0.0113718851 0.0107527902 0.0050598704 0.009492581
   84    1      2      0    0      1      -1      -1   500 0.16548258 0.2411443 0.1682223 0.11357141 0.07156794 0.06113528 0.06616838 0.024098102 0.024866412 0.020493188 0.012076032 0.0124310330 0.0037200845 0.0027762716 0.012246733
   86    1      2      0    0      1      -1      -1   500 0.16577692 0.2255078 0.1615225 0.12983059 0.07768747 0.05679961 0.04518171 0.034377920 0.022164325 0.015758463 0.017497128 0.0084774396 0.0070271995 0.0076711445 0.024719817
   88    1      2      0    0      1      -1      -1   500 0.14075681 0.2127525 0.1712071 0.10370294 0.10860292 0.06047722 0.05546963 0.044289625 0.025688247 0.014927377 0.016377633 0.0046902662 0.0065901544 0.0095034759 0.024964036
   90    1      2      0    0      1      -1      -1   500 0.12999116 0.2085898 0.1932043 0.11770345 0.09783498 0.06823410 0.03604089 0.035109386 0.032334869 0.019261742 0.017646844 0.0137801155 0.0122842206 0.0070918621 0.010892254
   92    1      2      0    0      1      -1      -1   500 0.15859794 0.2229732 0.1671554 0.12326190 0.07478816 0.07204046 0.06175941 0.026066767 0.025431708 0.024069688 0.012364103 0.0114776926 0.0046467913 0.0035953714 0.011771386
   94    1      2      0    0      1      -1      -1   500 0.15102431 0.2536735 0.1480506 0.10973684 0.09265469 0.06608068 0.05461162 0.023830192 0.027006891 0.022214816 0.006918897 0.0059686348 0.0062649764 0.0022015595 0.029761873
   96    1      2      0    0      1      -1      -1   500 0.15404072 0.2113812 0.2228092 0.10966548 0.09324238 0.05957665 0.04764283 0.020906677 0.029130347 0.010106189 0.007116131 0.0124584162 0.0059816878 0.0045890738 0.011353051
   98    1      2      0    0      1      -1      -1   500 0.15374487 0.1920854 0.1796778 0.15366760 0.08453912 0.05978447 0.04293602 0.033019764 0.016872035 0.013354922 0.024531368 0.0074319453 0.0147073433 0.0042047947 0.019442547
  100    1      2      0    0      1      -1      -1   500 0.12590032 0.1751521 0.2041175 0.12643973 0.11336360 0.05457500 0.05923843 0.039197294 0.019650753 0.022560921 0.014886262 0.0166463049 0.0084245931 0.0023316356 0.017515608
   60    1      1      0    0      1       4       4     2 2.00000000 0.0000000 0.0000000 0.00000000 0.00000000 0.00000000 0.00000000 0.000000000 0.000000000 0.000000000 0.000000000 0.0000000000 0.0000000000 0.0000000000 0.000000000
   60    1      1      0    0      1       5       5     1 1.00000000 0.0000000 0.0000000 0.00000000 0.00000000 0.00000000 0.00000000 0.000000000 0.000000000 0.000000000 0.000000000 0.0000000000 0.0000000000 0.0000000000 0.000000000
   60    1      1      0    0      1       7       7     2 2.00000000 0.0000000 0.0000000 0.00000000 0.00000000 0.00000000 0.00000000 0.000000000 0.000000000 0.000000000 0.000000000 0.0000000000 0.0000000000 0.0000000000 0.000000000
   60    1      1      0    0      1       8       8     3 3.00000000 0.0000000 0.0000000 0.00000000 0.00000000 0.00000000 0.00000000 0.000000000 0.000000000 0.000000000 0.000000000 0.0000000000 0.0000000000 0.0000000000 0.000000000
   60    1      1      0    0      1       9       9     7 7.00000000 0.0000000 0.0000000 0.00000000 0.00000000 0.00000000 0.00000000 0.000000000 0.000000000 0.000000000 0.000000000 0.0000000000 0.0000000000 0.0000000000 0.000000000
   60    1      1      0    0      1      10      10     3 3.00000000 0.0000000 0.0000000 0.00000000 0.00000000 0.00000000 0.00000000 0.000000000 0.000000000 0.000000000 0.000000000 0.0000000000 0.0000000000 0.0000000000 0.000000000
   60    1      1      0    0      1      11      11     2 2.00000000 0.0000000 0.0000000 0.00000000 0.00000000 0.00000000 0.00000000 0.000000000 0.000000000 0.000000000 0.000000000 0.0000000000 0.0000000000 0.0000000000 0.000000000
   60    1      1      0    0      1      12      12     3 3.00000000 0.0000000 0.0000000 0.00000000 0.00000000 0.00000000 0.00000000 0.000000000 0.000000000 0.000000000 0.000000000 0.0000000000 0.0000000000 0.0000000000 0.000000000
   60    1      1      0    0      1      13      13     4 4.00000000 0.0000000 0.0000000 0.00000000 0.00000000 0.00000000 0.00000000 0.000000000 0.000000000 0.000000000 0.000000000 0.0000000000 0.0000000000 0.0000000000 0.000000000
   60    1      1      0    0      1      14      14     3 3.00000000 0.0000000 0.0000000 0.00000000 0.00000000 0.00000000 0.00000000 0.000000000 0.000000000 0.000000000 0.000000000 0.0000000000 0.0000000000 0.0000000000 0.000000000
   60    1      1      0    0      1      15      15     8 8.00000000 0.0000000 0.0000000 0.00000000 0.00000000 0.00000000 0.00000000 0.000000000 0.000000000 0.000000000 0.000000000 0.0000000000 0.0000000000 0.0000000000 0.000000000
   60    1      1      0    0      1      16      16     3 3.00000000 0.0000000 0.0000000 0.00000000 0.00000000 0.00000000 0.00000000 0.000000000 0.000000000 0.000000000 0.000000000 0.0000000000 0.0000000000 0.0000000000 0.000000000
   60    1      1      0    0      1      17      17     4 4.00000000 0.0000000 0.0000000 0.00000000 0.00000000 0.00000000 0.00000000 0.000000000 0.000000000 0.000000000 0.000000000 0.0000000000 0.0000000000 0.0000000000 0.000000000
   60    1      1      0    0      1      18      18     6 6.00000000 0.0000000 0.0000000 0.00000000 0.00000000 0.00000000 0.00000000 0.000000000 0.000000000 0.000000000 0.000000000 0.0000000000 0.0000000000 0.0000000000 0.000000000
   60    1      1      0    0      1      19      19     8 8.00000000 0.0000000 0.0000000 0.00000000 0.00000000 0.00000000 0.00000000 0.000000000 0.000000000 0.000000000 0.000000000 0.0000000000 0.0000000000 0.0000000000 0.000000000
   60    1      1      0    0      1      20      20     1 1.00000000 0.0000000 0.0000000 0.00000000 0.00000000 0.00000000 0.00000000 0.000000000 0.000000000 0.000000000 0.000000000 0.0000000000 0.0000000000 0.0000000000 0.000000000
   60    1      1      0    0      1      21      21     7 7.00000000 0.0000000 0.0000000 0.00000000 0.00000000 0.00000000 0.00000000 0.000000000 0.000000000 0.000000000 0.000000000 0.0000000000 0.0000000000 0.0000000000 0.000000000
   60    1      1      0    0      1      22      22     1 1.00000000 0.0000000 0.0000000 0.00000000 0.00000000 0.00000000 0.00000000 0.000000000 0.000000000 0.000000000 0.000000000 0.0000000000 0.0000000000 0.0000000000 0.000000000
   60    1      1      0    0      1      23      23     2 2.00000000 0.0000000 0.0000000 0.00000000 0.00000000 0.00000000 0.00000000 0.000000000 0.000000000 0.000000000 0.000000000 0.0000000000 0.0000000000 0.0000000000 0.000000000
   60    1      1      0    0      1      24      24     6 6.00000000 0.0000000 0.0000000 0.00000000 0.00000000 0.00000000 0.00000000 0.000000000 0.000000000 0.000000000 0.000000000 0.0000000000 0.0000000000 0.0000000000 0.000000000
   60    1      1      0    0      1      25      25     5 5.00000000 0.0000000 0.0000000 0.00000000 0.00000000 0.00000000 0.00000000 0.000000000 0.000000000 0.000000000 0.000000000 0.0000000000 0.0000000000 0.0000000000 0.000000000
   60    1      1      0    0      1      26      26     1 1.00000000 0.0000000 0.0000000 0.00000000 0.00000000 0.00000000 0.00000000 0.000000000 0.000000000 0.000000000 0.000000000 0.0000000000 0.0000000000 0.0000000000 0.000000000
   60    1      1      0    0      1      27      27     3 3.00000000 0.0000000 0.0000000 0.00000000 0.00000000 0.00000000 0.00000000 0.000000000 0.000000000 0.000000000 0.000000000 0.0000000000 0.0000000000 0.0000000000 0.000000000
   60    1      1      0    0      1      28      28     1 0.00000000 1.0000000 0.0000000 0.00000000 0.00000000 0.00000000 0.00000000 0.000000000 0.000000000 0.000000000 0.000000000 0.0000000000 0.0000000000 0.0000000000 0.000000000
   60    1      1      0    0      1      29      29     5 3.00000000 2.0000000 0.0000000 0.00000000 0.00000000 0.00000000 0.00000000 0.000000000 0.000000000 0.000000000 0.000000000 0.0000000000 0.0000000000 0.0000000000 0.000000000
   60    1      1      0    0      1      32      32     1 0.00000000 1.0000000 0.0000000 0.00000000 0.00000000 0.00000000 0.00000000 0.000000000 0.000000000 0.000000000 0.000000000 0.0000000000 0.0000000000 0.0000000000 0.000000000
   60    1      1      0    0      1      34      34     3 0.00000000 3.0000000 0.0000000 0.00000000 0.00000000 0.00000000 0.00000000 0.000000000 0.000000000 0.000000000 0.000000000 0.0000000000 0.0000000000 0.0000000000 0.000000000
   60    1      1      0    0      1      35      35     1 0.00000000 1.0000000 0.0000000 0.00000000 0.00000000 0.00000000 0.00000000 0.000000000 0.000000000 0.000000000 0.000000000 0.0000000000 0.0000000000 0.0000000000 0.000000000
   60    1      1      0    0      1      36      36     1 0.00000000 1.0000000 0.0000000 0.00000000 0.00000000 0.00000000 0.00000000 0.000000000 0.000000000 0.000000000 0.000000000 0.0000000000 0.0000000000 0.0000000000 0.000000000
   60    1      1      0    0      1      37      37     1 0.00000000 1.0000000 0.0000000 0.00000000 0.00000000 0.00000000 0.00000000 0.000000000 0.000000000 0.000000000 0.000000000 0.0000000000 0.0000000000 0.0000000000 0.000000000
   60    1      1      0    0      1      40      40     2 0.00000000 2.0000000 0.0000000 0.00000000 0.00000000 0.00000000 0.00000000 0.000000000 0.000000000 0.000000000 0.000000000 0.0000000000 0.0000000000 0.0000000000 0.000000000
  100    1      1      0    0      1       3       3     1 1.00000000 0.0000000 0.0000000 0.00000000 0.00000000 0.00000000 0.00000000 0.000000000 0.000000000 0.000000000 0.000000000 0.0000000000 0.0000000000 0.0000000000 0.000000000
  100    1      1      0    0      1       4       4     1 1.00000000 0.0000000 0.0000000 0.00000000 0.00000000 0.00000000 0.00000000 0.000000000 0.000000000 0.000000000 0.000000000 0.0000000000 0.0000000000 0.0000000000 0.000000000
  100    1      1      0    0      1       5       5     3 3.00000000 0.0000000 0.0000000 0.00000000 0.00000000 0.00000000 0.00000000 0.000000000 0.000000000 0.000000000 0.000000000 0.0000000000 0.0000000000 0.0000000000 0.000000000
  100    1      1      0    0      1       8       8     6 6.00000000 0.0000000 0.0000000 0.00000000 0.00000000 0.00000000 0.00000000 0.000000000 0.000000000 0.000000000 0.000000000 0.0000000000 0.0000000000 0.0000000000 0.000000000
  100    1      1      0    0      1       9       9     4 4.00000000 0.0000000 0.0000000 0.00000000 0.00000000 0.00000000 0.00000000 0.000000000 0.000000000 0.000000000 0.000000000 0.0000000000 0.0000000000 0.0000000000 0.000000000
  100    1      1      0    0      1      10      10     2 2.00000000 0.0000000 0.0000000 0.00000000 0.00000000 0.00000000 0.00000000 0.000000000 0.000000000 0.000000000 0.000000000 0.0000000000 0.0000000000 0.0000000000 0.000000000
  100    1      1      0    0      1      11      11     4 4.00000000 0.0000000 0.0000000 0.00000000 0.00000000 0.00000000 0.00000000 0.000000000 0.000000000 0.000000000 0.000000000 0.0000000000 0.0000000000 0.0000000000 0.000000000
  100    1      1      0    0      1      12      12     8 8.00000000 0.0000000 0.0000000 0.00000000 0.00000000 0.00000000 0.00000000 0.000000000 0.000000000 0.000000000 0.000000000 0.0000000000 0.0000000000 0.0000000000 0.000000000
  100    1      1      0    0      1      13      13     6 6.00000000 0.0000000 0.0000000 0.00000000 0.00000000 0.00000000 0.00000000 0.000000000 0.000000000 0.000000000 0.000000000 0.0000000000 0.0000000000 0.0000000000 0.000000000
  100    1      1      0    0      1      14      14     1 1.00000000 0.0000000 0.0000000 0.00000000 0.00000000 0.00000000 0.00000000 0.000000000 0.000000000 0.000000000 0.000000000 0.0000000000 0.0000000000 0.0000000000 0.000000000
  100    1      1      0    0      1      16      16     7 7.00000000 0.0000000 0.0000000 0.00000000 0.00000000 0.00000000 0.00000000 0.000000000 0.000000000 0.000000000 0.000000000 0.0000000000 0.0000000000 0.0000000000 0.000000000
  100    1      1      0    0      1      17      17     3 3.00000000 0.0000000 0.0000000 0.00000000 0.00000000 0.00000000 0.00000000 0.000000000 0.000000000 0.000000000 0.000000000 0.0000000000 0.0000000000 0.0000000000 0.000000000
  100    1      1      0    0      1      18      18     3 3.00000000 0.0000000 0.0000000 0.00000000 0.00000000 0.00000000 0.00000000 0.000000000 0.000000000 0.000000000 0.000000000 0.0000000000 0.0000000000 0.0000000000 0.000000000
  100    1      1      0    0      1      19      19     6 6.00000000 0.0000000 0.0000000 0.00000000 0.00000000 0.00000000 0.00000000 0.000000000 0.000000000 0.000000000 0.000000000 0.0000000000 0.0000000000 0.0000000000 0.000000000
  100    1      1      0    0      1      20      20     9 9.00000000 0.0000000 0.0000000 0.00000000 0.00000000 0.00000000 0.00000000 0.000000000 0.000000000 0.000000000 0.000000000 0.0000000000 0.0000000000 0.0000000000 0.000000000
  100    1      1      0    0      1      21      21     1 1.00000000 0.0000000 0.0000000 0.00000000 0.00000000 0.00000000 0.00000000 0.000000000 0.000000000 0.000000000 0.000000000 0.0000000000 0.0000000000 0.0000000000 0.000000000
  100    1      1      0    0      1      22      22     3 3.00000000 0.0000000 0.0000000 0.00000000 0.00000000 0.00000000 0.00000000 0.000000000 0.000000000 0.000000000 0.000000000 0.0000000000 0.0000000000 0.0000000000 0.000000000
  100    1      1      0    0      1      23      23     4 4.00000000 0.0000000 0.0000000 0.00000000 0.00000000 0.00000000 0.00000000 0.000000000 0.000000000 0.000000000 0.000000000 0.0000000000 0.0000000000 0.0000000000 0.000000000
  100    1      1      0    0      1      24      24     2 2.00000000 0.0000000 0.0000000 0.00000000 0.00000000 0.00000000 0.00000000 0.000000000 0.000000000 0.000000000 0.000000000 0.0000000000 0.0000000000 0.0000000000 0.000000000
  100    1      1      0    0      1      25      25     5 5.00000000 0.0000000 0.0000000 0.00000000 0.00000000 0.00000000 0.00000000 0.000000000 0.000000000 0.000000000 0.000000000 0.0000000000 0.0000000000 0.0000000000 0.000000000
  100    1      1      0    0      1      26      26     3 3.00000000 0.0000000 0.0000000 0.00000000 0.00000000 0.00000000 0.00000000 0.000000000 0.000000000 0.000000000 0.000000000 0.0000000000 0.0000000000 0.0000000000 0.000000000
  100    1      1      0    0      1      27      27     2 2.00000000 0.0000000 0.0000000 0.00000000 0.00000000 0.00000000 0.00000000 0.000000000 0.000000000 0.000000000 0.000000000 0.0000000000 0.0000000000 0.0000000000 0.000000000
  100    1      1      0    0      1      28      28     1 1.00000000 0.0000000 0.0000000 0.00000000 0.00000000 0.00000000 0.00000000 0.000000000 0.000000000 0.000000000 0.000000000 0.0000000000 0.0000000000 0.0000000000 0.000000000
  100    1      1      0    0      1      29      29     2 2.00000000 0.0000000 0.0000000 0.00000000 0.00000000 0.00000000 0.00000000 0.000000000 0.000000000 0.000000000 0.000000000 0.0000000000 0.0000000000 0.0000000000 0.000000000
  100    1      1      0    0      1      30      30     2 0.00000000 2.0000000 0.0000000 0.00000000 0.00000000 0.00000000 0.00000000 0.000000000 0.000000000 0.000000000 0.000000000 0.0000000000 0.0000000000 0.0000000000 0.000000000
  100    1      1      0    0      1      31      31     3 0.00000000 3.0000000 0.0000000 0.00000000 0.00000000 0.00000000 0.00000000 0.000000000 0.000000000 0.000000000 0.000000000 0.0000000000 0.0000000000 0.0000000000 0.000000000
  100    1      1      0    0      1      32      32     1 0.00000000 1.0000000 0.0000000 0.00000000 0.00000000 0.00000000 0.00000000 0.000000000 0.000000000 0.000000000 0.000000000 0.0000000000 0.0000000000 0.0000000000 0.000000000
  100    1      1      0    0      1      33      33     1 0.00000000 1.0000000 0.0000000 0.00000000 0.00000000 0.00000000 0.00000000 0.000000000 0.000000000 0.000000000 0.000000000 0.0000000000 0.0000000000 0.0000000000 0.000000000
  100    1      1      0    0      1      34      34     1 0.00000000 1.0000000 0.0000000 0.00000000 0.00000000 0.00000000 0.00000000 0.000000000 0.000000000 0.000000000 0.000000000 0.0000000000 0.0000000000 0.0000000000 0.000000000
  100    1      1      0    0      1      35      35     1 0.00000000 1.0000000 0.0000000 0.00000000 0.00000000 0.00000000 0.00000000 0.000000000 0.000000000 0.000000000 0.000000000 0.0000000000 0.0000000000 0.0000000000 0.000000000
  100    1      1      0    0      1      36      36     1 0.00000000 1.0000000 0.0000000 0.00000000 0.00000000 0.00000000 0.00000000 0.000000000 0.000000000 0.000000000 0.000000000 0.0000000000 0.0000000000 0.0000000000 0.000000000
  100    1      1      0    0      1      40      40     3 0.00000000 3.0000000 0.0000000 0.00000000 0.00000000 0.00000000 0.00000000 0.000000000 0.000000000 0.000000000 0.000000000 0.0000000000 0.0000000000 0.0000000000 0.000000000
0 #_N_MeanSize_at_Age_obs
0 #_N_environ_variables
0 #_N_environ_obs
0 #_N_sizefreq_methods
0 #_do_tags
0 #_morphcomp_data
#
999
