#C data file created using the SS_writedat function in the R package r4ss
#C should work with SS version: 
#C file write time: 2015-02-11 18:29:09
#
1 #_styr
100 #_endyr
1 #_nseas
12 #_months_per_seas
1 #_spawn_seas
1 #_Nfleet
2 #_Nsurveys
1 #_N_areas
Fishery%Survey%CPUE #_fleetnames
0.5 0.5 0.5 #_surveytiming_in_season
1 1 1 #_area_assignments_for_each_fishery_and_survey
1 #_units of catch:  1=bio; 2=num
0.01 #_se of log(catch) only used for init_eq_catch and for Fmethod 2 and 3
1 #_Ngenders
25 #_Nages
0 #_init_equil_catch_for_each_fishery
100 #_N_lines_of_catch_to_read
 #_Fishery year seas
         0    1    1
         0    2    1
         0    3    1
         0    4    1
         0    5    1
         0    6    1
         0    7    1
         0    8    1
         0    9    1
         0   10    1
         0   11    1
         0   12    1
         0   13    1
         0   14    1
         0   15    1
         0   16    1
         0   17    1
         0   18    1
         0   19    1
         0   20    1
         0   21    1
         0   22    1
         0   23    1
         0   24    1
         0   25    1
 444646000   26    1
 397608000   27    1
 357583000   28    1
 324161000   29    1
 296656000   30    1
 274240000   31    1
 256057000   32    1
 241314000   33    1
 229322000   34    1
 219511000   35    1
 211426000   36    1
 204710000   37    1
 199088000   38    1
 194347000   39    1
 190324000   40    1
 186891000   41    1
 183948000   42    1
 181416000   43    1
 179230000   44    1
 177337000   45    1
 175694000   46    1
 174266000   47    1
 173022000   48    1
 171937000   49    1
 170990000   50    1
 170161000   51    1
 169436000   52    1
 168801000   53    1
 168243000   54    1
 167755000   55    1
 167325000   56    1
 166948000   57    1
 166617000   58    1
 166326000   59    1
 166070000   60    1
 165844000   61    1
 165646000   62    1
 165471000   63    1
 165317000   64    1
 165182000   65    1
 165063000   66    1
 164958000   67    1
 164865000   68    1
 164784000   69    1
 164712000   70    1
 164649000   71    1
 164593000   72    1
 164544000   73    1
 164500000   74    1
 164462000   75    1
 164429000   76    1
 164399000   77    1
 164373000   78    1
 164350000   79    1
 164329000   80    1
 164311000   81    1
 164296000   82    1
 164282000   83    1
 164269000   84    1
 164258000   85    1
 164249000   86    1
 164240000   87    1
 164233000   88    1
 164227000   89    1
 164221000   90    1
 164216000   91    1
 164211000   92    1
 164207000   93    1
 164204000   94    1
 164201000   95    1
 164198000   96    1
 164195000   97    1
 164193000   98    1
 164192000   99    1
 164190000  100    1
13 #_N_cpue
 #_Fleet Units Errtype
       1     1       0
       2     1       0
       3     1       0
 #_year seas index        obs se_log
     76    1     2 1133741859    0.2
     78    1     2 1301934593    0.2
     80    1     2 1403884919    0.2
     82    1     2 1754800695    0.2
     84    1     2 1726262382    0.2
     86    1     2 1602529282    0.2
     88    1     2 1899537194    0.2
     90    1     2 1343008063    0.2
     92    1     2 1289673415    0.2
     94    1     2 1312572622    0.2
     96    1     2 1172218793    0.2
     98    1     2 1337774244    0.2
    100    1     2 1359680477    0.2
0 #_N_discard_fleets
#_discard_units (1=same_as_catchunits(bio/num); 2=fraction; 3=numbers)
#_discard_errtype:  >0 for DF of T-dist(read CV below); 0 for normal with CV; -1 for normal with se; -2 for lognormal
0 #_N_discard
0 #_N_meanbodywt
1 #_DF_for_meanbodywt_T-distribution_like
2 # length bin method: 1=use databins; 2=generate from binwidth,min,max below; 3=read vector
1 # binwidth for population size comp
10 # minimum size in the population (lower edge of first bin and size at age 0.00)
200 # maximum size in the population (lower edge of last bin)
-0.001 #_comp_tail_compression
1e-05 #_add_to_comp
0 #_combine males into females at or below this bin number
45 #_N_lbins
#_lbin_vector
20 23 26 29 32 35 38 41 44 47 50 53 56 59 62 65 68 71 74 77 80 83 86 89 92 95 98 101 104 107 110 113 116 119 122 125 128 131 134 137 140 143 146 149 152
28 #_N_Length_comp_observations
 #_Yr Seas FltSvy Gender Part Nsamp           l20          l23          l26          l29          l32          l35          l38         l41        l44        l47        l50        l53        l56         l59        l62        l65         l68        l71        l74        l77        l80        l83         l86        l89        l92        l95        l98        l101       l104        l107        l110        l113         l116        l119        l122         l125         l128         l131         l134         l137         l140         l143         l146         l149         l152
   26    1      1      0    0   125 3.071641e-266 2.498394e-07 2.916327e-05 0.0038677944 0.0128062855 0.0085452283 3.839022e-05 0.019262599 0.02350266 0.06961811 0.02826306 0.03658548 0.02976767 0.036175577 0.03362597 0.01376483 0.009105614 0.02689415 0.03454979 0.02803650 0.08187277 0.01781116 0.041953968 0.04506905 0.02247390 0.01955931 0.02866615 0.022943012 0.04198282 0.023285597 0.036385142 0.104532627 0.0114513292 0.015193309 0.025529141 0.0124799152 0.0096093379 0.0073408567 8.567639e-04 1.758051e-03 2.405285e-04 4.946751e-05 7.300289e-03 1.152269e-03 6.064118e-03
   36    1      1      0    0   125 5.257325e-179 5.324530e-41 9.116033e-04 0.0035531946 0.0288683903 0.0060723265 2.747476e-04 0.017843503 0.04505447 0.04946516 0.05637799 0.08086498 0.06233061 0.026149145 0.06939335 0.02251031 0.019392488 0.03834248 0.02207285 0.07597720 0.01780052 0.01077872 0.024160955 0.03724959 0.02678633 0.02202756 0.03518652 0.052459601 0.02739260 0.014759229 0.009952889 0.029918428 0.0184949336 0.017816879 0.005217397 0.0047889972 0.0009585227 0.0045842455 4.451665e-03 5.966911e-03 1.460823e-03 1.280132e-03 1.436367e-04 8.936114e-04 1.450241e-05
   46    1      1      0    0   125  1.458247e-09 1.533641e-05 2.196169e-03 0.0182410181 0.0111422452 0.0066245751 1.449571e-03 0.020461450 0.02524373 0.03953824 0.08360600 0.04464530 0.05176418 0.138540863 0.02746830 0.03658658 0.032395357 0.04775415 0.03935190 0.05232467 0.02336858 0.02173055 0.046382053 0.00819874 0.02872274 0.02141687 0.02679406 0.009403492 0.02543114 0.039740628 0.014428531 0.007844985 0.0158680625 0.004173491 0.016115822 0.0038051519 0.0005700174 0.0010116017 2.263194e-04 6.076420e-04 2.938374e-05 4.528195e-03 3.184045e-10 7.638621e-12 2.523186e-04
   56    1      1      0    0   125 1.702803e-194 5.328560e-11 1.173260e-03 0.0018772736 0.0417013831 0.0003526866 9.652691e-03 0.011247700 0.05283920 0.08184496 0.06883973 0.03750148 0.04305421 0.040480820 0.04257588 0.01838784 0.064451631 0.03679293 0.03936593 0.01564333 0.02144027 0.02398518 0.037943053 0.02340847 0.06104552 0.05254018 0.03905973 0.017052103 0.02233074 0.024597911 0.017451695 0.003020514 0.0258801769 0.002165636 0.006616794 0.0010268567 0.0065176038 0.0050434408 2.736715e-05 1.042340e-03 5.776165e-06 6.030832e-06 9.037721e-07 8.429148e-06 3.454198e-07
   60    1      1      0    0   125 4.386341e-157 7.020774e-06 2.148431e-07 0.0185574414 0.0100213136 0.0049932114 8.808042e-04 0.002589128 0.06242688 0.06835090 0.05890149 0.03803239 0.03620019 0.011793076 0.06211940 0.02704399 0.057928602 0.01533616 0.02451061 0.03790784 0.03643362 0.05981174 0.024031857 0.01235428 0.06286973 0.01731066 0.05514830 0.024153115 0.02367215 0.022650945 0.022422168 0.008360662 0.0133264334 0.040458414 0.007508933 0.0065568205 0.0090910315 0.0025781013 1.587150e-04 1.313061e-02 3.340597e-05 1.588129e-04 3.133318e-05 1.182552e-06 1.463119e-04
   64    1      1      0    0   125  7.936025e-67 4.198349e-03 2.226544e-03 0.0047153877 0.0116362301 0.0084985684 3.608156e-03 0.022964781 0.03477612 0.06077444 0.03845642 0.04537244 0.01440249 0.069433828 0.02231255 0.03782243 0.048600061 0.03720852 0.03946651 0.05984675 0.02713886 0.02926232 0.035294308 0.04439710 0.02376965 0.03450062 0.01798749 0.031654286 0.02733762 0.050691802 0.036444410 0.003830040 0.0240902327 0.013947888 0.008561649 0.0005528607 0.0023030881 0.0073973136 3.355674e-04 1.149745e-05 1.109104e-02 2.242961e-03 8.358655e-04 9.641183e-07 1.075335e-12
   68    1      1      0    0   125  1.052693e-15 6.001141e-22 1.514549e-05 0.0034349630 0.0140102230 0.0099913634 7.782409e-04 0.023755347 0.02961208 0.07504726 0.06283344 0.04221181 0.03635316 0.060088305 0.04115049 0.06787764 0.042057416 0.03416038 0.03904189 0.01154107 0.03560353 0.03538321 0.048794772 0.04967516 0.02577493 0.03272182 0.01366916 0.018470889 0.01986761 0.024421811 0.025044656 0.015938004 0.0130992044 0.019145333 0.002712827 0.0005373227 0.0037926546 0.0186181932 2.433209e-03 5.203668e-08 3.194880e-04 1.533554e-07 5.204973e-06 5.041941e-09 1.058038e-05
   72    1      1      0    0   125  1.112520e-97 4.431730e-14 1.738922e-05 0.0185073287 0.0112291668 0.0001998304 2.168027e-03 0.010583692 0.03534520 0.04933389 0.08597820 0.04326529 0.01499149 0.015976987 0.03353406 0.07642113 0.031560076 0.02733653 0.06091385 0.01839284 0.04929543 0.02111729 0.020220348 0.04073722 0.04448342 0.02263297 0.04310518 0.029302138 0.01094568 0.020859253 0.052562231 0.034802863 0.0224458923 0.001740176 0.030943116 0.0028619650 0.0050220974 0.0005022341 2.390443e-03 9.718919e-06 9.178872e-06 4.821901e-04 7.772933e-03 2.308351e-15 1.041874e-06
   76    1      1      0    0   125  0.000000e+00 8.292710e-09 1.377882e-03 0.0025030696 0.0379643481 0.0044222597 6.757184e-04 0.011690252 0.04143345 0.04467834 0.06771483 0.03794307 0.03176798 0.020819135 0.08155817 0.03513944 0.040432856 0.03589261 0.05620045 0.02371096 0.05201075 0.02264996 0.029368864 0.07304415 0.01872141 0.03710729 0.03361095 0.033688373 0.02736108 0.022840185 0.009152423 0.011281834 0.0196088017 0.001809446 0.003377148 0.0065336291 0.0006089289 0.0015687129 6.370643e-03 1.862173e-03 3.443136e-04 2.244781e-06 1.111137e-02 6.064632e-06 3.442454e-05
   80    1      1      0    0   125 8.173443e-232 1.263798e-03 4.654815e-03 0.0160313652 0.0071716719 0.0001973060 5.648311e-03 0.051679251 0.05431331 0.06059116 0.04859169 0.02386857 0.06483983 0.031083248 0.01444106 0.05705418 0.045759923 0.04148500 0.03168597 0.04706682 0.04902397 0.03292125 0.031964215 0.04136347 0.01219594 0.01161384 0.04330959 0.011842478 0.01428732 0.047536806 0.009398023 0.036551425 0.0075134540 0.011580656 0.015408672 0.0020795082 0.0005201299 0.0025129889 8.595183e-03 6.500442e-08 8.768441e-06 5.187229e-04 3.478746e-09 1.824007e-03 2.237424e-06
   84    1      1      0    0   125  2.150415e-60 4.362366e-09 9.248493e-04 0.0029547178 0.0578787504 0.0062890798 5.473779e-03 0.013999409 0.02891717 0.05358466 0.04052484 0.12056068 0.01640098 0.021480478 0.02780900 0.05754168 0.045322428 0.03960326 0.02602102 0.03617326 0.08272792 0.01416649 0.004571709 0.04070588 0.02865236 0.04793349 0.01475667 0.023973887 0.02569688 0.003038034 0.014566217 0.020779216 0.0071804587 0.020274131 0.002742762 0.0284908791 0.0003159019 0.0002790066 1.642539e-04 9.931818e-03 6.447675e-03 1.586186e-04 4.150949e-04 5.545657e-04 1.604554e-05
   88    1      1      0    0   125  1.094746e-48 3.062588e-17 8.150162e-04 0.0304698491 0.0118679471 0.0002036172 1.762968e-03 0.007217493 0.04761293 0.08886734 0.06456214 0.08982399 0.03509543 0.009956034 0.03924499 0.02649792 0.030002000 0.03600252 0.04999881 0.02609892 0.05414876 0.03130309 0.039425450 0.02340842 0.03034353 0.02514933 0.01186832 0.049356967 0.01201322 0.028018990 0.027756226 0.005536147 0.0041423106 0.023637829 0.003083014 0.0107879681 0.0028972399 0.0087768385 3.915845e-03 2.504830e-03 7.397850e-05 3.981065e-07 7.083178e-05 5.155977e-03 5.245657e-04
   92    1      1      0    0   125  2.691599e-50 2.646732e-06 5.061463e-07 0.0125714454 0.0074718661 0.0005524401 1.532876e-02 0.039537368 0.05054355 0.08632977 0.08064600 0.03492346 0.01856425 0.033959790 0.03087039 0.02308700 0.042644972 0.03016563 0.02728399 0.04873086 0.03574130 0.07741901 0.027023982 0.02298556 0.02481976 0.02290236 0.03701605 0.015753290 0.03195048 0.016971491 0.027716458 0.002578561 0.0092685770 0.010705755 0.006914694 0.0090910635 0.0014102145 0.0171142265 5.048350e-05 1.653491e-03 1.583686e-02 8.521841e-04 1.005212e-03 4.732228e-07 3.790359e-06
   96    1      1      0    0   125  2.807551e-14 3.175355e-15 1.558834e-03 0.0159354611 0.0085078682 0.0069824578 3.176679e-02 0.003493537 0.04068867 0.05854152 0.06980295 0.07069739 0.02685783 0.011868995 0.05019311 0.03907750 0.060308608 0.06366534 0.05418342 0.02900397 0.03253268 0.01564978 0.022248944 0.01054767 0.02020896 0.02617293 0.01819808 0.010845789 0.04195853 0.023835897 0.018368405 0.020624607 0.0008145253 0.028398366 0.011302416 0.0216999891 0.0254437052 0.0012358670 5.244577e-03 6.623813e-05 6.556674e-04 1.048138e-06 8.031637e-04 2.567171e-09 7.899133e-06
  100    1      1      0    0   125  5.287867e-94 3.511654e-72 1.369321e-03 0.0008768662 0.0005033086 0.0063969555 1.602452e-04 0.029158869 0.03525338 0.06882852 0.06657083 0.01745244 0.04012553 0.020244360 0.03934035 0.06085456 0.042071186 0.03564649 0.04245435 0.06214706 0.05253862 0.03500068 0.060904779 0.02257572 0.02743781 0.03046317 0.01385890 0.012761434 0.01755693 0.005777928 0.012678585 0.050236439 0.0277686871 0.036351411 0.005222471 0.0143746999 0.0007681261 0.0033397623 4.965810e-04 1.223097e-04 6.488393e-07 1.614294e-07 8.116793e-09 3.095117e-04 2.527693e-09
   76    1      2      0    0   500  5.543062e-05 6.617826e-04 1.992170e-02 0.0369422920 0.0521643690 0.0194081851 8.316348e-03 0.030957939 0.03810078 0.05367457 0.07614352 0.03631029 0.03175877 0.033482857 0.04480335 0.04704504 0.033414828 0.03986445 0.02207562 0.02986273 0.01832082 0.03111850 0.033124051 0.02404853 0.03352832 0.02187579 0.03781982 0.022739510 0.01834774 0.025570107 0.007052361 0.009072237 0.0123193453 0.012683050 0.010440895 0.0053554285 0.0051963840 0.0039194516 4.692521e-03 4.534049e-03 1.699869e-03 3.914776e-05 5.926685e-04 9.210915e-04 2.347727e-05
   78    1      2      0    0   500  5.979172e-12 3.348542e-03 1.284465e-02 0.0670994143 0.0595938813 0.0126981229 9.973045e-03 0.020697791 0.04396694 0.03779003 0.05950530 0.01720578 0.03837028 0.038653160 0.04786352 0.03748836 0.038554487 0.03154603 0.03361256 0.03257969 0.02836835 0.02962933 0.023060026 0.02936735 0.03891454 0.02636193 0.02065276 0.018535867 0.02496555 0.026053065 0.012151934 0.026396859 0.0080486348 0.006632532 0.011536575 0.0098772744 0.0064389753 0.0054753406 8.908776e-04 1.124509e-03 1.998971e-03 4.343558e-05 4.890178e-09 1.726230e-06 8.200780e-05
   80    1      2      0    0   500  2.488240e-07 2.363931e-03 9.975310e-03 0.0490117418 0.0341247640 0.0140270885 9.472661e-03 0.032771161 0.05424827 0.04616444 0.05509142 0.04386600 0.02284183 0.043623960 0.02856615 0.02756499 0.041718172 0.02978146 0.04675930 0.03107675 0.02492215 0.03046736 0.029010931 0.03674749 0.03364357 0.02463514 0.01759696 0.029700542 0.02066145 0.021171599 0.012348361 0.010647859 0.0271885700 0.008331243 0.013985566 0.0113321759 0.0037817197 0.0046509175 1.064976e-02 1.820967e-03 2.257879e-03 3.944936e-04 9.380062e-04 1.464884e-11 6.565292e-05
   82    1      2      0    0   500  1.441089e-04 1.449471e-03 2.604424e-02 0.0432485449 0.0525363365 0.0143209351 1.028429e-02 0.013041799 0.05111968 0.05067715 0.06381071 0.04327591 0.03665064 0.046128651 0.02856648 0.02347919 0.030300559 0.04031581 0.02838997 0.02315670 0.02721925 0.02353775 0.023891237 0.01904159 0.03823846 0.01298938 0.03236969 0.038665963 0.01558804 0.021498221 0.019305079 0.021454502 0.0161938349 0.011358326 0.010017184 0.0032163818 0.0081771151 0.0127440335 5.925777e-03 1.440412e-03 2.561773e-04 8.903089e-05 3.544185e-04 7.814039e-03 1.672938e-03
   84    1      2      0    0   500  1.545229e-29 2.349400e-03 2.233538e-02 0.0395331436 0.0441343183 0.0257805604 1.537114e-02 0.013748926 0.03196612 0.05851919 0.03651992 0.04759640 0.03925562 0.025724328 0.03068595 0.02608911 0.048217252 0.04086205 0.03247164 0.02844395 0.02975463 0.03854781 0.034548431 0.03290208 0.02064701 0.02985685 0.02055604 0.017576029 0.01337357 0.017945472 0.025070681 0.027311309 0.0176388712 0.025652041 0.009063042 0.0090108488 0.0073305764 0.0049093930 9.073364e-04 4.288444e-03 9.830809e-04 1.648490e-03 1.946519e-04 2.846736e-06 6.760694e-04
   86    1      2      0    0   500  4.217358e-11 2.191518e-03 2.105573e-02 0.0453165400 0.0500971117 0.0104337231 1.028727e-02 0.033856976 0.04211493 0.05735028 0.04474619 0.04156092 0.02258776 0.027535303 0.03674763 0.02925255 0.034409367 0.02130331 0.05964229 0.04902636 0.02418483 0.01672920 0.025901126 0.02304678 0.02916681 0.01951343 0.02685528 0.035347564 0.02773865 0.024372975 0.017612337 0.011948661 0.0246176312 0.010693502 0.019574975 0.0071801357 0.0070126254 0.0028482926 1.786695e-03 1.628797e-03 3.510533e-04 6.098831e-05 7.518592e-05 8.298957e-04 1.406826e-03
   88    1      2      0    0   500  1.054819e-04 2.194423e-04 2.298204e-02 0.0610453899 0.0493078169 0.0163121401 1.790205e-02 0.014562522 0.04911277 0.05770159 0.05665468 0.06393868 0.02731819 0.033039368 0.02825713 0.03916248 0.036448452 0.03396554 0.03128176 0.02496911 0.02839331 0.04186965 0.021851260 0.02718178 0.02805408 0.03181512 0.01697501 0.024043299 0.01405704 0.015310257 0.017254546 0.007269839 0.0134928701 0.007297622 0.009844798 0.0076936209 0.0032978172 0.0055820930 4.733358e-03 2.737870e-03 5.686983e-03 6.552535e-04 8.815246e-06 5.836716e-04 2.339299e-05
   90    1      2      0    0   500  1.865618e-22 6.481799e-04 1.645091e-02 0.0788538042 0.0429707731 0.0088267320 6.363475e-03 0.018440426 0.04615501 0.04919344 0.05357811 0.05394792 0.03929219 0.032144082 0.02670427 0.04464755 0.034898039 0.03533363 0.03642952 0.04475534 0.02483610 0.02745289 0.017256087 0.02972144 0.03356545 0.02140946 0.01931675 0.023638392 0.02111134 0.011353086 0.012286699 0.031736536 0.0115136295 0.014891252 0.013605749 0.0085739229 0.0004021480 0.0008542674 2.229626e-03 5.732285e-04 2.999844e-03 6.084629e-04 1.584297e-04 2.687049e-04 3.095008e-06
   92    1      2      0    0   500  2.476641e-22 1.417976e-03 2.437382e-02 0.0439812599 0.0380238081 0.0300902489 7.820705e-03 0.022306230 0.03705434 0.06762556 0.05588784 0.03871388 0.03938796 0.030888299 0.02974634 0.02945550 0.047891444 0.03822577 0.02538590 0.04732287 0.02529970 0.02385823 0.029469430 0.02204469 0.02988907 0.02261009 0.02386874 0.013614153 0.03084886 0.017661933 0.013354183 0.029871581 0.0153913914 0.008159399 0.010616316 0.0052071297 0.0058120088 0.0076058537 1.999630e-03 2.374177e-03 4.034259e-03 1.612515e-04 6.059350e-07 6.318099e-04 1.576339e-05
   94    1      2      0    0   500  2.981070e-29 2.023629e-04 2.662477e-02 0.0615465254 0.0388981706 0.0319056922 9.384491e-03 0.025752172 0.02933197 0.05469731 0.05724163 0.03889612 0.03582428 0.035428780 0.02677393 0.04024492 0.039629925 0.05353371 0.02404592 0.03418153 0.02785073 0.02414413 0.020199341 0.03262320 0.02468751 0.02368998 0.01958940 0.030083532 0.02056944 0.009668178 0.016946417 0.012940041 0.0193098128 0.010878326 0.007671796 0.0136129027 0.0087996464 0.0033652886 1.962583e-03 4.179561e-03 1.142412e-03 6.583980e-04 1.087273e-03 3.403193e-09 1.958875e-04
   96    1      2      0    0   500  7.177682e-20 3.262048e-03 2.188070e-02 0.0659725411 0.0547977071 0.0254039446 1.275931e-02 0.019830528 0.04098210 0.05910627 0.04759301 0.04249246 0.07145203 0.028483814 0.03705765 0.03690602 0.038515552 0.03338123 0.02808405 0.03269292 0.03112795 0.02905490 0.021410803 0.01884464 0.02248192 0.01771478 0.01523005 0.015570458 0.01341095 0.019971917 0.013962144 0.005538210 0.0120110490 0.023207012 0.012323479 0.0099238917 0.0021351143 0.0050903578 3.549661e-03 6.823708e-04 1.320043e-03 2.953985e-05 1.919192e-03 2.724242e-03 1.114368e-04
   98    1      2      0    0   500  1.381043e-18 2.960049e-03 1.572541e-02 0.0612654956 0.0456299086 0.0202234477 1.812785e-02 0.030328334 0.03613900 0.05060852 0.05460502 0.05399227 0.02371509 0.033649861 0.03155724 0.03535900 0.038366399 0.06007112 0.03297235 0.01559195 0.02226528 0.02260945 0.028106265 0.02086612 0.01249203 0.02567346 0.02816954 0.012490629 0.02451055 0.023594920 0.018944010 0.016957874 0.0159568924 0.014635528 0.012834001 0.0072657362 0.0100540297 0.0039452869 6.860875e-03 1.923075e-03 1.978128e-03 3.780638e-03 8.337056e-04 2.310804e-03 5.287131e-05
  100    1      2      0    0   500  5.583295e-37 4.214877e-03 2.380314e-02 0.0690723669 0.0454639546 0.0196718727 1.751287e-02 0.022195869 0.06037971 0.07781802 0.05462291 0.04118766 0.03123003 0.030789739 0.04354330 0.03970558 0.026892545 0.04772877 0.02716614 0.02191651 0.03316276 0.03095983 0.026638027 0.02535246 0.01263925 0.00847793 0.02750949 0.011567817 0.01577258 0.017384490 0.011438666 0.007571598 0.0130948576 0.012611767 0.006057704 0.0052074151 0.0104630271 0.0056197743 1.472450e-03 3.121285e-03 1.258112e-04 1.771987e-05 1.638585e-04 1.122818e-04 8.541278e-03
15 #_N_agebins
#_agebin_vector
1 2 3 4 5 6 7 8 9 10 11 12 13 14 15
1 #_N_ageerror_definitions
 #_age0   age1   age2   age3   age4   age5   age6   age7   age8   age9  age10  age11  age12  age13  age14  age15  age16  age17  age18  age19  age20  age21  age22  age23  age24  age25
 -1.000 -1.000 -1.000 -1.000 -1.000 -1.000 -1.000 -1.000 -1.000 -1.000 -1.000 -1.000 -1.000 -1.000 -1.000 -1.000 -1.000 -1.000 -1.000 -1.000 -1.000 -1.000 -1.000 -1.000 -1.000 -1.000
  0.001  0.001  0.001  0.001  0.001  0.001  0.001  0.001  0.001  0.001  0.001  0.001  0.001  0.001  0.001  0.001  0.001  0.001  0.001  0.001  0.001  0.001  0.001  0.001  0.001  0.001
82 #_N_agecomp
1 #_Lbin_method: 1=poplenbins; 2=datalenbins; 3=lengths
-1 #_combine males into females at or below this bin number
 #_Yr Seas FltSvy Gender Part Ageerr Lbin_lo Lbin_hi Nsamp         a1        a2        a3        a4         a5         a6         a7         a8          a9         a10         a11         a12          a13          a14         a15
   26    1      1      0    0      1      -1      -1   125 0.04938106 0.1491648 0.1449076 0.1135336 0.07367155 0.12395842 0.07568831 0.04717449 0.032716051 0.046232674 0.039602795 0.024686863 2.985980e-03 0.0170153768 0.059280434
   36    1      1      0    0      1      -1      -1   125 0.02110043 0.2300375 0.1504894 0.1667422 0.10698735 0.07438691 0.08530667 0.02512902 0.040398004 0.021846920 0.005655099 0.011119080 4.389256e-03 0.0001644475 0.056247693
   46    1      1      0    0      1      -1      -1   125 0.06519090 0.2326592 0.1650594 0.1277142 0.11054593 0.07448148 0.06437925 0.04200237 0.038375916 0.041270227 0.007620421 0.017367332 2.759614e-03 0.0006583250 0.009915434
   56    1      1      0    0      1      -1      -1   125 0.04399019 0.2325176 0.1315414 0.1711124 0.13987993 0.09788741 0.03127473 0.02633144 0.045083861 0.012598800 0.035101138 0.002612232 2.219696e-02 0.0036905421 0.004181307
   60    1      1      0    0      1      -1      -1   125 0.02284402 0.2305786 0.1704933 0.1223186 0.09888540 0.07376510 0.08352218 0.06139535 0.046242987 0.026631652 0.019751021 0.013058119 1.961472e-02 0.0053051692 0.005593787
   64    1      1      0    0      1      -1      -1   125 0.03098597 0.2624763 0.1628168 0.1437172 0.11062627 0.06471482 0.04872871 0.09443303 0.021972439 0.017292406 0.009368971 0.014801579 1.411252e-03 0.0084601204 0.008194136
   68    1      1      0    0      1      -1      -1   125 0.06372574 0.2623731 0.2020689 0.1252521 0.12459380 0.04895051 0.05729064 0.02174172 0.019724818 0.018693231 0.029180526 0.006538032 4.439412e-03 0.0095749812 0.005852524
   72    1      1      0    0      1      -1      -1   125 0.03512511 0.2428686 0.1992972 0.1509626 0.10464355 0.04789478 0.05061034 0.04665134 0.030076661 0.038329595 0.024432404 0.021506141 4.772271e-03 0.0009899417 0.001839431
   76    1      1      0    0      1      -1      -1   125 0.02900219 0.1887153 0.2299268 0.2245905 0.07337756 0.04672481 0.05510822 0.03049256 0.054498554 0.007151560 0.037573656 0.007767318 4.693271e-04 0.0018105834 0.012790994
   80    1      1      0    0      1      -1      -1   125 0.05464822 0.2627921 0.1650730 0.1020752 0.08841403 0.04537287 0.10418925 0.03640944 0.035480954 0.037711798 0.025674686 0.008558980 2.629921e-03 0.0020356835 0.028933861
   84    1      1      0    0      1      -1      -1   125 0.03735505 0.2137983 0.1479600 0.1392322 0.10698741 0.15881334 0.03640384 0.05529490 0.034142171 0.005388797 0.016828834 0.014058391 5.335219e-03 0.0082171783 0.020184356
   88    1      1      0    0      1      -1      -1   125 0.02372079 0.2657927 0.2140791 0.1291487 0.11538810 0.07402754 0.01970979 0.03841540 0.016705698 0.006877538 0.013437439 0.038122390 5.856377e-03 0.0120458192 0.026672704
   92    1      1      0    0      1      -1      -1   125 0.01460813 0.2201069 0.1744019 0.2262530 0.14644447 0.07228686 0.03482537 0.03846399 0.009081620 0.016867346 0.027035068 0.006246977 4.126642e-05 0.0004508699 0.012886232
   96    1      1      0    0      1      -1      -1   125 0.06092560 0.1868306 0.2046542 0.1906346 0.07217438 0.07163174 0.08190694 0.03562115 0.005465674 0.026039587 0.027730363 0.012140578 1.616101e-02 0.0001289124 0.007954730
  100    1      1      0    0      1      -1      -1   125 0.04060612 0.2344943 0.2298555 0.1722896 0.08356568 0.03868954 0.05587997 0.05649754 0.023943630 0.006654388 0.008326055 0.001233146 6.692255e-03 0.0032549117 0.038017289
   76    1      2      0    0      1      -1      -1   500 0.14314753 0.2171944 0.1575376 0.1258269 0.09765264 0.06574348 0.05605132 0.02985491 0.026956737 0.024975375 0.011806646 0.009294939 5.826512e-03 0.0054191094 0.022711951
   78    1      2      0    0      1      -1      -1   500 0.14852053 0.2241111 0.1968735 0.1062047 0.11422021 0.05160813 0.04266147 0.03131460 0.020462245 0.017537936 0.007410378 0.012315077 3.224062e-03 0.0041285623 0.019407488
   80    1      2      0    0      1      -1      -1   500 0.15165263 0.1971784 0.1590326 0.1386162 0.11191500 0.06235209 0.05290604 0.02829999 0.036625629 0.009154141 0.012949847 0.005938091 4.762811e-03 0.0038214170 0.024795127
   82    1      2      0    0      1      -1      -1   500 0.15233306 0.2384922 0.1830845 0.1227005 0.06391123 0.08255124 0.03982837 0.03931524 0.022859447 0.016681710 0.007098115 0.008110524 7.151942e-03 0.0012812456 0.014600705
   84    1      2      0    0      1      -1      -1   500 0.16719914 0.2050350 0.1543803 0.1156138 0.10613369 0.06924794 0.04216087 0.03300640 0.026959064 0.016420232 0.018011349 0.004601770 1.018253e-02 0.0110700022 0.019977868
   86    1      2      0    0      1      -1      -1   500 0.16038135 0.2131374 0.1747236 0.1273662 0.11000195 0.05486142 0.06854034 0.02415720 0.017948106 0.014505926 0.011734226 0.008430821 2.337261e-03 0.0012890930 0.010585100
   88    1      2      0    0      1      -1      -1   500 0.15085303 0.2319328 0.1852825 0.1378794 0.07683885 0.06978924 0.02444302 0.03419737 0.021724942 0.027465930 0.008333073 0.008118534 3.439664e-03 0.0049876345 0.014714047
   90    1      2      0    0      1      -1      -1   500 0.17264487 0.2396769 0.1827176 0.1135209 0.09621699 0.05484445 0.02513332 0.03643522 0.016335611 0.014352709 0.010405730 0.010723769 6.953279e-03 0.0039364347 0.016102097
   92    1      2      0    0      1      -1      -1   500 0.14143135 0.1786597 0.1793477 0.1315499 0.09163104 0.06382127 0.07443472 0.03670540 0.037495591 0.016682184 0.013126700 0.004832071 9.811880e-03 0.0035756942 0.016894696
   94    1      2      0    0      1      -1      -1   500 0.12630381 0.2305636 0.1639149 0.1486081 0.07558418 0.06278386 0.07668740 0.02898879 0.027667273 0.010662237 0.021605834 0.004332274 4.165688e-03 0.0096814299 0.008450649
   96    1      2      0    0      1      -1      -1   500 0.11170659 0.2468374 0.1532786 0.1433088 0.08235170 0.07405467 0.04175236 0.05304058 0.024331764 0.008457483 0.015020406 0.009687876 1.479272e-02 0.0114752791 0.009903841
   98    1      2      0    0      1      -1      -1   500 0.12836985 0.2526353 0.1732515 0.1246248 0.08568731 0.06601539 0.02879405 0.03944050 0.021397799 0.013896495 0.010583332 0.012806582 1.176267e-02 0.0070111018 0.023723349
  100    1      2      0    0      1      -1      -1   500 0.14417651 0.2417297 0.1824003 0.1226473 0.08470327 0.07107832 0.04288889 0.03912343 0.023218110 0.012451255 0.010055203 0.006699507 4.155171e-03 0.0018147906 0.012858306
   60    1      1      0    0      1       4       4     1 1.00000000 0.0000000 0.0000000 0.0000000 0.00000000 0.00000000 0.00000000 0.00000000 0.000000000 0.000000000 0.000000000 0.000000000 0.000000e+00 0.0000000000 0.000000000
   60    1      1      0    0      1       5       5     3 3.00000000 0.0000000 0.0000000 0.0000000 0.00000000 0.00000000 0.00000000 0.00000000 0.000000000 0.000000000 0.000000000 0.000000000 0.000000e+00 0.0000000000 0.000000000
   60    1      1      0    0      1       9       9     3 3.00000000 0.0000000 0.0000000 0.0000000 0.00000000 0.00000000 0.00000000 0.00000000 0.000000000 0.000000000 0.000000000 0.000000000 0.000000e+00 0.0000000000 0.000000000
   60    1      1      0    0      1      10      10     6 6.00000000 0.0000000 0.0000000 0.0000000 0.00000000 0.00000000 0.00000000 0.00000000 0.000000000 0.000000000 0.000000000 0.000000000 0.000000e+00 0.0000000000 0.000000000
   60    1      1      0    0      1      11      11     2 2.00000000 0.0000000 0.0000000 0.0000000 0.00000000 0.00000000 0.00000000 0.00000000 0.000000000 0.000000000 0.000000000 0.000000000 0.000000e+00 0.0000000000 0.000000000
   60    1      1      0    0      1      12      12     1 1.00000000 0.0000000 0.0000000 0.0000000 0.00000000 0.00000000 0.00000000 0.00000000 0.000000000 0.000000000 0.000000000 0.000000000 0.000000e+00 0.0000000000 0.000000000
   60    1      1      0    0      1      13      13     8 8.00000000 0.0000000 0.0000000 0.0000000 0.00000000 0.00000000 0.00000000 0.00000000 0.000000000 0.000000000 0.000000000 0.000000000 0.000000e+00 0.0000000000 0.000000000
   60    1      1      0    0      1      15      15     8 8.00000000 0.0000000 0.0000000 0.0000000 0.00000000 0.00000000 0.00000000 0.00000000 0.000000000 0.000000000 0.000000000 0.000000000 0.000000e+00 0.0000000000 0.000000000
   60    1      1      0    0      1      16      16     2 2.00000000 0.0000000 0.0000000 0.0000000 0.00000000 0.00000000 0.00000000 0.00000000 0.000000000 0.000000000 0.000000000 0.000000000 0.000000e+00 0.0000000000 0.000000000
   60    1      1      0    0      1      17      17     7 7.00000000 0.0000000 0.0000000 0.0000000 0.00000000 0.00000000 0.00000000 0.00000000 0.000000000 0.000000000 0.000000000 0.000000000 0.000000e+00 0.0000000000 0.000000000
   60    1      1      0    0      1      18      18     1 1.00000000 0.0000000 0.0000000 0.0000000 0.00000000 0.00000000 0.00000000 0.00000000 0.000000000 0.000000000 0.000000000 0.000000000 0.000000e+00 0.0000000000 0.000000000
   60    1      1      0    0      1      19      19     6 6.00000000 0.0000000 0.0000000 0.0000000 0.00000000 0.00000000 0.00000000 0.00000000 0.000000000 0.000000000 0.000000000 0.000000000 0.000000e+00 0.0000000000 0.000000000
   60    1      1      0    0      1      20      20     6 6.00000000 0.0000000 0.0000000 0.0000000 0.00000000 0.00000000 0.00000000 0.00000000 0.000000000 0.000000000 0.000000000 0.000000000 0.000000e+00 0.0000000000 0.000000000
   60    1      1      0    0      1      21      21     1 1.00000000 0.0000000 0.0000000 0.0000000 0.00000000 0.00000000 0.00000000 0.00000000 0.000000000 0.000000000 0.000000000 0.000000000 0.000000e+00 0.0000000000 0.000000000
   60    1      1      0    0      1      22      22     8 8.00000000 0.0000000 0.0000000 0.0000000 0.00000000 0.00000000 0.00000000 0.00000000 0.000000000 0.000000000 0.000000000 0.000000000 0.000000e+00 0.0000000000 0.000000000
   60    1      1      0    0      1      23      23     2 2.00000000 0.0000000 0.0000000 0.0000000 0.00000000 0.00000000 0.00000000 0.00000000 0.000000000 0.000000000 0.000000000 0.000000000 0.000000e+00 0.0000000000 0.000000000
   60    1      1      0    0      1      24      24     1 1.00000000 0.0000000 0.0000000 0.0000000 0.00000000 0.00000000 0.00000000 0.00000000 0.000000000 0.000000000 0.000000000 0.000000000 0.000000e+00 0.0000000000 0.000000000
   60    1      1      0    0      1      25      25     6 6.00000000 0.0000000 0.0000000 0.0000000 0.00000000 0.00000000 0.00000000 0.00000000 0.000000000 0.000000000 0.000000000 0.000000000 0.000000e+00 0.0000000000 0.000000000
   60    1      1      0    0      1      26      26     2 2.00000000 0.0000000 0.0000000 0.0000000 0.00000000 0.00000000 0.00000000 0.00000000 0.000000000 0.000000000 0.000000000 0.000000000 0.000000e+00 0.0000000000 0.000000000
   60    1      1      0    0      1      27      27     3 3.00000000 0.0000000 0.0000000 0.0000000 0.00000000 0.00000000 0.00000000 0.00000000 0.000000000 0.000000000 0.000000000 0.000000000 0.000000e+00 0.0000000000 0.000000000
   60    1      1      0    0      1      28      28     3 2.00000000 1.0000000 0.0000000 0.0000000 0.00000000 0.00000000 0.00000000 0.00000000 0.000000000 0.000000000 0.000000000 0.000000000 0.000000e+00 0.0000000000 0.000000000
   60    1      1      0    0      1      29      29     3 1.00000000 2.0000000 0.0000000 0.0000000 0.00000000 0.00000000 0.00000000 0.00000000 0.000000000 0.000000000 0.000000000 0.000000000 0.000000e+00 0.0000000000 0.000000000
   60    1      1      0    0      1      30      30     2 0.00000000 2.0000000 0.0000000 0.0000000 0.00000000 0.00000000 0.00000000 0.00000000 0.000000000 0.000000000 0.000000000 0.000000000 0.000000e+00 0.0000000000 0.000000000
   60    1      1      0    0      1      31      31     2 0.00000000 2.0000000 0.0000000 0.0000000 0.00000000 0.00000000 0.00000000 0.00000000 0.000000000 0.000000000 0.000000000 0.000000000 0.000000e+00 0.0000000000 0.000000000
   60    1      1      0    0      1      33      33     2 0.00000000 2.0000000 0.0000000 0.0000000 0.00000000 0.00000000 0.00000000 0.00000000 0.000000000 0.000000000 0.000000000 0.000000000 0.000000e+00 0.0000000000 0.000000000
   60    1      1      0    0      1      34      34     3 0.00000000 3.0000000 0.0000000 0.0000000 0.00000000 0.00000000 0.00000000 0.00000000 0.000000000 0.000000000 0.000000000 0.000000000 0.000000e+00 0.0000000000 0.000000000
   60    1      1      0    0      1      35      35     4 0.00000000 4.0000000 0.0000000 0.0000000 0.00000000 0.00000000 0.00000000 0.00000000 0.000000000 0.000000000 0.000000000 0.000000000 0.000000e+00 0.0000000000 0.000000000
   60    1      1      0    0      1      37      37     2 0.00000000 2.0000000 0.0000000 0.0000000 0.00000000 0.00000000 0.00000000 0.00000000 0.000000000 0.000000000 0.000000000 0.000000000 0.000000e+00 0.0000000000 0.000000000
   60    1      1      0    0      1      40      40     2 0.00000000 2.0000000 0.0000000 0.0000000 0.00000000 0.00000000 0.00000000 0.00000000 0.000000000 0.000000000 0.000000000 0.000000000 0.000000e+00 0.0000000000 0.000000000
  100    1      1      0    0      1       8       8     2 2.00000000 0.0000000 0.0000000 0.0000000 0.00000000 0.00000000 0.00000000 0.00000000 0.000000000 0.000000000 0.000000000 0.000000000 0.000000e+00 0.0000000000 0.000000000
  100    1      1      0    0      1       9       9     5 5.00000000 0.0000000 0.0000000 0.0000000 0.00000000 0.00000000 0.00000000 0.00000000 0.000000000 0.000000000 0.000000000 0.000000000 0.000000e+00 0.0000000000 0.000000000
  100    1      1      0    0      1      10      10     5 5.00000000 0.0000000 0.0000000 0.0000000 0.00000000 0.00000000 0.00000000 0.00000000 0.000000000 0.000000000 0.000000000 0.000000000 0.000000e+00 0.0000000000 0.000000000
  100    1      1      0    0      1      11      11     8 8.00000000 0.0000000 0.0000000 0.0000000 0.00000000 0.00000000 0.00000000 0.00000000 0.000000000 0.000000000 0.000000000 0.000000000 0.000000e+00 0.0000000000 0.000000000
  100    1      1      0    0      1      12      12     4 4.00000000 0.0000000 0.0000000 0.0000000 0.00000000 0.00000000 0.00000000 0.00000000 0.000000000 0.000000000 0.000000000 0.000000000 0.000000e+00 0.0000000000 0.000000000
  100    1      1      0    0      1      13      13     3 3.00000000 0.0000000 0.0000000 0.0000000 0.00000000 0.00000000 0.00000000 0.00000000 0.000000000 0.000000000 0.000000000 0.000000000 0.000000e+00 0.0000000000 0.000000000
  100    1      1      0    0      1      14      14     2 2.00000000 0.0000000 0.0000000 0.0000000 0.00000000 0.00000000 0.00000000 0.00000000 0.000000000 0.000000000 0.000000000 0.000000000 0.000000e+00 0.0000000000 0.000000000
  100    1      1      0    0      1      15      15     6 6.00000000 0.0000000 0.0000000 0.0000000 0.00000000 0.00000000 0.00000000 0.00000000 0.000000000 0.000000000 0.000000000 0.000000000 0.000000e+00 0.0000000000 0.000000000
  100    1      1      0    0      1      16      16     3 3.00000000 0.0000000 0.0000000 0.0000000 0.00000000 0.00000000 0.00000000 0.00000000 0.000000000 0.000000000 0.000000000 0.000000000 0.000000e+00 0.0000000000 0.000000000
  100    1      1      0    0      1      17      17     8 8.00000000 0.0000000 0.0000000 0.0000000 0.00000000 0.00000000 0.00000000 0.00000000 0.000000000 0.000000000 0.000000000 0.000000000 0.000000e+00 0.0000000000 0.000000000
  100    1      1      0    0      1      18      18     3 3.00000000 0.0000000 0.0000000 0.0000000 0.00000000 0.00000000 0.00000000 0.00000000 0.000000000 0.000000000 0.000000000 0.000000000 0.000000e+00 0.0000000000 0.000000000
  100    1      1      0    0      1      19      19     5 5.00000000 0.0000000 0.0000000 0.0000000 0.00000000 0.00000000 0.00000000 0.00000000 0.000000000 0.000000000 0.000000000 0.000000000 0.000000e+00 0.0000000000 0.000000000
  100    1      1      0    0      1      20      20     3 3.00000000 0.0000000 0.0000000 0.0000000 0.00000000 0.00000000 0.00000000 0.00000000 0.000000000 0.000000000 0.000000000 0.000000000 0.000000e+00 0.0000000000 0.000000000
  100    1      1      0    0      1      21      21     7 7.00000000 0.0000000 0.0000000 0.0000000 0.00000000 0.00000000 0.00000000 0.00000000 0.000000000 0.000000000 0.000000000 0.000000000 0.000000e+00 0.0000000000 0.000000000
  100    1      1      0    0      1      22      22     3 3.00000000 0.0000000 0.0000000 0.0000000 0.00000000 0.00000000 0.00000000 0.00000000 0.000000000 0.000000000 0.000000000 0.000000000 0.000000e+00 0.0000000000 0.000000000
  100    1      1      0    0      1      23      23     5 5.00000000 0.0000000 0.0000000 0.0000000 0.00000000 0.00000000 0.00000000 0.00000000 0.000000000 0.000000000 0.000000000 0.000000000 0.000000e+00 0.0000000000 0.000000000
  100    1      1      0    0      1      24      24     3 3.00000000 0.0000000 0.0000000 0.0000000 0.00000000 0.00000000 0.00000000 0.00000000 0.000000000 0.000000000 0.000000000 0.000000000 0.000000e+00 0.0000000000 0.000000000
  100    1      1      0    0      1      25      25     3 2.00000000 1.0000000 0.0000000 0.0000000 0.00000000 0.00000000 0.00000000 0.00000000 0.000000000 0.000000000 0.000000000 0.000000000 0.000000e+00 0.0000000000 0.000000000
  100    1      1      0    0      1      26      26     5 5.00000000 0.0000000 0.0000000 0.0000000 0.00000000 0.00000000 0.00000000 0.00000000 0.000000000 0.000000000 0.000000000 0.000000000 0.000000e+00 0.0000000000 0.000000000
  100    1      1      0    0      1      27      27     1 1.00000000 0.0000000 0.0000000 0.0000000 0.00000000 0.00000000 0.00000000 0.00000000 0.000000000 0.000000000 0.000000000 0.000000000 0.000000e+00 0.0000000000 0.000000000
  100    1      1      0    0      1      29      29     2 1.00000000 1.0000000 0.0000000 0.0000000 0.00000000 0.00000000 0.00000000 0.00000000 0.000000000 0.000000000 0.000000000 0.000000000 0.000000e+00 0.0000000000 0.000000000
  100    1      1      0    0      1      30      30     1 0.00000000 1.0000000 0.0000000 0.0000000 0.00000000 0.00000000 0.00000000 0.00000000 0.000000000 0.000000000 0.000000000 0.000000000 0.000000e+00 0.0000000000 0.000000000
  100    1      1      0    0      1      31      31     4 0.00000000 4.0000000 0.0000000 0.0000000 0.00000000 0.00000000 0.00000000 0.00000000 0.000000000 0.000000000 0.000000000 0.000000000 0.000000e+00 0.0000000000 0.000000000
  100    1      1      0    0      1      32      32     3 0.00000000 3.0000000 0.0000000 0.0000000 0.00000000 0.00000000 0.00000000 0.00000000 0.000000000 0.000000000 0.000000000 0.000000000 0.000000e+00 0.0000000000 0.000000000
  100    1      1      0    0      1      34      34     6 0.00000000 6.0000000 0.0000000 0.0000000 0.00000000 0.00000000 0.00000000 0.00000000 0.000000000 0.000000000 0.000000000 0.000000000 0.000000e+00 0.0000000000 0.000000000
0 #_N_MeanSize_at_Age_obs
0 #_N_environ_variables
0 #_N_environ_obs
0 #_N_sizefreq_methods
0 #_do_tags
0 #_morphcomp_data
#
999
