#C data file created using the SS_writedat function in the R package r4ss
#C should work with SS version: 
#C file write time: 2015-02-11 18:03:17
#
1 #_styr
100 #_endyr
1 #_nseas
12 #_months_per_seas
1 #_spawn_seas
1 #_Nfleet
2 #_Nsurveys
1 #_N_areas
Fishery%Survey%CPUE #_fleetnames
0.5 0.5 0.5 #_surveytiming_in_season
1 1 1 #_area_assignments_for_each_fishery_and_survey
1 #_units of catch:  1=bio; 2=num
0.01 #_se of log(catch) only used for init_eq_catch and for Fmethod 2 and 3
1 #_Ngenders
25 #_Nages
0 #_init_equil_catch_for_each_fishery
100 #_N_lines_of_catch_to_read
 #_Fishery year seas
         0    1    1
         0    2    1
         0    3    1
         0    4    1
         0    5    1
         0    6    1
         0    7    1
         0    8    1
         0    9    1
         0   10    1
         0   11    1
         0   12    1
         0   13    1
         0   14    1
         0   15    1
         0   16    1
         0   17    1
         0   18    1
         0   19    1
         0   20    1
         0   21    1
         0   22    1
         0   23    1
         0   24    1
         0   25    1
 444646000   26    1
 397608000   27    1
 357583000   28    1
 324161000   29    1
 296656000   30    1
 274240000   31    1
 256057000   32    1
 241314000   33    1
 229322000   34    1
 219511000   35    1
 211426000   36    1
 204710000   37    1
 199088000   38    1
 194347000   39    1
 190324000   40    1
 186891000   41    1
 183948000   42    1
 181416000   43    1
 179230000   44    1
 177337000   45    1
 175694000   46    1
 174266000   47    1
 173022000   48    1
 171937000   49    1
 170990000   50    1
 170161000   51    1
 169436000   52    1
 168801000   53    1
 168243000   54    1
 167755000   55    1
 167325000   56    1
 166948000   57    1
 166617000   58    1
 166326000   59    1
 166070000   60    1
 165844000   61    1
 165646000   62    1
 165471000   63    1
 165317000   64    1
 165182000   65    1
 165063000   66    1
 164958000   67    1
 164865000   68    1
 164784000   69    1
 164712000   70    1
 164649000   71    1
 164593000   72    1
 164544000   73    1
 164500000   74    1
 164462000   75    1
 164429000   76    1
 164399000   77    1
 164373000   78    1
 164350000   79    1
 164329000   80    1
 164311000   81    1
 164296000   82    1
 164282000   83    1
 164269000   84    1
 164258000   85    1
 164249000   86    1
 164240000   87    1
 164233000   88    1
 164227000   89    1
 164221000   90    1
 164216000   91    1
 164211000   92    1
 164207000   93    1
 164204000   94    1
 164201000   95    1
 164198000   96    1
 164195000   97    1
 164193000   98    1
 164192000   99    1
 164190000  100    1
13 #_N_cpue
 #_Fleet Units Errtype
       1     1       0
       2     1       0
       3     1       0
 #_year seas index        obs se_log
     76    1     2 1380024083    0.2
     78    1     2 2145966445    0.2
     80    1     2 1141394456    0.2
     82    1     2 2232786899    0.2
     84    1     2 1595876526    0.2
     86    1     2 1920522536    0.2
     88    1     2 1366217883    0.2
     90    1     2 1561303265    0.2
     92    1     2 1402035108    0.2
     94    1     2 1489363737    0.2
     96    1     2 1801485141    0.2
     98    1     2 1299418101    0.2
    100    1     2 1255865824    0.2
0 #_N_discard_fleets
#_discard_units (1=same_as_catchunits(bio/num); 2=fraction; 3=numbers)
#_discard_errtype:  >0 for DF of T-dist(read CV below); 0 for normal with CV; -1 for normal with se; -2 for lognormal
0 #_N_discard
0 #_N_meanbodywt
1 #_DF_for_meanbodywt_T-distribution_like
2 # length bin method: 1=use databins; 2=generate from binwidth,min,max below; 3=read vector
1 # binwidth for population size comp
10 # minimum size in the population (lower edge of first bin and size at age 0.00)
200 # maximum size in the population (lower edge of last bin)
-0.001 #_comp_tail_compression
1e-05 #_add_to_comp
0 #_combine males into females at or below this bin number
45 #_N_lbins
#_lbin_vector
20 23 26 29 32 35 38 41 44 47 50 53 56 59 62 65 68 71 74 77 80 83 86 89 92 95 98 101 104 107 110 113 116 119 122 125 128 131 134 137 140 143 146 149 152
28 #_N_Length_comp_observations
 #_Yr Seas FltSvy Gender Part Nsamp           l20          l23          l26          l29         l32          l35          l38         l41        l44        l47        l50        l53         l56        l59        l62         l65        l68        l71        l74        l77        l80         l83        l86         l89         l92        l95         l98        l101       l104        l107        l110        l113        l116         l119        l122        l125         l128         l131         l134         l137         l140         l143         l146         l149         l152
   26    1      1      0    0   125  2.651255e-63 1.428195e-04 4.477166e-08 0.0000364961 0.016328833 0.0098720669 3.999078e-03 0.038544695 0.04159188 0.03526484 0.03915738 0.04454376 0.008631027 0.01559258 0.02048699 0.024833919 0.05904258 0.04875611 0.05708256 0.02820866 0.01427856 0.020531100 0.02580387 0.024196572 0.005333443 0.05276023 0.054295533 0.014238957 0.01013660 0.064681355 0.017740460 0.010214777 0.047607202 0.0379543345 0.015517141 0.008420760 0.0049571687 0.0123218112 1.973410e-02 4.471790e-02 1.309286e-03 4.833113e-04 5.304666e-05 8.785714e-05 5.083109e-04
   36    1      1      0    0   125  1.325614e-84 1.090478e-05 1.071446e-02 0.0013801606 0.005012863 0.0032846534 1.431855e-05 0.009496673 0.02472413 0.06387285 0.04913791 0.02679801 0.046542567 0.03175703 0.04373022 0.041635945 0.07549699 0.02402346 0.08275664 0.04442052 0.05635169 0.030511522 0.02598557 0.032098335 0.013058029 0.01252358 0.016032531 0.042173098 0.02624256 0.002350556 0.019734713 0.019787918 0.043091301 0.0067421994 0.007106062 0.009826057 0.0104811823 0.0002167506 5.702223e-04 3.906465e-02 1.069468e-03 6.737564e-06 1.516577e-04 3.223695e-08 1.325735e-05
   46    1      1      0    0   125  5.948933e-32 9.993320e-25 3.774029e-03 0.0008471586 0.013237221 0.0002983573 8.900220e-04 0.009814335 0.01949735 0.05419231 0.07636225 0.10192775 0.049086836 0.04027025 0.05121783 0.045002482 0.07708118 0.05054749 0.02440424 0.03215884 0.02424408 0.031574600 0.02140238 0.050539740 0.019295016 0.02176266 0.006603238 0.011527185 0.03484538 0.018757324 0.004963705 0.007474222 0.020519551 0.0050147526 0.005025387 0.019238241 0.0093398829 0.0064472130 2.540798e-03 1.082182e-02 1.278692e-02 6.973519e-05 7.945142e-10 3.847429e-03 7.487943e-04
   56    1      1      0    0   125  1.215732e-67 1.294407e-21 5.401929e-03 0.0068749840 0.003504262 0.0065778997 5.079047e-03 0.023278899 0.05732291 0.07348979 0.02589404 0.04630816 0.036264805 0.07640088 0.03261301 0.044348155 0.02064477 0.04842202 0.02974440 0.02175336 0.03544090 0.044803820 0.03216649 0.021510090 0.037242053 0.03001982 0.059383459 0.010460489 0.02722748 0.039869273 0.014857618 0.013033707 0.007996424 0.0009533789 0.003007182 0.014350394 0.0030518767 0.0180418511 4.117415e-03 9.630807e-04 1.475553e-07 1.746279e-02 4.525538e-06 8.590390e-05 2.650092e-05
   60    1      1      0    0   125  1.479555e-09 3.478925e-20 8.340791e-03 0.0167855306 0.010729138 0.0013130269 4.137917e-04 0.009503374 0.04089159 0.03809126 0.02591165 0.07226395 0.031112686 0.03280425 0.04721911 0.042253801 0.02860159 0.01607343 0.06903783 0.05106037 0.04528116 0.046923933 0.01651901 0.023600714 0.025040494 0.01214650 0.058800684 0.016889803 0.04736594 0.020809925 0.015534355 0.011248909 0.011018976 0.0059589235 0.076756059 0.001080781 0.0062832905 0.0075754197 1.797657e-03 1.553857e-03 1.660222e-03 3.344501e-03 1.498423e-09 1.287950e-04 2.729152e-04
   64    1      1      0    0   125  1.369640e-47 2.033415e-12 7.978652e-04 0.0111388564 0.007367264 0.0081881255 4.307727e-03 0.012844552 0.05530465 0.04954725 0.05717695 0.03368091 0.107319478 0.04588146 0.02734589 0.033235820 0.04689541 0.03994838 0.01461092 0.04312531 0.01727296 0.053603315 0.06605984 0.027570577 0.036572014 0.01911854 0.047080050 0.039079173 0.01284872 0.014901340 0.012311175 0.005501043 0.015994507 0.0079679825 0.004600213 0.000493199 0.0044868809 0.0076669921 4.831587e-03 3.591190e-04 2.940932e-03 2.941394e-06 4.237676e-06 1.095027e-17 1.583925e-05
   68    1      1      0    0   125  8.882760e-81 8.564830e-07 1.643315e-02 0.0182187853 0.007032283 0.0077470151 4.203134e-04 0.019399464 0.01462958 0.04038289 0.07291544 0.06107291 0.026312108 0.03162091 0.03766862 0.053082936 0.01785967 0.01742888 0.07568786 0.05464065 0.03724070 0.016014981 0.03883505 0.035333857 0.017832031 0.01617234 0.039357913 0.019836317 0.01259064 0.046283446 0.012270168 0.041061898 0.009893708 0.0216370802 0.015765695 0.027013410 0.0088372418 0.0015154263 5.055260e-03 1.976159e-04 8.094388e-04 1.142894e-04 2.890696e-06 1.467308e-03 2.306993e-03
   72    1      1      0    0   125  1.848168e-81 5.304653e-17 3.740811e-04 0.0004871489 0.002775504 0.0054309954 1.039562e-02 0.026363230 0.02705475 0.04859329 0.08061141 0.03864721 0.015189474 0.03712844 0.05736390 0.039215627 0.02616451 0.03087041 0.01430565 0.09121497 0.02924568 0.069138298 0.08666030 0.012730138 0.028146558 0.01853993 0.023734423 0.021289405 0.01083789 0.038292880 0.011078832 0.025019610 0.013189268 0.0037598769 0.011684163 0.013926100 0.0006942495 0.0290309266 2.231306e-04 5.078936e-04 8.268581e-05 6.126711e-07 8.115143e-07 8.060966e-08 1.443408e-15
   76    1      1      0    0   125  1.782040e-31 1.388303e-14 2.557432e-04 0.0068850426 0.006645510 0.0081856566 1.481515e-02 0.009813628 0.02112449 0.05794435 0.06048143 0.06626993 0.021617016 0.04818237 0.06335026 0.052331754 0.04864018 0.06636293 0.02666266 0.01919078 0.03896261 0.013721277 0.04845181 0.037304895 0.034079566 0.02798896 0.035916992 0.012686401 0.01825428 0.017784014 0.021102651 0.016417760 0.009214289 0.0008994879 0.019535447 0.008338542 0.0096546512 0.0202249047 3.035143e-05 6.473256e-03 2.555563e-03 1.513215e-03 4.220204e-05 8.800720e-05 2.920301e-17
   80    1      1      0    0   125 3.644800e-101 1.402414e-07 3.813843e-06 0.0205407572 0.031463316 0.0067938517 3.454229e-03 0.011047778 0.02630064 0.04901384 0.04307624 0.04830397 0.036723261 0.03811574 0.05571785 0.071059718 0.05447643 0.03160596 0.01632973 0.02391912 0.02946085 0.045168809 0.02771253 0.033734289 0.059999858 0.02105803 0.023752228 0.022364276 0.02470623 0.010563934 0.012236009 0.006912503 0.012346453 0.0096826796 0.004866051 0.058843704 0.0027758407 0.0133851005 2.548805e-03 2.938994e-03 6.146033e-05 3.901628e-03 7.209415e-10 1.495381e-07 3.033189e-03
   84    1      1      0    0   125 1.065777e-170 8.268381e-31 2.211700e-04 0.0084184893 0.005277599 0.0025818893 1.730164e-03 0.006084567 0.03872663 0.09184499 0.02992654 0.06578192 0.043339410 0.04844236 0.02802310 0.030086911 0.10775627 0.05048405 0.01157627 0.04837326 0.03208319 0.034162578 0.02930894 0.018714743 0.046378692 0.01762102 0.052529721 0.007375465 0.02923636 0.022577207 0.013278409 0.024019177 0.010376166 0.0086454401 0.006772292 0.012297014 0.0077003480 0.0021487990 1.197236e-04 5.020917e-03 3.354605e-06 2.130720e-06 9.349292e-04 1.528752e-05 2.494306e-06
   88    1      1      0    0   125  6.873802e-24 2.155404e-27 1.262647e-04 0.0063361185 0.013372349 0.0005612244 3.362892e-03 0.003130434 0.04250211 0.04039794 0.08205551 0.06166062 0.038299126 0.03549880 0.05583676 0.046422623 0.07669768 0.02426591 0.01546235 0.03058182 0.03398144 0.023420242 0.02240228 0.009986259 0.011862492 0.03242560 0.050257693 0.052211654 0.06267651 0.029251975 0.010340999 0.012949869 0.039120469 0.0069774439 0.010956799 0.004284428 0.0025963715 0.0012137889 2.312100e-04 5.448854e-03 8.226478e-04 9.581283e-06 8.365751e-07 3.440660e-15 2.461353e-08
   92    1      1      0    0   125  4.157598e-26 1.384614e-09 1.870020e-03 0.0080667686 0.051947121 0.0070281283 5.605565e-03 0.023246215 0.03480370 0.08596362 0.06016418 0.09209143 0.033704921 0.03189333 0.01537154 0.030448551 0.01334969 0.04680675 0.03588367 0.04429408 0.02593494 0.005480221 0.01835552 0.033172413 0.008457512 0.03223794 0.064555113 0.025231405 0.01743425 0.018132395 0.035683394 0.045504456 0.003993414 0.0006713369 0.002343962 0.013380513 0.0090937010 0.0021303394 7.820386e-03 3.707319e-05 3.712266e-04 2.538385e-05 9.153789e-06 5.444350e-06 7.399212e-03
   96    1      1      0    0   125 1.064726e-185 2.162520e-21 7.081085e-04 0.0032202663 0.014645529 0.0182271598 2.787529e-04 0.010342196 0.04713376 0.03461649 0.05884748 0.06128552 0.029185539 0.01159794 0.05598637 0.080388435 0.03684584 0.03711539 0.04908748 0.03149214 0.04100934 0.017989442 0.04886307 0.038536256 0.025094422 0.03030740 0.022548327 0.025758438 0.05583594 0.012864238 0.008900249 0.020801271 0.022605289 0.0115905331 0.018907772 0.006938792 0.0028839940 0.0009813870 2.071298e-03 2.831035e-03 1.284831e-03 3.892853e-04 2.977269e-15 2.997192e-06 3.686129e-09
  100    1      1      0    0   125  3.431312e-97 8.432190e-32 5.749534e-03 0.0050549845 0.002454514 0.0052932980 4.260406e-03 0.014847720 0.05568216 0.12765140 0.04379449 0.03257042 0.042150911 0.04807036 0.04078662 0.008317916 0.11161869 0.02696518 0.02348519 0.05375767 0.03067587 0.024998416 0.04750331 0.022660596 0.045280498 0.03172295 0.014581331 0.026005160 0.00750729 0.023611148 0.013035704 0.019318965 0.011489953 0.0152725272 0.000230765 0.005041554 0.0037524691 0.0009939572 1.671797e-04 2.643716e-03 3.459160e-05 6.519296e-04 1.150684e-04 4.746573e-12 1.935853e-04
   76    1      2      0    0   500  4.381481e-10 1.926303e-03 1.914079e-02 0.0546851084 0.038061856 0.0208338843 5.066704e-03 0.022388665 0.05893137 0.03757922 0.03827770 0.05252671 0.045216905 0.02749159 0.03352696 0.031621694 0.04377379 0.03108388 0.02544444 0.03150143 0.04488176 0.027763666 0.03186014 0.024721187 0.041324839 0.03484787 0.018356754 0.028465076 0.02794124 0.023465134 0.012021150 0.009338327 0.010404370 0.0111594969 0.010190921 0.007085570 0.0013933533 0.0030525132 4.018128e-03 1.354017e-03 4.613224e-03 1.492130e-03 1.533998e-08 1.169088e-03 1.002396e-06
   78    1      2      0    0   500  1.282451e-04 1.779920e-03 1.827995e-02 0.0545985099 0.047903619 0.0075698359 1.233945e-02 0.021054679 0.05098365 0.05005721 0.06819408 0.03436437 0.036444391 0.02060005 0.03624617 0.032961637 0.02864872 0.04089169 0.03549233 0.03573950 0.02416357 0.031769263 0.03568816 0.049144407 0.028454581 0.01785841 0.027646840 0.023423768 0.01525379 0.015666433 0.017403974 0.021139846 0.014763691 0.0050674882 0.010488742 0.012220847 0.0052993677 0.0022953854 9.011712e-04 4.990357e-03 5.727591e-04 1.669624e-04 3.041976e-04 9.874966e-04 5.049007e-05
   80    1      2      0    0   500  8.594004e-39 1.718407e-03 2.096093e-02 0.0535513236 0.054280008 0.0168688561 1.633961e-03 0.021099471 0.04635599 0.05119938 0.06851033 0.05935637 0.031456970 0.01880420 0.02871297 0.043151002 0.02634309 0.02850926 0.02362736 0.03087450 0.03721122 0.033084135 0.02627582 0.029334573 0.019795458 0.01963448 0.028338399 0.012175411 0.01564789 0.020786385 0.029206924 0.020892075 0.013180317 0.0071910396 0.006931127 0.023613900 0.0074114760 0.0008630711 2.054944e-03 1.920299e-03 1.589001e-02 8.525151e-04 1.807685e-04 4.727322e-04 4.068439e-05
   82    1      2      0    0   500  1.548630e-11 1.538219e-03 1.179775e-02 0.0547198642 0.061108402 0.0262551866 1.417973e-02 0.015781462 0.03580444 0.06454852 0.02920310 0.03248746 0.029833226 0.03136789 0.04163160 0.036313573 0.03884373 0.04683149 0.02392158 0.04477880 0.03181819 0.032446072 0.01890155 0.020884673 0.021390095 0.03713718 0.019864150 0.025159444 0.01982607 0.026100933 0.005246686 0.009290435 0.026026769 0.0166034348 0.011960775 0.016301339 0.0094051450 0.0028486840 2.790442e-03 1.276455e-03 3.030557e-04 2.436467e-03 3.616142e-04 7.164729e-05 6.026667e-04
   84    1      2      0    0   500  1.670313e-07 9.142885e-03 1.519631e-02 0.0463103956 0.044826566 0.0233445513 1.253684e-02 0.024393875 0.05348920 0.05914242 0.04055322 0.04469802 0.038181971 0.02577488 0.03630331 0.027327401 0.04373927 0.04510353 0.02682777 0.02459538 0.02454975 0.039725125 0.04155615 0.027466030 0.024579287 0.02503313 0.017863307 0.011686321 0.02691876 0.024063518 0.011349101 0.021224299 0.014480975 0.0083478122 0.013794836 0.006412719 0.0090727446 0.0033561518 1.690118e-03 6.181997e-04 2.929709e-04 3.118845e-03 1.760037e-04 1.011465e-03 1.243976e-04
   86    1      2      0    0   500  2.270532e-11 1.558837e-03 2.493719e-02 0.0460016056 0.048905687 0.0228334415 1.423030e-02 0.019980364 0.04049214 0.05988300 0.06502672 0.04934022 0.030435178 0.03495860 0.04203246 0.035553381 0.04354244 0.04193747 0.03109630 0.02257094 0.03015681 0.021491118 0.03857106 0.025222077 0.018956051 0.02442328 0.027136436 0.015720477 0.01522300 0.016838677 0.021770667 0.012810813 0.008044264 0.0097565774 0.010872506 0.005757940 0.0079994057 0.0037941503 1.960680e-03 3.944892e-03 2.072602e-03 1.323189e-03 8.361176e-04 9.204825e-07 3.095354e-09
   88    1      2      0    0   500  3.531259e-04 2.199424e-04 1.819339e-02 0.0598080615 0.030422069 0.0146552641 8.266132e-03 0.022762934 0.04490686 0.06624737 0.04771410 0.02334963 0.047077016 0.03546350 0.03129499 0.045372772 0.05033904 0.04205977 0.03599155 0.03228907 0.03587759 0.029089905 0.03768593 0.023486900 0.021569445 0.01664512 0.014866520 0.027382941 0.02546986 0.015124325 0.012596073 0.010565362 0.022736946 0.0145981604 0.010569898 0.005988793 0.0019555059 0.0033705086 7.334718e-03 1.288881e-03 3.254041e-03 1.023636e-03 5.872294e-04 3.757476e-05 1.075503e-04
   90    1      2      0    0   500  3.989385e-10 2.040613e-03 1.704107e-02 0.0470581669 0.054993721 0.0157865585 1.670233e-02 0.021666200 0.04231808 0.05577849 0.06052312 0.04960944 0.024611187 0.03739483 0.03923533 0.026723414 0.03654092 0.04249186 0.03565068 0.03601119 0.04406032 0.018990753 0.02309113 0.055385331 0.016032628 0.01654451 0.017813380 0.021528702 0.01397292 0.020996546 0.012404401 0.013298076 0.006182675 0.0152192093 0.002834072 0.008512530 0.0137852974 0.0039379820 7.779704e-04 5.934668e-03 4.132807e-03 2.274013e-03 2.177229e-05 3.254399e-07 9.077027e-05
   92    1      2      0    0   500  1.372256e-04 1.322364e-04 2.337928e-02 0.0403883143 0.050527376 0.0255758679 1.395832e-02 0.025858949 0.05250821 0.06158829 0.05655931 0.04022934 0.027881405 0.02349107 0.02802898 0.038017126 0.03527711 0.02319572 0.03345698 0.03867953 0.04822249 0.032005433 0.03241824 0.032205439 0.025445007 0.02803432 0.015252947 0.021536712 0.01078788 0.018546438 0.010884874 0.018314731 0.008117635 0.0127466908 0.008224466 0.012762087 0.0113954499 0.0021074432 2.175191e-03 3.203664e-03 1.746311e-03 2.223133e-03 9.116830e-05 1.053865e-03 1.627737e-03
   94    1      2      0    0   500  4.417104e-13 5.437378e-03 2.186477e-02 0.0512828993 0.051766273 0.0169257730 6.499040e-03 0.026012657 0.04148228 0.05686142 0.06821463 0.04423583 0.031908494 0.02425034 0.02633414 0.037779100 0.03538680 0.03903163 0.03661803 0.03546979 0.04886868 0.027291988 0.02901644 0.042629947 0.019221482 0.01544893 0.020858105 0.025774080 0.01193149 0.022057823 0.019645993 0.011895779 0.017537858 0.0036443049 0.006999302 0.006800050 0.0037134259 0.0039578937 2.415633e-04 3.984004e-03 6.224631e-04 3.945865e-04 7.143049e-05 8.671993e-06 2.244151e-05
   96    1      2      0    0   500  9.265158e-19 2.617297e-03 2.391057e-02 0.0686396788 0.039586543 0.0255540315 2.043629e-02 0.023907444 0.04135499 0.07435282 0.05934362 0.03657179 0.024904833 0.03802028 0.03957490 0.030255954 0.03646176 0.02580581 0.03463527 0.03082603 0.02683244 0.024177819 0.03022930 0.029167979 0.017592072 0.02404799 0.014274930 0.019429422 0.01845925 0.031302919 0.018306695 0.015680504 0.012338946 0.0064150451 0.013477139 0.003580399 0.0053970798 0.0039328999 1.494005e-03 3.237487e-03 8.744920e-04 4.934424e-04 7.596287e-04 1.735597e-03 2.602076e-06
   98    1      2      0    0   500  1.739451e-07 9.285450e-04 9.818044e-03 0.0533688705 0.038480432 0.0124208012 1.554806e-02 0.024301086 0.04228911 0.06961546 0.06811891 0.04150768 0.041363036 0.03639988 0.03291287 0.037124402 0.01589193 0.03569798 0.03312129 0.04123794 0.02914299 0.037935201 0.02492199 0.034868417 0.028631778 0.02006102 0.027098310 0.016922359 0.02556556 0.024668065 0.006938029 0.015383915 0.009264995 0.0102000654 0.009181669 0.008053602 0.0022126974 0.0062886067 3.998207e-03 2.856001e-03 4.748105e-03 3.537450e-04 5.104927e-05 3.819894e-04 1.251341e-04
  100    1      2      0    0   500  1.653373e-13 2.254520e-03 9.744175e-03 0.0527718141 0.049554754 0.0229846587 1.031052e-02 0.034691538 0.05040276 0.05758035 0.06570990 0.04124041 0.030115184 0.04612379 0.02726361 0.043495685 0.04324850 0.02402968 0.02364378 0.01900544 0.04820226 0.025682147 0.02668912 0.019448247 0.032276724 0.02209876 0.020395462 0.022051640 0.01905660 0.020121365 0.015762061 0.017543089 0.013619797 0.0067989825 0.008227891 0.004882399 0.0102944488 0.0028047392 2.390194e-03 2.464539e-03 3.010738e-03 2.047541e-04 1.277386e-05 3.384848e-09 1.790204e-03
15 #_N_agebins
#_agebin_vector
1 2 3 4 5 6 7 8 9 10 11 12 13 14 15
1 #_N_ageerror_definitions
 #_age0   age1   age2   age3   age4   age5   age6   age7   age8   age9  age10  age11  age12  age13  age14  age15  age16  age17  age18  age19  age20  age21  age22  age23  age24  age25
 -1.000 -1.000 -1.000 -1.000 -1.000 -1.000 -1.000 -1.000 -1.000 -1.000 -1.000 -1.000 -1.000 -1.000 -1.000 -1.000 -1.000 -1.000 -1.000 -1.000 -1.000 -1.000 -1.000 -1.000 -1.000 -1.000
  0.001  0.001  0.001  0.001  0.001  0.001  0.001  0.001  0.001  0.001  0.001  0.001  0.001  0.001  0.001  0.001  0.001  0.001  0.001  0.001  0.001  0.001  0.001  0.001  0.001  0.001
85 #_N_agecomp
1 #_Lbin_method: 1=poplenbins; 2=datalenbins; 3=lengths
-1 #_combine males into females at or below this bin number
 #_Yr Seas FltSvy Gender Part Ageerr Lbin_lo Lbin_hi Nsamp           a1        a2        a3         a4         a5         a6         a7         a8          a9         a10         a11         a12         a13          a14         a15
   26    1      1      0    0      1      -1      -1   125  0.007297998 0.1712599 0.1595631 0.17189031 0.10016546 0.05110929 0.09071215 0.05032611 0.037791447 0.025852015 0.019455494 0.026706446 0.002061486 2.005974e-02 0.065749068
   36    1      1      0    0      1      -1      -1   125  0.034391505 0.2243592 0.1780933 0.18437471 0.08177582 0.07020854 0.05169260 0.04244752 0.035561423 0.039714783 0.003279134 0.010754853 0.009248855 1.790747e-03 0.032307042
   46    1      1      0    0      1      -1      -1   125  0.032483677 0.2093749 0.1915277 0.10186393 0.09549693 0.08743888 0.05419133 0.06477739 0.072679950 0.048873496 0.013051126 0.002462230 0.006039079 6.143704e-03 0.013595726
   56    1      1      0    0      1      -1      -1   125  0.045192231 0.2405623 0.1408909 0.17964007 0.10353627 0.05817196 0.06606432 0.03176383 0.024776823 0.035736748 0.009094938 0.006905350 0.007393627 4.979671e-05 0.050220847
   60    1      1      0    0      1      -1      -1   125  0.020915641 0.2924530 0.1252393 0.17343829 0.08732357 0.12824908 0.03584081 0.01928510 0.029349074 0.030926173 0.045066336 0.001173314 0.005945490 3.884389e-04 0.004406341
   64    1      1      0    0      1      -1      -1   125  0.067838150 0.2388514 0.2276083 0.14845805 0.04535966 0.05545785 0.09702063 0.03352726 0.030408070 0.016809799 0.007315280 0.009868874 0.011402651 2.762347e-03 0.007311634
   68    1      1      0    0      1      -1      -1   125  0.029309713 0.2886576 0.1328108 0.14812035 0.11368070 0.06918912 0.08004105 0.03342243 0.024420391 0.016089550 0.014092517 0.003127844 0.022532492 1.106396e-03 0.023399035
   72    1      1      0    0      1      -1      -1   125  0.056763653 0.1733663 0.1941458 0.18749716 0.10582577 0.04253518 0.06422257 0.03692178 0.007413953 0.035689004 0.026938587 0.012405871 0.011316218 1.185952e-02 0.033098639
   76    1      1      0    0      1      -1      -1   125  0.080462070 0.2358824 0.1380862 0.13967782 0.12178870 0.08650354 0.07345416 0.02664926 0.022556938 0.005905496 0.012585236 0.003143281 0.001669369 3.991798e-03 0.047643729
   80    1      1      0    0      1      -1      -1   125  0.031839243 0.2934584 0.1856801 0.10894959 0.09933446 0.06335206 0.09067173 0.04886114 0.020992671 0.015367791 0.012432152 0.019204323 0.002596980 1.200739e-03 0.006058595
   84    1      1      0    0      1      -1      -1   125  0.025538868 0.1966116 0.1474991 0.15547121 0.09840046 0.10769319 0.10659493 0.03937430 0.023276441 0.050254771 0.024305486 0.009012202 0.009466644 2.587111e-03 0.003913747
   88    1      1      0    0      1      -1      -1   125  0.015172068 0.1938808 0.1731990 0.19079532 0.09321439 0.13809220 0.06981066 0.01380460 0.050208895 0.022308647 0.005774526 0.008021653 0.007841223 6.023332e-03 0.011852642
   92    1      1      0    0      1      -1      -1   125  0.035925136 0.2621857 0.1329848 0.17678854 0.08718726 0.06997460 0.03708760 0.04785073 0.097461010 0.025507582 0.012333267 0.008328028 0.002484978 7.127342e-04 0.003188031
   96    1      1      0    0      1      -1      -1   125  0.068245734 0.2629002 0.1833013 0.10453273 0.13096226 0.04443413 0.07085392 0.02753094 0.022270312 0.008561035 0.012327551 0.028105606 0.016231961 3.512637e-03 0.016229741
  100    1      1      0    0      1      -1      -1   125  0.040184403 0.2228276 0.1899926 0.13305087 0.10840637 0.08891596 0.05886349 0.04934663 0.031037459 0.035925515 0.013298780 0.010417647 0.004334563 3.120625e-03 0.010277508
   76    1      2      0    0      1      -1      -1   500  0.161900841 0.2428177 0.1667587 0.09307571 0.08034547 0.07005529 0.05983997 0.02799416 0.024739925 0.008754648 0.011998536 0.016135793 0.014066734 5.033258e-04 0.021013182
   78    1      2      0    0      1      -1      -1   500  0.131350948 0.1989489 0.1736540 0.14878286 0.08622939 0.05462910 0.04558728 0.06077610 0.036981468 0.010068768 0.019718847 0.008868490 0.001612691 5.551011e-03 0.017240069
   80    1      2      0    0      1      -1      -1   500  0.171762617 0.1977260 0.1864219 0.10142894 0.09290052 0.08335955 0.05302187 0.03552506 0.010424642 0.011919639 0.022459702 0.008483806 0.005985252 6.492763e-04 0.017931131
   82    1      2      0    0      1      -1      -1   500  0.137271812 0.2510636 0.1543079 0.10762392 0.09697296 0.08169364 0.04875102 0.04332593 0.028298990 0.012186162 0.006793518 0.014377974 0.002588877 2.112360e-03 0.012631373
   84    1      2      0    0      1      -1      -1   500  0.168167555 0.2482359 0.1521618 0.12943628 0.06354444 0.04738793 0.05550382 0.02633299 0.030080914 0.029442604 0.006758768 0.014725314 0.002874476 6.240480e-03 0.019106725
   86    1      2      0    0      1      -1      -1   500  0.135112805 0.2357950 0.1694357 0.12127819 0.07734917 0.08190148 0.03268585 0.04360373 0.016395867 0.023230106 0.025174138 0.004123498 0.003405956 1.174338e-02 0.018765159
   88    1      2      0    0      1      -1      -1   500  0.161590389 0.2088484 0.1659353 0.13005427 0.11224818 0.05891775 0.04798998 0.03488400 0.021358641 0.016274272 0.012036829 0.009587315 0.008275713 2.984428e-03 0.009014529
   90    1      2      0    0      1      -1      -1   500  0.123917725 0.2291771 0.1649712 0.13510419 0.11081947 0.05835608 0.05285389 0.04000708 0.029987457 0.017298371 0.008609143 0.005663164 0.010563100 7.863577e-03 0.004808427
   92    1      2      0    0      1      -1      -1   500  0.136183184 0.2208866 0.1661828 0.12000290 0.09410551 0.05458413 0.07750904 0.03332284 0.027762805 0.014151866 0.017105837 0.008031415 0.004947047 7.050636e-03 0.018173456
   94    1      2      0    0      1      -1      -1   500  0.163550261 0.2179460 0.1449377 0.12145472 0.07671105 0.08749561 0.05333278 0.02677956 0.027052053 0.027762057 0.015877245 0.010517196 0.009211360 2.621317e-03 0.014751068
   96    1      2      0    0      1      -1      -1   500  0.127413311 0.2742997 0.1786026 0.13152129 0.06802789 0.05093890 0.04598420 0.03358204 0.035654726 0.019091734 0.008479947 0.012041956 0.003471388 2.666541e-03 0.008223713
   98    1      2      0    0      1      -1      -1   500  0.141909340 0.2084098 0.1953036 0.10345002 0.10822395 0.07001058 0.06077057 0.01999034 0.026503514 0.021147670 0.015798837 0.005816481 0.003308988 1.238490e-02 0.006971395
  100    1      2      0    0      1      -1      -1   500  0.144282964 0.2347859 0.1601770 0.14025424 0.10475503 0.05813486 0.03388663 0.02611817 0.017271529 0.018984011 0.017711368 0.014690481 0.001723470 9.890979e-03 0.017333428
   60    1      1      0    0      1       3       3     1  1.000000000 0.0000000 0.0000000 0.00000000 0.00000000 0.00000000 0.00000000 0.00000000 0.000000000 0.000000000 0.000000000 0.000000000 0.000000000 0.000000e+00 0.000000000
   60    1      1      0    0      1       4       4     2  2.000000000 0.0000000 0.0000000 0.00000000 0.00000000 0.00000000 0.00000000 0.00000000 0.000000000 0.000000000 0.000000000 0.000000000 0.000000000 0.000000e+00 0.000000000
   60    1      1      0    0      1       5       5     1  1.000000000 0.0000000 0.0000000 0.00000000 0.00000000 0.00000000 0.00000000 0.00000000 0.000000000 0.000000000 0.000000000 0.000000000 0.000000000 0.000000e+00 0.000000000
   60    1      1      0    0      1       9       9     5  5.000000000 0.0000000 0.0000000 0.00000000 0.00000000 0.00000000 0.00000000 0.00000000 0.000000000 0.000000000 0.000000000 0.000000000 0.000000000 0.000000e+00 0.000000000
   60    1      1      0    0      1      10      10     6  6.000000000 0.0000000 0.0000000 0.00000000 0.00000000 0.00000000 0.00000000 0.00000000 0.000000000 0.000000000 0.000000000 0.000000000 0.000000000 0.000000e+00 0.000000000
   60    1      1      0    0      1      12      12    11 11.000000000 0.0000000 0.0000000 0.00000000 0.00000000 0.00000000 0.00000000 0.00000000 0.000000000 0.000000000 0.000000000 0.000000000 0.000000000 0.000000e+00 0.000000000
   60    1      1      0    0      1      13      13     4  4.000000000 0.0000000 0.0000000 0.00000000 0.00000000 0.00000000 0.00000000 0.00000000 0.000000000 0.000000000 0.000000000 0.000000000 0.000000000 0.000000e+00 0.000000000
   60    1      1      0    0      1      14      14     3  3.000000000 0.0000000 0.0000000 0.00000000 0.00000000 0.00000000 0.00000000 0.00000000 0.000000000 0.000000000 0.000000000 0.000000000 0.000000000 0.000000e+00 0.000000000
   60    1      1      0    0      1      15      15     2  2.000000000 0.0000000 0.0000000 0.00000000 0.00000000 0.00000000 0.00000000 0.00000000 0.000000000 0.000000000 0.000000000 0.000000000 0.000000000 0.000000e+00 0.000000000
   60    1      1      0    0      1      16      16     5  5.000000000 0.0000000 0.0000000 0.00000000 0.00000000 0.00000000 0.00000000 0.00000000 0.000000000 0.000000000 0.000000000 0.000000000 0.000000000 0.000000e+00 0.000000000
   60    1      1      0    0      1      17      17     4  4.000000000 0.0000000 0.0000000 0.00000000 0.00000000 0.00000000 0.00000000 0.00000000 0.000000000 0.000000000 0.000000000 0.000000000 0.000000000 0.000000e+00 0.000000000
   60    1      1      0    0      1      18      18     1  1.000000000 0.0000000 0.0000000 0.00000000 0.00000000 0.00000000 0.00000000 0.00000000 0.000000000 0.000000000 0.000000000 0.000000000 0.000000000 0.000000e+00 0.000000000
   60    1      1      0    0      1      19      19    11 11.000000000 0.0000000 0.0000000 0.00000000 0.00000000 0.00000000 0.00000000 0.00000000 0.000000000 0.000000000 0.000000000 0.000000000 0.000000000 0.000000e+00 0.000000000
   60    1      1      0    0      1      20      20     5  5.000000000 0.0000000 0.0000000 0.00000000 0.00000000 0.00000000 0.00000000 0.00000000 0.000000000 0.000000000 0.000000000 0.000000000 0.000000000 0.000000e+00 0.000000000
   60    1      1      0    0      1      21      21     3  3.000000000 0.0000000 0.0000000 0.00000000 0.00000000 0.00000000 0.00000000 0.00000000 0.000000000 0.000000000 0.000000000 0.000000000 0.000000000 0.000000e+00 0.000000000
   60    1      1      0    0      1      22      22     6  6.000000000 0.0000000 0.0000000 0.00000000 0.00000000 0.00000000 0.00000000 0.00000000 0.000000000 0.000000000 0.000000000 0.000000000 0.000000000 0.000000e+00 0.000000000
   60    1      1      0    0      1      23      23     1  1.000000000 0.0000000 0.0000000 0.00000000 0.00000000 0.00000000 0.00000000 0.00000000 0.000000000 0.000000000 0.000000000 0.000000000 0.000000000 0.000000e+00 0.000000000
   60    1      1      0    0      1      24      24     1  1.000000000 0.0000000 0.0000000 0.00000000 0.00000000 0.00000000 0.00000000 0.00000000 0.000000000 0.000000000 0.000000000 0.000000000 0.000000000 0.000000e+00 0.000000000
   60    1      1      0    0      1      25      25     2  2.000000000 0.0000000 0.0000000 0.00000000 0.00000000 0.00000000 0.00000000 0.00000000 0.000000000 0.000000000 0.000000000 0.000000000 0.000000000 0.000000e+00 0.000000000
   60    1      1      0    0      1      26      26     1  1.000000000 0.0000000 0.0000000 0.00000000 0.00000000 0.00000000 0.00000000 0.00000000 0.000000000 0.000000000 0.000000000 0.000000000 0.000000000 0.000000e+00 0.000000000
   60    1      1      0    0      1      27      27     2  2.000000000 0.0000000 0.0000000 0.00000000 0.00000000 0.00000000 0.00000000 0.00000000 0.000000000 0.000000000 0.000000000 0.000000000 0.000000000 0.000000e+00 0.000000000
   60    1      1      0    0      1      28      28     2  0.000000000 2.0000000 0.0000000 0.00000000 0.00000000 0.00000000 0.00000000 0.00000000 0.000000000 0.000000000 0.000000000 0.000000000 0.000000000 0.000000e+00 0.000000000
   60    1      1      0    0      1      29      29     6  3.000000000 3.0000000 0.0000000 0.00000000 0.00000000 0.00000000 0.00000000 0.00000000 0.000000000 0.000000000 0.000000000 0.000000000 0.000000000 0.000000e+00 0.000000000
   60    1      1      0    0      1      31      31     2  0.000000000 2.0000000 0.0000000 0.00000000 0.00000000 0.00000000 0.00000000 0.00000000 0.000000000 0.000000000 0.000000000 0.000000000 0.000000000 0.000000e+00 0.000000000
   60    1      1      0    0      1      32      32     1  0.000000000 1.0000000 0.0000000 0.00000000 0.00000000 0.00000000 0.00000000 0.00000000 0.000000000 0.000000000 0.000000000 0.000000000 0.000000000 0.000000e+00 0.000000000
   60    1      1      0    0      1      34      34     1  0.000000000 1.0000000 0.0000000 0.00000000 0.00000000 0.00000000 0.00000000 0.00000000 0.000000000 0.000000000 0.000000000 0.000000000 0.000000000 0.000000e+00 0.000000000
   60    1      1      0    0      1      35      35     7  0.000000000 7.0000000 0.0000000 0.00000000 0.00000000 0.00000000 0.00000000 0.00000000 0.000000000 0.000000000 0.000000000 0.000000000 0.000000000 0.000000e+00 0.000000000
   60    1      1      0    0      1      38      38     1  0.000000000 1.0000000 0.0000000 0.00000000 0.00000000 0.00000000 0.00000000 0.00000000 0.000000000 0.000000000 0.000000000 0.000000000 0.000000000 0.000000e+00 0.000000000
   60    1      1      0    0      1      41      41     1  0.000000000 1.0000000 0.0000000 0.00000000 0.00000000 0.00000000 0.00000000 0.00000000 0.000000000 0.000000000 0.000000000 0.000000000 0.000000000 0.000000e+00 0.000000000
   60    1      1      0    0      1      42      42     2  0.000000000 2.0000000 0.0000000 0.00000000 0.00000000 0.00000000 0.00000000 0.00000000 0.000000000 0.000000000 0.000000000 0.000000000 0.000000000 0.000000e+00 0.000000000
  100    1      1      0    0      1       5       5     2  2.000000000 0.0000000 0.0000000 0.00000000 0.00000000 0.00000000 0.00000000 0.00000000 0.000000000 0.000000000 0.000000000 0.000000000 0.000000000 0.000000e+00 0.000000000
  100    1      1      0    0      1       9       9     6  6.000000000 0.0000000 0.0000000 0.00000000 0.00000000 0.00000000 0.00000000 0.00000000 0.000000000 0.000000000 0.000000000 0.000000000 0.000000000 0.000000e+00 0.000000000
  100    1      1      0    0      1      10      10    13 13.000000000 0.0000000 0.0000000 0.00000000 0.00000000 0.00000000 0.00000000 0.00000000 0.000000000 0.000000000 0.000000000 0.000000000 0.000000000 0.000000e+00 0.000000000
  100    1      1      0    0      1      11      11     9  9.000000000 0.0000000 0.0000000 0.00000000 0.00000000 0.00000000 0.00000000 0.00000000 0.000000000 0.000000000 0.000000000 0.000000000 0.000000000 0.000000e+00 0.000000000
  100    1      1      0    0      1      12      12     3  3.000000000 0.0000000 0.0000000 0.00000000 0.00000000 0.00000000 0.00000000 0.00000000 0.000000000 0.000000000 0.000000000 0.000000000 0.000000000 0.000000e+00 0.000000000
  100    1      1      0    0      1      13      13     5  5.000000000 0.0000000 0.0000000 0.00000000 0.00000000 0.00000000 0.00000000 0.00000000 0.000000000 0.000000000 0.000000000 0.000000000 0.000000000 0.000000e+00 0.000000000
  100    1      1      0    0      1      14      14     5  5.000000000 0.0000000 0.0000000 0.00000000 0.00000000 0.00000000 0.00000000 0.00000000 0.000000000 0.000000000 0.000000000 0.000000000 0.000000000 0.000000e+00 0.000000000
  100    1      1      0    0      1      15      15     4  4.000000000 0.0000000 0.0000000 0.00000000 0.00000000 0.00000000 0.00000000 0.00000000 0.000000000 0.000000000 0.000000000 0.000000000 0.000000000 0.000000e+00 0.000000000
  100    1      1      0    0      1      16      16     1  1.000000000 0.0000000 0.0000000 0.00000000 0.00000000 0.00000000 0.00000000 0.00000000 0.000000000 0.000000000 0.000000000 0.000000000 0.000000000 0.000000e+00 0.000000000
  100    1      1      0    0      1      17      17     6  6.000000000 0.0000000 0.0000000 0.00000000 0.00000000 0.00000000 0.00000000 0.00000000 0.000000000 0.000000000 0.000000000 0.000000000 0.000000000 0.000000e+00 0.000000000
  100    1      1      0    0      1      18      18     5  5.000000000 0.0000000 0.0000000 0.00000000 0.00000000 0.00000000 0.00000000 0.00000000 0.000000000 0.000000000 0.000000000 0.000000000 0.000000000 0.000000e+00 0.000000000
  100    1      1      0    0      1      19      19     3  3.000000000 0.0000000 0.0000000 0.00000000 0.00000000 0.00000000 0.00000000 0.00000000 0.000000000 0.000000000 0.000000000 0.000000000 0.000000000 0.000000e+00 0.000000000
  100    1      1      0    0      1      20      20     3  3.000000000 0.0000000 0.0000000 0.00000000 0.00000000 0.00000000 0.00000000 0.00000000 0.000000000 0.000000000 0.000000000 0.000000000 0.000000000 0.000000e+00 0.000000000
  100    1      1      0    0      1      21      21     3  3.000000000 0.0000000 0.0000000 0.00000000 0.00000000 0.00000000 0.00000000 0.00000000 0.000000000 0.000000000 0.000000000 0.000000000 0.000000000 0.000000e+00 0.000000000
  100    1      1      0    0      1      22      22     2  2.000000000 0.0000000 0.0000000 0.00000000 0.00000000 0.00000000 0.00000000 0.00000000 0.000000000 0.000000000 0.000000000 0.000000000 0.000000000 0.000000e+00 0.000000000
  100    1      1      0    0      1      23      23     9  9.000000000 0.0000000 0.0000000 0.00000000 0.00000000 0.00000000 0.00000000 0.00000000 0.000000000 0.000000000 0.000000000 0.000000000 0.000000000 0.000000e+00 0.000000000
  100    1      1      0    0      1      24      24     2  2.000000000 0.0000000 0.0000000 0.00000000 0.00000000 0.00000000 0.00000000 0.00000000 0.000000000 0.000000000 0.000000000 0.000000000 0.000000000 0.000000e+00 0.000000000
  100    1      1      0    0      1      25      25     4  3.000000000 1.0000000 0.0000000 0.00000000 0.00000000 0.00000000 0.00000000 0.00000000 0.000000000 0.000000000 0.000000000 0.000000000 0.000000000 0.000000e+00 0.000000000
  100    1      1      0    0      1      26      26     2  2.000000000 0.0000000 0.0000000 0.00000000 0.00000000 0.00000000 0.00000000 0.00000000 0.000000000 0.000000000 0.000000000 0.000000000 0.000000000 0.000000e+00 0.000000000
  100    1      1      0    0      1      27      27     2  2.000000000 0.0000000 0.0000000 0.00000000 0.00000000 0.00000000 0.00000000 0.00000000 0.000000000 0.000000000 0.000000000 0.000000000 0.000000000 0.000000e+00 0.000000000
  100    1      1      0    0      1      28      28     2  2.000000000 0.0000000 0.0000000 0.00000000 0.00000000 0.00000000 0.00000000 0.00000000 0.000000000 0.000000000 0.000000000 0.000000000 0.000000000 0.000000e+00 0.000000000
  100    1      1      0    0      1      30      30     1  0.000000000 1.0000000 0.0000000 0.00000000 0.00000000 0.00000000 0.00000000 0.00000000 0.000000000 0.000000000 0.000000000 0.000000000 0.000000000 0.000000e+00 0.000000000
  100    1      1      0    0      1      31      31     2  0.000000000 2.0000000 0.0000000 0.00000000 0.00000000 0.00000000 0.00000000 0.00000000 0.000000000 0.000000000 0.000000000 0.000000000 0.000000000 0.000000e+00 0.000000000
  100    1      1      0    0      1      32      32     2  0.000000000 2.0000000 0.0000000 0.00000000 0.00000000 0.00000000 0.00000000 0.00000000 0.000000000 0.000000000 0.000000000 0.000000000 0.000000000 0.000000e+00 0.000000000
  100    1      1      0    0      1      33      33     2  0.000000000 2.0000000 0.0000000 0.00000000 0.00000000 0.00000000 0.00000000 0.00000000 0.000000000 0.000000000 0.000000000 0.000000000 0.000000000 0.000000e+00 0.000000000
  100    1      1      0    0      1      36      36     1  0.000000000 1.0000000 0.0000000 0.00000000 0.00000000 0.00000000 0.00000000 0.00000000 0.000000000 0.000000000 0.000000000 0.000000000 0.000000000 0.000000e+00 0.000000000
  100    1      1      0    0      1      37      37     1  0.000000000 1.0000000 0.0000000 0.00000000 0.00000000 0.00000000 0.00000000 0.00000000 0.000000000 0.000000000 0.000000000 0.000000000 0.000000000 0.000000e+00 0.000000000
0 #_N_MeanSize_at_Age_obs
0 #_N_environ_variables
0 #_N_environ_obs
0 #_N_sizefreq_methods
0 #_do_tags
0 #_morphcomp_data
#
999
