#C data file created using the SS_writedat function in the R package r4ss
#C should work with SS version: 
#C file write time: 2015-02-11 18:30:03
#
1 #_styr
100 #_endyr
1 #_nseas
12 #_months_per_seas
1 #_spawn_seas
1 #_Nfleet
2 #_Nsurveys
1 #_N_areas
Fishery%Survey%CPUE #_fleetnames
0.5 0.5 0.5 #_surveytiming_in_season
1 1 1 #_area_assignments_for_each_fishery_and_survey
1 #_units of catch:  1=bio; 2=num
0.01 #_se of log(catch) only used for init_eq_catch and for Fmethod 2 and 3
1 #_Ngenders
25 #_Nages
0 #_init_equil_catch_for_each_fishery
100 #_N_lines_of_catch_to_read
 #_Fishery year seas
         0    1    1
         0    2    1
         0    3    1
         0    4    1
         0    5    1
         0    6    1
         0    7    1
         0    8    1
         0    9    1
         0   10    1
         0   11    1
         0   12    1
         0   13    1
         0   14    1
         0   15    1
         0   16    1
         0   17    1
         0   18    1
         0   19    1
         0   20    1
         0   21    1
         0   22    1
         0   23    1
         0   24    1
         0   25    1
 444646000   26    1
 397608000   27    1
 357583000   28    1
 324161000   29    1
 296656000   30    1
 274240000   31    1
 256057000   32    1
 241314000   33    1
 229322000   34    1
 219511000   35    1
 211426000   36    1
 204710000   37    1
 199088000   38    1
 194347000   39    1
 190324000   40    1
 186891000   41    1
 183948000   42    1
 181416000   43    1
 179230000   44    1
 177337000   45    1
 175694000   46    1
 174266000   47    1
 173022000   48    1
 171937000   49    1
 170990000   50    1
 170161000   51    1
 169436000   52    1
 168801000   53    1
 168243000   54    1
 167755000   55    1
 167325000   56    1
 166948000   57    1
 166617000   58    1
 166326000   59    1
 166070000   60    1
 165844000   61    1
 165646000   62    1
 165471000   63    1
 165317000   64    1
 165182000   65    1
 165063000   66    1
 164958000   67    1
 164865000   68    1
 164784000   69    1
 164712000   70    1
 164649000   71    1
 164593000   72    1
 164544000   73    1
 164500000   74    1
 164462000   75    1
 164429000   76    1
 164399000   77    1
 164373000   78    1
 164350000   79    1
 164329000   80    1
 164311000   81    1
 164296000   82    1
 164282000   83    1
 164269000   84    1
 164258000   85    1
 164249000   86    1
 164240000   87    1
 164233000   88    1
 164227000   89    1
 164221000   90    1
 164216000   91    1
 164211000   92    1
 164207000   93    1
 164204000   94    1
 164201000   95    1
 164198000   96    1
 164195000   97    1
 164193000   98    1
 164192000   99    1
 164190000  100    1
13 #_N_cpue
 #_Fleet Units Errtype
       1     1       0
       2     1       0
       3     1       0
 #_year seas index        obs se_log
     76    1     2 1126428961    0.2
     78    1     2 1437244951    0.2
     80    1     2 1208730168    0.2
     82    1     2 1236527613    0.2
     84    1     2 1373530439    0.2
     86    1     2 1336665319    0.2
     88    1     2 1478583767    0.2
     90    1     2 1906681872    0.2
     92    1     2 1432879914    0.2
     94    1     2 1342094888    0.2
     96    1     2 1230429021    0.2
     98    1     2 1295755697    0.2
    100    1     2 1442447394    0.2
0 #_N_discard_fleets
#_discard_units (1=same_as_catchunits(bio/num); 2=fraction; 3=numbers)
#_discard_errtype:  >0 for DF of T-dist(read CV below); 0 for normal with CV; -1 for normal with se; -2 for lognormal
0 #_N_discard
0 #_N_meanbodywt
1 #_DF_for_meanbodywt_T-distribution_like
2 # length bin method: 1=use databins; 2=generate from binwidth,min,max below; 3=read vector
1 # binwidth for population size comp
10 # minimum size in the population (lower edge of first bin and size at age 0.00)
200 # maximum size in the population (lower edge of last bin)
-0.001 #_comp_tail_compression
1e-05 #_add_to_comp
0 #_combine males into females at or below this bin number
45 #_N_lbins
#_lbin_vector
20 23 26 29 32 35 38 41 44 47 50 53 56 59 62 65 68 71 74 77 80 83 86 89 92 95 98 101 104 107 110 113 116 119 122 125 128 131 134 137 140 143 146 149 152
28 #_N_Length_comp_observations
 #_Yr Seas FltSvy Gender Part Nsamp           l20          l23          l26         l29         l32          l35          l38         l41        l44        l47        l50        l53        l56        l59        l62        l65        l68        l71        l74        l77        l80        l83         l86        l89         l92         l95        l98        l101        l104        l107        l110        l113         l116        l119         l122        l125         l128         l131         l134         l137         l140         l143         l146         l149         l152
   26    1      1      0    0   125 4.544670e-214 4.005950e-08 2.275818e-03 0.009742594 0.006011973 0.0013037313 1.628039e-04 0.019852855 0.03857093 0.03073005 0.04351815 0.02434550 0.03762642 0.01022553 0.04070198 0.03166890 0.02735659 0.03766100 0.01739918 0.03702291 0.05747305 0.03631515 0.041022224 0.04828067 0.044207299 0.021878510 0.02951094 0.044639361 0.057818118 0.016836356 0.017023076 0.052694124 0.0125116098 0.006039945 0.0246457819 0.021525107 0.0172949456 1.163971e-02 0.0061332219 0.0084778629 4.422552e-03 1.313673e-03 2.038320e-03 3.656168e-05 4.490176e-05
   36    1      1      0    0   125  5.069366e-53 1.419425e-09 3.277484e-04 0.007180316 0.024591633 0.0126360179 2.142666e-03 0.005528362 0.04016207 0.05721375 0.08027644 0.02460978 0.02611349 0.04938229 0.04961473 0.05841733 0.04025042 0.06006650 0.03830937 0.03191572 0.03490842 0.03369330 0.072710844 0.03052334 0.005312507 0.040229364 0.03259377 0.028260933 0.006929837 0.018076225 0.023572890 0.009754859 0.0101404890 0.005970209 0.0114670318 0.005600609 0.0024540584 1.355862e-04 0.0019937407 0.0047964573 4.356438e-03 6.687864e-03 2.675586e-07 1.002043e-03 9.028731e-05
   46    1      1      0    0   125  4.210087e-19 2.626543e-22 2.707806e-05 0.010088249 0.033288958 0.0098042337 2.684690e-04 0.009570873 0.03793462 0.05132711 0.04711959 0.03015615 0.02979130 0.02078474 0.03705874 0.03957571 0.01558802 0.03554067 0.03871699 0.02791431 0.03627108 0.03100322 0.038020611 0.04139066 0.016178018 0.073395107 0.02322623 0.068143795 0.013076675 0.025492767 0.021339420 0.031724940 0.0066085419 0.013273128 0.0489135547 0.030024573 0.0029486286 7.947729e-04 0.0001413020 0.0024793503 2.786493e-04 6.652682e-04 4.854078e-05 1.012690e-06 4.334586e-06
   56    1      1      0    0   125  3.628043e-05 1.430602e-04 2.386523e-03 0.007072900 0.003802891 0.0080375993 8.067005e-03 0.028257329 0.02698895 0.04682293 0.09882603 0.04496937 0.01549955 0.02858987 0.03138724 0.04859427 0.04849146 0.03053586 0.02003049 0.02902442 0.05147841 0.01301122 0.034857456 0.04918188 0.043059040 0.083183428 0.02585292 0.025846040 0.022503386 0.023836344 0.014535541 0.003517119 0.0393746896 0.014551358 0.0051660603 0.008964959 0.0002425524 3.974617e-03 0.0083589136 0.0002776688 4.004132e-04 4.943519e-05 2.124265e-04 8.596160e-08 6.315041e-10
   60    1      1      0    0   125  4.649541e-54 6.598316e-22 5.527928e-05 0.004790018 0.010745914 0.0169014027 4.946774e-04 0.008873197 0.02435322 0.02711925 0.03775118 0.08331513 0.07338129 0.03125307 0.03652231 0.05121932 0.03420407 0.01985175 0.02504559 0.02559257 0.04372298 0.04810677 0.047774906 0.01112398 0.034079113 0.051685395 0.01132752 0.016795198 0.025875500 0.030997489 0.021883780 0.018530480 0.0009591673 0.009902885 0.0053393545 0.032483881 0.0403967273 1.383700e-03 0.0094808932 0.0230661391 7.539199e-05 2.492072e-05 3.026551e-12 3.510150e-03 4.468993e-06
   64    1      1      0    0   125 3.455187e-138 3.492710e-04 1.595023e-03 0.012337255 0.010325631 0.0462450668 3.333328e-03 0.012899611 0.03327233 0.06371755 0.04766157 0.03777900 0.03629642 0.02749997 0.02555082 0.05526990 0.05328672 0.02436125 0.03690087 0.02342169 0.04561018 0.03027539 0.021896424 0.01421940 0.036032364 0.025959847 0.04574577 0.033228124 0.035065321 0.040378742 0.009727315 0.023066541 0.0221914321 0.006794284 0.0102098349 0.002538222 0.0004637351 1.615663e-02 0.0034232742 0.0005856956 1.361421e-02 4.905230e-03 2.096043e-07 3.884795e-31 5.808538e-03
   68    1      1      0    0   125 1.279863e-115 5.431561e-05 1.606755e-02 0.021406475 0.011849227 0.0048100571 4.767584e-05 0.009995138 0.03932048 0.09467038 0.04337791 0.02963688 0.02901097 0.01435008 0.07182014 0.05231192 0.07025539 0.04239343 0.05299741 0.04689737 0.03997660 0.03001428 0.028675549 0.03254459 0.011352788 0.028402277 0.01951215 0.031960094 0.004899730 0.008702086 0.007848674 0.035035723 0.0124715555 0.018127955 0.0169899510 0.007769029 0.0038580506 4.381756e-05 0.0019610607 0.0009416007 2.509140e-03 3.479198e-10 7.902890e-05 5.028932e-03 2.255362e-05
   72    1      1      0    0   125 1.153106e-245 3.053834e-07 8.327442e-05 0.006249123 0.002869704 0.0002027145 2.409197e-03 0.007411958 0.05008436 0.04798876 0.08534664 0.05768382 0.01675561 0.01995035 0.07891290 0.03264787 0.01226284 0.02653091 0.06527017 0.06228834 0.04217605 0.04911341 0.020538745 0.01186034 0.012748780 0.013491633 0.03357941 0.053713745 0.030543505 0.007104261 0.015393805 0.034162494 0.0112998158 0.029394564 0.0330503054 0.002842238 0.0041666856 6.143703e-03 0.0017379258 0.0093332661 1.332473e-06 1.080828e-04 4.763368e-06 4.925126e-07 2.541811e-03
   76    1      1      0    0   125 8.030837e-218 3.940115e-10 2.401836e-03 0.024503416 0.012065058 0.0049135186 1.072419e-03 0.008480833 0.04424121 0.08144565 0.05430778 0.05292047 0.08000386 0.06926937 0.05730393 0.02347227 0.07185655 0.04519778 0.04166238 0.02134109 0.03786236 0.02904146 0.016314034 0.02636458 0.023939617 0.007327153 0.01398135 0.012400988 0.009145526 0.040515588 0.024592170 0.001681011 0.0074896321 0.002033151 0.0265957329 0.010258930 0.0026199022 5.369398e-03 0.0006173623 0.0009501123 1.665137e-03 2.683160e-03 7.808456e-10 9.214798e-05 5.397356e-08
   80    1      1      0    0   125  1.383526e-18 4.817510e-06 9.623184e-04 0.010772245 0.021282344 0.0034674131 3.604347e-03 0.007200818 0.05390019 0.07536291 0.07472911 0.06434911 0.01947945 0.02959865 0.02813627 0.06066687 0.03927816 0.05190205 0.03794069 0.02260507 0.02935829 0.02127231 0.068507758 0.04121847 0.022911684 0.031999408 0.01802290 0.004838172 0.040204913 0.003922140 0.043167240 0.018536424 0.0144139607 0.014871819 0.0022469991 0.003108360 0.0056928795 5.575073e-03 0.0037904498 0.0005173049 2.922342e-09 6.946714e-08 1.346940e-21 1.464836e-11 5.805306e-04
   84    1      1      0    0   125  0.000000e+00 5.176314e-07 1.756288e-03 0.015827634 0.002132160 0.0204389027 1.880942e-04 0.029227356 0.03450266 0.10983776 0.11484841 0.03916213 0.01721264 0.02984276 0.05222344 0.02264009 0.03291427 0.03030145 0.06717571 0.02434632 0.02167193 0.03144089 0.042525715 0.02273176 0.021871278 0.020401939 0.03012179 0.003646226 0.019700636 0.029557524 0.020237999 0.015204930 0.0069510447 0.005698499 0.0242289094 0.009041835 0.0057677343 5.372670e-04 0.0014888025 0.0188592284 1.100431e-03 9.475419e-05 1.487426e-04 2.390439e-03 1.111796e-06
   88    1      1      0    0   125  5.834682e-25 5.694815e-05 4.728450e-03 0.001094091 0.002097917 0.0052784793 6.652784e-03 0.017349701 0.01166876 0.05991117 0.04867540 0.07802313 0.05604868 0.03139632 0.05811438 0.03699264 0.07598638 0.04606092 0.01447348 0.03934916 0.03222194 0.02973486 0.024613931 0.02981805 0.030264119 0.037740032 0.02937882 0.023013129 0.012656918 0.016900699 0.015197801 0.001601420 0.0103775386 0.073626552 0.0006487367 0.016444313 0.0078604307 2.184385e-03 0.0075447990 0.0015749780 2.572384e-03 5.576766e-05 1.809362e-11 1.768649e-06 7.846924e-06
   92    1      1      0    0   125  1.213836e-08 4.096077e-12 1.037725e-03 0.000616208 0.018242745 0.0030245291 1.118730e-06 0.034333920 0.07570364 0.04100299 0.02889443 0.03798498 0.05667801 0.02611660 0.04651077 0.02855003 0.02680830 0.05868169 0.03285090 0.09819456 0.06735533 0.03264894 0.010782980 0.02974503 0.051072747 0.009860075 0.02401451 0.027428324 0.018474026 0.018990663 0.011387641 0.008572547 0.0105798251 0.026790124 0.0080478988 0.008262084 0.0005655929 1.391749e-02 0.0002995210 0.0041400175 5.993038e-09 1.819988e-03 7.629164e-10 4.178411e-15 1.148222e-05
   96    1      1      0    0   125  4.547504e-51 1.948383e-08 1.140380e-03 0.004016145 0.003379573 0.0038035239 3.152614e-03 0.010364367 0.02907116 0.05047909 0.03743247 0.04446950 0.03378572 0.04765513 0.06840578 0.04105800 0.06485580 0.02621524 0.10129665 0.04102725 0.01765080 0.03506030 0.005850873 0.01925571 0.051163484 0.022330903 0.04244702 0.023629854 0.014637357 0.026117254 0.037572637 0.004257770 0.0116155343 0.018721258 0.0029759368 0.001779927 0.0118375034 9.212597e-03 0.0010330304 0.0111001158 1.632624e-02 7.899104e-07 1.832767e-03 2.963931e-11 1.981914e-03
  100    1      1      0    0   125 6.457484e-149 1.133306e-10 1.808767e-03 0.012223330 0.015999252 0.0106344373 1.305298e-02 0.011855479 0.06196781 0.04484390 0.05813287 0.05269842 0.03081491 0.02394115 0.03863436 0.04232931 0.02737329 0.03395797 0.06235667 0.03282299 0.03760400 0.05181680 0.039493821 0.03022972 0.016837631 0.012112718 0.04843208 0.018022068 0.034048568 0.031276732 0.025827834 0.014573093 0.0135909747 0.015378080 0.0020959669 0.005300102 0.0103114554 2.402334e-03 0.0017984363 0.0024858211 7.704084e-04 1.276311e-03 2.816473e-06 8.842250e-03 2.208258e-05
   76    1      2      0    0   500  1.180751e-05 1.262855e-03 1.469152e-02 0.057460722 0.051417877 0.0124004910 7.555111e-03 0.005559827 0.03374529 0.08360801 0.06279467 0.04598812 0.02900223 0.03907220 0.03756732 0.03727451 0.02873699 0.02978660 0.03060281 0.02468850 0.02140818 0.07349342 0.026330186 0.02542497 0.028420114 0.032600899 0.01791672 0.010037664 0.015686114 0.016726068 0.019041228 0.021094342 0.0139853438 0.009446650 0.0097284006 0.004637021 0.0048892635 2.973650e-03 0.0021891973 0.0001674606 2.368301e-03 2.585146e-03 8.616399e-06 5.105985e-03 5.075964e-04
   78    1      2      0    0   500  8.595598e-12 5.657324e-04 1.801780e-02 0.054653831 0.044707136 0.0108697666 1.346511e-02 0.014370480 0.03601282 0.05012044 0.05773585 0.03003198 0.03629102 0.03548893 0.04838283 0.04059398 0.03105912 0.03100310 0.03161996 0.02951198 0.03046658 0.02164747 0.024142380 0.02184440 0.030183559 0.034517067 0.03678455 0.014307130 0.021901763 0.025579002 0.026540672 0.040421585 0.0062806116 0.010227496 0.0081068748 0.008942020 0.0123877381 3.107356e-04 0.0028535718 0.0003127128 1.487276e-03 1.746473e-03 2.763810e-05 1.576343e-03 2.902471e-03
   80    1      2      0    0   500  5.157177e-06 5.520405e-04 1.361079e-02 0.042191089 0.044794378 0.0293784065 1.310277e-02 0.028674601 0.03771521 0.05750336 0.05511894 0.03687993 0.03135987 0.02468144 0.03553690 0.03771963 0.03057830 0.04714254 0.04025197 0.03523963 0.03262516 0.02879266 0.049555708 0.02157503 0.025916224 0.020536847 0.01993511 0.027788261 0.035609605 0.031016565 0.011522701 0.007480374 0.0096974179 0.013560926 0.0033348473 0.006166656 0.0061394117 4.080911e-04 0.0017936351 0.0038851777 3.613330e-04 3.607087e-05 4.495387e-09 2.248198e-04 4.170601e-07
   82    1      2      0    0   500  1.063548e-30 4.676771e-04 1.469343e-02 0.049158154 0.056654975 0.0127894413 6.463535e-03 0.023798620 0.05853491 0.06353463 0.05558739 0.04206649 0.03259184 0.03494633 0.04466958 0.03014575 0.03706485 0.03214419 0.04628615 0.02886277 0.02421867 0.03162771 0.025888013 0.01924713 0.025713272 0.034203620 0.02326854 0.024859138 0.032230720 0.005922686 0.009185906 0.016520595 0.0099247600 0.008636402 0.0147253918 0.003472253 0.0034503018 1.359283e-03 0.0117134420 0.0009793737 1.048309e-04 5.089200e-04 1.375655e-03 3.779488e-04 2.472217e-05
   84    1      2      0    0   500  8.450646e-07 2.728235e-03 2.412508e-02 0.059990092 0.043668920 0.0210959763 6.999062e-03 0.019707142 0.03705591 0.06614498 0.05300996 0.03650927 0.02227285 0.03299903 0.03156333 0.06587531 0.03892977 0.04531114 0.03981554 0.02572711 0.03179808 0.02238486 0.025480326 0.02658419 0.018406275 0.029172207 0.03195168 0.018992869 0.013431128 0.012069307 0.024678130 0.014191399 0.0113184033 0.008180851 0.0138119559 0.011850916 0.0037381798 2.118791e-04 0.0032102657 0.0018314251 1.855898e-03 1.222593e-03 4.925493e-05 1.670389e-07 4.822037e-05
   86    1      2      0    0   500  1.122367e-06 6.513001e-04 2.455689e-02 0.042899561 0.039497704 0.0081086924 8.612992e-03 0.024468925 0.03325052 0.05000472 0.05645116 0.05120956 0.04672669 0.04198112 0.03115776 0.03961518 0.04703446 0.03039808 0.03805956 0.04418811 0.02812331 0.02077500 0.033377725 0.01496365 0.015527428 0.028327148 0.02550550 0.019812411 0.020547584 0.020765767 0.015356066 0.019999972 0.0120288012 0.019962004 0.0041507108 0.005803188 0.0157578150 3.231485e-03 0.0015479588 0.0042693083 2.519658e-03 3.457672e-04 3.999132e-03 7.780449e-08 4.428426e-03
   88    1      2      0    0   500  1.444927e-04 1.433019e-03 2.570910e-02 0.051699199 0.062545023 0.0199873184 2.247607e-03 0.032053077 0.04948939 0.04844498 0.05558630 0.04864509 0.03010938 0.03726469 0.03687781 0.03047290 0.03588441 0.03755063 0.03460852 0.03143741 0.03011233 0.02948509 0.023462708 0.03466044 0.016015945 0.017615445 0.02034427 0.026803776 0.020807615 0.016633284 0.019320053 0.012729890 0.0065694546 0.012725008 0.0053761364 0.007814908 0.0067073001 9.696522e-03 0.0018840400 0.0017977709 1.046607e-04 5.588537e-03 1.251075e-03 3.759132e-12 3.033838e-04
   90    1      2      0    0   500  7.896232e-07 3.230445e-04 1.121192e-02 0.055353787 0.046286741 0.0187045960 8.942616e-03 0.018556243 0.05803654 0.07918822 0.04538060 0.03191225 0.03949639 0.03054962 0.03607406 0.04723201 0.03259048 0.03614272 0.03265676 0.02897004 0.02841608 0.01455649 0.025985890 0.02782212 0.025825600 0.015251363 0.03257511 0.024886764 0.017572336 0.015432274 0.030090940 0.018613447 0.0082523041 0.026524968 0.0059460359 0.003226739 0.0069550816 3.149741e-03 0.0011148872 0.0043630450 2.341109e-03 2.628567e-03 7.833787e-05 5.780100e-09 7.813228e-04
   92    1      2      0    0   500  2.191438e-10 9.119834e-04 1.786528e-02 0.039592307 0.047356414 0.0268938845 1.004871e-02 0.012847658 0.06403303 0.05471252 0.04287907 0.04519878 0.03369729 0.01918515 0.03050549 0.04534204 0.03820173 0.02525106 0.03729585 0.03210312 0.03271429 0.03963004 0.032918735 0.04439385 0.015979243 0.025407258 0.02949817 0.019853460 0.016324918 0.016525446 0.022525006 0.015480227 0.0103402381 0.013578564 0.0107200489 0.007913219 0.0067565594 5.903398e-03 0.0076475275 0.0011448740 5.458747e-05 1.574991e-04 3.719252e-04 1.191661e-04 1.204188e-04
   94    1      2      0    0   500  3.217966e-05 2.614879e-03 1.252251e-02 0.043609601 0.033940178 0.0305818087 8.915326e-03 0.027636540 0.04805758 0.07160935 0.04221767 0.04100245 0.03082205 0.02625733 0.04398415 0.04862568 0.03588986 0.02625792 0.02927075 0.04324930 0.02488722 0.03643116 0.032715660 0.02945496 0.024824578 0.025091165 0.02820629 0.020973077 0.027123936 0.012550547 0.026527861 0.009381927 0.0094256448 0.009314207 0.0101873772 0.014729878 0.0053496632 2.562788e-03 0.0018810715 0.0005497001 5.275379e-04 1.227177e-04 6.692350e-05 1.127044e-05 5.734107e-06
   96    1      2      0    0   500  1.260369e-08 5.805497e-03 2.121185e-02 0.052305667 0.046383104 0.0143252636 6.157934e-03 0.015961364 0.05481424 0.06894267 0.05328150 0.04019242 0.02480254 0.03258202 0.03532887 0.02889628 0.04135951 0.03341664 0.04662891 0.02742257 0.02538133 0.02671942 0.028808002 0.02090483 0.035004559 0.021137607 0.02111873 0.024353275 0.019198138 0.021584897 0.008600346 0.023688498 0.0165575059 0.006431414 0.0109819719 0.010750207 0.0159524169 7.052065e-03 0.0019712088 0.0013819117 4.714208e-04 9.477088e-04 7.048645e-04 4.349277e-06 4.744582e-04
   98    1      2      0    0   500  9.940815e-08 1.317148e-03 1.332831e-02 0.050427712 0.068619742 0.0151313705 1.212850e-02 0.037223420 0.04977844 0.05338438 0.03672710 0.03484382 0.04093483 0.02167565 0.04578100 0.04027270 0.02969736 0.03359789 0.02476039 0.02754355 0.03122956 0.04175946 0.033535310 0.02891351 0.017713379 0.031901809 0.02246253 0.013682137 0.017753218 0.031879606 0.016285486 0.007439956 0.0130303838 0.011585631 0.0171869711 0.005153603 0.0034142144 8.168050e-03 0.0059650054 0.0004544196 1.550992e-03 5.140091e-04 8.135302e-04 1.738694e-04 2.599638e-04
  100    1      2      0    0   500  1.151948e-11 4.017003e-04 1.769103e-02 0.045746298 0.051913416 0.0151061409 1.509922e-02 0.016528416 0.04064095 0.05749234 0.04270339 0.03299064 0.02455286 0.02777347 0.03644401 0.03629744 0.05397215 0.04070467 0.03977626 0.03508793 0.04366455 0.02960363 0.022533705 0.04425999 0.030382514 0.020572898 0.01495260 0.020834599 0.021098539 0.020406989 0.009053147 0.006283039 0.0158400663 0.028115249 0.0070027343 0.006155768 0.0074583534 5.501230e-03 0.0101797625 0.0020863046 2.485135e-03 2.314279e-04 2.085557e-04 1.097763e-09 1.668727e-04
15 #_N_agebins
#_agebin_vector
1 2 3 4 5 6 7 8 9 10 11 12 13 14 15
1 #_N_ageerror_definitions
 #_age0   age1   age2   age3   age4   age5   age6   age7   age8   age9  age10  age11  age12  age13  age14  age15  age16  age17  age18  age19  age20  age21  age22  age23  age24  age25
 -1.000 -1.000 -1.000 -1.000 -1.000 -1.000 -1.000 -1.000 -1.000 -1.000 -1.000 -1.000 -1.000 -1.000 -1.000 -1.000 -1.000 -1.000 -1.000 -1.000 -1.000 -1.000 -1.000 -1.000 -1.000 -1.000
  0.001  0.001  0.001  0.001  0.001  0.001  0.001  0.001  0.001  0.001  0.001  0.001  0.001  0.001  0.001  0.001  0.001  0.001  0.001  0.001  0.001  0.001  0.001  0.001  0.001  0.001
91 #_N_agecomp
1 #_Lbin_method: 1=poplenbins; 2=datalenbins; 3=lengths
-1 #_combine males into females at or below this bin number
 #_Yr Seas FltSvy Gender Part Ageerr Lbin_lo Lbin_hi Nsamp          a1        a2        a3        a4         a5         a6         a7         a8          a9         a10         a11         a12         a13          a14         a15
   26    1      1      0    0      1      -1      -1   125  0.01724257 0.1998465 0.0818392 0.1611060 0.06778876 0.13263275 0.04811215 0.05627906 0.055105217 0.042835948 0.025033348 0.003776445 0.013285963 0.0277842826 0.067331828
   36    1      1      0    0      1      -1      -1   125  0.02101668 0.1983420 0.1531734 0.1554439 0.15401247 0.07403527 0.07559275 0.03113001 0.015782401 0.020732015 0.007768163 0.023392894 0.002722522 0.0249915908 0.041863974
   46    1      1      0    0      1      -1      -1   125  0.02726878 0.1793445 0.2491609 0.1485639 0.09151055 0.06697843 0.08334009 0.05935842 0.009570894 0.019822788 0.029400256 0.007950691 0.001237291 0.0040130432 0.022479455
   56    1      1      0    0      1      -1      -1   125  0.03776995 0.1905545 0.2489275 0.1233408 0.13008278 0.05731783 0.06216427 0.05769825 0.025506113 0.014790136 0.021087508 0.009603221 0.002515400 0.0156735255 0.002968239
   60    1      1      0    0      1      -1      -1   125  0.01833691 0.2361550 0.2361684 0.1061857 0.11709828 0.06350429 0.02042507 0.05935930 0.063571596 0.014586363 0.012252702 0.005506360 0.014399371 0.0070423468 0.025408319
   64    1      1      0    0      1      -1      -1   125  0.07395828 0.2250642 0.1777806 0.1990747 0.10631510 0.06812663 0.02586530 0.04325123 0.034895626 0.014827339 0.012491930 0.005527463 0.005102797 0.0011969790 0.006521841
   68    1      1      0    0      1      -1      -1   125  0.02332765 0.2239693 0.1696757 0.1435638 0.07910386 0.12155100 0.05866002 0.05622664 0.039902209 0.041736342 0.006719271 0.013051867 0.004762505 0.0029603349 0.014789518
   72    1      1      0    0      1      -1      -1   125  0.04861030 0.2201045 0.2270959 0.1143748 0.11227596 0.11829473 0.03654879 0.01888194 0.036928205 0.020315243 0.016380386 0.005910519 0.001978445 0.0001733674 0.022126941
   76    1      1      0    0      1      -1      -1   125  0.06620558 0.2815498 0.1790416 0.1137655 0.10408896 0.05377101 0.04940995 0.03381352 0.028678200 0.027466535 0.026825091 0.002414534 0.009773341 0.0068215944 0.016374697
   80    1      1      0    0      1      -1      -1   125  0.02206562 0.2472713 0.1782230 0.1050815 0.14838537 0.04361684 0.03889708 0.06463244 0.029147135 0.054426577 0.024882303 0.001975419 0.003515459 0.0144109820 0.023469001
   84    1      1      0    0      1      -1      -1   125  0.01950197 0.2147702 0.2121207 0.1328297 0.08398278 0.08434591 0.05236558 0.04358164 0.031112511 0.012636945 0.036044865 0.022493945 0.030903864 0.0006584628 0.022650956
   88    1      1      0    0      1      -1      -1   125  0.01628210 0.3009023 0.1847941 0.1502715 0.08083392 0.06831420 0.04915698 0.05789258 0.056805038 0.011634455 0.004393025 0.003225416 0.002105051 0.0002663149 0.013122999
   92    1      1      0    0      1      -1      -1   125  0.02576630 0.2465151 0.2633188 0.1154073 0.06983556 0.06686145 0.02819899 0.04109540 0.018237970 0.009062511 0.045985505 0.006032410 0.005456701 0.0372131789 0.021012894
   96    1      1      0    0      1      -1      -1   125  0.02563367 0.2908469 0.1302105 0.1430598 0.08734046 0.10717349 0.02630445 0.09699588 0.025084376 0.019994677 0.019444104 0.006986798 0.002666250 0.0005371368 0.017721525
  100    1      1      0    0      1      -1      -1   125  0.02940845 0.2754169 0.1824076 0.1605597 0.07685788 0.11007185 0.06724417 0.03179894 0.041992106 0.010499835 0.000669514 0.004842731 0.004301896 0.0006964496 0.003231906
   76    1      2      0    0      1      -1      -1   500  0.12968460 0.2057690 0.1812504 0.1252154 0.08558931 0.06769152 0.04686773 0.04048753 0.028087177 0.012864652 0.017186923 0.006888831 0.025174888 0.0070253304 0.020216574
   78    1      2      0    0      1      -1      -1   500  0.13675506 0.2099121 0.1934800 0.1235838 0.07979973 0.07108617 0.05042563 0.04307092 0.029390121 0.018948110 0.010908798 0.009713462 0.009080143 0.0026744347 0.011171530
   80    1      2      0    0      1      -1      -1   500  0.15702396 0.1842137 0.1735033 0.1371632 0.08690258 0.06371007 0.05031754 0.04336001 0.029528194 0.032583027 0.019619773 0.002900697 0.006160812 0.0044541308 0.008559028
   82    1      2      0    0      1      -1      -1   500  0.14811812 0.2636916 0.1643070 0.1287407 0.10182931 0.03853520 0.04015375 0.02921679 0.020123040 0.019547704 0.020047781 0.003138611 0.004647676 0.0033593622 0.014543328
   84    1      2      0    0      1      -1      -1   500  0.13904195 0.2151889 0.1840573 0.1365143 0.08348032 0.08581959 0.05255810 0.02782071 0.016782290 0.011517386 0.007204013 0.008150672 0.015409087 0.0056488338 0.010806535
   86    1      2      0    0      1      -1      -1   500  0.12474246 0.2774363 0.1425912 0.1029793 0.07496324 0.08307158 0.06236524 0.02354783 0.030105879 0.017289721 0.011733524 0.006347142 0.005170066 0.0057957050 0.031860714
   88    1      2      0    0      1      -1      -1   500  0.12844443 0.2154060 0.1739446 0.1124120 0.09551647 0.06263268 0.05222797 0.03700024 0.020978173 0.035942315 0.019663241 0.010058050 0.006086574 0.0055044929 0.024182812
   90    1      2      0    0      1      -1      -1   500  0.14247000 0.2293971 0.1662002 0.1440168 0.09184687 0.06816068 0.03976351 0.03262294 0.023404872 0.019371251 0.017274384 0.003935236 0.007965902 0.0052101647 0.008360120
   92    1      2      0    0      1      -1      -1   500  0.13000570 0.2201042 0.1843671 0.1147274 0.09454607 0.06446603 0.06272651 0.03459489 0.021890315 0.016234855 0.015500612 0.017116886 0.004545546 0.0031601594 0.016013653
   94    1      2      0    0      1      -1      -1   500  0.12526082 0.2800824 0.1583236 0.1208362 0.08455508 0.06295510 0.05436373 0.02958438 0.021064670 0.007988491 0.012757117 0.010210353 0.009614381 0.0077993021 0.014604317
   96    1      2      0    0      1      -1      -1   500  0.15208417 0.2576317 0.1553607 0.1174631 0.09267828 0.06530571 0.03835409 0.03068373 0.023161410 0.025540278 0.007056677 0.011783730 0.006858619 0.0070813173 0.008956524
   98    1      2      0    0      1      -1      -1   500  0.16569061 0.2132303 0.1721111 0.1134549 0.09572830 0.07336487 0.04111551 0.03343967 0.032368557 0.017009887 0.011015812 0.008334688 0.002543018 0.0050701685 0.015522602
  100    1      2      0    0      1      -1      -1   500  0.14642702 0.2542017 0.1545341 0.1038632 0.09380971 0.05662622 0.04976559 0.03572109 0.027476042 0.017150062 0.018709460 0.007451618 0.009339132 0.0114746688 0.013450403
   60    1      1      0    0      1       5       5     3  3.00000000 0.0000000 0.0000000 0.0000000 0.00000000 0.00000000 0.00000000 0.00000000 0.000000000 0.000000000 0.000000000 0.000000000 0.000000000 0.0000000000 0.000000000
   60    1      1      0    0      1       6       6     3  3.00000000 0.0000000 0.0000000 0.0000000 0.00000000 0.00000000 0.00000000 0.00000000 0.000000000 0.000000000 0.000000000 0.000000000 0.000000000 0.0000000000 0.000000000
   60    1      1      0    0      1       8       8     2  2.00000000 0.0000000 0.0000000 0.0000000 0.00000000 0.00000000 0.00000000 0.00000000 0.000000000 0.000000000 0.000000000 0.000000000 0.000000000 0.0000000000 0.000000000
   60    1      1      0    0      1      10      10     2  2.00000000 0.0000000 0.0000000 0.0000000 0.00000000 0.00000000 0.00000000 0.00000000 0.000000000 0.000000000 0.000000000 0.000000000 0.000000000 0.0000000000 0.000000000
   60    1      1      0    0      1      11      11     1  1.00000000 0.0000000 0.0000000 0.0000000 0.00000000 0.00000000 0.00000000 0.00000000 0.000000000 0.000000000 0.000000000 0.000000000 0.000000000 0.0000000000 0.000000000
   60    1      1      0    0      1      12      12    10 10.00000000 0.0000000 0.0000000 0.0000000 0.00000000 0.00000000 0.00000000 0.00000000 0.000000000 0.000000000 0.000000000 0.000000000 0.000000000 0.0000000000 0.000000000
   60    1      1      0    0      1      13      13     6  6.00000000 0.0000000 0.0000000 0.0000000 0.00000000 0.00000000 0.00000000 0.00000000 0.000000000 0.000000000 0.000000000 0.000000000 0.000000000 0.0000000000 0.000000000
   60    1      1      0    0      1      14      14     1  1.00000000 0.0000000 0.0000000 0.0000000 0.00000000 0.00000000 0.00000000 0.00000000 0.000000000 0.000000000 0.000000000 0.000000000 0.000000000 0.0000000000 0.000000000
   60    1      1      0    0      1      15      15     6  6.00000000 0.0000000 0.0000000 0.0000000 0.00000000 0.00000000 0.00000000 0.00000000 0.000000000 0.000000000 0.000000000 0.000000000 0.000000000 0.0000000000 0.000000000
   60    1      1      0    0      1      16      16     7  7.00000000 0.0000000 0.0000000 0.0000000 0.00000000 0.00000000 0.00000000 0.00000000 0.000000000 0.000000000 0.000000000 0.000000000 0.000000000 0.0000000000 0.000000000
   60    1      1      0    0      1      17      17     4  4.00000000 0.0000000 0.0000000 0.0000000 0.00000000 0.00000000 0.00000000 0.00000000 0.000000000 0.000000000 0.000000000 0.000000000 0.000000000 0.0000000000 0.000000000
   60    1      1      0    0      1      18      18     2  2.00000000 0.0000000 0.0000000 0.0000000 0.00000000 0.00000000 0.00000000 0.00000000 0.000000000 0.000000000 0.000000000 0.000000000 0.000000000 0.0000000000 0.000000000
   60    1      1      0    0      1      19      19     1  1.00000000 0.0000000 0.0000000 0.0000000 0.00000000 0.00000000 0.00000000 0.00000000 0.000000000 0.000000000 0.000000000 0.000000000 0.000000000 0.0000000000 0.000000000
   60    1      1      0    0      1      20      20     2  2.00000000 0.0000000 0.0000000 0.0000000 0.00000000 0.00000000 0.00000000 0.00000000 0.000000000 0.000000000 0.000000000 0.000000000 0.000000000 0.0000000000 0.000000000
   60    1      1      0    0      1      21      21     5  5.00000000 0.0000000 0.0000000 0.0000000 0.00000000 0.00000000 0.00000000 0.00000000 0.000000000 0.000000000 0.000000000 0.000000000 0.000000000 0.0000000000 0.000000000
   60    1      1      0    0      1      22      22     1  1.00000000 0.0000000 0.0000000 0.0000000 0.00000000 0.00000000 0.00000000 0.00000000 0.000000000 0.000000000 0.000000000 0.000000000 0.000000000 0.0000000000 0.000000000
   60    1      1      0    0      1      23      23     6  6.00000000 0.0000000 0.0000000 0.0000000 0.00000000 0.00000000 0.00000000 0.00000000 0.000000000 0.000000000 0.000000000 0.000000000 0.000000000 0.0000000000 0.000000000
   60    1      1      0    0      1      24      24     1  1.00000000 0.0000000 0.0000000 0.0000000 0.00000000 0.00000000 0.00000000 0.00000000 0.000000000 0.000000000 0.000000000 0.000000000 0.000000000 0.0000000000 0.000000000
   60    1      1      0    0      1      25      25     1  1.00000000 0.0000000 0.0000000 0.0000000 0.00000000 0.00000000 0.00000000 0.00000000 0.000000000 0.000000000 0.000000000 0.000000000 0.000000000 0.0000000000 0.000000000
   60    1      1      0    0      1      26      26     5  5.00000000 0.0000000 0.0000000 0.0000000 0.00000000 0.00000000 0.00000000 0.00000000 0.000000000 0.000000000 0.000000000 0.000000000 0.000000000 0.0000000000 0.000000000
   60    1      1      0    0      1      28      28     2  2.00000000 0.0000000 0.0000000 0.0000000 0.00000000 0.00000000 0.00000000 0.00000000 0.000000000 0.000000000 0.000000000 0.000000000 0.000000000 0.0000000000 0.000000000
   60    1      1      0    0      1      29      29     3  2.00000000 1.0000000 0.0000000 0.0000000 0.00000000 0.00000000 0.00000000 0.00000000 0.000000000 0.000000000 0.000000000 0.000000000 0.000000000 0.0000000000 0.000000000
   60    1      1      0    0      1      30      30     3  0.00000000 3.0000000 0.0000000 0.0000000 0.00000000 0.00000000 0.00000000 0.00000000 0.000000000 0.000000000 0.000000000 0.000000000 0.000000000 0.0000000000 0.000000000
   60    1      1      0    0      1      31      31     3  1.00000000 2.0000000 0.0000000 0.0000000 0.00000000 0.00000000 0.00000000 0.00000000 0.000000000 0.000000000 0.000000000 0.000000000 0.000000000 0.0000000000 0.000000000
   60    1      1      0    0      1      32      32     3  0.00000000 3.0000000 0.0000000 0.0000000 0.00000000 0.00000000 0.00000000 0.00000000 0.000000000 0.000000000 0.000000000 0.000000000 0.000000000 0.0000000000 0.000000000
   60    1      1      0    0      1      33      33     1  0.00000000 1.0000000 0.0000000 0.0000000 0.00000000 0.00000000 0.00000000 0.00000000 0.000000000 0.000000000 0.000000000 0.000000000 0.000000000 0.0000000000 0.000000000
   60    1      1      0    0      1      35      35     2  0.00000000 2.0000000 0.0000000 0.0000000 0.00000000 0.00000000 0.00000000 0.00000000 0.000000000 0.000000000 0.000000000 0.000000000 0.000000000 0.0000000000 0.000000000
   60    1      1      0    0      1      36      36     6  0.00000000 6.0000000 0.0000000 0.0000000 0.00000000 0.00000000 0.00000000 0.00000000 0.000000000 0.000000000 0.000000000 0.000000000 0.000000000 0.0000000000 0.000000000
   60    1      1      0    0      1      37      37     2  0.00000000 2.0000000 0.0000000 0.0000000 0.00000000 0.00000000 0.00000000 0.00000000 0.000000000 0.000000000 0.000000000 0.000000000 0.000000000 0.0000000000 0.000000000
   60    1      1      0    0      1      39      39     2  0.00000000 2.0000000 0.0000000 0.0000000 0.00000000 0.00000000 0.00000000 0.00000000 0.000000000 0.000000000 0.000000000 0.000000000 0.000000000 0.0000000000 0.000000000
   60    1      1      0    0      1      40      40     4  0.00000000 3.0000000 1.0000000 0.0000000 0.00000000 0.00000000 0.00000000 0.00000000 0.000000000 0.000000000 0.000000000 0.000000000 0.000000000 0.0000000000 0.000000000
  100    1      1      0    0      1       5       5     2  2.00000000 0.0000000 0.0000000 0.0000000 0.00000000 0.00000000 0.00000000 0.00000000 0.000000000 0.000000000 0.000000000 0.000000000 0.000000000 0.0000000000 0.000000000
  100    1      1      0    0      1       6       6     1  1.00000000 0.0000000 0.0000000 0.0000000 0.00000000 0.00000000 0.00000000 0.00000000 0.000000000 0.000000000 0.000000000 0.000000000 0.000000000 0.0000000000 0.000000000
  100    1      1      0    0      1       7       7     1  1.00000000 0.0000000 0.0000000 0.0000000 0.00000000 0.00000000 0.00000000 0.00000000 0.000000000 0.000000000 0.000000000 0.000000000 0.000000000 0.0000000000 0.000000000
  100    1      1      0    0      1       8       8     3  3.00000000 0.0000000 0.0000000 0.0000000 0.00000000 0.00000000 0.00000000 0.00000000 0.000000000 0.000000000 0.000000000 0.000000000 0.000000000 0.0000000000 0.000000000
  100    1      1      0    0      1       9       9    11 11.00000000 0.0000000 0.0000000 0.0000000 0.00000000 0.00000000 0.00000000 0.00000000 0.000000000 0.000000000 0.000000000 0.000000000 0.000000000 0.0000000000 0.000000000
  100    1      1      0    0      1      10      10     5  5.00000000 0.0000000 0.0000000 0.0000000 0.00000000 0.00000000 0.00000000 0.00000000 0.000000000 0.000000000 0.000000000 0.000000000 0.000000000 0.0000000000 0.000000000
  100    1      1      0    0      1      11      11     7  7.00000000 0.0000000 0.0000000 0.0000000 0.00000000 0.00000000 0.00000000 0.00000000 0.000000000 0.000000000 0.000000000 0.000000000 0.000000000 0.0000000000 0.000000000
  100    1      1      0    0      1      12      12     5  5.00000000 0.0000000 0.0000000 0.0000000 0.00000000 0.00000000 0.00000000 0.00000000 0.000000000 0.000000000 0.000000000 0.000000000 0.000000000 0.0000000000 0.000000000
  100    1      1      0    0      1      13      13     2  2.00000000 0.0000000 0.0000000 0.0000000 0.00000000 0.00000000 0.00000000 0.00000000 0.000000000 0.000000000 0.000000000 0.000000000 0.000000000 0.0000000000 0.000000000
  100    1      1      0    0      1      14      14     2  2.00000000 0.0000000 0.0000000 0.0000000 0.00000000 0.00000000 0.00000000 0.00000000 0.000000000 0.000000000 0.000000000 0.000000000 0.000000000 0.0000000000 0.000000000
  100    1      1      0    0      1      16      16     4  4.00000000 0.0000000 0.0000000 0.0000000 0.00000000 0.00000000 0.00000000 0.00000000 0.000000000 0.000000000 0.000000000 0.000000000 0.000000000 0.0000000000 0.000000000
  100    1      1      0    0      1      17      17     5  5.00000000 0.0000000 0.0000000 0.0000000 0.00000000 0.00000000 0.00000000 0.00000000 0.000000000 0.000000000 0.000000000 0.000000000 0.000000000 0.0000000000 0.000000000
  100    1      1      0    0      1      18      18     5  5.00000000 0.0000000 0.0000000 0.0000000 0.00000000 0.00000000 0.00000000 0.00000000 0.000000000 0.000000000 0.000000000 0.000000000 0.000000000 0.0000000000 0.000000000
  100    1      1      0    0      1      19      19     9  9.00000000 0.0000000 0.0000000 0.0000000 0.00000000 0.00000000 0.00000000 0.00000000 0.000000000 0.000000000 0.000000000 0.000000000 0.000000000 0.0000000000 0.000000000
  100    1      1      0    0      1      20      20     5  5.00000000 0.0000000 0.0000000 0.0000000 0.00000000 0.00000000 0.00000000 0.00000000 0.000000000 0.000000000 0.000000000 0.000000000 0.000000000 0.0000000000 0.000000000
  100    1      1      0    0      1      22      22     3  3.00000000 0.0000000 0.0000000 0.0000000 0.00000000 0.00000000 0.00000000 0.00000000 0.000000000 0.000000000 0.000000000 0.000000000 0.000000000 0.0000000000 0.000000000
  100    1      1      0    0      1      23      23     1  1.00000000 0.0000000 0.0000000 0.0000000 0.00000000 0.00000000 0.00000000 0.00000000 0.000000000 0.000000000 0.000000000 0.000000000 0.000000000 0.0000000000 0.000000000
  100    1      1      0    0      1      24      24     3  3.00000000 0.0000000 0.0000000 0.0000000 0.00000000 0.00000000 0.00000000 0.00000000 0.000000000 0.000000000 0.000000000 0.000000000 0.000000000 0.0000000000 0.000000000
  100    1      1      0    0      1      25      25     2  2.00000000 0.0000000 0.0000000 0.0000000 0.00000000 0.00000000 0.00000000 0.00000000 0.000000000 0.000000000 0.000000000 0.000000000 0.000000000 0.0000000000 0.000000000
  100    1      1      0    0      1      26      26     1  1.00000000 0.0000000 0.0000000 0.0000000 0.00000000 0.00000000 0.00000000 0.00000000 0.000000000 0.000000000 0.000000000 0.000000000 0.000000000 0.0000000000 0.000000000
  100    1      1      0    0      1      27      27     4  4.00000000 0.0000000 0.0000000 0.0000000 0.00000000 0.00000000 0.00000000 0.00000000 0.000000000 0.000000000 0.000000000 0.000000000 0.000000000 0.0000000000 0.000000000
  100    1      1      0    0      1      28      28     1  1.00000000 0.0000000 0.0000000 0.0000000 0.00000000 0.00000000 0.00000000 0.00000000 0.000000000 0.000000000 0.000000000 0.000000000 0.000000000 0.0000000000 0.000000000
  100    1      1      0    0      1      29      29     5  2.00000000 3.0000000 0.0000000 0.0000000 0.00000000 0.00000000 0.00000000 0.00000000 0.000000000 0.000000000 0.000000000 0.000000000 0.000000000 0.0000000000 0.000000000
  100    1      1      0    0      1      30      30     3  1.00000000 2.0000000 0.0000000 0.0000000 0.00000000 0.00000000 0.00000000 0.00000000 0.000000000 0.000000000 0.000000000 0.000000000 0.000000000 0.0000000000 0.000000000
  100    1      1      0    0      1      31      31     1  0.00000000 1.0000000 0.0000000 0.0000000 0.00000000 0.00000000 0.00000000 0.00000000 0.000000000 0.000000000 0.000000000 0.000000000 0.000000000 0.0000000000 0.000000000
  100    1      1      0    0      1      32      32     1  0.00000000 1.0000000 0.0000000 0.0000000 0.00000000 0.00000000 0.00000000 0.00000000 0.000000000 0.000000000 0.000000000 0.000000000 0.000000000 0.0000000000 0.000000000
  100    1      1      0    0      1      33      33     1  0.00000000 1.0000000 0.0000000 0.0000000 0.00000000 0.00000000 0.00000000 0.00000000 0.000000000 0.000000000 0.000000000 0.000000000 0.000000000 0.0000000000 0.000000000
  100    1      1      0    0      1      34      34     1  0.00000000 1.0000000 0.0000000 0.0000000 0.00000000 0.00000000 0.00000000 0.00000000 0.000000000 0.000000000 0.000000000 0.000000000 0.000000000 0.0000000000 0.000000000
  100    1      1      0    0      1      36      36     1  0.00000000 1.0000000 0.0000000 0.0000000 0.00000000 0.00000000 0.00000000 0.00000000 0.000000000 0.000000000 0.000000000 0.000000000 0.000000000 0.0000000000 0.000000000
  100    1      1      0    0      1      37      37     3  0.00000000 3.0000000 0.0000000 0.0000000 0.00000000 0.00000000 0.00000000 0.00000000 0.000000000 0.000000000 0.000000000 0.000000000 0.000000000 0.0000000000 0.000000000
  100    1      1      0    0      1      38      38     1  0.00000000 1.0000000 0.0000000 0.0000000 0.00000000 0.00000000 0.00000000 0.00000000 0.000000000 0.000000000 0.000000000 0.000000000 0.000000000 0.0000000000 0.000000000
  100    1      1      0    0      1      44      44     1  0.00000000 0.0000000 1.0000000 0.0000000 0.00000000 0.00000000 0.00000000 0.00000000 0.000000000 0.000000000 0.000000000 0.000000000 0.000000000 0.0000000000 0.000000000
0 #_N_MeanSize_at_Age_obs
0 #_N_environ_variables
0 #_N_environ_obs
0 #_N_sizefreq_methods
0 #_do_tags
0 #_morphcomp_data
#
999
